1 88
1 212
1 297
1 363
1 371
1 412
2 97
2 135
2 168
2 178
2 184
2 202
2 213
2 305
2 350
2 351
2 497
3 135
3 223
4 216
4 331
4 332
5 59
5 109
5 248
5 329
5 483
6 73
6 152
6 240
6 384
6 385
6 430
7 93
7 128
7 183
7 228
7 255
7 390
7 413
7 433
8 18
8 86
8 120
8 145
8 160
8 305
8 317
8 338
8 361
8 395
8 487
9 190
9 199
9 226
9 273
9 459
10 19
10 139
10 141
10 354
10 436
10 455
11 12
11 35
11 164
11 192
11 301
11 316
12 11
12 105
12 168
12 273
12 356
12 408
12 465
12 477
13 132
13 238
13 296
13 426
13 434
14 44
14 219
14 239
14 258
14 310
14 351
14 418
15 52
15 270
15 301
15 329
15 366
16 186
16 247
16 406
16 419
16 427
16 443
16 474
17 82
17 116
17 146
17 174
17 275
17 330
17 340
17 492
17 500
18 8
18 30
18 35
18 42
18 150
18 208
18 221
18 230
18 388
19 10
19 176
19 235
19 320
19 342
19 477
20 94
20 154
20 199
20 356
20 381
20 388
20 389
20 483
20 500
21 169
21 478
22 324
22 439
22 485
23 141
24 104
24 139
24 146
24 180
24 324
24 333
24 351
25 320
25 337
25 356
25 364
25 383
25 426
25 467
26 89
26 394
26 403
27 55
27 148
27 175
27 208
27 265
27 327
27 403
28 71
28 110
28 118
28 157
28 179
28 196
28 205
28 410
28 424
29 215
29 255
29 257
29 368
30 18
30 45
30 123
30 280
30 297
30 367
30 383
30 415
31 63
31 323
31 335
31 375
31 421
31 438
32 260
32 360
32 362
33 71
33 296
33 453
34 76
34 173
34 256
35 11
35 18
35 127
35 163
35 208
35 236
35 279
35 444
35 498
36 117
36 255
36 440
36 457
37 268
37 396
38 149
38 229
38 252
38 317
38 349
38 438
38 446
38 497
39 66
39 151
39 163
39 180
39 206
39 476
40 134
40 246
40 318
40 366
40 468
41 104
41 124
41 281
41 285
41 329
41 351
41 362
41 432
42 18
42 63
42 152
42 246
42 413
43 285
43 299
43 354
43 360
43 389
44 14
44 69
44 280
44 395
44 410
44 430
44 497
45 30
45 92
45 153
45 158
45 194
45 228
45 246
45 312
45 316
46 79
46 166
46 202
46 316
46 408
47 50
47 110
47 151
47 261
47 320
47 338
47 345
47 367
48 136
48 164
48 275
48 289
48 294
48 403
48 483
49 111
49 296
49 373
50 47
50 106
50 118
50 220
50 261
50 329
50 393
50 475
50 498
51 137
51 197
51 216
51 228
52 15
52 98
52 223
52 283
52 324
52 397
52 484
53 120
53 259
53 430
54 55
54 145
54 158
54 304
54 409
54 493
55 27
55 54
55 80
55 184
55 355
55 401
56 90
56 107
56 115
56 286
56 428
56 487
57 68
57 70
57 123
57 379
57 413
57 419
57 427
58 125
58 282
58 344
58 365
58 370
58 380
58 463
59 5
59 127
59 140
59 197
59 271
59 283
59 364
60 178
60 205
60 426
61 63
61 117
61 177
61 241
61 302
61 341
61 349
61 472
61 487
62 74
62 91
62 337
62 490
63 31
63 42
63 61
63 128
63 137
63 255
63 257
63 453
64 113
64 301
65 408
65 472
66 39
66 81
66 172
66 212
66 436
66 454
67 80
67 90
67 103
67 244
67 256
67 302
67 374
67 435
67 471
68 57
68 104
68 212
68 380
68 450
68 478
69 44
69 88
69 104
69 132
69 158
69 319
69 331
70 57
70 146
70 293
70 349
70 374
71 28
71 33
71 257
71 290
71 407
71 494
72 167
72 345
72 494
73 6
73 74
73 118
73 391
73 422
74 62
74 73
74 241
74 417
74 453
75 90
75 112
75 168
75 337
75 361
75 416
75 492
76 34
76 86
76 114
76 222
76 266
76 326
77 123
77 143
77 154
77 196
77 260
77 327
78 135
78 274
78 291
78 315
78 421
78 423
78 478
79 46
79 157
79 165
79 184
79 193
79 248
79 401
80 55
80 67
80 206
80 386
80 457
80 460
80 484
81 66
81 119
81 148
81 328
81 384
81 428
82 17
82 210
82 370
82 371
84 134
84 147
84 418
84 422
84 466
84 471
84 484
85 95
85 220
85 304
85 378
85 426
85 431
85 488
86 8
86 76
86 97
86 106
86 144
86 187
86 240
86 428
86 443
87 166
87 306
87 311
87 318
88 1
88 69
88 240
88 269
89 26
89 108
89 179
89 187
89 249
89 272
89 329
89 331
89 332
89 403
89 447
90 56
90 67
90 75
90 112
90 152
90 259
90 292
90 375
90 421
90 453
91 62
91 95
91 425
91 441
91 445
91 490
91 497
92 45
92 108
92 187
92 286
92 320
92 334
92 373
92 383
92 412
92 420
92 449
93 7
93 190
93 217
94 20
94 146
94 165
94 244
94 264
94 297
94 330
94 335
95 85
95 91
95 196
95 344
95 365
96 130
96 162
96 181
96 253
96 358
96 362
96 368
96 444
97 2
97 86
97 117
97 176
97 194
97 210
97 462
98 52
98 131
98 156
98 157
98 203
98 236
98 351
98 409
99 291
99 298
99 306
99 315
99 326
99 494
100 148
100 159
100 178
100 218
100 272
100 297
100 434
100 459
100 467
100 471
101 187
101 289
101 298
101 337
101 396
101 481
101 494
102 164
102 184
102 323
102 348
102 386
102 389
102 483
103 67
103 209
103 215
103 314
103 317
103 350
103 496
104 24
104 41
104 68
104 69
104 219
104 312
104 313
105 12
105 203
105 257
105 326
105 457
106 50
106 86
106 160
106 184
106 188
106 332
107 56
107 123
107 334
107 487
107 500
108 89
108 92
108 214
108 267
108 338
108 349
108 388
108 409
108 452
109 5
109 287
110 28
110 47
110 143
110 165
110 166
110 196
110 230
110 246
110 308
110 394
111 49
111 271
111 272
111 273
111 324
111 339
111 432
111 498
112 75
112 90
112 304
112 318
113 64
113 172
113 484
114 76
114 234
114 254
114 306
114 338
115 56
115 125
115 283
115 471
115 484
116 17
116 158
116 164
116 174
116 231
116 247
116 301
116 344
116 411
116 415
116 426
116 489
117 36
117 61
117 97
117 145
117 155
117 158
117 465
118 28
118 50
118 73
118 211
118 318
118 490
119 81
119 145
119 278
119 332
120 8
120 53
120 187
120 262
120 398
121 240
121 294
121 397
122 297
122 409
123 30
123 57
123 77
123 107
123 160
123 172
123 189
124 41
124 240
124 263
124 328
124 336
124 418
125 58
125 115
125 359
126 175
126 335
126 362
126 364
126 500
127 35
127 59
127 181
127 275
127 380
127 385
127 389
127 413
127 455
128 7
128 63
128 154
128 229
128 243
128 255
128 313
128 445
128 448
129 191
129 347
129 398
129 458
130 96
130 176
130 320
130 331
130 397
130 401
131 98
131 343
131 365
131 413
131 424
131 475
132 13
132 69
132 148
132 269
132 454
133 156
133 192
133 202
133 231
133 287
133 326
133 490
134 40
134 84
134 154
134 243
134 280
134 406
134 436
134 469
135 2
135 3
135 78
135 234
135 282
135 327
135 332
135 398
135 421
135 474
135 486
136 48
136 258
136 347
136 442
137 51
137 63
137 163
137 196
137 218
137 354
138 164
138 266
138 313
139 10
139 24
139 173
139 185
139 186
139 246
139 266
139 452
139 453
139 475
140 59
140 189
140 301
140 313
140 317
140 411
140 498
141 10
141 23
141 250
141 256
141 359
142 189
142 405
142 451
143 77
143 110
143 183
143 234
143 385
144 86
144 405
145 8
145 54
145 117
145 119
145 214
145 220
145 228
145 374
145 418
145 453
146 17
146 24
146 70
146 94
146 203
146 223
146 296
146 364
146 382
147 84
147 163
147 168
147 207
147 212
147 249
147 258
147 283
147 305
147 331
148 27
148 81
148 100
148 132
148 159
148 197
148 219
148 268
148 269
148 428
149 38
149 205
149 295
149 344
149 411
150 18
150 211
150 491
151 39
151 47
151 218
151 365
151 405
151 486
152 6
152 42
152 90
152 211
152 215
152 263
152 291
152 403
152 424
153 45
153 233
153 247
153 249
153 481
154 20
154 77
154 128
154 134
154 260
154 400
154 448
155 117
155 166
155 214
155 260
155 270
155 273
155 349
156 98
156 133
157 28
157 79
157 98
157 292
157 412
157 420
157 452
157 490
158 45
158 54
158 69
158 116
158 117
158 163
158 405
158 428
158 437
158 440
159 100
159 148
159 205
159 260
159 313
159 333
159 363
159 366
159 419
159 432
160 8
160 106
160 123
160 176
160 189
160 199
160 253
160 365
161 209
161 247
161 268
161 289
161 319
161 351
161 365
161 431
161 448
161 455
162 96
162 166
162 204
162 260
162 341
162 380
162 381
162 405
162 452
162 474
163 35
163 39
163 137
163 147
163 158
163 246
164 11
164 48
164 102
164 116
164 138
164 440
165 79
165 94
165 110
165 218
165 219
165 357
165 425
165 476
165 484
166 46
166 87
166 110
166 155
166 162
166 173
166 177
166 186
166 213
166 217
166 257
166 278
166 357
166 448
167 72
167 173
167 185
167 234
167 241
167 442
167 451
167 457
168 2
168 12
168 75
168 147
168 194
168 218
168 236
169 21
169 174
169 339
169 413
171 441
172 66
172 113
172 123
172 175
172 206
172 409
172 414
173 34
173 139
173 166
173 167
173 222
173 349
173 358
173 392
173 413
173 421
173 474
174 17
174 116
174 169
174 182
174 212
174 418
174 484
175 27
175 126
175 172
175 407
176 19
176 97
176 130
176 160
176 215
176 326
177 61
177 166
178 2
178 60
178 100
178 286
178 436
179 28
179 89
179 210
179 375
179 402
179 414
180 24
180 39
180 186
180 224
180 275
180 288
180 360
180 385
180 436
181 96
181 127
181 207
181 337
181 356
181 395
181 467
181 475
182 174
182 213
182 234
182 442
183 7
183 143
183 266
183 309
183 348
184 2
184 55
184 79
184 102
184 106
185 139
185 167
185 194
185 223
185 303
185 340
185 415
186 16
186 139
186 166
186 180
186 202
186 237
186 321
186 347
186 458
187 86
187 89
187 92
187 101
187 120
187 229
187 270
187 275
187 413
187 435
188 106
188 215
188 231
188 301
188 423
189 123
189 140
189 142
189 160
189 229
189 448
189 455
190 9
190 93
190 261
190 403
190 428
190 455
191 129
191 237
191 329
191 405
191 441
192 11
192 133
192 491
193 79
193 251
193 368
193 434
194 45
194 97
194 168
194 185
194 294
195 366
195 402
195 496
195 500
196 28
196 77
196 95
196 110
196 137
196 197
196 409
196 457
197 51
197 59
197 148
197 196
197 391
197 407
198 251
198 253
198 258
198 375
198 387
198 421
199 9
199 20
199 160
199 239
199 244
200 315
200 372
200 453
200 456
200 464
200 485
200 488
201 274
202 2
202 46
202 133
202 186
202 362
202 368
202 372
202 445
203 98
203 105
203 146
203 258
203 307
203 365
203 392
203 443
204 162
204 286
204 363
204 366
204 384
205 28
205 60
205 149
205 159
205 210
205 239
205 295
205 389
206 39
206 80
206 172
206 245
206 275
206 289
206 403
206 489
207 147
207 181
207 221
207 276
207 374
207 398
208 18
208 27
208 35
208 308
208 325
208 349
208 465
209 103
209 161
209 291
209 340
210 82
210 97
210 179
210 205
210 244
210 297
210 305
210 336
210 471
211 118
211 150
211 152
211 227
211 381
212 1
212 66
212 68
212 147
212 174
212 241
212 288
212 316
212 439
212 440
212 468
212 499
213 2
213 166
213 182
213 389
214 108
214 145
214 155
214 456
215 29
215 103
215 152
215 176
215 188
215 290
215 423
216 4
216 51
216 222
216 304
216 322
216 393
216 414
217 93
217 166
217 406
217 435
217 460
218 100
218 137
218 151
218 165
218 168
218 238
218 356
218 365
218 429
219 14
219 104
219 148
219 165
219 237
219 254
219 282
220 50
220 85
220 145
220 290
220 451
221 18
221 207
221 239
221 329
221 492
222 76
222 173
222 216
222 448
223 3
223 52
223 146
223 185
223 429
223 451
223 457
224 180
224 352
225 391
225 439
226 9
226 291
226 293
226 327
226 386
226 391
226 417
227 211
227 384
227 459
227 460
228 7
228 45
228 51
228 145
228 303
228 346
228 350
228 440
228 449
228 469
229 38
229 128
229 187
229 189
230 18
230 110
230 288
230 329
230 477
231 116
231 133
231 188
231 280
231 316
231 396
231 414
231 417
231 438
231 498
232 310
232 312
232 313
232 333
232 364
232 387
232 429
232 481
233 153
233 360
233 395
233 438
234 114
234 135
234 143
234 167
234 182
234 253
234 288
234 360
234 439
234 471
235 19
235 323
235 360
235 402
235 435
236 35
236 98
236 168
236 237
236 395
236 432
236 433
236 463
236 479
236 483
237 186
237 191
237 219
237 236
237 387
237 405
237 431
237 473
237 486
238 13
238 218
238 315
238 399
238 407
239 14
239 199
239 205
239 221
239 273
240 6
240 86
240 88
240 121
240 124
240 275
240 421
240 430
240 457
241 61
241 74
241 167
241 212
241 383
241 498
242 336
242 383
242 430
243 128
243 134
243 306
243 307
243 371
244 67
244 94
244 199
244 210
244 263
244 313
244 333
244 356
244 476
245 206
245 247
245 268
245 439
246 40
246 42
246 45
246 110
246 139
246 163
246 343
246 382
246 448
246 452
247 16
247 116
247 153
247 161
247 245
247 254
247 357
247 483
248 5
248 79
248 408
248 428
248 464
248 466
248 482
249 89
249 147
249 153
249 397
250 141
250 283
250 318
250 354
251 193
251 198
251 425
252 38
252 380
252 394
253 96
253 160
253 198
253 234
253 404
254 114
254 219
254 247
254 313
255 7
255 29
255 36
255 63
255 128
255 485
256 34
256 67
256 141
256 314
256 400
257 29
257 63
257 71
257 105
257 166
257 361
257 440
257 494
257 497
258 14
258 136
258 147
258 198
258 203
258 445
259 53
259 90
259 334
259 375
259 420
260 32
260 77
260 154
260 155
260 159
260 162
260 282
260 372
261 47
261 50
261 190
261 285
261 308
261 315
261 336
262 120
262 303
262 328
262 371
262 403
263 124
263 152
263 244
263 298
263 300
263 414
263 464
263 478
264 94
264 350
264 372
265 27
265 273
265 287
265 326
265 466
266 76
266 138
266 139
266 183
266 282
266 372
266 385
266 393
267 108
267 299
267 318
267 320
267 328
267 361
267 470
267 479
268 37
268 148
268 161
268 245
268 277
268 293
269 88
269 132
269 148
269 292
269 374
269 382
269 481
269 489
270 15
270 155
270 187
270 304
270 316
270 466
271 59
271 111
271 282
271 396
271 486
272 89
272 100
272 111
272 295
272 359
272 485
273 9
273 12
273 111
273 155
273 239
273 265
273 291
273 298
273 374
274 78
274 201
274 324
274 339
274 354
274 370
274 396
275 17
275 48
275 127
275 180
275 187
275 206
275 240
275 307
275 322
275 425
276 207
277 268
278 119
278 166
278 338
278 351
278 434
278 496
279 35
279 333
280 30
280 44
280 134
280 231
280 332
280 402
281 41
281 398
281 475
282 58
282 135
282 219
282 260
282 266
282 271
282 290
282 437
283 52
283 59
283 115
283 147
283 250
283 326
283 401
284 356
284 383
284 488
285 41
285 43
285 261
285 313
285 392
285 409
285 455
285 460
286 56
286 92
286 178
286 204
286 326
286 332
286 392
286 488
287 109
287 133
287 265
287 370
287 450
288 180
288 212
288 230
288 234
288 326
288 328
288 365
288 448
289 48
289 101
289 161
289 206
289 325
289 339
289 387
290 71
290 215
290 220
290 282
290 428
290 462
290 476
291 78
291 99
291 152
291 209
291 226
291 273
291 363
291 371
292 90
292 157
292 269
292 370
292 410
292 455
293 70
293 226
293 268
294 48
294 121
294 194
294 369
294 386
295 149
295 205
295 272
295 309
295 409
295 433
295 447
296 13
296 33
296 49
296 146
296 390
296 399
296 420
296 493
297 1
297 30
297 94
297 100
297 122
297 210
297 342
297 368
297 410
297 446
297 453
297 474
297 493
298 99
298 101
298 263
298 273
298 401
298 425
299 43
299 267
300 263
301 11
301 15
301 64
301 116
301 140
301 188
302 61
302 67
302 310
302 485
303 185
303 228
303 262
303 318
303 437
304 54
304 85
304 112
304 216
304 270
304 317
304 358
304 422
304 485
305 2
305 8
305 147
305 210
305 410
306 87
306 99
306 114
306 243
306 316
306 354
306 390
306 433
306 475
306 485
307 203
307 243
307 275
307 321
307 442
307 461
308 110
308 208
308 261
308 311
308 336
308 429
309 183
309 295
309 312
309 314
309 334
309 350
309 381
309 476
310 14
310 232
310 302
310 419
311 87
311 308
311 443
312 45
312 104
312 232
312 309
312 399
312 415
313 104
313 128
313 138
313 140
313 159
313 232
313 244
313 254
313 285
313 329
313 430
314 103
314 256
314 309
314 371
314 382
314 442
315 78
315 99
315 200
315 238
315 261
315 323
315 368
315 422
316 11
316 45
316 46
316 212
316 231
316 270
316 306
316 380
317 8
317 38
317 103
317 140
317 304
317 442
318 40
318 87
318 112
318 118
318 250
318 267
318 303
318 379
318 405
318 463
319 69
319 161
319 370
320 19
320 25
320 47
320 92
320 130
320 267
320 380
320 407
320 458
320 495
321 186
321 307
322 216
322 275
322 369
322 442
323 31
323 102
323 235
323 315
323 338
323 373
323 496
324 22
324 24
324 52
324 111
324 274
324 335
324 394
325 208
325 289
325 329
325 460
325 473
326 76
326 99
326 105
326 133
326 176
326 265
326 283
326 286
326 288
326 410
326 457
327 27
327 77
327 135
327 226
327 352
327 467
328 81
328 124
328 262
328 267
328 288
328 370
329 5
329 15
329 41
329 50
329 89
329 191
329 221
329 230
329 313
329 325
329 494
330 17
330 94
330 484
331 4
331 69
331 89
331 130
331 147
331 371
331 383
331 480
332 4
332 89
332 106
332 119
332 135
332 280
332 286
332 337
332 345
332 428
332 436
332 459
332 465
333 24
333 159
333 232
333 244
333 279
333 402
334 92
334 107
334 259
334 309
334 411
335 31
335 94
335 126
335 324
335 352
336 124
336 210
336 242
336 261
336 308
336 377
337 25
337 62
337 75
337 101
337 181
337 332
337 378
337 485
338 8
338 47
338 108
338 114
338 278
338 323
338 353
338 382
339 111
339 169
339 274
339 289
339 452
340 17
340 185
340 209
340 430
341 61
341 162
341 437
341 476
341 491
342 19
342 297
342 375
342 427
342 432
343 131
343 246
343 463
343 471
343 476
344 58
344 95
344 116
344 149
344 370
344 383
344 446
344 496
345 47
345 72
345 332
345 433
345 470
346 228
346 351
347 129
347 136
347 186
347 393
347 446
347 486
348 102
348 183
348 350
348 457
349 38
349 61
349 70
349 108
349 155
349 173
349 208
349 352
349 375
349 454
350 2
350 103
350 228
350 264
350 309
350 348
350 417
350 442
351 2
351 14
351 24
351 41
351 98
351 161
351 278
351 346
351 417
352 224
352 327
352 335
352 349
352 394
352 465
353 338
353 418
354 10
354 43
354 137
354 250
354 274
354 306
354 400
354 461
355 55
355 365
356 12
356 20
356 25
356 181
356 218
356 244
356 284
356 490
357 165
357 166
357 247
357 376
357 381
357 417
357 449
358 96
358 173
358 304
358 485
359 125
359 141
359 272
359 413
359 433
359 461
360 32
360 43
360 180
360 233
360 234
360 235
360 378
360 417
360 447
360 477
361 8
361 75
361 257
361 267
361 387
361 403
361 456
361 486
362 32
362 41
362 96
362 126
362 202
362 374
363 1
363 159
363 204
363 291
363 382
363 391
363 407
363 409
363 424
363 425
363 454
364 25
364 59
364 126
364 146
364 232
364 367
364 425
365 58
365 95
365 131
365 151
365 160
365 161
365 203
365 218
365 288
365 355
365 405
365 497
366 15
366 40
366 159
366 195
366 204
366 375
366 390
366 446
367 30
367 47
367 364
367 453
367 484
368 29
368 96
368 193
368 202
368 297
368 315
368 371
368 397
368 405
368 482
369 294
369 322
369 409
370 58
370 82
370 274
370 287
370 292
370 319
370 328
370 344
370 393
370 423
371 1
371 82
371 243
371 262
371 291
371 314
371 331
371 368
371 407
371 423
371 479
371 496
372 200
372 202
372 260
372 264
372 266
373 49
373 92
373 323
373 410
373 443
373 450
374 67
374 70
374 145
374 207
374 269
374 273
374 362
375 31
375 90
375 179
375 198
375 259
375 342
375 349
375 366
375 439
375 488
376 357
376 411
376 427
376 495
377 336
377 403
377 405
378 85
378 337
378 360
378 438
378 459
378 471
379 57
379 318
379 469
379 493
380 58
380 68
380 127
380 162
380 252
380 316
380 320
380 414
380 432
380 448
381 20
381 162
381 211
381 309
381 357
381 441
381 474
381 490
382 146
382 246
382 269
382 314
382 338
382 363
382 462
382 471
382 481
383 25
383 30
383 92
383 241
383 242
383 284
383 331
383 344
384 6
384 81
384 204
384 227
384 393
385 6
385 127
385 143
385 180
385 266
385 500
386 80
386 102
386 226
386 294
386 462
387 198
387 232
387 237
387 289
387 361
387 464
387 465
388 18
388 20
388 108
388 395
388 470
389 20
389 43
389 102
389 127
389 205
389 213
390 7
390 296
390 306
390 366
390 462
391 73
391 197
391 225
391 226
391 363
391 404
391 439
392 173
392 203
392 285
392 286
392 423
392 468
393 50
393 216
393 266
393 347
393 370
393 384
394 26
394 110
394 252
394 324
394 352
394 430
395 8
395 44
395 181
395 233
395 236
395 388
396 37
396 101
396 231
396 271
396 274
396 443
396 491
397 52
397 121
397 130
397 249
397 368
397 438
397 443
398 120
398 129
398 135
398 207
398 281
398 405
398 431
399 238
399 296
399 312
399 417
400 154
400 256
400 354
400 487
401 55
401 79
401 130
401 283
401 298
402 179
402 195
402 235
402 280
402 333
402 417
402 472
403 26
403 27
403 48
403 89
403 152
403 190
403 206
403 262
403 361
403 377
403 411
404 253
404 391
405 142
405 144
405 151
405 158
405 162
405 191
405 237
405 318
405 365
405 368
405 377
405 398
406 16
406 134
406 217
407 71
407 175
407 197
407 238
407 320
407 363
407 371
407 412
407 478
408 12
408 46
408 65
408 248
408 438
409 54
409 98
409 108
409 122
409 172
409 196
409 285
409 295
409 363
409 369
410 28
410 44
410 292
410 297
410 305
410 326
410 373
410 413
411 116
411 140
411 149
411 334
411 376
411 403
411 451
412 1
412 92
412 157
412 407
412 446
413 7
413 42
413 57
413 127
413 131
413 169
413 173
413 187
413 359
413 410
413 459
413 478
413 490
414 172
414 179
414 216
414 231
414 263
414 380
414 435
415 30
415 116
415 185
415 312
415 444
416 75
417 74
417 226
417 231
417 350
417 351
417 357
417 360
417 399
417 402
417 479
418 14
418 84
418 124
418 145
418 174
418 353
418 437
418 478
419 16
419 57
419 159
419 310
420 92
420 157
420 259
420 296
420 473
421 31
421 78
421 90
421 135
421 173
421 198
421 240
422 73
422 84
422 304
422 315
422 499
423 78
423 188
423 215
423 370
423 371
423 392
423 476
423 483
424 28
424 131
424 152
424 363
425 91
425 165
425 251
425 275
425 298
425 363
425 364
426 13
426 25
426 60
426 85
426 116
426 480
427 16
427 57
427 342
427 376
427 473
428 56
428 81
428 86
428 148
428 158
428 190
428 248
428 290
428 332
429 218
429 223
429 232
429 308
430 6
430 44
430 53
430 240
430 242
430 313
430 340
430 394
430 456
431 85
431 161
431 237
431 398
432 41
432 111
432 159
432 236
432 342
432 380
433 7
433 236
433 295
433 306
433 345
433 359
434 13
434 100
434 193
434 278
435 67
435 187
435 217
435 235
435 414
435 482
436 10
436 66
436 134
436 178
436 180
436 332
436 443
436 447
436 500
437 158
437 282
437 303
437 341
437 418
437 472
438 31
438 38
438 231
438 233
438 378
438 397
438 408
439 22
439 212
439 225
439 234
439 245
439 375
439 391
440 36
440 158
440 164
440 212
440 228
440 257
441 91
441 171
441 191
441 381
442 136
442 167
442 182
442 307
442 314
442 317
442 322
442 350
443 16
443 86
443 203
443 311
443 373
443 396
443 397
443 436
444 35
444 96
444 415
445 91
445 128
445 202
445 258
445 493
446 38
446 297
446 344
446 347
446 366
446 412
446 479
447 89
447 295
447 360
447 436
448 128
448 154
448 161
448 166
448 189
448 222
448 246
448 288
448 380
449 92
449 228
449 357
450 68
450 287
450 373
450 489
451 142
451 167
451 220
451 223
451 411
452 108
452 139
452 157
452 162
452 246
452 339
453 33
453 63
453 74
453 90
453 139
453 145
453 200
453 297
453 367
453 483
453 495
454 66
454 132
454 349
454 363
454 457
455 10
455 127
455 161
455 189
455 190
455 285
455 292
455 479
456 200
456 214
456 361
456 430
456 472
457 36
457 80
457 105
457 167
457 196
457 223
457 240
457 326
457 348
457 454
458 129
458 186
458 320
458 472
459 9
459 100
459 227
459 332
459 378
459 413
459 469
459 472
459 474
460 80
460 217
460 227
460 285
460 325
460 478
461 307
461 354
461 359
462 97
462 290
462 382
462 386
462 390
463 58
463 236
463 318
463 343
463 468
464 200
464 248
464 263
464 387
465 12
465 117
465 208
465 332
465 352
465 387
466 84
466 248
466 265
466 270
467 25
467 100
467 181
467 327
468 40
468 212
468 392
468 463
469 134
469 228
469 379
469 459
470 267
470 345
470 388
471 67
471 84
471 100
471 115
471 210
471 234
471 343
471 378
471 382
471 478
472 61
472 65
472 402
472 437
472 456
472 458
472 459
473 237
473 325
473 420
473 427
474 16
474 135
474 162
474 173
474 297
474 381
474 459
475 50
475 131
475 139
475 181
475 281
475 306
476 39
476 165
476 244
476 290
476 309
476 341
476 343
476 423
477 12
477 19
477 230
477 360
478 21
478 68
478 78
478 263
478 407
478 413
478 418
478 460
478 471
479 236
479 267
479 371
479 417
479 446
479 455
480 331
480 426
481 101
481 153
481 232
481 269
481 382
482 248
482 368
482 435
483 5
483 20
483 48
483 102
483 236
483 247
483 423
483 453
484 52
484 80
484 84
484 113
484 115
484 165
484 174
484 330
484 367
485 22
485 200
485 255
485 272
485 302
485 304
485 306
485 337
485 358
485 497
486 135
486 151
486 237
486 271
486 347
486 361
487 8
487 56
487 61
487 107
487 400
488 85
488 200
488 284
488 286
488 375
489 116
489 206
489 269
489 450
490 62
490 91
490 118
490 133
490 157
490 356
490 381
490 413
490 497
491 150
491 192
491 341
491 396
491 497
492 17
492 75
492 221
493 54
493 296
493 297
493 379
493 445
494 71
494 72
494 99
494 101
494 257
494 329
495 320
495 376
495 453
496 103
496 195
496 278
496 323
496 344
496 371
497 2
497 38
497 44
497 91
497 257
497 365
497 485
497 490
497 491
498 35
498 50
498 111
498 140
498 231
498 241
499 212
499 422
500 17
500 20
500 107
500 126
500 195
500 385
500 436
