0 2
1 2
2 2
3 3
4 2
5 2
6 2
7 2
8 3
9 3
10 2
11 2
12 2
13 2
14 2
15 2
16 2
17 3
18 2
19 0
20 2
21 2
22 2
23 3
24 2
25 2
26 2
27 2
28 3
29 2
30 3
31 2
32 2
33 3
34 2
35 2
36 3
37 2
38 2
39 2
40 2
41 2
42 2
43 3
44 2
45 3
46 2
47 3
48 2
49 2
50 2
51 3
52 3
53 2
54 3
55 3
56 0
57 2
58 2
59 2
60 3
61 3
62 3
63 2
64 0
65 3
66 3
67 0
68 2
69 3
70 0
71 3
72 2
73 0
74 3
75 3
76 2
77 0
78 0
79 0
80 3
81 2
82 0
83 0
84 0
85 2
86 3
87 2
88 3
89 2
90 3
91 0
92 0
93 3
94 3
95 3
96 0
97 2
98 2
99 3
100 3
101 3
102 2
103 2
104 3
105 2
106 2
107 3
108 3
109 3
110 2
111 3
112 2
113 3
114 3
115 3
116 2
117 2
118 3
119 3
120 2
121 2
122 2
123 2
124 2
125 2
126 3
127 3
128 2
129 3
130 2
131 2
132 3
133 3
134 3
135 3
136 3
137 3
138 2
139 3
140 2
141 0
142 2
143 2
144 3
145 2
146 2
147 3
148 3
149 2
150 3
151 3
152 3
153 2
154 3
155 3
156 2
157 3
158 0
159 2
160 2
161 2
162 2
163 3
164 3
165 2
166 3
167 2
168 2
169 3
170 3
171 2
172 2
173 3
174 2
175 2
176 2
177 3
178 3
179 3
180 0
181 3
182 0
183 2
184 2
185 3
186 3
187 3
188 2
189 3
190 3
191 2
192 3
193 2
194 3
195 2
196 3
197 3
198 3
199 2
200 3
201 2
202 3
203 3
204 2
205 3
206 3
207 3
208 3
209 3
210 2
211 3
212 2
213 3
214 2
215 3
216 3
217 3
218 2
219 2
220 3
221 3
222 3
223 3
224 2
225 3
226 2
227 2
228 2
229 3
230 3
231 2
232 2
233 2
234 2
235 0
236 2
237 3
238 3
239 3
240 2
241 3
242 2
243 3
244 3
245 3
246 3
247 3
248 2
249 2
250 3
251 2
252 3
253 3
254 3
255 2
256 0
257 2
258 3
259 2
260 2
261 2
262 3
263 2
264 3
265 2
266 3
267 2
268 2
269 2
270 3
271 3
272 3
273 3
274 2
275 2
276 2
277 3
278 3
279 3
280 2
281 3
282 3
283 2
284 0
285 3
286 0
287 2
288 0
289 3
290 2
291 2
292 3
293 3
294 3
295 2
296 2
297 3
298 3
299 0
300 3
301 3
302 2
303 3
304 3
305 2
306 3
307 2
308 2
309 2
310 2
311 3
312 2
313 0
314 3
315 3
316 3
317 3
318 3
319 0
320 2
321 2
322 2
323 3
324 2
325 2
326 2
327 2
328 2
329 2
330 2
331 3
332 2
333 3
334 3
335 3
336 3
337 2
338 3
339 3
340 2
341 2
342 3
343 2
344 3
345 3
346 0
347 2
348 2
349 3
350 3
351 3
352 2
353 2
354 3
355 2
356 2
357 0
358 2
359 2
360 2
361 2
362 2
363 2
364 3
365 2
366 3
367 2
368 2
369 2
370 2
371 3
372 3
373 2
374 2
375 0
376 3
377 2
378 2
379 2
380 2
381 2
382 3
383 2
384 2
385 3
386 3
387 2
388 3
389 3
390 3
391 2
392 2
393 2
394 2
395 3
396 3
397 0
398 2
399 2
400 2
401 2
402 2
403 2
404 3
405 2
406 2
407 2
408 2
409 2
410 2
411 2
412 2
413 2
414 2
415 3
416 3
417 2
418 2
419 2
420 3
421 3
422 2
423 3
424 2
425 3
426 3
427 2
428 0
429 2
430 2
431 2
432 3
433 3
434 3
435 2
436 2
437 2
438 2
439 3
440 3
441 3
442 2
443 3
444 2
445 2
446 2
447 3
448 2
449 2
450 2
451 2
452 3
453 3
454 3
455 3
456 3
457 3
458 3
459 3
460 2
461 0
462 2
463 3
464 2
465 3
466 2
467 2
468 2
469 2
470 3
471 2
472 2
473 0
474 2
475 2
476 3
477 2
478 3
479 3
480 2
481 3
482 3
483 3
484 2
485 3
486 2
487 2
488 3
489 2
490 2
491 3
492 2
493 3
494 2
495 2
496 2
497 3
498 3
499 2
500 2
501 3
502 3
503 2
504 3
505 2
506 2
507 2
508 2
509 0
510 3
511 2
512 2
513 3
514 3
515 2
516 3
517 3
518 2
519 2
520 3
521 3
522 2
523 0
524 2
525 2
526 2
527 2
528 2
529 3
530 3
531 2
532 2
533 2
534 3
535 3
536 3
537 3
538 2
539 2
540 2
541 2
542 2
543 0
544 2
545 2
546 2
547 3
548 3
549 3
550 2
551 3
552 3
553 3
554 2
555 0
556 3
557 2
558 2
559 2
560 3
561 2
562 3
563 2
564 3
565 2
566 3
567 3
568 3
569 3
570 3
571 2
572 2
573 2
574 2
575 2
576 3
577 3
578 0
579 3
580 2
581 2
582 2
583 3
584 2
585 2
586 2
587 2
588 3
589 2
590 3
591 2
592 2
593 3
594 3
595 2
596 2
597 2
598 2
599 2
600 2
601 2
602 2
603 3
604 0
605 2
606 0
607 2
608 2
609 2
610 3
611 3
612 2
613 2
614 3
615 3
616 2
617 3
618 2
619 2
620 2
621 3
622 2
623 2
624 3
625 2
626 2
627 2
628 2
629 3
630 2
631 3
632 3
633 2
634 2
635 2
636 2
637 3
638 3
639 2
640 2
641 2
642 0
643 0
644 2
645 3
646 2
647 2
648 3
649 2
650 2
651 2
652 3
653 3
654 2
655 0
656 3
657 3
658 2
659 3
660 3
661 2
662 3
663 2
664 2
665 2
666 3
667 2
668 3
669 2
670 0
671 2
672 2
673 2
674 3
675 3
676 3
677 3
678 0
679 3
680 2
681 3
682 0
683 3
684 3
685 3
686 2
687 2
688 2
689 3
690 2
691 3
692 3
693 3
694 2
695 2
696 3
697 2
698 2
699 3
700 2
701 3
702 2
703 2
704 2
705 2
706 3
707 2
708 2
709 2
710 2
711 3
712 3
713 3
714 3
715 3
716 2
717 2
718 2
719 2
720 3
721 2
722 2
723 3
724 2
725 2
726 2
727 2
728 3
729 3
730 2
731 2
732 3
733 3
734 2
735 3
736 3
737 3
738 3
739 3
740 2
741 3
742 2
743 2
744 2
745 2
746 3
747 3
748 2
749 3
750 2
751 3
752 2
753 3
754 3
755 2
756 3
757 2
758 3
759 2
760 2
761 2
762 0
763 2
764 2
765 2
766 3
767 2
768 3
769 3
770 3
771 3
772 2
773 3
774 0
775 3
776 2
777 3
778 2
779 2
780 3
781 3
782 2
783 2
784 2
785 2
786 3
787 2
788 2
789 3
790 3
791 3
792 2
793 2
794 3
795 0
796 3
797 3
798 3
799 2
800 3
801 2
802 2
803 3
804 3
805 3
806 0
807 3
808 3
809 3
810 0
811 3
812 2
813 3
814 3
815 3
816 2
817 0
818 3
819 2
820 2
821 3
822 0
823 3
824 3
825 2
826 3
827 3
828 3
829 2
830 2
831 2
832 0
833 3
834 3
835 2
836 2
837 3
838 3
839 3
840 2
841 2
842 3
843 3
844 3
845 3
846 3
847 2
848 3
849 3
850 2
851 2
852 2
853 2
854 2
855 3
856 3
857 3
858 2
859 2
860 3
861 2
862 3
863 2
864 3
865 2
866 2
867 0
868 2
869 3
870 2
871 2
872 2
873 3
874 0
875 2
876 2
877 0
878 0
879 3
880 2
881 2
882 0
883 2
884 3
885 2
886 0
887 3
888 2
889 3
890 2
891 3
892 2
893 3
894 3
895 3
896 2
897 3
898 2
899 3
900 3
901 2
902 2
903 3
904 2
905 2
906 2
907 3
908 2
909 3
910 2
911 3
912 3
913 3
914 2
915 2
916 2
917 0
918 3
919 2
920 3
921 2
922 2
923 2
924 2
925 2
926 0
927 3
928 2
929 2
930 3
931 2
932 2
933 2
934 2
935 2
936 3
937 2
938 0
939 3
940 3
941 2
942 3
943 2
944 0
945 2
946 2
947 2
948 3
949 2
950 3
951 2
952 2
953 2
954 2
955 2
956 3
957 3
958 3
959 3
960 2
961 2
962 2
963 3
964 2
965 2
966 0
967 2
968 3
969 2
970 2
971 0
972 3
973 3
974 3
975 3
976 3
977 3
978 2
979 0
980 2
981 2
982 2
983 2
984 3
985 3
986 2
987 2
988 0
989 2
990 3
991 2
992 3
993 2
994 2
995 3
996 3
997 3
998 2
999 3
1000 2
1001 3
1002 2
1003 3
1004 2
1005 3
1006 2
1007 2
1008 3
1009 2
1010 0
1011 3
1012 2
1013 2
1014 3
1015 3
1016 2
1017 2
1018 3
1019 2
1020 2
1021 3
1022 3
1023 2
1024 3
1025 3
1026 3
1027 3
1028 2
1029 3
1030 3
1031 3
1032 3
1033 2
1034 3
1035 3
1036 3
1037 2
1038 3
1039 2
1040 2
1041 2
1042 2
1043 3
1044 3
1045 3
1046 2
1047 3
1048 2
1049 3
1050 3
1051 3
1052 2
1053 2
1054 2
1055 2
1056 2
1057 2
1058 3
1059 3
1060 3
1061 2
1062 3
1063 2
1064 2
1065 2
1066 2
1067 2
1068 2
1069 3
1070 2
1071 2
1072 2
1073 2
1074 2
1075 2
1076 2
1077 3
1078 2
1079 2
1080 3
1081 3
1082 2
1083 2
1084 2
1085 2
1086 2
1087 2
1088 2
1089 2
1090 2
1091 2
1092 3
1093 2
1094 2
1095 2
1096 2
1097 2
1098 2
1099 3
1100 2
1101 2
1102 2
1103 2
1104 3
1105 2
1106 2
1107 2
1108 3
1109 3
1110 2
1111 2
1112 3
1113 2
1114 2
1115 2
1116 2
1117 2
1118 2
1119 3
1120 3
1121 2
1122 3
1123 3
1124 2
1125 0
1126 2
1127 0
1128 2
1129 3
1130 2
1131 2
1132 2
1133 2
1134 0
1135 3
1136 2
1137 0
1138 2
1139 2
1140 0
1141 2
1142 0
1143 0
1144 0
1145 3
1146 2
1147 3
1148 3
1149 3
1150 2
1151 0
1152 0
1153 2
1154 2
1155 0
1156 0
1157 3
1158 2
1159 2
1160 2
1161 0
1162 3
1163 0
1164 2
1165 0
1166 3
1167 2
1168 3
1169 2
1170 2
1171 0
1172 2
1173 2
1174 0
1175 2
1176 2
1177 0
1178 2
1179 2
1180 0
1181 3
1182 3
1183 3
1184 0
1185 0
1186 2
1187 2
1188 2
1189 2
1190 0
1191 2
1192 2
1193 3
1194 2
1195 2
1196 3
1197 0
1198 2
1199 3
1200 2
1201 3
1202 3
1203 3
1204 2
1205 3
1206 3
1207 2
1208 2
1209 2
1210 3
1211 2
1212 2
1213 2
1214 3
1215 3
1216 3
1217 3
1218 3
1219 2
1220 3
1221 3
1222 2
1223 3
1224 3
1225 2
1226 2
1227 3
1228 2
1229 3
1230 2
1231 2
1232 2
1233 3
1234 3
1235 3
1236 3
1237 3
1238 2
1239 3
1240 2
1241 3
1242 3
1243 3
1244 3
1245 2
1246 3
1247 2
1248 2
1249 2
1250 3
1251 0
1252 2
1253 3
1254 3
1255 2
1256 2
1257 3
1258 0
1259 3
1260 2
1261 2
1262 3
1263 2
1264 2
1265 0
1266 3
1267 3
1268 2
1269 2
1270 2
1271 3
1272 3
1273 3
1274 2
1275 3
1276 0
1277 3
1278 3
1279 3
1280 2
1281 0
1282 2
1283 3
1284 3
1285 3
1286 3
1287 0
1288 2
1289 3
1290 2
1291 3
1292 2
1293 3
1294 2
1295 2
1296 2
1297 3
1298 2
1299 3
1300 2
1301 3
1302 3
1303 3
1304 3
1305 0
1306 3
1307 2
1308 0
1309 3
1310 0
1311 2
1312 2
1313 2
1314 2
1315 2
1316 2
1317 3
1318 3
1319 3
1320 2
1321 3
1322 2
1323 2
1324 3
1325 2
1326 3
1327 2
1328 2
1329 2
1330 2
1331 2
1332 3
1333 3
1334 0
1335 2
1336 3
1337 3
1338 3
1339 2
1340 2
1341 2
1342 3
1343 2
1344 2
1345 3
1346 3
1347 2
1348 3
1349 0
1350 2
1351 2
1352 2
1353 2
1354 0
1355 3
1356 3
1357 2
1358 2
1359 3
1360 2
1361 3
1362 2
1363 2
1364 2
1365 3
1366 2
1367 3
1368 0
1369 2
1370 2
1371 3
1372 3
1373 3
1374 3
1375 3
1376 2
1377 2
1378 0
1379 2
1380 3
1381 2
1382 2
1383 2
1384 2
1385 3
1386 2
1387 2
1388 3
1389 2
1390 2
1391 2
1392 3
1393 2
1394 2
1395 2
1396 0
1397 0
1398 2
1399 2
1400 3
1401 3
1402 2
1403 0
1404 2
1405 0
1406 2
1407 3
1408 2
1409 2
1410 2
1411 3
1412 3
1413 2
1414 3
1415 2
1416 2
1417 0
1418 3
1419 3
1420 0
1421 3
1422 2
1423 2
1424 2
1425 2
1426 2
1427 2
1428 2
1429 2
1430 0
1431 3
1432 0
1433 2
1434 3
1435 2
1436 2
1437 3
1438 2
1439 3
1440 2
1441 2
1442 0
1443 2
1444 3
1445 2
1446 3
1447 3
1448 2
1449 2
1450 3
1451 0
1452 3
1453 0
1454 3
1455 2
1456 2
1457 2
1458 3
1459 2
1460 0
1461 2
1462 3
1463 2
1464 3
1465 2
1466 2
1467 3
1468 2
1469 2
1470 0
1471 2
1472 3
1473 3
1474 3
1475 2
1476 2
1477 2
1478 2
1479 3
1480 2
1481 0
1482 3
1483 2
1484 2
1485 3
1486 0
1487 0
1488 2
1489 2
1490 2
1491 3
1492 3
1493 2
1494 2
1495 2
1496 2
1497 2
1498 0
1499 0
1500 2
1501 3
1502 2
1503 3
1504 2
1505 2
1506 2
1507 2
1508 2
1509 0
1510 2
1511 2
1512 3
1513 2
1514 0
1515 3
1516 0
1517 2
1518 2
1519 3
1520 2
1521 3
1522 3
1523 3
1524 2
1525 3
1526 3
1527 2
1528 3
1529 2
1530 2
1531 2
1532 0
1533 2
1534 3
1535 0
1536 3
1537 2
1538 2
1539 3
1540 0
1541 2
1542 2
1543 2
1544 0
1545 2
1546 2
1547 2
1548 3
1549 2
1550 3
1551 3
1552 2
1553 2
1554 2
1555 3
1556 2
1557 3
1558 3
1559 2
1560 2
1561 2
1562 0
1563 2
1564 2
1565 2
1566 3
1567 0
1568 3
1569 2
1570 2
1571 2
1572 3
1573 0
1574 2
1575 0
1576 3
1577 3
1578 2
1579 3
1580 2
1581 2
1582 2
1583 3
1584 2
1585 3
1586 3
1587 2
1588 2
1589 2
1590 2
1591 3
1592 2
1593 2
1594 2
1595 3
1596 2
1597 0
1598 2
1599 2
1600 3
1601 2
1602 2
1603 2
1604 3
1605 2
1606 2
1607 2
1608 0
1609 0
1610 3
1611 2
1612 3
1613 2
1614 2
1615 0
1616 3
1617 2
1618 2
1619 3
1620 0
1621 3
1622 2
1623 3
1624 2
1625 2
1626 2
1627 2
1628 0
1629 2
1630 2
1631 2
1632 2
1633 3
1634 2
1635 2
1636 2
1637 2
1638 0
1639 3
1640 2
1641 2
1642 3
1643 0
1644 2
1645 3
1646 2
1647 3
1648 2
1649 0
1650 3
1651 2
1652 3
1653 0
1654 2
1655 3
1656 2
1657 2
1658 2
1659 2
1660 3
1661 2
1662 2
1663 2
1664 2
1665 2
1666 3
1667 3
1668 3
1669 3
1670 2
1671 2
1672 0
1673 0
1674 3
1675 2
1676 3
1677 2
1678 3
1679 2
1680 0
1681 2
1682 2
1683 2
1684 2
1685 0
1686 3
1687 0
1688 3
1689 2
1690 2
1691 2
1692 3
1693 2
1694 2
1695 3
1696 2
1697 2
1698 2
1699 2
1700 2
1701 2
1702 2
1703 2
1704 0
1705 3
1706 3
1707 3
1708 2
1709 3
1710 2
1711 2
1712 2
1713 0
1714 2
1715 3
1716 2
1717 2
1718 2
1719 2
1720 2
1721 2
1722 2
1723 0
1724 2
1725 3
1726 3
1727 2
1728 2
1729 2
1730 2
1731 2
1732 2
1733 0
1734 3
1735 2
1736 0
1737 2
1738 3
1739 0
1740 2
1741 3
1742 2
1743 3
1744 2
1745 3
1746 2
1747 2
1748 3
1749 2
1750 2
1751 2
1752 3
1753 2
1754 2
1755 3
1756 0
1757 2
1758 2
1759 3
1760 2
1761 2
1762 2
1763 2
1764 2
1765 2
1766 3
1767 2
1768 3
1769 3
1770 2
1771 3
1772 2
1773 3
1774 3
1775 2
1776 3
1777 3
1778 2
1779 3
1780 3
1781 2
1782 2
1783 3
1784 0
1785 3
1786 3
1787 3
1788 2
1789 2
1790 3
1791 2
1792 2
1793 3
1794 0
1795 2
1796 2
1797 2
1798 3
1799 3
1800 2
1801 3
1802 0
1803 2
1804 0
1805 3
1806 2
1807 2
1808 2
1809 3
1810 2
1811 3
1812 2
1813 3
1814 2
1815 2
1816 3
1817 2
1818 2
1819 3
1820 2
1821 2
1822 2
1823 3
1824 2
1825 2
1826 0
1827 2
1828 0
1829 2
1830 2
1831 3
1832 2
1833 0
1834 2
1835 0
1836 2
1837 3
1838 3
1839 2
1840 2
1841 3
1842 3
1843 2
1844 3
1845 0
1846 3
1847 3
1848 2
1849 3
1850 2
1851 2
1852 2
1853 3
1854 3
1855 2
1856 2
1857 2
1858 2
1859 2
1860 2
1861 2
1862 3
1863 3
1864 2
1865 2
1866 2
1867 2
1868 2
1869 2
1870 2
1871 3
1872 3
1873 3
1874 2
1875 3
1876 3
1877 2
1878 2
1879 3
1880 3
1881 3
1882 3
1883 3
1884 3
1885 2
1886 3
1887 2
1888 3
1889 3
1890 0
1891 3
1892 2
1893 0
1894 2
1895 2
1896 3
1897 2
1898 0
1899 3
1900 0
1901 0
1902 3
1903 0
1904 3
1905 3
1906 0
1907 0
1908 0
1909 2
1910 0
1911 3
1912 0
1913 2
1914 0
1915 2
1916 0
1917 2
1918 2
1919 3
1920 2
1921 0
1922 0
1923 0
1924 3
1925 2
1926 2
1927 2
1928 3
1929 2
1930 3
1931 2
1932 3
1933 2
1934 2
1935 2
1936 2
1937 0
1938 0
1939 3
1940 2
1941 0
1942 0
1943 0
1944 0
1945 0
1946 3
1947 0
1948 0
1949 3
1950 0
1951 0
1952 0
1953 0
1954 0
1955 2
1956 3
1957 0
1958 0
1959 0
1960 2
1961 0
1962 0
1963 0
1964 0
1965 0
1966 0
1967 0
1968 0
1969 0
1970 0
1971 0
1972 0
1973 0
1974 0
1975 2
1976 3
1977 2
1978 0
1979 0
1980 0
1981 0
1982 0
1983 0
1984 0
1985 0
1986 2
1987 0
1988 0
1989 3
1990 0
1991 0
1992 3
1993 0
1994 0
1995 2
1996 2
1997 0
1998 0
1999 2
2000 0
2001 0
2002 0
2003 0
2004 3
2005 0
2006 0
2007 0
2008 0
2009 2
2010 0
2011 0
2012 3
2013 0
2014 0
2015 0
2016 0
2017 0
2018 3
2019 0
2020 0
2021 3
2022 0
2023 0
2024 0
2025 2
2026 0
2027 2
2028 2
2029 2
2030 2
2031 2
2032 0
2033 0
2034 2
2035 3
2036 2
2037 2
2038 2
2039 2
2040 3
2041 2
2042 0
2043 2
2044 2
2045 0
2046 3
2047 3
2048 2
2049 2
2050 3
2051 3
2052 2
2053 2
2054 2
2055 3
2056 2
2057 2
2058 3
2059 2
2060 2
2061 2
2062 2
2063 2
2064 3
2065 0
2066 3
2067 3
2068 2
2069 2
2070 2
2071 2
2072 2
2073 2
2074 2
2075 2
2076 0
2077 0
2078 2
2079 2
2080 2
2081 2
2082 2
2083 2
2084 2
2085 3
2086 2
2087 2
2088 2
2089 2
2090 3
2091 2
2092 2
2093 3
2094 2
2095 2
2096 0
2097 2
2098 2
2099 2
2100 2
2101 2
2102 2
2103 2
2104 2
2105 2
2106 3
2107 2
2108 2
2109 2
2110 2
2111 2
2112 2
2113 3
2114 2
2115 2
2116 2
2117 2
2118 2
2119 2
2120 2
2121 2
2122 2
2123 2
2124 2
2125 2
2126 0
2127 3
2128 2
2129 2
2130 2
2131 2
2132 2
2133 2
2134 3
2135 2
2136 2
2137 2
2138 2
2139 2
2140 2
2141 2
2142 2
2143 2
2144 2
2145 3
2146 2
2147 0
2148 2
2149 3
2150 3
2151 2
2152 2
2153 3
2154 2
2155 2
2156 2
2157 2
2158 2
2159 2
2160 2
2161 3
2162 2
2163 2
2164 2
2165 3
2166 2
2167 2
2168 2
2169 2
2170 2
2171 0
2172 2
2173 2
2174 0
2175 2
2176 2
2177 2
2178 2
2179 2
2180 2
2181 0
2182 2
2183 2
2184 0
2185 2
2186 2
2187 3
2188 2
2189 3
2190 1
2191 2
2192 3
2193 2
2194 0
2195 2
2196 2
2197 2
2198 2
2199 2
2200 0
2201 2
2202 3
2203 3
2204 3
2205 3
2206 3
2207 2
2208 2
2209 3
2210 2
2211 3
2212 3
2213 2
2214 3
2215 3
2216 3
2217 2
2218 2
2219 0
2220 2
2221 0
2222 0
2223 0
2224 2
2225 2
2226 2
2227 0
2228 3
2229 0
2230 0
2231 2
2232 3
2233 0
2234 0
2235 0
2236 2
2237 2
2238 0
2239 3
2240 2
2241 0
2242 2
2243 3
2244 2
2245 0
2246 0
2247 3
2248 0
2249 0
2250 2
2251 3
2252 2
2253 2
2254 2
2255 0
2256 2
2257 2
2258 2
2259 0
2260 2
2261 2
2262 0
2263 0
2264 2
2265 2
2266 0
2267 0
2268 2
2269 2
2270 2
2271 0
2272 2
2273 3
2274 0
2275 3
2276 2
2277 3
2278 2
2279 2
2280 0
2281 2
2282 3
2283 3
2284 3
2285 0
2286 0
2287 0
2288 0
2289 3
2290 3
2291 0
2292 2
2293 0
2294 0
2295 2
2296 3
2297 0
2298 3
2299 3
2300 3
2301 0
2302 2
2303 0
2304 3
2305 0
2306 3
2307 0
2308 0
2309 3
2310 2
2311 3
2312 0
2313 2
2314 2
2315 0
2316 2
2317 0
2318 3
2319 2
2320 2
2321 2
2322 2
2323 3
2324 0
2325 2
2326 0
2327 2
2328 2
2329 2
2330 0
2331 2
2332 2
2333 3
2334 2
2335 0
2336 2
2337 0
2338 2
2339 0
2340 2
2341 2
2342 2
2343 3
2344 2
2345 2
2346 0
2347 2
2348 0
2349 2
2350 2
2351 2
2352 0
2353 3
2354 2
2355 2
2356 2
2357 2
2358 0
2359 2
2360 2
2361 2
2362 2
2363 2
2364 2
2365 2
2366 2
2367 0
2368 0
2369 0
2370 0
2371 0
2372 2
2373 2
2374 2
2375 2
2376 2
2377 2
2378 2
2379 2
2380 2
2381 2
2382 2
2383 2
2384 2
2385 2
2386 2
2387 2
2388 2
2389 2
2390 2
2391 2
2392 2
2393 2
2394 2
2395 2
2396 2
2397 2
2398 2
2399 2
2400 2
2401 2
2402 0
2403 3
2404 2
2405 3
2406 2
2407 2
2408 0
2409 2
2410 2
2411 3
2412 2
2413 2
2414 2
2415 2
2416 2
2417 2
2418 0
2419 2
2420 2
2421 2
2422 2
2423 2
2424 0
2425 3
2426 3
2427 0
2428 0
2429 3
2430 0
2431 0
2432 0
2433 3
2434 2
2435 2
2436 2
2437 2
2438 2
2439 0
2440 3
2441 0
2442 0
2443 2
2444 0
2445 2
2446 2
2447 2
2448 3
2449 2
2450 2
2451 2
2452 0
2453 3
2454 2
2455 3
2456 2
2457 0
2458 3
2459 0
2460 2
2461 2
2462 2
2463 2
2464 2
2465 2
2466 2
2467 2
2468 2
2469 0
2470 0
2471 0
2472 2
2473 2
2474 3
2475 0
2476 2
2477 0
2478 2
2479 0
2480 2
2481 0
2482 2
2483 3
2484 2
2485 2
2486 2
2487 3
2488 2
2489 2
2490 2
2491 2
2492 2
2493 0
2494 3
2495 3
2496 2
2497 2
2498 2
2499 2
2500 2
2501 2
2502 2
2503 2
2504 0
2505 3
2506 2
2507 2
2508 2
2509 2
2510 0
2511 3
2512 2
2513 2
2514 0
2515 2
2516 2
2517 2
2518 2
2519 2
2520 2
2521 2
2522 2
2523 2
2524 2
2525 2
2526 2
2527 2
2528 0
2529 2
2530 3
2531 2
2532 0
2533 3
2534 3
2535 2
2536 2
2537 2
2538 2
2539 2
2540 2
2541 2
2542 2
2543 3
2544 2
2545 2
2546 2
2547 2
2548 2
2549 2
2550 2
2551 2
2552 2
2553 2
2554 2
2555 0
2556 2
2557 2
2558 2
2559 2
2560 2
2561 2
2562 2
2563 2
2564 2
2565 3
2566 2
2567 0
2568 2
2569 2
2570 2
2571 0
2572 2
2573 2
2574 0
2575 2
2576 2
2577 2
2578 2
2579 2
2580 0
2581 0
2582 2
2583 0
2584 2
2585 3
2586 2
2587 2
2588 2
2589 2
2590 2
2591 0
2592 0
2593 0
2594 2
2595 0
2596 0
2597 0
2598 0
2599 0
2600 2
2601 0
2602 0
2603 2
2604 0
2605 0
2606 3
2607 0
2608 0
2609 0
2610 3
2611 0
2612 0
2613 2
2614 2
2615 3
2616 3
2617 0
2618 3
2619 0
2620 3
2621 0
2622 3
2623 2
2624 0
2625 2
2626 0
2627 0
2628 0
2629 2
2630 3
2631 2
2632 0
2633 2
2634 0
2635 2
2636 0
2637 0
2638 0
2639 0
2640 0
2641 0
2642 0
2643 0
2644 0
2645 0
2646 2
2647 0
2648 0
2649 0
2650 3
2651 0
2652 0
2653 2
2654 0
2655 0
2656 0
2657 0
2658 0
2659 0
2660 0
2661 0
2662 3
2663 2
2664 2
2665 0
2666 3
2667 0
2668 0
2669 2
2670 2
2671 3
2672 2
2673 0
2674 0
2675 0
2676 2
2677 0
2678 0
2679 0
2680 0
2681 0
2682 0
2683 0
2684 0
2685 0
2686 2
2687 0
2688 2
2689 0
2690 0
2691 3
2692 0
2693 3
2694 0
2695 0
2696 0
2697 2
2698 0
2699 2
2700 2
2701 2
2702 3
2703 2
2704 3
2705 2
2706 0
2707 3
2708 2
2709 0
2710 0
2711 3
2712 2
2713 2
2714 2
2715 3
2716 2
2717 2
2718 0
2719 0
2720 0
2721 2
2722 0
2723 2
2724 0
2725 0
2726 3
2727 3
2728 0
2729 2
2730 2
2731 0
2732 3
2733 2
2734 3
2735 2
2736 2
2737 2
2738 2
2739 0
2740 2
2741 0
2742 0
2743 2
2744 2
2745 0
2746 0
2747 2
2748 3
2749 2
2750 2
2751 0
2752 3
2753 0
2754 0
2755 0
2756 0
2757 2
2758 3
2759 2
2760 3
2761 0
2762 0
2763 3
2764 2
2765 3
2766 2
2767 3
2768 0
2769 0
2770 0
2771 3
2772 2
2773 2
2774 2
2775 2
2776 2
2777 0
2778 0
2779 2
2780 2
2781 2
2782 0
2783 0
2784 2
2785 0
2786 0
2787 2
2788 3
2789 3
2790 2
2791 0
2792 0
2793 3
2794 0
2795 3
2796 3
2797 0
2798 3
2799 2
2800 0
2801 2
2802 0
2803 0
2804 0
2805 3
2806 3
2807 0
2808 2
2809 3
2810 2
2811 2
2812 2
2813 2
2814 0
2815 2
2816 0
2817 0
2818 0
2819 0
2820 0
2821 2
2822 2
2823 2
2824 2
2825 2
2826 2
2827 3
2828 0
2829 2
2830 2
2831 0
2832 2
2833 0
2834 0
2835 0
2836 2
2837 2
2838 3
2839 2
2840 0
2841 0
2842 2
2843 3
2844 2
2845 2
2846 2
2847 2
2848 2
2849 3
2850 2
2851 2
2852 0
2853 3
2854 0
2855 0
2856 2
2857 2
2858 2
2859 0
2860 3
2861 3
2862 2
2863 0
2864 0
2865 3
2866 2
2867 3
2868 0
2869 0
2870 0
2871 2
2872 3
2873 0
2874 2
2875 3
2876 0
2877 2
2878 0
2879 0
2880 0
2881 0
2882 3
2883 0
2884 0
2885 2
2886 3
2887 3
2888 3
2889 3
2890 2
2891 2
2892 3
2893 0
2894 0
2895 3
2896 3
2897 2
2898 2
2899 0
2900 2
2901 0
2902 3
2903 0
2904 3
2905 0
2906 3
2907 2
2908 2
2909 0
2910 2
2911 0
2912 0
2913 3
2914 2
2915 2
2916 0
2917 0
2918 0
2919 0
2920 3
2921 0
2922 2
2923 2
2924 3
2925 0
2926 0
2927 3
2928 3
2929 0
2930 0
2931 0
2932 2
2933 2
2934 2
2935 0
2936 0
2937 2
2938 2
2939 2
2940 2
2941 3
2942 0
2943 2
2944 0
2945 2
2946 0
2947 2
2948 2
2949 2
2950 2
2951 2
2952 2
2953 3
2954 0
2955 3
2956 0
2957 0
2958 0
2959 0
2960 0
2961 0
2962 2
2963 0
2964 3
2965 0
2966 3
2967 0
2968 2
2969 3
2970 0
2971 3
2972 3
2973 2
2974 0
2975 3
2976 2
2977 0
2978 0
2979 3
2980 0
2981 2
2982 3
2983 2
2984 0
2985 3
2986 0
2987 0
2988 2
2989 3
2990 0
2991 0
2992 3
2993 3
2994 0
2995 3
2996 2
2997 3
2998 3
2999 0
3000 3
3001 2
3002 0
3003 2
3004 2
3005 0
3006 3
3007 0
3008 0
3009 0
3010 2
3011 2
3012 0
3013 2
3014 3
3015 2
3016 2
3017 0
3018 0
3019 0
3020 0
3021 3
3022 2
3023 0
3024 0
3025 2
3026 2
3027 0
3028 2
3029 2
3030 2
3031 2
3032 0
3033 3
3034 3
3035 2
3036 3
3037 3
3038 0
3039 3
3040 0
3041 0
3042 0
3043 3
3044 2
3045 0
3046 3
3047 2
3048 0
3049 0
3050 0
3051 3
3052 3
3053 3
3054 2
3055 0
3056 0
3057 3
3058 3
3059 3
3060 0
3061 2
3062 2
3063 2
3064 0
3065 3
3066 0
3067 0
3068 2
3069 2
3070 0
3071 0
3072 2
3073 0
3074 0
3075 2
3076 0
3077 0
3078 2
3079 0
3080 0
3081 0
3082 2
3083 2
3084 0
3085 0
3086 0
3087 2
3088 2
3089 2
3090 0
3091 0
3092 0
3093 2
3094 2
3095 2
3096 0
3097 2
3098 2
3099 3
3100 0
3101 0
3102 0
3103 2
3104 0
3105 0
3106 2
3107 4
3108 2
3109 2
3110 2
3111 2
3112 2
3113 2
3114 3
3115 0
3116 0
3117 2
3118 2
3119 2
3120 0
3121 3
3122 2
3123 2
3124 3
3125 0
3126 2
3127 2
3128 0
3129 0
3130 2
3131 3
3132 3
3133 0
3134 2
3135 3
3136 2
3137 0
3138 0
3139 2
3140 0
3141 0
3142 3
3143 2
3144 2
3145 0
3146 3
3147 0
3148 0
3149 0
3150 2
3151 0
3152 0
3153 3
3154 3
3155 0
3156 2
3157 2
3158 2
3159 2
3160 2
3161 2
3162 0
3163 2
3164 2
3165 2
3166 3
3167 3
3168 2
3169 0
3170 0
3171 2
3172 0
3173 3
3174 3
3175 2
3176 2
3177 2
3178 2
3179 2
3180 3
3181 3
3182 0
3183 0
3184 2
3185 2
3186 2
3187 2
3188 2
3189 3
3190 2
3191 0
3192 3
3193 0
3194 0
3195 2
3196 2
3197 2
3198 2
3199 2
3200 2
3201 0
3202 2
3203 2
3204 0
3205 2
3206 3
3207 0
3208 3
3209 2
3210 2
3211 2
3212 2
3213 2
3214 3
3215 2
3216 3
3217 0
3218 2
3219 0
3220 0
3221 2
3222 0
3223 0
3224 0
3225 2
3226 2
3227 2
3228 2
3229 2
3230 2
3231 2
3232 2
3233 0
3234 2
3235 3
3236 2
3237 2
3238 2
3239 2
3240 2
3241 2
3242 2
3243 2
3244 2
3245 2
3246 0
3247 2
3248 2
3249 0
3250 2
3251 0
3252 0
3253 2
3254 3
3255 2
3256 2
3257 2
3258 3
3259 0
3260 2
3261 0
3262 0
3263 2
3264 2
3265 2
3266 0
3267 0
3268 2
3269 0
3270 0
3271 2
3272 0
3273 0
3274 0
3275 0
3276 0
3277 0
3278 2
3279 0
3280 0
3281 2
3282 2
3283 2
3284 3
3285 2
3286 2
3287 0
3288 2
3289 2
3290 0
3291 0
3292 0
3293 0
3294 0
3295 0
3296 2
3297 2
3298 0
3299 0
3300 0
3301 2
3302 2
3303 0
3304 2
3305 0
3306 0
3307 2
3308 2
3309 0
3310 2
3311 0
3312 2
3313 2
3314 2
3315 0
3316 3
3317 2
3318 0
3319 0
3320 0
3321 0
3322 2
3323 3
3324 2
3325 2
3326 2
3327 2
3328 0
3329 0
3330 0
3331 0
3332 0
3333 2
3334 0
3335 2
3336 0
3337 3
3338 0
3339 2
3340 3
3341 2
3342 2
3343 2
3344 2
3345 2
3346 0
3347 2
3348 3
3349 3
3350 0
3351 2
3352 0
3353 3
3354 2
3355 3
3356 3
3357 2
3358 2
3359 3
3360 2
3361 3
3362 0
3363 3
3364 2
3365 2
3366 0
3367 0
3368 2
3369 0
3370 2
3371 2
3372 0
3373 2
3374 2
3375 2
3376 0
3377 0
3378 0
3379 3
3380 2
3381 2
3382 3
3383 0
3384 2
3385 0
3386 2
3387 2
3388 2
3389 2
3390 3
3391 0
3392 2
3393 2
3394 2
3395 0
3396 2
3397 3
3398 2
3399 0
3400 3
3401 3
3402 2
3403 3
3404 0
3405 0
3406 2
3407 2
3408 0
3409 0
3410 2
3411 0
3412 2
3413 0
3414 2
3415 2
3416 0
3417 2
3418 0
3419 2
3420 3
3421 0
3422 3
3423 2
3424 3
3425 2
3426 2
3427 3
3428 0
3429 0
3430 0
3431 0
3432 0
3433 0
3434 2
3435 2
3436 0
3437 0
3438 3
3439 0
3440 0
3441 2
3442 0
3443 0
3444 2
3445 0
3446 0
3447 2
3448 0
3449 2
3450 2
3451 3
3452 0
3453 2
3454 3
3455 2
3456 0
3457 0
3458 0
3459 2
3460 0
3461 2
3462 0
3463 0
3464 2
3465 0
3466 2
3467 2
3468 2
3469 3
3470 2
3471 3
3472 0
3473 0
3474 2
3475 2
3476 2
3477 2
3478 2
3479 0
3480 2
3481 2
3482 2
3483 0
3484 0
3485 2
3486 2
3487 0
3488 2
3489 0
3490 0
3491 0
3492 2
3493 2
3494 0
3495 0
3496 3
3497 2
3498 0
3499 0
3500 0
3501 2
3502 2
3503 2
3504 2
3505 2
3506 0
3507 2
3508 0
3509 2
3510 2
3511 2
3512 2
3513 2
3514 3
3515 2
3516 3
3517 0
3518 2
3519 2
3520 3
3521 2
3522 3
3523 0
3524 2
3525 2
3526 0
3527 0
3528 0
3529 0
3530 2
3531 2
3532 3
3533 3
3534 3
3535 0
3536 2
3537 0
3538 3
3539 2
3540 0
3541 2
3542 0
3543 2
3544 0
3545 0
3546 2
3547 0
3548 0
3549 3
3550 0
3551 0
3552 0
3553 0
3554 2
3555 2
3556 2
3557 0
3558 2
3559 2
3560 3
3561 0
3562 0
3563 2
3564 3
3565 2
3566 0
3567 0
3568 2
3569 0
3570 2
3571 3
3572 0
3573 3
3574 0
3575 0
3576 3
3577 0
3578 0
3579 0
3580 0
3581 0
3582 0
3583 2
3584 0
3585 3
3586 3
3587 0
3588 2
3589 0
3590 3
3591 2
3592 2
3593 0
3594 2
3595 2
3596 2
3597 0
3598 2
3599 3
3600 2
3601 3
3602 2
3603 0
3604 2
3605 2
3606 0
3607 2
3608 0
3609 2
3610 2
3611 0
3612 0
3613 0
3614 2
3615 3
3616 3
3617 0
3618 2
3619 0
3620 2
3621 3
3622 2
3623 2
3624 2
3625 3
3626 2
3627 2
3628 0
3629 0
3630 2
3631 2
3632 3
3633 0
3634 0
3635 3
3636 3
3637 0
3638 0
3639 0
3640 3
3641 0
3642 2
3643 0
3644 3
3645 2
3646 0
3647 3
3648 2
3649 3
3650 2
3651 0
3652 2
3653 0
3654 0
3655 2
3656 0
3657 3
3658 2
3659 0
3660 0
3661 2
3662 3
3663 2
3664 2
3665 0
3666 0
3667 2
3668 3
3669 2
3670 2
3671 2
3672 2
3673 0
3674 0
3675 2
3676 0
3677 0
3678 0
3679 0
3680 3
3681 2
3682 2
3683 3
3684 2
3685 3
3686 2
3687 0
3688 0
3689 0
3690 0
3691 3
3692 0
3693 0
3694 0
3695 0
3696 2
3697 0
3698 0
3699 0
3700 0
3701 2
3702 3
3703 3
3704 2
3705 2
3706 2
3707 2
3708 0
3709 0
3710 2
3711 3
3712 2
3713 2
3714 0
3715 3
3716 3
3717 2
3718 0
3719 0
3720 2
3721 3
3722 2
3723 3
3724 2
3725 2
3726 0
3727 2
3728 2
3729 3
3730 3
3731 2
3732 0
3733 2
3734 2
3735 0
3736 0
3737 2
3738 2
3739 2
3740 0
3741 0
3742 2
3743 2
3744 3
3745 3
3746 3
3747 0
3748 0
3749 2
3750 2
3751 2
3752 2
3753 0
3754 3
3755 0
3756 3
3757 2
3758 0
3759 3
3760 2
3761 3
3762 0
3763 0
3764 0
3765 0
3766 0
3767 0
3768 2
3769 0
3770 3
3771 0
3772 0
3773 0
3774 3
3775 2
3776 0
3777 0
3778 2
3779 3
3780 0
3781 0
3782 0
3783 2
3784 2
3785 0
3786 2
3787 2
3788 0
3789 0
3790 0
3791 2
3792 0
3793 2
3794 2
3795 3
3796 0
3797 3
3798 0
3799 2
3800 2
3801 3
3802 0
3803 3
3804 0
3805 2
3806 3
3807 3
3808 3
3809 3
3810 2
3811 0
3812 2
3813 2
3814 0
3815 0
3816 2
3817 0
3818 0
3819 0
3820 2
3821 2
3822 0
3823 2
3824 0
3825 2
3826 2
3827 0
3828 0
3829 2
3830 0
3831 2
3832 2
3833 2
3834 0
3835 3
3836 0
3837 2
3838 2
3839 0
3840 2
3841 3
3842 0
3843 2
3844 3
3845 2
3846 3
3847 2
3848 2
3849 2
3850 3
3851 0
3852 0
3853 0
3854 2
3855 2
3856 0
3857 3
3858 3
3859 0
3860 0
3861 2
3862 0
3863 2
3864 3
3865 0
3866 0
3867 2
3868 0
3869 3
3870 3
3871 2
3872 0
3873 0
3874 0
3875 2
3876 2
3877 2
3878 2
3879 3
3880 0
3881 0
3882 2
3883 2
3884 0
3885 3
3886 2
3887 3
3888 0
3889 2
3890 3
3891 2
3892 0
3893 0
3894 0
3895 2
3896 2
3897 2
3898 2
3899 3
3900 0
3901 0
3902 2
3903 2
3904 0
3905 2
3906 2
3907 2
3908 3
3909 0
3910 2
3911 0
3912 2
3913 0
3914 0
3915 3
3916 2
3917 2
3918 0
3919 0
3920 2
3921 0
3922 0
3923 2
3924 2
3925 0
3926 2
3927 0
3928 3
3929 2
3930 0
3931 2
3932 2
3933 2
3934 0
3935 3
3936 3
3937 2
3938 3
3939 3
3940 2
3941 2
3942 2
3943 2
3944 2
3945 0
3946 0
3947 2
3948 2
3949 0
3950 2
3951 2
3952 2
3953 2
3954 0
3955 2
3956 3
3957 0
3958 3
3959 2
3960 3
3961 0
3962 0
3963 2
3964 0
3965 2
3966 0
3967 2
3968 2
3969 2
3970 0
3971 0
3972 0
3973 0
3974 3
3975 2
3976 2
3977 2
3978 2
3979 2
3980 0
3981 0
3982 0
3983 2
3984 3
3985 3
3986 3
3987 0
3988 2
3989 3
3990 2
3991 0
3992 0
3993 2
3994 0
3995 2
3996 2
3997 2
3998 2
3999 0
4000 0
4001 2
4002 2
4003 2
4004 3
4005 2
4006 2
4007 2
4008 2
4009 2
4010 0
4011 0
4012 2
4013 2
4014 2
4015 0
4016 0
4017 2
4018 2
4019 3
4020 3
4021 0
4022 2
4023 3
4024 2
4025 0
4026 0
4027 2
4028 2
4029 3
4030 3
4031 2
4032 0
4033 2
4034 2
4035 2
4036 2
4037 2
4038 0
4039 0
4040 3
4041 0
4042 0
4043 2
4044 0
4045 0
4046 0
4047 0
4048 2
4049 0
4050 0
4051 3
4052 2
4053 2
4054 2
4055 3
4056 0
4057 2
4058 0
4059 3
4060 2
4061 0
4062 2
4063 2
4064 0
4065 0
4066 2
4067 0
4068 2
4069 0
4070 0
4071 0
4072 3
4073 2
4074 0
4075 0
4076 3
4077 2
4078 2
4079 0
4080 0
4081 0
4082 0
4083 2
4084 2
4085 0
4086 2
4087 11
4088 2
4089 2
4090 2
4091 2
4092 2
4093 3
4094 3
4095 2
4096 2
4097 2
4098 2
4099 2
4100 0
4101 0
4102 0
4103 2
4104 0
4105 0
4106 0
4107 3
4108 0
4109 0
4110 0
4111 3
4112 2
4113 2
4114 2
4115 3
4116 0
4117 3
4118 0
4119 2
4120 2
4121 2
4122 2
4123 2
4124 2
4125 0
4126 2
4127 3
4128 0
4129 2
4130 2
4131 2
4132 2
4133 2
4134 2
4135 0
4136 2
4137 3
4138 0
4139 0
4140 0
4141 0
4142 0
4143 3
4144 0
4145 0
4146 3
4147 3
4148 2
4149 3
4150 0
4151 2
4152 0
4153 3
4154 0
4155 2
4156 2
4157 0
4158 0
4159 0
4160 0
4161 0
4162 3
4163 2
4164 0
4165 0
4166 0
4167 0
4168 0
4169 2
4170 2
4171 2
4172 2
4173 2
4174 0
4175 0
4176 0
4177 2
4178 2
4179 2
4180 2
4181 3
4182 2
4183 0
4184 2
4185 2
4186 0
4187 0
4188 0
4189 2
4190 2
4191 3
4192 3
4193 2
4194 0
4195 3
4196 2
4197 2
4198 0
4199 2
4200 2
4201 0
4202 2
4203 2
4204 2
4205 2
4206 0
4207 2
4208 0
4209 2
4210 2
4211 2
4212 2
4213 0
4214 2
4215 2
4216 0
4217 0
4218 3
4219 2
4220 2
4221 0
4222 3
4223 2
4224 0
4225 3
4226 2
4227 0
4228 0
4229 0
4230 0
4231 2
4232 0
4233 2
4234 2
4235 2
4236 0
4237 2
4238 0
4239 0
4240 0
4241 2
4242 0
4243 0
4244 0
4245 0
4246 3
4247 0
4248 0
4249 0
4250 0
4251 0
4252 3
4253 0
4254 0
4255 0
4256 0
4257 3
4258 3
4259 2
4260 2
4261 0
4262 3
4263 0
4264 3
4265 0
4266 0
4267 0
4268 0
4269 0
4270 0
4271 3
4272 2
4273 0
4274 0
4275 0
4276 0
4277 0
4278 0
4279 0
4280 0
4281 0
4282 0
4283 0
4284 0
4285 2
4286 0
4287 0
4288 0
4289 0
4290 0
4291 0
4292 3
4293 0
4294 3
4295 2
4296 3
4297 0
4298 0
4299 2
4300 0
4301 0
4302 2
4303 0
4304 2
4305 0
4306 0
4307 0
4308 0
4309 0
4310 0
4311 2
4312 0
4313 2
4314 0
4315 3
4316 3
4317 0
4318 0
4319 0
4320 0
4321 0
4322 0
4323 0
4324 0
4325 0
4326 3
4327 3
4328 0
4329 3
4330 2
4331 2
4332 0
4333 3
4334 0
4335 0
4336 0
4337 2
4338 0
4339 3
4340 3
4341 2
4342 3
4343 0
4344 0
4345 2
4346 0
4347 0
4348 0
4349 3
4350 2
4351 0
4352 3
4353 3
4354 0
4355 0
4356 0
4357 0
4358 3
4359 0
4360 3
4361 0
4362 0
4363 0
4364 2
4365 2
4366 0
4367 2
4368 0
4369 0
4370 0
4371 0
4372 0
4373 3
4374 0
4375 3
4376 0
4377 2
4378 3
4379 3
4380 0
4381 3
4382 2
4383 2
4384 2
4385 2
4386 2
4387 2
4388 2
4389 2
4390 2
4391 2
4392 3
4393 3
4394 2
4395 0
4396 0
4397 3
4398 2
4399 3
4400 0
4401 0
4402 2
4403 2
4404 2
4405 2
4406 2
4407 2
4408 0
4409 2
4410 2
4411 2
4412 0
4413 2
4414 2
4415 2
4416 2
4417 0
4418 2
4419 0
4420 2
4421 2
4422 0
4423 3
4424 0
4425 2
4426 2
4427 0
4428 0
4429 0
4430 2
4431 2
4432 2
4433 0
4434 2
4435 0
4436 2
4437 2
4438 2
4439 2
4440 2
4441 0
4442 0
4443 2
4444 2
4445 0
4446 2
4447 0
4448 2
4449 2
4450 2
4451 2
4452 2
4453 0
4454 0
4455 0
4456 0
4457 2
4458 0
4459 2
4460 2
4461 3
4462 0
4463 2
4464 2
4465 2
4466 2
4467 2
4468 2
4469 0
4470 0
4471 0
4472 2
4473 2
4474 2
4475 0
4476 2
4477 2
4478 0
4479 0
4480 2
4481 0
4482 2
4483 2
4484 2
4485 2
4486 2
4487 2
4488 2
4489 3
4490 0
4491 3
4492 2
4493 2
4494 2
4495 0
4496 3
4497 2
4498 0
4499 2
4500 2
4501 2
4502 2
4503 2
4504 2
4505 0
4506 0
4507 2
4508 2
4509 3
4510 2
4511 0
4512 2
4513 2
4514 0
4515 0
4516 2
4517 2
4518 0
4519 2
4520 2
4521 2
4522 2
4523 2
4524 2
4525 2
4526 2
4527 0
4528 2
4529 2
4530 2
4531 3
4532 0
4533 2
4534 0
4535 2
4536 0
4537 0
4538 0
4539 2
4540 2
4541 2
4542 0
4543 2
4544 2
4545 2
4546 0
4547 0
4548 2
4549 2
4550 2
4551 2
4552 2
4553 0
4554 2
4555 0
4556 3
4557 0
4558 2
4559 2
4560 2
4561 2
4562 2
4563 2
4564 2
4565 2
4566 2
4567 2
4568 0
4569 3
4570 2
4571 0
4572 2
4573 2
4574 2
4575 0
4576 2
4577 2
4578 2
4579 2
4580 2
4581 2
4582 2
4583 2
4584 2
4585 2
4586 2
4587 2
4588 2
4589 2
4590 2
4591 2
4592 2
4593 2
4594 2
4595 2
4596 2
4597 2
4598 0
4599 2
4600 0
4601 0
4602 2
4603 2
4604 2
4605 2
4606 2
4607 0
4608 2
4609 2
4610 2
4611 0
4612 0
4613 2
4614 3
4615 2
4616 0
4617 2
4618 2
4619 2
4620 0
4621 2
4622 2
4623 0
4624 2
4625 0
4626 2
4627 0
4628 0
4629 2
4630 2
4631 2
4632 2
4633 3
4634 3
4635 3
4636 3
4637 2
4638 2
4639 2
4640 2
4641 2
4642 2
4643 0
4644 2
4645 2
4646 2
4647 2
4648 2
4649 2
4650 2
4651 2
4652 2
4653 2
4654 2
4655 0
4656 3
4657 0
4658 0
4659 0
4660 2
4661 3
4662 0
4663 0
4664 0
4665 2
4666 0
4667 3
4668 3
4669 2
4670 2
4671 2
4672 2
4673 3
4674 2
4675 2
4676 2
4677 2
4678 2
4679 2
4680 2
4681 3
4682 2
4683 2
4684 3
4685 2
4686 0
4687 0
4688 0
4689 0
4690 0
4691 0
4692 0
4693 4
4694 0
4695 0
4696 2
4697 2
4698 0
4699 0
4700 0
4701 0
4702 0
4703 2
4704 0
4705 1
4706 0
4707 0
4708 0
4709 0
4710 1
4711 2
4712 2
4713 2
4714 2
4715 0
4716 0
4717 0
4718 0
4719 2
4720 2
4721 0
4722 3
4723 3
4724 3
4725 3
4726 3
4727 3
4728 3
4729 2
4730 3
4731 3
4732 3
4733 3
4734 3
4735 2
4736 3
4737 3
4738 2
4739 3
4740 2
4741 3
4742 3
4743 2
4744 3
4745 3
4746 3
4747 2
4748 3
4749 2
4750 0
4751 2
4752 0
4753 2
4754 0
4755 2
4756 2
4757 2
4758 2
4759 0
4760 0
4761 2
4762 3
4763 2
4764 3
4765 3
4766 2
4767 2
4768 3
4769 2
4770 2
4771 0
4772 0
4773 0
4774 0
4775 3
4776 3
4777 2
4778 0
4779 0
4780 0
4781 2
4782 0
4783 0
4784 2
4785 0
4786 0
4787 2
4788 0
4789 2
4790 2
4791 2
4792 2
4793 0
4794 2
4795 0
4796 2
4797 0
4798 0
4799 0
4800 0
4801 3
4802 0
4803 2
4804 0
4805 2
4806 2
4807 0
4808 0
4809 0
4810 3
4811 0
4812 2
4813 0
4814 0
4815 0
4816 0
4817 0
4818 0
4819 2
4820 0
4821 2
4822 2
4823 0
4824 0
4825 0
4826 0
4827 3
4828 2
4829 0
4830 0
4831 2
4832 3
4833 2
4834 2
4835 2
4836 0
4837 2
4838 2
4839 2
4840 3
4841 0
4842 0
4843 2
4844 0
4845 0
4846 0
4847 2
4848 0
4849 0
4850 3
4851 0
4852 2
4853 0
4854 0
4855 0
4856 0
4857 0
4858 3
4859 0
4860 0
4861 0
4862 2
4863 0
4864 2
4865 2
4866 2
4867 0
4868 3
4869 0
4870 0
4871 2
4872 2
4873 2
4874 2
4875 0
4876 0
4877 0
4878 0
4879 2
4880 2
4881 3
4882 0
4883 0
4884 0
4885 2
4886 0
4887 0
4888 2
4889 2
4890 0
4891 0
4892 2
4893 2
4894 0
4895 2
4896 4
4897 2
4898 0
4899 2
4900 2
4901 3
4902 2
4903 0
4904 0
4905 0
4906 0
4907 2
4908 2
4909 2
4910 2
4911 2
4912 2
4913 2
4914 2
4915 3
4916 0
4917 0
4918 0
4919 2
4920 0
4921 0
4922 2
4923 2
4924 0
4925 0
4926 3
4927 0
4928 0
4929 2
4930 0
4931 0
4932 0
4933 0
4934 0
4935 0
4936 3
4937 3
4938 0
4939 2
4940 0
4941 0
4942 2
4943 0
4944 0
4945 0
4946 0
4947 0
4948 0
4949 0
4950 0
4951 0
4952 3
4953 0
4954 0
4955 2
4956 0
4957 0
4958 0
4959 0
4960 0
4961 0
4962 0
4963 2
4964 0
4965 0
4966 0
4967 0
4968 0
4969 0
4970 2
4971 3
4972 2
4973 0
4974 0
4975 0
4976 0
4977 0
4978 0
4979 0
4980 0
4981 0
4982 2
4983 0
4984 0
4985 3
4986 2
4987 0
4988 0
4989 0
4990 2
4991 2
4992 3
4993 2
4994 2
4995 2
4996 0
4997 0
4998 0
4999 0
5000 3
5001 2
5002 2
5003 0
5004 0
5005 0
5006 3
5007 0
5008 2
5009 2
5010 2
5011 2
5012 2
5013 2
5014 2
5015 3
5016 2
5017 0
5018 2
5019 2
5020 2
5021 2
5022 2
5023 2
5024 3
5025 0
5026 3
5027 2
5028 2
5029 2
5030 2
5031 2
5032 2
5033 0
5034 2
5035 0
5036 2
5037 2
5038 0
5039 2
5040 2
5041 2
5042 2
5043 2
5044 2
5045 2
5046 2
5047 2
5048 2
5049 2
5050 3
5051 2
5052 0
5053 2
5054 2
5055 2
5056 2
5057 0
5058 0
5059 2
5060 0
5061 3
5062 0
5063 2
5064 2
5065 2
5066 2
5067 2
5068 2
5069 0
5070 2
5071 2
5072 0
5073 2
5074 0
5075 0
5076 0
5077 2
5078 2
5079 2
5080 2
5081 2
5082 0
5083 0
5084 0
5085 2
5086 2
5087 2
5088 2
5089 0
5090 0
5091 0
5092 2
5093 3
5094 2
5095 0
5096 2
5097 2
5098 2
5099 0
5100 2
5101 2
5102 2
5103 2
5104 2
5105 0
5106 0
5107 2
5108 3
5109 0
5110 2
5111 0
5112 2
5113 0
5114 2
5115 2
5116 0
5117 3
5118 2
5119 2
5120 2
5121 2
5122 2
5123 2
5124 2
5125 3
5126 0
5127 0
5128 2
5129 0
5130 2
5131 2
5132 2
5133 2
5134 2
5135 0
5136 2
5137 2
5138 2
5139 2
5140 2
5141 2
5142 2
5143 2
5144 0
5145 2
5146 2
5147 2
5148 2
5149 2
5150 2
5151 3
5152 2
5153 2
5154 2
5155 0
5156 2
5157 2
5158 0
5159 0
5160 2
5161 2
5162 2
5163 2
5164 0
5165 2
5166 0
5167 2
5168 0
5169 2
5170 0
5171 2
5172 0
5173 2
5174 2
5175 2
5176 2
5177 2
5178 2
5179 2
5180 2
5181 2
5182 2
5183 2
5184 2
5185 2
5186 2
5187 2
5188 2
5189 2
5190 2
5191 2
5192 0
5193 2
5194 2
5195 3
5196 0
5197 2
5198 0
5199 2
5200 2
5201 2
5202 2
5203 2
5204 0
5205 2
5206 2
5207 2
5208 0
5209 2
5210 2
5211 2
5212 0
5213 3
5214 2
5215 2
5216 0
5217 2
5218 0
5219 2
5220 0
5221 2
5222 2
5223 2
5224 2
5225 0
5226 2
5227 0
5228 2
5229 2
5230 2
5231 2
5232 2
5233 2
5234 2
5235 2
5236 2
5237 2
5238 2
5239 2
5240 0
5241 2
5242 2
5243 0
5244 2
5245 2
5246 2
5247 2
5248 2
5249 0
5250 2
5251 0
5252 0
5253 0
5254 0
5255 0
5256 2
5257 2
5258 2
5259 0
5260 2
5261 2
5262 2
5263 2
5264 0
5265 2
5266 2
5267 0
5268 2
5269 2
5270 2
5271 2
5272 3
5273 0
5274 2
5275 2
5276 2
5277 2
5278 2
5279 2
5280 0
5281 2
5282 2
5283 2
5284 2
5285 2
5286 3
5287 3
5288 0
5289 2
5290 2
5291 0
5292 3
5293 12
5294 0
5295 2
5296 2
5297 2
5298 2
5299 0
5300 0
5301 0
5302 0
5303 0
5304 0
5305 0
5306 0
5307 2
5308 0
5309 0
5310 0
5311 0
5312 2
5313 3
5314 2
5315 2
5316 0
5317 0
5318 0
5319 2
5320 2
5321 2
5322 2
5323 2
5324 0
5325 2
5326 2
5327 2
5328 2
5329 0
5330 2
5331 0
5332 2
5333 0
5334 2
5335 2
5336 0
5337 0
5338 0
5339 2
5340 2
5341 2
5342 2
5343 2
5344 2
5345 0
5346 0
5347 2
5348 0
5349 2
5350 2
5351 0
5352 2
5353 3
5354 2
5355 2
5356 3
5357 3
5358 0
5359 0
5360 2
5361 0
5362 2
5363 1
5364 1
5365 2
5366 2
5367 0
5368 2
5369 0
5370 2
5371 2
5372 0
5373 3
5374 0
5375 3
5376 2
5377 1
5378 1
5379 2
5380 2
5381 0
5382 1
5383 2
5384 2
5385 1
5386 1
5387 0
5388 2
5389 2
5390 2
5391 1
5392 2
5393 1
5394 2
5395 0
5396 2
5397 0
5398 0
5399 0
5400 2
5401 0
5402 0
5403 3
5404 3
5405 0
5406 0
5407 0
5408 2
5409 2
5410 0
5411 2
5412 0
5413 0
5414 0
5415 2
5416 2
5417 2
5418 0
5419 3
5420 0
5421 0
5422 0
5423 0
5424 0
5425 0
5426 2
5427 0
5428 0
5429 3
5430 0
5431 0
5432 4
5433 2
5434 2
5435 2
5436 0
5437 2
5438 2
5439 0
5440 0
5441 0
5442 3
5443 0
5444 3
5445 0
5446 0
5447 0
5448 0
5449 0
5450 3
5451 2
5452 0
5453 0
5454 0
5455 0
5456 2
5457 0
5458 0
5459 0
5460 0
5461 0
5462 0
5463 0
5464 0
5465 0
5466 0
5467 0
5468 0
5469 0
5470 0
5471 2
5472 0
5473 3
5474 1
5475 0
5476 2
5477 0
5478 0
5479 2
5480 2
5481 0
5482 0
5483 2
5484 2
5485 2
5486 0
5487 0
5488 2
5489 2
5490 2
5491 2
5492 0
5493 2
5494 0
5495 2
5496 0
5497 2
5498 2
5499 2
5500 2
5501 2
5502 2
5503 2
5504 0
5505 2
5506 2
5507 2
5508 2
5509 2
5510 0
5511 2
5512 0
5513 2
5514 2
5515 2
5516 2
5517 2
5518 2
5519 2
5520 2
5521 2
5522 0
5523 2
5524 2
5525 2
5526 2
5527 2
5528 2
5529 2
5530 3
5531 2
5532 0
5533 2
5534 0
5535 2
5536 2
5537 2
5538 0
5539 0
5540 2
5541 2
5542 3
5543 3
5544 2
5545 0
5546 2
5547 2
5548 0
5549 3
5550 2
5551 2
5552 0
5553 2
5554 2
5555 2
5556 0
5557 2
5558 2
5559 0
5560 0
5561 0
5562 2
5563 2
5564 2
5565 0
5566 0
5567 2
5568 2
5569 0
5570 3
5571 2
5572 2
5573 2
5574 2
5575 2
5576 2
5577 3
5578 0
5579 2
5580 3
5581 0
5582 2
5583 2
5584 2
5585 2
5586 2
5587 2
5588 3
5589 2
5590 2
5591 2
5592 2
5593 2
5594 2
5595 2
5596 2
5597 2
5598 0
5599 0
5600 2
5601 2
5602 0
5603 2
5604 2
5605 2
5606 0
5607 2
5608 2
5609 3
5610 2
5611 2
5612 2
5613 0
5614 0
5615 2
5616 2
5617 2
5618 2
5619 2
5620 3
5621 2
5622 2
5623 2
5624 2
5625 2
5626 2
5627 0
5628 2
5629 0
5630 0
5631 0
5632 2
5633 2
5634 2
5635 2
5636 2
5637 0
5638 2
5639 2
5640 2
5641 2
5642 0
5643 2
5644 2
5645 2
5646 0
5647 2
5648 2
5649 2
5650 2
5651 2
5652 0
5653 4
5654 0
5655 0
5656 0
5657 0
5658 2
5659 2
5660 0
5661 0
5662 2
5663 0
5664 0
5665 0
5666 3
5667 0
5668 0
5669 0
5670 4
5671 4
5672 4
5673 4
5674 2
5675 2
5676 2
5677 2
5678 0
5679 2
5680 0
5681 0
5682 0
5683 2
5684 2
5685 2
5686 2
5687 2
5688 2
5689 0
5690 2
5691 2
5692 0
5693 2
5694 2
5695 2
5696 0
5697 0
5698 2
5699 2
5700 2
5701 2
5702 0
5703 0
5704 2
5705 2
5706 2
5707 2
5708 0
5709 2
5710 2
5711 2
5712 2
5713 2
5714 2
5715 2
5716 0
5717 0
5718 0
5719 3
5720 0
5721 0
5722 0
5723 0
5724 0
5725 0
5726 2
5727 0
5728 0
5729 2
5730 2
5731 2
5732 2
5733 2
5734 0
5735 2
5736 0
5737 0
5738 0
5739 3
5740 0
5741 2
5742 0
5743 2
5744 0
5745 2
5746 0
5747 0
5748 2
5749 0
5750 2
5751 0
5752 2
5753 0
5754 2
5755 0
5756 2
5757 0
5758 0
5759 0
5760 2
5761 2
5762 3
5763 3
5764 0
5765 2
5766 2
5767 2
5768 3
5769 2
5770 0
5771 0
5772 2
5773 2
5774 2
5775 0
5776 0
5777 2
5778 2
5779 0
5780 3
5781 2
5782 2
5783 0
5784 2
5785 2
5786 3
5787 3
5788 0
5789 2
5790 2
5791 2
5792 2
5793 2
5794 2
5795 0
5796 2
5797 2
5798 0
5799 0
5800 2
5801 3
5802 3
5803 0
5804 2
5805 2
5806 2
5807 0
5808 0
5809 0
5810 2
5811 2
5812 0
5813 0
5814 0
5815 0
5816 2
5817 0
5818 0
5819 2
5820 0
5821 2
5822 0
5823 0
5824 3
5825 8
5826 0
5827 2
5828 2
5829 2
5830 2
5831 0
5832 2
5833 0
5834 0
5835 2
5836 2
5837 0
5838 2
5839 2
5840 2
5841 2
5842 0
5843 0
5844 0
5845 2
5846 0
5847 0
5848 0
5849 0
5850 2
5851 2
5852 0
5853 0
5854 2
5855 2
5856 0
5857 2
5858 0
5859 2
5860 0
5861 0
5862 0
5863 2
5864 2
5865 2
5866 0
5867 2
5868 0
5869 2
5870 2
5871 0
5872 3
5873 2
5874 2
5875 0
5876 0
5877 2
5878 2
5879 0
5880 2
5881 0
5882 0
5883 0
5884 2
5885 2
5886 2
5887 0
5888 2
5889 2
5890 8
5891 2
5892 2
5893 2
5894 0
5895 0
5896 2
5897 2
5898 0
5899 2
5900 2
5901 0
5902 2
5903 0
5904 0
5905 0
5906 0
5907 0
5908 2
5909 2
5910 2
5911 2
5912 2
5913 2
5914 2
5915 2
5916 3
5917 2
5918 2
5919 0
5920 0
5921 3
5922 2
5923 2
5924 0
5925 0
5926 2
5927 2
5928 2
5929 2
5930 2
5931 0
5932 0
5933 0
5934 2
5935 0
5936 0
5937 0
5938 0
5939 0
5940 0
5941 3
5942 0
5943 2
5944 2
5945 2
5946 2
5947 2
5948 2
5949 2
5950 0
5951 2
5952 0
5953 2
5954 0
5955 0
5956 2
5957 2
5958 0
5959 0
5960 0
5961 3
5962 2
5963 0
5964 2
5965 2
5966 0
5967 2
5968 2
5969 3
5970 0
5971 0
5972 0
5973 2
5974 0
5975 2
5976 2
5977 0
5978 0
5979 0
5980 0
5981 0
5982 0
5983 0
5984 0
5985 0
5986 2
5987 0
5988 0
5989 2
5990 3
5991 0
5992 2
5993 2
5994 0
5995 0
5996 2
5997 2
5998 2
5999 0
6000 2
6001 0
6002 0
6003 0
6004 0
6005 3
6006 2
6007 2
6008 2
6009 3
6010 0
6011 0
6012 2
6013 2
6014 0
6015 2
6016 3
6017 3
6018 3
6019 0
6020 3
6021 0
6022 2
6023 2
6024 0
6025 2
6026 2
6027 0
6028 0
6029 0
6030 2
6031 0
6032 3
6033 2
6034 2
6035 2
6036 2
6037 0
6038 0
6039 0
6040 3
6041 0
6042 3
6043 3
6044 0
6045 3
6046 2
6047 2
6048 0
6049 2
6050 2
6051 2
6052 2
6053 0
6054 0
6055 2
6056 0
6057 0
6058 2
6059 2
6060 2
6061 0
6062 2
6063 2
6064 3
6065 0
6066 0
6067 2
6068 2
6069 2
6070 0
6071 0
6072 0
6073 0
6074 0
6075 0
6076 0
6077 0
6078 0
6079 0
6080 2
6081 0
6082 0
6083 0
6084 2
6085 0
6086 2
6087 2
6088 2
6089 2
6090 2
6091 0
6092 2
6093 2
6094 0
6095 0
6096 2
6097 0
6098 3
6099 2
6100 0
6101 0
6102 2
6103 0
6104 2
6105 2
6106 2
6107 2
6108 0
6109 0
6110 0
6111 2
6112 2
6113 2
6114 3
6115 0
6116 2
6117 0
6118 2
6119 0
6120 2
6121 2
6122 0
6123 0
6124 2
6125 2
6126 2
6127 0
6128 0
6129 2
6130 0
6131 2
6132 0
6133 0
6134 0
6135 0
6136 2
6137 0
6138 0
6139 2
6140 2
6141 2
6142 2
6143 2
6144 3
6145 0
6146 2
6147 3
6148 2
6149 2
6150 0
6151 2
6152 2
6153 3
6154 2
6155 2
6156 2
6157 2
6158 0
6159 2
6160 2
6161 2
6162 0
6163 0
6164 0
6165 2
6166 2
6167 0
6168 3
6169 0
6170 0
6171 0
6172 2
6173 2
6174 2
6175 2
6176 2
6177 2
6178 0
6179 2
6180 0
6181 0
6182 0
6183 2
6184 0
6185 0
6186 9
6187 2
6188 2
6189 0
6190 0
6191 2
6192 2
6193 2
6194 2
6195 2
6196 0
6197 2
6198 2
6199 2
6200 0
6201 2
6202 2
6203 2
6204 2
6205 2
6206 0
6207 2
6208 2
6209 2
6210 2
6211 2
6212 2
6213 0
6214 2
6215 2
6216 2
6217 0
6218 2
6219 0
6220 2
6221 2
6222 5
6223 0
6224 2
6225 2
6226 2
6227 2
6228 2
6229 2
6230 0
6231 2
6232 2
6233 0
6234 2
6235 2
6236 0
6237 2
6238 12
6239 3
6240 2
6241 2
6242 2
6243 0
6244 0
6245 0
6246 0
6247 0
6248 2
6249 0
6250 0
6251 0
6252 0
6253 2
6254 2
6255 2
6256 2
6257 0
6258 0
6259 0
6260 0
6261 0
6262 3
6263 0
6264 0
6265 0
6266 0
6267 0
6268 2
6269 2
6270 2
6271 2
6272 0
6273 0
6274 2
6275 0
6276 0
6277 2
6278 2
6279 3
6280 3
6281 0
6282 3
6283 3
6284 3
6285 3
6286 2
6287 0
6288 0
6289 3
6290 3
6291 3
6292 0
6293 3
6294 0
6295 2
6296 2
6297 2
6298 5
6299 5
6300 5
6301 2
6302 0
6303 2
6304 3
6305 2
6306 2
6307 0
6308 0
6309 0
6310 2
6311 0
6312 2
6313 2
6314 2
6315 2
6316 2
6317 2
6318 0
6319 2
6320 2
6321 0
6322 2
6323 2
6324 2
6325 2
6326 2
6327 2
6328 2
6329 2
6330 2
6331 0
6332 2
6333 0
6334 0
6335 3
6336 2
6337 2
6338 0
6339 0
6340 3
6341 3
6342 3
6343 2
6344 3
6345 2
6346 2
6347 2
6348 2
6349 2
6350 2
6351 0
6352 0
6353 0
6354 2
6355 2
6356 2
6357 0
6358 0
6359 0
6360 0
6361 0
6362 2
6363 0
6364 0
6365 2
6366 2
6367 0
6368 0
6369 0
6370 2
6371 2
6372 0
6373 2
6374 0
6375 0
6376 0
6377 0
6378 0
6379 2
6380 2
6381 0
6382 2
6383 3
6384 0
6385 0
6386 0
6387 0
6388 0
6389 0
6390 0
6391 0
6392 0
6393 0
6394 2
6395 0
6396 3
6397 3
6398 2
6399 2
6400 3
6401 0
6402 2
6403 2
6404 2
6405 2
6406 3
6407 0
6408 2
6409 0
6410 2
6411 2
6412 2
6413 2
6414 2
6415 2
6416 2
6417 0
6418 2
6419 2
6420 1
6421 2
6422 2
6423 2
6424 1
6425 3
6426 0
6427 0
6428 0
6429 0
6430 2
6431 0
6432 2
6433 0
6434 0
6435 3
6436 2
6437 2
6438 0
6439 0
6440 0
6441 2
6442 0
6443 0
6444 2
6445 2
6446 2
6447 2
6448 2
6449 2
6450 3
6451 2
6452 0
6453 0
6454 0
6455 2
6456 2
6457 2
6458 2
6459 2
6460 2
6461 2
6462 2
6463 2
6464 0
6465 0
6466 2
6467 2
6468 2
6469 2
6470 0
6471 2
6472 3
6473 0
6474 2
6475 2
6476 2
6477 0
6478 0
6479 2
6480 2
6481 2
6482 2
6483 2
6484 3
6485 0
6486 0
6487 2
6488 2
6489 2
6490 2
6491 2
6492 2
6493 0
6494 0
6495 2
6496 0
6497 3
6498 3
6499 2
6500 3
6501 2
6502 2
6503 2
6504 2
6505 0
6506 2
6507 0
6508 0
6509 2
6510 2
6511 0
6512 2
6513 2
6514 2
6515 2
6516 2
6517 2
6518 2
6519 2
6520 2
6521 2
6522 2
6523 2
6524 0
6525 2
6526 2
6527 2
6528 2
6529 2
6530 2
6531 2
6532 2
6533 2
6534 2
6535 2
6536 2
6537 2
6538 2
6539 0
6540 2
6541 2
6542 0
6543 0
6544 0
6545 0
6546 7
6547 2
6548 2
6549 2
6550 0
6551 2
6552 2
6553 2
6554 0
6555 0
6556 0
6557 0
6558 0
6559 0
6560 0
6561 0
6562 2
6563 2
6564 2
6565 2
6566 2
6567 0
6568 3
6569 2
6570 3
6571 2
6572 2
6573 2
6574 2
6575 2
6576 2
6577 2
6578 0
6579 2
6580 0
6581 2
6582 2
6583 2
6584 2
6585 3
6586 2
6587 0
6588 2
6589 2
6590 3
6591 0
6592 2
6593 3
6594 2
6595 3
6596 2
6597 2
6598 2
6599 2
6600 0
6601 2
6602 2
6603 2
6604 2
6605 0
6606 2
6607 1
6608 0
6609 3
6610 2
6611 1
6612 0
6613 3
6614 2
6615 0
6616 0
6617 2
6618 3
6619 0
6620 3
6621 2
6622 0
6623 2
6624 0
6625 3
6626 0
6627 2
6628 3
6629 2
6630 3
6631 0
6632 6
6633 6
6634 6
6635 2
6636 6
6637 6
6638 2
6639 2
6640 2
6641 0
6642 2
6643 3
6644 3
6645 0
6646 2
6647 2
6648 0
6649 0
6650 0
6651 2
6652 2
6653 0
6654 3
6655 2
6656 0
6657 0
6658 0
6659 0
6660 0
6661 0
6662 0
6663 0
6664 0
6665 0
6666 0
6667 0
6668 0
6669 0
6670 0
6671 0
6672 0
6673 0
6674 0
6675 0
6676 0
6677 0
6678 3
6679 0
6680 0
6681 0
6682 0
6683 0
6684 0
6685 0
6686 0
6687 0
6688 0
6689 0
6690 0
6691 0
6692 0
6693 0
6694 0
6695 0
6696 0
6697 0
6698 0
6699 0
6700 0
6701 0
6702 0
6703 0
6704 0
6705 0
6706 0
6707 0
6708 0
6709 0
6710 0
6711 0
6712 0
6713 0
6714 0
6715 0
6716 0
6717 0
6718 0
6719 0
6720 0
6721 0
6722 0
6723 3
6724 0
6725 0
6726 0
6727 0
6728 0
6729 0
6730 0
6731 0
6732 0
6733 3
6734 0
6735 0
6736 0
6737 0
6738 0
6739 0
6740 0
6741 0
6742 0
6743 0
6744 0
6745 0
6746 0
6747 0
6748 0
6749 0
6750 0
6751 0
6752 0
6753 0
6754 0
6755 0
6756 0
6757 0
6758 0
6759 0
6760 3
6761 0
6762 0
6763 0
6764 0
6765 0
6766 0
6767 0
6768 0
6769 0
6770 0
6771 3
6772 0
6773 0
6774 0
6775 0
6776 0
6777 0
6778 0
6779 0
6780 0
6781 0
6782 0
6783 0
6784 0
6785 0
6786 0
6787 0
6788 0
6789 0
6790 0
6791 0
6792 0
6793 0
6794 0
6795 0
6796 0
6797 0
6798 0
6799 0
6800 0
6801 0
6802 0
6803 0
6804 0
6805 0
6806 0
6807 0
6808 0
6809 0
6810 0
6811 0
6812 0
6813 0
6814 0
6815 0
6816 0
6817 0
6818 0
6819 0
6820 0
6821 0
6822 0
6823 0
6824 0
6825 0
6826 0
6827 0
6828 0
6829 0
6830 0
6831 0
6832 0
6833 3
6834 0
6835 0
6836 0
6837 0
6838 0
6839 0
6840 0
6841 0
6842 0
6843 0
6844 0
6845 0
6846 0
6847 0
6848 0
6849 0
6850 0
6851 0
6852 0
6853 0
6854 0
6855 0
6856 0
6857 0
6858 0
6859 0
6860 0
6861 0
6862 0
6863 0
6864 0
6865 0
6866 0
6867 0
6868 0
6869 0
6870 0
6871 0
6872 0
6873 0
6874 0
6875 0
6876 0
6877 3
6878 0
6879 0
6880 3
6881 0
6882 0
6883 0
6884 0
6885 0
6886 0
6887 0
6888 0
6889 0
6890 0
6891 0
6892 0
6893 0
6894 0
6895 0
6896 0
6897 0
6898 0
6899 0
6900 0
6901 0
6902 0
6903 0
6904 0
6905 0
6906 0
6907 0
6908 0
6909 0
6910 0
6911 0
6912 0
6913 0
6914 0
6915 0
6916 0
6917 0
6918 0
6919 0
6920 0
6921 0
6922 0
6923 3
6924 0
6925 0
6926 0
6927 0
6928 0
6929 0
6930 0
6931 0
6932 0
6933 0
6934 0
6935 0
6936 0
6937 0
6938 0
6939 0
6940 0
6941 0
6942 0
6943 0
6944 0
6945 0
6946 0
6947 0
6948 0
6949 0
6950 0
6951 0
6952 0
6953 0
6954 0
6955 0
6956 0
6957 0
6958 0
6959 0
6960 0
6961 0
6962 0
6963 0
6964 0
6965 0
6966 0
6967 0
6968 2
6969 2
6970 3
6971 2
6972 2
6973 2
6974 0
6975 3
6976 0
6977 3
6978 0
6979 2
6980 2
6981 8
6982 8
6983 0
6984 0
6985 3
6986 8
6987 8
6988 0
6989 2
6990 8
6991 8
6992 3
6993 3
6994 3
6995 1
6996 2
6997 2
6998 2
6999 2
7000 2
7001 2
7002 2
7003 3
7004 2
7005 3
7006 2
7007 2
7008 2
7009 2
7010 2
7011 2
7012 2
7013 2
7014 2
7015 2
7016 2
7017 2
7018 3
7019 2
7020 2
7021 2
7022 3
7023 2
7024 2
7025 2
7026 2
7027 2
7028 2
7029 2
7030 2
7031 2
7032 2
7033 2
7034 2
7035 2
7036 2
7037 2
7038 2
7039 2
7040 3
7041 2
7042 2
7043 3
7044 2
7045 2
7046 2
7047 2
7048 2
7049 2
7050 2
7051 2
7052 2
7053 2
7054 2
7055 2
7056 2
7057 2
7058 3
7059 2
7060 2
7061 2
7062 2
7063 2
7064 2
7065 2
7066 2
7067 2
7068 2
7069 2
7070 2
7071 2
7072 2
7073 2
7074 2
7075 2
7076 2
7077 2
7078 2
7079 2
7080 2
7081 2
7082 2
7083 2
7084 2
7085 2
7086 2
7087 2
7088 3
7089 2
7090 1
7091 2
7092 2
7093 3
7094 2
7095 2
7096 2
7097 2
7098 2
7099 2
7100 2
7101 3
7102 3
7103 3
7104 2
7105 3
7106 3
7107 3
7108 3
7109 2
7110 3
7111 3
7112 3
7113 2
7114 2
7115 2
7116 2
7117 0
7118 2
7119 2
7120 2
7121 2
7122 2
7123 2
7124 2
7125 2
7126 2
7127 3
7128 0
7129 0
7130 2
7131 2
7132 2
7133 2
7134 3
7135 10
7136 0
7137 2
7138 2
7139 2
7140 3
7141 2
7142 2
7143 2
7144 2
7145 0
7146 2
7147 2
7148 2
7149 2
7150 2
7151 2
7152 2
7153 2
7154 2
7155 2
7156 2
7157 2
7158 2
7159 2
7160 2
7161 2
7162 2
7163 2
7164 2
7165 2
7166 2
7167 2
7168 2
7169 2
7170 2
7171 2
7172 0
7173 0
7174 2
7175 2
7176 2
7177 3
7178 2
7179 2
7180 2
7181 2
7182 2
7183 2
7184 2
7185 2
7186 0
7187 7
7188 7
7189 0
7190 2
7191 2
7192 2
7193 2
7194 0
7195 2
7196 2
7197 0
7198 3
7199 2
7200 2
7201 2
7202 2
7203 2
7204 2
7205 0
7206 2
7207 2
7208 2
7209 2
7210 2
7211 2
7212 2
7213 2
7214 2
7215 2
7216 2
7217 2
7218 2
7219 2
7220 2
7221 2
7222 2
7223 0
7224 0
7225 0
7226 0
7227 0
7228 2
7229 2
7230 2
7231 2
7232 2
7233 2
7234 2
7235 2
7236 2
7237 2
7238 2
7239 2
7240 2
7241 2
7242 2
7243 2
7244 2
7245 2
7246 2
7247 2
7248 2
7249 2
7250 2
7251 2
7252 2
7253 2
7254 2
7255 2
7256 2
7257 2
7258 2
7259 2
7260 2
7261 2
7262 2
7263 2
7264 2
7265 3
7266 2
7267 2
7268 2
7269 2
7270 2
7271 2
7272 2
7273 2
7274 2
7275 2
7276 0
7277 2
7278 2
7279 2
7280 3
7281 2
7282 2
7283 2
7284 2
7285 3
7286 2
7287 2
7288 0
7289 2
7290 2
7291 3
7292 2
7293 2
7294 2
7295 2
7296 2
7297 2
7298 0
7299 2
7300 2
7301 2
7302 2
7303 1
7304 3
7305 3
7306 2
7307 2
7308 2
7309 2
7310 2
7311 2
7312 2
7313 2
7314 2
7315 2
7316 2
7317 2
7318 0
7319 0
7320 0
7321 2
7322 2
7323 2
7324 2
7325 0
7326 0
7327 0
7328 0
7329 2
7330 0
7331 0
7332 2
7333 2
7334 0
7335 2
7336 0
7337 3
7338 2
7339 2
7340 2
7341 2
7342 2
7343 2
7344 3
7345 3
7346 3
7347 9
7348 2
7349 1
7350 2
7351 2
7352 3
7353 2
7354 0
7355 0
7356 2
7357 2
7358 2
7359 2
7360 2
7361 2
7362 2
7363 2
7364 2
7365 2
7366 2
7367 2
7368 2
7369 0
7370 0
7371 0
7372 0
7373 0
7374 2
7375 2
7376 2
7377 2
7378 10
7379 10
7380 2
7381 10
7382 10
7383 10
7384 2
7385 10
7386 10
7387 10
7388 10
7389 10
7390 10
7391 10
7392 2
7393 0
7394 0
7395 0
7396 0
7397 0
7398 0
7399 0
7400 0
7401 3
7402 2
7403 2
7404 2
7405 2
7406 2
7407 2
7408 0
7409 11
7410 2
7411 3
7412 2
7413 3
7414 3
7415 2
7416 2
7417 2
7418 2
7419 2
7420 0
7421 0
7422 0
7423 0
7424 0
7425 0
7426 0
7427 0
7428 3
7429 2
7430 3
7431 0
7432 3
7433 0
7434 2
7435 0
7436 2
7437 0
7438 0
7439 0
7440 0
7441 2
7442 2
7443 2
7444 2
7445 2
7446 2
7447 3
7448 3
7449 3
7450 0
7451 0
7452 0
7453 0
7454 0
7455 0
7456 0
7457 0
7458 2
7459 2
7460 0
7461 2
7462 2
7463 2
7464 2
7465 2
7466 0
7467 2
7468 2
7469 2
7470 2
7471 2
7472 2
7473 2
7474 0
7475 2
7476 0
7477 2
7478 2
7479 0
7480 2
7481 2
7482 2
7483 2
7484 2
7485 2
7486 2
7487 2
7488 3
7489 2
7490 2
7491 2
7492 2
7493 3
7494 2
7495 2
7496 2
7497 2
7498 2
7499 2
7500 2
7501 2
7502 2
7503 2
7504 2
7505 2
7506 2
7507 2
7508 0
7509 2
7510 2
7511 2
7512 2
7513 2
7514 2
7515 2
7516 2
7517 2
7518 2
7519 2
7520 2
7521 2
7522 2
7523 2
7524 2
7525 2
7526 2
7527 2
7528 2
7529 2
7530 2
7531 2
7532 2
7533 2
7534 2
7535 2
7536 2
7537 2
7538 2
7539 2
7540 2
7541 2
7542 2
7543 2
7544 2
7545 2
7546 2
7547 2
7548 2
7549 2
7550 2
7551 2
7552 2
7553 2
7554 2
7555 2
7556 2
7557 2
7558 2
7559 2
7560 2
7561 2
7562 2
7563 0
7564 2
7565 2
7566 2
7567 0
7568 0
7569 0
7570 0
7571 0
7572 0
7573 0
7574 0
7575 0
7576 2
7577 2
7578 0
7579 0
7580 0
7581 0
7582 2
7583 1
7584 2
7585 2
7586 2
7587 1
7588 2
7589 2
7590 2
7591 2
7592 4
7593 2
7594 2
7595 0
7596 2
7597 3
7598 2
7599 2
7600 2
7601 2
7602 2
7603 2
7604 2
7605 2
7606 2
7607 2
7608 3
7609 2
7610 11
7611 11
7612 11
7613 11
7614 11
7615 11
7616 11
7617 11
7618 11
7619 11
7620 0
7621 0
7622 11
7623 0
7624 11
7625 0
7626 3
7627 0
7628 0
7629 2
7630 3
7631 2
7632 2
7633 2
7634 2
7635 2
7636 2
7637 0
7638 2
7639 2
7640 2
7641 2
7642 2
7643 2
7644 2
7645 2
7646 2
7647 2
7648 2
7649 2
7650 2
7651 2
7652 2
7653 2
7654 2
7655 2
7656 2
7657 2
7658 2
7659 2
7660 2
7661 2
7662 2
7663 2
7664 2
7665 2
7666 2
7667 2
7668 2
7669 2
7670 2
7671 2
7672 2
7673 2
7674 2
7675 2
7676 3
7677 2
7678 2
7679 0
7680 2
7681 3
7682 3
7683 2
7684 3
7685 2
7686 0
7687 2
7688 2
7689 0
7690 2
7691 0
7692 2
7693 2
7694 2
7695 0
7696 2
7697 2
7698 2
7699 2
7700 2
7701 2
7702 2
7703 2
7704 2
7705 2
7706 2
7707 2
7708 2
7709 2
7710 2
7711 2
7712 2
7713 2
7714 2
7715 2
7716 2
7717 2
7718 2
7719 2
7720 2
7721 3
7722 0
7723 0
7724 0
7725 2
7726 0
7727 2
7728 0
7729 2
7730 2
7731 3
7732 0
7733 2
7734 2
7735 2
7736 0
7737 2
7738 2
7739 2
7740 2
7741 2
7742 0
7743 2
7744 2
7745 2
7746 3
7747 3
7748 2
7749 0
7750 0
7751 0
7752 0
7753 3
7754 2
7755 0
7756 0
7757 0
7758 2
7759 2
7760 2
7761 2
7762 2
7763 2
7764 0
7765 2
7766 0
7767 2
7768 2
7769 0
7770 2
7771 0
7772 0
7773 0
7774 0
7775 2
7776 2
7777 0
7778 1
7779 2
7780 2
7781 2
7782 2
7783 0
7784 2
7785 2
7786 2
7787 2
7788 3
7789 2
7790 2
7791 0
7792 0
7793 0
7794 0
7795 0
7796 0
7797 0
7798 0
7799 0
7800 0
7801 0
7802 0
7803 0
7804 0
7805 0
7806 2
7807 0
7808 0
7809 3
7810 2
7811 2
7812 3
7813 3
7814 2
7815 3
7816 2
7817 2
7818 2
7819 1
7820 2
7821 2
7822 12
7823 0
7824 2
7825 2
7826 2
7827 0
7828 2
7829 2
7830 3
7831 2
7832 0
7833 3
7834 3
7835 2
7836 3
7837 3
7838 3
7839 3
7840 2
7841 2
7842 0
7843 2
7844 2
7845 0
7846 0
7847 0
7848 0
7849 2
7850 3
7851 0
7852 1
7853 1
7854 1
7855 1
7856 1
7857 1
7858 1
7859 1
7860 1
7861 1
7862 1
7863 1
7864 1
7865 1
7866 1
7867 1
7868 1
7869 3
7870 0
7871 0
7872 0
7873 3
7874 3
7875 3
7876 2
7877 2
7878 3
7879 0
7880 3
7881 2
7882 3
7883 2
7884 1
7885 1
7886 2
7887 3
7888 1
7889 0
7890 0
7891 0
7892 0
7893 2
7894 0
7895 3
7896 2
7897 2
7898 2
7899 2
7900 2
7901 2
7902 2
7903 2
7904 2
7905 2
7906 2
7907 2
7908 2
7909 2
7910 2
7911 2
7912 0
7913 2
7914 2
7915 2
7916 2
7917 3
7918 2
7919 2
7920 2
7921 2
7922 13
7923 13
7924 3
7925 3
7926 3
7927 0
7928 2
7929 3
7930 2
7931 2
7932 2
7933 2
7934 2
7935 2
7936 2
7937 2
7938 3
7939 0
7940 0
7941 2
7942 2
7943 2
7944 2
0 4
1 0
2 5
3 1
4 2
5 3
6 5
7 4
8 5
9 6
10 7
11 8
12 5
13 9
1e-06 0.0956527 395
