0 0
1 1
2 0
3 0
4 0
5 0
6 0
7 0
8 0
9 2
10 0
11 0
12 0
13 0
14 0
15 0
16 0
17 0
18 2
19 0
20 0
21 4
22 2
23 0
24 0
25 0
26 0
27 0
28 2
29 0
30 0
31 0
32 0
33 0
34 4
35 0
36 0
37 0
38 0
39 0
40 2
41 0
42 0
43 0
44 0
45 0
46 0
47 0
48 0
49 0
50 0
51 0
52 0
53 0
54 2
55 4
56 0
57 0
58 0
59 0
60 0
61 0
62 0
63 0
64 0
65 0
66 0
67 0
68 1
69 2
70 2
71 1
72 0
73 1
74 4
75 4
76 1
77 1
78 2
79 4
80 2
81 1
82 1
83 1
84 1
85 4
86 1
87 4
88 0
89 0
90 0
91 2
92 2
93 4
94 3
95 2
96 0
97 0
98 2
99 4
100 2
101 2
102 2
103 2
104 0
105 2
106 2
107 2
108 2
109 2
110 2
111 2
112 2
113 2
114 2
115 0
116 0
117 2
118 0
119 3
120 0
121 0
122 2
123 2
124 0
125 3
126 0
127 2
128 2
129 2
130 0
131 2
132 4
133 2
134 0
135 0
136 0
137 2
138 2
139 0
140 2
141 0
142 2
143 0
144 2
145 0
146 0
147 2
148 2
149 2
150 2
151 0
152 4
153 2
154 2
155 0
156 0
157 0
158 0
159 2
160 0
161 0
162 0
163 2
164 4
165 2
166 2
167 0
168 2
169 2
170 2
171 1
172 1
173 2
174 2
175 2
176 2
177 2
178 2
179 3
180 1
181 0
182 2
183 0
184 0
185 1
186 2
187 2
188 0
189 2
190 0
191 0
192 0
193 0
194 0
195 0
196 2
197 0
198 4
199 0
200 0
201 3
202 0
203 2
204 0
205 1
206 2
207 2
208 0
209 0
210 0
211 2
212 0
213 2
214 2
215 2
216 0
217 2
218 2
219 2
220 0
221 2
222 2
223 0
224 0
225 0
226 2
227 2
228 2
229 0
230 0
231 0
232 1
233 2
234 2
235 2
236 2
237 2
238 1
239 3
240 0
241 2
242 0
243 2
244 0
245 0
246 2
247 2
248 0
249 4
250 2
251 2
252 4
253 2
254 2
255 2
256 2
257 4
258 2
259 2
260 2
261 2
262 2
263 4
264 2
265 4
266 2
267 2
268 2
269 2
270 2
271 0
272 0
273 2
274 0
275 0
276 0
277 2
278 3
279 2
280 2
281 3
282 1
283 0
284 2
285 0
286 0
287 2
288 2
289 2
290 2
291 0
292 0
293 0
294 0
295 4
296 1
297 2
298 0
299 2
300 2
301 0
302 2
303 2
304 0
305 2
306 1
307 0
308 0
309 2
310 2
311 0
312 2
313 2
314 2
315 2
316 2
317 2
318 1
319 2
320 2
321 1
322 2
323 2
324 2
325 2
326 0
327 2
328 0
329 2
330 2
331 0
332 0
333 2
334 2
335 0
336 2
337 2
338 2
339 0
340 0
341 2
342 0
343 3
344 2
345 2
346 0
347 0
348 0
349 0
350 2
351 2
352 0
353 2
354 0
355 2
356 0
357 2
358 0
359 0
360 0
361 2
362 0
363 1
364 0
365 1
366 2
367 2
368 4
369 0
370 2
371 2
372 0
373 4
374 2
375 1
376 2
377 2
378 2
379 2
380 2
381 2
382 0
383 2
384 4
385 2
386 0
387 0
388 2
389 4
390 2
391 0
392 2
393 0
394 2
395 2
396 2
397 2
398 0
399 2
400 2
401 4
402 2
403 2
404 0
405 2
406 0
407 2
408 2
409 0
410 2
411 0
412 1
413 2
414 0
415 0
416 2
417 2
418 2
419 2
420 2
421 2
422 0
423 0
424 2
425 2
426 0
427 2
428 2
429 2
430 4
431 0
432 2
433 4
434 0
435 0
436 0
437 2
438 2
439 2
440 0
441 0
442 2
443 0
444 2
445 0
446 0
447 0
448 2
449 4
450 2
451 0
452 2
453 0
454 2
455 2
456 0
457 2
458 0
459 2
460 0
461 0
462 2
463 0
464 0
465 2
466 2
467 2
468 0
469 0
470 0
471 2
472 0
473 2
474 2
475 4
476 2
477 2
478 2
479 0
480 2
481 0
482 2
483 4
484 2
485 2
486 2
487 2
488 2
489 0
490 2
491 4
492 2
493 4
494 0
495 0
496 2
497 2
498 2
499 2
500 0
501 2
502 2
503 2
504 2
505 2
506 4
507 2
508 0
509 1
510 2
511 0
512 2
513 1
514 2
515 2
516 0
517 0
518 2
519 0
520 0
521 0
522 2
523 1
524 1
525 2
526 4
527 2
528 2
529 0
530 2
531 4
532 0
533 2
534 2
535 0
536 2
537 0
538 2
539 2
540 2
541 0
542 2
543 2
544 2
545 0
546 2
547 2
548 4
549 2
550 0
551 0
552 2
553 0
554 0
555 0
556 0
557 2
558 2
559 0
560 0
561 0
562 2
563 0
564 1
565 4
566 0
567 2
568 0
569 2
570 2
571 2
572 1
573 2
574 1
575 2
576 1
577 2
578 2
579 2
580 2
581 4
582 4
583 2
584 2
585 0
586 2
587 2
588 2
589 2
590 0
591 2
592 2
593 0
594 0
595 0
596 2
597 2
598 0
599 0
600 0
601 0
602 2
603 0
604 0
605 2
606 2
607 2
608 2
609 0
610 0
611 0
612 2
613 2
614 4
615 2
616 0
617 2
618 4
619 2
620 4
621 0
622 0
623 2
624 0
625 0
626 0
627 0
628 0
629 2
630 0
631 2
632 2
633 4
634 2
635 4
636 2
637 4
638 4
639 0
640 4
641 2
642 0
643 2
644 4
645 1
646 0
647 2
648 2
649 2
650 0
651 0
652 2
653 0
654 2
655 0
656 4
657 0
658 0
659 3
660 0
661 0
662 2
663 3
664 4
665 0
666 0
667 2
668 0
669 2
670 4
671 1
672 1
673 2
674 2
675 0
676 4
677 2
678 4
679 3
680 2
681 0
682 2
683 2
684 4
685 2
686 0
687 2
688 0
689 0
690 0
691 2
692 2
693 2
694 2
695 2
696 0
697 1
698 0
699 2
700 2
701 0
702 0
703 2
704 2
705 2
706 0
707 2
708 2
709 0
710 2
711 0
712 2
713 2
714 0
715 0
716 2
717 2
718 2
719 2
720 0
721 2
722 2
723 2
724 4
725 1
726 2
727 2
728 0
729 2
730 2
731 2
732 2
733 2
734 2
735 2
736 2
737 2
738 0
739 2
740 3
741 2
742 0
743 2
744 2
745 2
746 0
747 2
748 0
749 0
750 0
751 4
752 2
753 2
754 0
755 0
756 2
757 0
758 0
759 0
760 0
761 2
762 2
763 0
764 2
765 2
766 2
767 0
768 2
769 2
770 2
771 2
772 2
773 0
774 2
775 2
776 0
777 3
778 2
779 2
780 2
781 2
782 1
783 2
784 2
785 3
786 2
787 0
788 3
789 0
790 0
791 0
792 2
793 2
794 2
795 2
796 0
797 2
798 0
799 2
800 0
801 0
802 2
803 0
804 2
805 0
806 0
807 1
808 2
809 2
810 0
811 0
812 0
813 1
814 1
815 2
816 2
817 2
818 0
819 4
820 2
821 0
822 2
823 0
824 2
825 3
826 2
827 2
828 2
829 0
830 2
831 2
832 2
833 2
834 4
835 2
836 0
837 4
838 0
839 2
840 2
841 1
842 0
843 2
844 0
845 0
846 0
847 0
848 2
849 1
850 2
851 2
852 1
853 4
854 2
855 2
856 0
857 0
858 0
859 1
860 0
861 4
862 2
863 0
864 0
865 2
866 0
867 2
868 2
869 0
870 0
871 0
872 2
873 2
874 0
875 2
876 2
877 2
878 0
879 2
880 2
881 0
882 3
883 4
884 0
885 4
886 1
887 0
888 2
889 0
890 0
891 2
892 4
893 0
894 2
895 0
896 2
897 0
898 2
899 2
900 2
901 2
902 2
903 2
904 0
905 2
906 2
907 4
908 4
909 2
910 4
911 2
912 2
913 2
914 2
915 0
916 2
917 0
918 0
919 0
920 4
921 4
922 0
923 2
924 2
925 2
926 2
927 0
928 2
929 1
930 2
931 4
932 2
933 2
934 2
935 0
936 2
937 0
938 0
939 2
940 2
941 2
942 2
943 0
944 0
945 0
946 2
947 2
948 2
949 2
950 4
951 0
952 0
953 0
954 2
955 2
956 2
957 2
958 2
959 0
960 2
961 0
962 2
963 2
964 2
965 2
966 0
967 2
968 2
969 2
970 2
971 2
972 0
973 1
974 4
975 2
976 0
977 0
978 0
979 2
980 2
981 0
982 2
983 4
984 2
985 0
986 2
987 0
988 4
989 2
990 0
991 2
992 0
993 0
994 2
995 2
996 2
997 2
998 2
999 0
1000 2
1001 4
1002 0
1003 4
1004 3
1005 0
1006 4
1007 4
1008 4
1009 0
1010 0
1011 0
1012 0
1013 0
1014 0
1015 3
1016 0
1017 0
1018 0
1019 0
1020 0
1021 0
1022 0
1023 0
1024 0
1025 2
1026 0
1027 0
1028 2
1029 0
1030 0
1031 0
1032 0
1033 2
1034 2
1035 0
1036 0
1037 0
1038 4
1039 0
1040 0
1041 0
1042 4
1043 0
1044 0
1045 0
1046 0
1047 2
1048 2
1049 0
1050 0
1051 0
1052 0
1053 0
1054 0
1055 0
1056 2
1057 2
1058 2
1059 0
1060 0
1061 0
1062 0
1063 0
1064 0
1065 0
1066 2
1067 0
1068 4
1069 0
1070 4
1071 1
1072 2
1073 4
1074 4
1075 2
1076 2
1077 0
1078 1
1079 2
1080 2
1081 1
1082 4
1083 2
1084 1
1085 0
1086 0
1087 2
1088 2
1089 4
1090 4
1091 2
1092 2
1093 0
1094 1
1095 2
1096 1
1097 2
1098 0
1099 2
1100 0
1101 3
1102 0
1103 2
1104 4
1105 2
1106 0
1107 4
1108 2
1109 1
1110 2
1111 2
1112 0
1113 2
1114 4
1115 2
1116 0
1117 2
1118 3
1119 2
1120 2
1121 4
1122 0
1123 0
1124 1
1125 0
1126 4
1127 0
1128 4
1129 0
1130 0
1131 0
1132 2
1133 2
1134 1
1135 3
1136 0
1137 0
1138 1
1139 4
1140 4
1141 0
1142 1
1143 2
1144 2
1145 0
1146 2
1147 3
1148 2
1149 2
1150 4
1151 4
1152 4
1153 1
1154 0
1155 2
1156 2
1157 2
1158 0
1159 0
1160 0
1161 4
1162 2
1163 4
1164 0
1165 2
1166 0
1167 2
1168 1
1169 2
1170 0
1171 0
1172 4
1173 4
1174 0
1175 1
1176 4
1177 2
1178 4
1179 1
1180 4
1181 4
1182 0
1183 4
1184 4
1185 2
1186 4
1187 2
1188 2
1189 4
1190 2
1191 1
1192 2
1193 0
1194 0
1195 1
1196 3
1197 3
1198 2
1199 2
1200 2
1201 2
1202 0
1203 2
1204 0
1205 1
1206 1
1207 1
1208 4
1209 4
1210 1
1211 4
1212 2
1213 4
1214 2
1215 4
1216 2
1217 1
1218 1
1219 1
1220 1
1221 4
1222 2
1223 0
1224 2
1225 4
1226 1
1227 4
1228 2
1229 4
1230 1
1231 2
1232 1
1233 0
1234 0
1235 3
1236 0
1237 2
1238 4
1239 1
1240 4
1241 1
1242 3
1243 4
1244 0
1245 2
1246 2
1247 0
1248 1
1249 4
1250 1
1251 0
1252 4
1253 4
1254 4
1255 2
1256 2
1257 0
1258 4
1259 0
1260 1
1261 1
1262 3
1263 2
1264 3
1265 0
1266 3
1267 3
1268 1
1269 4
1270 0
1271 0
1272 2
1273 4
1274 3
1275 1
1276 0
1277 4
1278 2
1279 4
1280 3
1281 2
1282 2
1283 0
1284 0
1285 0
1286 4
1287 1
1288 1
1289 0
1290 1
1291 0
1292 4
1293 2
1294 2
1295 2
1296 4
1297 3
1298 0
1299 0
1300 2
1301 3
1302 2
1303 2
1304 2
1305 0
1306 2
1307 4
1308 1
1309 2
1310 4
1311 4
1312 1
1313 1
1314 0
1315 1
1316 2
1317 4
1318 2
1319 4
1320 0
1321 1
1322 4
1323 4
1324 0
1325 0
1326 4
1327 1
1328 0
1329 4
1330 4
1331 3
1332 2
1333 4
1334 2
1335 0
1336 4
1337 2
1338 0
1339 2
1340 2
1341 0
1342 1
1343 4
1344 0
1345 2
1346 0
1347 2
1348 0
1349 2
1350 4
1351 2
1352 1
1353 0
1354 0
1355 2
1356 4
1357 2
1358 0
1359 1
1360 4
1361 1
1362 1
1363 2
1364 0
1365 2
1366 2
1367 2
1368 4
1369 4
1370 2
1371 3
1372 1
1373 1
1374 0
1375 2
1376 3
1377 3
1378 4
1379 4
1380 3
1381 2
1382 2
1383 3
1384 3
1385 3
1386 3
1387 3
1388 3
1389 0
1390 3
1391 3
1392 0
1393 1
1394 3
1395 1
1396 3
1397 0
1398 0
1399 0
1400 2
1401 1
1402 2
1403 3
1404 2
1405 0
1406 3
1407 3
1408 3
1409 1
1410 0
1411 1
1412 3
1413 3
1414 0
1415 0
1416 2
1417 2
1418 2
1419 2
1420 1
1421 3
1422 1
1423 1
1424 1
1425 1
1426 3
1427 3
1428 3
1429 0
1430 0
1431 3
1432 0
1433 2
1434 3
1435 1
1436 2
1437 2
1438 3
1439 3
1440 2
1441 3
1442 3
1443 1
1444 3
1445 3
1446 4
1447 2
1448 0
1449 3
1450 3
1451 4
1452 0
1453 2
1454 0
1455 4
1456 1
1457 2
1458 0
1459 2
1460 2
1461 4
1462 0
1463 2
1464 0
1465 2
1466 0
1467 2
1468 2
1469 2
1470 1
1471 4
1472 2
1473 4
1474 0
1475 4
1476 2
1477 2
1478 4
1479 3
1480 2
1481 4
1482 2
1483 2
1484 4
1485 2
1486 4
1487 2
1488 0
1489 4
1490 0
1491 1
1492 3
1493 0
1494 2
1495 2
1496 2
1497 0
1498 2
1499 1
1500 0
1501 2
1502 3
1503 2
1504 0
1505 4
1506 2
1507 1
1508 2
1509 2
1510 4
1511 2
1512 2
1513 2
1514 4
1515 2
1516 4
1517 2
1518 2
1519 0
1520 4
1521 4
1522 2
1523 0
1524 4
1525 2
1526 2
1527 3
1528 4
1529 1
1530 1
1531 1
1532 2
1533 2
1534 4
1535 1
1536 4
1537 4
1538 3
1539 2
1540 0
1541 1
1542 2
1543 1
1544 4
1545 4
1546 2
1547 1
1548 2
1549 2
1550 4
1551 2
1552 2
1553 4
1554 2
1555 0
1556 4
1557 4
1558 2
1559 2
1560 0
1561 0
1562 4
1563 2
1564 2
1565 4
1566 2
1567 1
1568 2
1569 4
1570 2
1571 0
1572 2
1573 2
1574 2
1575 1
1576 2
1577 0
1578 2
1579 2
1580 2
1581 4
1582 1
1583 2
1584 2
1585 4
1586 0
1587 4
1588 4
1589 1
1590 2
1591 2
1592 1
1593 2
1594 2
1595 1
1596 2
1597 1
1598 2
1599 4
1600 0
1601 2
1602 2
1603 2
1604 2
1605 2
1606 2
1607 0
1608 2
1609 2
1610 1
1611 3
1612 1
1613 0
1614 0
1615 2
1616 2
1617 2
1618 4
1619 2
1620 4
1621 0
1622 2
1623 2
1624 2
1625 2
1626 4
1627 4
1628 2
1629 4
1630 4
1631 2
1632 2
1633 4
1634 2
1635 2
1636 0
1637 4
1638 3
1639 4
1640 2
1641 2
1642 0
1643 4
1644 4
1645 2
1646 0
1647 2
1648 2
1649 0
1650 1
1651 2
1652 2
1653 0
1654 4
1655 4
1656 0
1657 1
1658 4
1659 2
1660 2
1661 0
1662 1
1663 4
1664 2
1665 1
1666 2
1667 4
1668 2
1669 1
1670 4
1671 4
1672 0
1673 4
1674 1
1675 2
1676 0
1677 1
1678 0
1679 2
1680 2
1681 2
1682 2
1683 1
1684 1
1685 0
1686 0
1687 2
1688 4
1689 2
1690 4
1691 2
1692 2
1693 2
1694 2
1695 0
1696 0
1697 3
1698 4
1699 1
1700 1
1701 2
1702 2
1703 2
1704 4
1705 2
1706 2
1707 2
1708 2
1709 2
1710 1
1711 3
1712 0
1713 4
1714 4
1715 1
1716 2
1717 0
1718 2
1719 0
1720 2
1721 2
1722 2
1723 2
1724 2
1725 2
1726 2
1727 2
1728 0
1729 3
1730 4
1731 2
1732 0
1733 4
1734 2
1735 4
1736 3
1737 2
1738 0
1739 2
1740 0
1741 2
1742 2
1743 2
1744 2
1745 2
1746 1
1747 2
1748 2
1749 2
1750 2
1751 2
1752 2
1753 0
1754 2
1755 2
1756 2
1757 4
1758 1
1759 2
1760 0
1761 0
1762 2
1763 1
1764 4
1765 2
1766 0
1767 2
1768 3
1769 2
1770 4
1771 2
1772 2
1773 2
1774 1
1775 2
1776 0
1777 2
1778 2
1779 0
1780 2
1781 2
1782 2
1783 0
1784 0
1785 2
1786 4
1787 1
1788 0
1789 2
1790 2
1791 2
1792 3
1793 2
1794 3
1795 2
1796 2
1797 2
1798 0
1799 4
1800 1
1801 0
1802 1
1803 4
1804 2
1805 1
1806 2
1807 1
1808 2
1809 2
1810 0
1811 2
1812 2
1813 2
1814 2
1815 2
1816 1
1817 2
1818 4
1819 2
1820 4
1821 2
1822 0
1823 2
1824 2
1825 2
1826 2
1827 2
1828 2
1829 4
1830 2
1831 0
1832 4
1833 0
1834 2
1835 2
1836 3
1837 2
1838 2
1839 2
1840 4
1841 2
1842 2
1843 2
1844 4
1845 2
1846 1
1847 2
1848 4
1849 4
1850 1
1851 2
1852 1
1853 1
1854 4
1855 2
1856 2
1857 1
1858 2
1859 2
1860 2
1861 4
1862 4
1863 2
1864 2
1865 1
1866 1
1867 1
1868 2
1869 2
1870 2
1871 2
1872 4
1873 2
1874 4
1875 1
1876 2
1877 1
1878 1
1879 1
1880 2
1881 2
1882 2
1883 2
1884 2
1885 4
1886 1
1887 4
1888 2
1889 2
1890 1
1891 1
1892 4
1893 2
1894 1
1895 1
1896 2
1897 0
1898 2
1899 2
1900 0
1901 0
1902 2
1903 1
1904 0
1905 0
1906 0
1907 0
1908 0
1909 0
1910 0
1911 4
1912 4
1913 1
1914 1
1915 2
1916 1
1917 1
1918 4
1919 2
1920 4
1921 1
1922 4
1923 0
1924 4
1925 1
1926 3
1927 1
1928 1
1929 4
1930 1
1931 1
1932 1
1933 4
1934 4
1935 4
1936 1
1937 1
1938 1
1939 4
1940 1
1941 2
1942 4
1943 1
1944 4
1945 4
1946 1
1947 1
1948 1
1949 1
1950 1
1951 1
1952 4
1953 1
1954 4
1955 1
1956 1
1957 1
1958 2
1959 1
1960 1
1961 4
1962 1
1963 1
1964 1
1965 1
1966 4
1967 1
1968 4
1969 1
1970 4
1971 4
1972 4
1973 1
1974 1
1975 4
1976 4
1977 0
1978 2
1979 4
1980 4
1981 4
1982 2
1983 4
1984 1
1985 1
1986 1
1987 4
1988 2
1989 1
1990 1
1991 4
1992 1
1993 1
1994 4
1995 4
1996 4
1997 2
1998 1
1999 1
2000 4
2001 2
2002 1
2003 1
2004 2
2005 1
2006 0
2007 1
2008 1
2009 1
2010 4
2011 1
2012 2
2013 4
2014 0
2015 4
2016 4
2017 4
2018 0
2019 0
2020 0
2021 4
2022 0
2023 1
2024 0
2025 2
2026 0
2027 1
2028 4
2029 0
2030 0
2031 0
2032 0
2033 0
2034 0
2035 0
2036 0
2037 0
2038 0
2039 0
2040 0
2041 4
2042 0
2043 0
2044 4
2045 0
2046 0
2047 4
2048 2
2049 0
2050 0
2051 2
2052 0
2053 0
2054 4
2055 4
2056 4
2057 4
2058 4
2059 4
2060 4
2061 4
2062 0
2063 0
2064 0
2065 0
2066 4
2067 0
2068 0
2069 2
2070 4
2071 0
2072 0
2073 0
2074 0
2075 0
2076 4
2077 4
2078 0
2079 0
2080 4
2081 0
2082 0
2083 0
2084 0
2085 0
2086 4
2087 0
2088 1
2089 0
2090 0
2091 0
2092 0
2093 4
2094 0
2095 0
2096 2
2097 2
2098 0
2099 4
2100 4
2101 0
2102 2
2103 4
2104 0
2105 4
2106 0
2107 4
2108 0
2109 0
2110 0
2111 4
2112 2
2113 4
2114 1
2115 4
2116 0
2117 0
2118 3
2119 0
2120 1
2121 4
2122 1
2123 4
2124 0
2125 1
2126 0
2127 0
2128 4
2129 0
2130 0
2131 0
2132 4
2133 0
2134 0
2135 0
2136 0
2137 4
2138 1
2139 1
2140 4
2141 1
2142 2
2143 4
2144 1
2145 1
2146 1
2147 2
2148 1
2149 1
2150 2
2151 1
2152 2
2153 2
2154 1
2155 2
2156 2
2157 2
2158 1
2159 2
2160 1
2161 4
2162 1
2163 1
2164 2
2165 2
2166 3
2167 4
2168 2
2169 1
2170 2
2171 2
2172 4
2173 1
2174 1
2175 3
2176 1
2177 2
2178 2
2179 2
2180 1
2181 1
2182 2
2183 1
2184 1
2185 2
2186 1
2187 2
2188 2
2189 1
2190 2
2191 1
2192 4
2193 2
2194 1
2195 1
2196 2
2197 1
2198 2
2199 1
2200 1
2201 2
2202 2
2203 2
2204 0
2205 2
2206 2
2207 2
2208 1
2209 1
2210 1
2211 2
2212 4
2213 2
2214 2
2215 2
2216 1
2217 0
2218 0
2219 2
2220 4
2221 2
2222 2
2223 2
2224 4
2225 1
2226 2
2227 2
2228 2
2229 2
2230 4
2231 2
2232 4
2233 1
2234 2
2235 4
2236 2
2237 2
2238 1
2239 0
2240 2
2241 2
2242 4
2243 1
2244 2
2245 4
2246 2
2247 2
2248 1
2249 2
2250 2
2251 2
2252 2
2253 1
2254 2
2255 1
2256 2
2257 4
2258 2
2259 2
2260 0
2261 4
2262 2
2263 2
2264 2
2265 1
2266 1
2267 4
2268 4
2269 1
2270 3
2271 0
2272 4
2273 2
2274 4
2275 4
2276 2
2277 4
2278 1
2279 4
2280 2
2281 4
2282 4
2283 2
2284 4
2285 4
2286 1
2287 1
2288 4
2289 4
2290 4
2291 4
2292 2
2293 1
2294 4
2295 4
2296 4
2297 0
2298 4
2299 0
2300 2
2301 1
2302 4
2303 4
2304 4
2305 4
2306 4
2307 4
2308 4
2309 4
2310 4
2311 4
2312 4
2313 4
2314 4
2315 4
2316 4
2317 4
2318 4
2319 4
2320 4
2321 4
2322 4
2323 4
2324 4
2325 4
2326 4
2327 4
2328 2
2329 0
2330 2
2331 1
2332 4
2333 4
2334 4
2335 0
2336 4
2337 0
2338 0
2339 2
2340 2
2341 0
2342 2
2343 4
2344 2
2345 4
2346 1
2347 0
2348 2
2349 4
2350 0
2351 2
2352 4
2353 4
2354 4
2355 4
2356 4
2357 4
2358 4
2359 4
2360 4
2361 0
2362 2
2363 4
2364 4
2365 4
2366 4
2367 2
2368 4
2369 4
2370 1
2371 0
2372 4
2373 2
2374 4
2375 1
2376 4
2377 0
2378 4
2379 0
2380 4
2381 4
2382 4
2383 2
2384 1
2385 1
2386 2
2387 2
2388 4
2389 2
2390 4
2391 1
2392 4
2393 4
2394 4
2395 4
2396 4
2397 2
2398 4
2399 4
2400 2
2401 2
2402 4
2403 2
2404 2
2405 4
2406 1
2407 4
2408 2
2409 2
2410 4
2411 2
2412 1
2413 4
2414 4
2415 4
2416 0
2417 4
2418 4
2419 4
2420 4
2421 4
2422 2
2423 4
2424 4
2425 2
2426 1
2427 2
2428 2
2429 2
2430 1
2431 4
2432 0
2433 2
2434 4
2435 4
2436 4
2437 4
2438 1
2439 4
2440 4
2441 4
2442 4
2443 4
2444 4
2445 4
2446 0
2447 4
2448 0
2449 4
2450 4
2451 2
2452 2
2453 0
2454 2
2455 2
2456 0
2457 4
2458 4
2459 4
2460 4
2461 4
2462 2
2463 0
2464 4
2465 4
2466 0
2467 1
2468 2
2469 1
2470 2
2471 0
2472 2
2473 4
2474 4
2475 4
2476 4
2477 4
2478 4
2479 4
2480 4
2481 4
2482 4
2483 2
2484 4
2485 1
2486 2
2487 4
2488 1
2489 4
2490 1
2491 2
2492 4
2493 0
2494 1
2495 4
2496 4
2497 4
2498 2
2499 2
2500 2
2501 4
2502 4
2503 4
2504 0
2505 1
2506 1
2507 1
2508 1
2509 1
2510 2
2511 4
2512 1
2513 1
2514 1
2515 4
2516 1
2517 1
2518 1
2519 1
2520 1
2521 1
2522 2
2523 1
2524 4
2525 1
2526 1
2527 1
2528 1
2529 1
2530 1
2531 4
2532 1
2533 1
2534 1
2535 2
2536 1
2537 1
2538 1
2539 4
2540 4
2541 4
2542 1
2543 1
2544 1
2545 1
2546 4
2547 2
2548 0
2549 0
2550 1
2551 1
2552 1
2553 1
2554 2
2555 1
2556 1
2557 1
2558 1
2559 1
2560 1
2561 1
2562 4
2563 1
2564 4
2565 1
2566 1
2567 4
2568 4
2569 4
2570 1
2571 1
2572 1
2573 1
2574 0
2575 4
2576 1
2577 1
2578 1
2579 1
2580 1
2581 1
2582 1
2583 1
2584 1
2585 1
2586 1
2587 2
2588 0
2589 1
2590 1
2591 1
2592 4
2593 4
2594 1
2595 4
2596 1
2597 1
2598 1
2599 4
2600 1
2601 1
2602 4
2603 1
2604 4
2605 4
2606 1
2607 1
2608 1
2609 1
2610 4
2611 1
2612 1
2613 4
2614 1
2615 1
2616 1
2617 4
2618 1
2619 1
2620 1
2621 1
2622 1
2623 1
2624 1
2625 4
2626 1
2627 1
2628 4
2629 2
2630 4
2631 1
2632 1
2633 1
2634 4
2635 1
2636 1
2637 4
2638 4
2639 1
2640 1
2641 2
2642 1
2643 2
2644 2
2645 2
2646 3
2647 1
2648 2
2649 2
2650 1
2651 2
2652 2
2653 4
2654 2
2655 2
2656 2
2657 1
2658 2
2659 4
2660 2
2661 1
2662 2
2663 2
2664 2
2665 1
2666 1
2667 2
2668 1
2669 2
2670 1
2671 2
2672 2
2673 1
2674 1
2675 2
2676 2
2677 2
2678 2
2679 1
2680 2
2681 1
2682 0
2683 1
2684 2
2685 1
2686 1
2687 1
2688 1
2689 1
2690 1
2691 1
2692 1
2693 2
2694 1
2695 2
2696 1
2697 1
2698 2
2699 1
2700 1
2701 1
2702 0
2703 2
2704 2
2705 1
2706 2
2707 2
2708 1
2709 1
2710 4
2711 2
2712 1
2713 1
2714 2
2715 1
2716 2
2717 2
2718 0
2719 1
2720 4
2721 3
2722 2
2723 1
2724 2
2725 1
2726 2
2727 2
2728 1
2729 4
2730 4
2731 2
2732 4
2733 1
2734 1
2735 1
2736 4
2737 1
2738 1
2739 3
2740 1
2741 1
2742 1
2743 1
2744 2
2745 2
2746 2
2747 2
2748 1
2749 1
2750 1
2751 2
2752 1
2753 1
2754 4
2755 2
2756 0
2757 2
2758 2
2759 2
2760 2
2761 2
2762 2
2763 2
2764 2
2765 2
2766 2
2767 1
2768 1
2769 1
2770 1
2771 3
2772 2
2773 2
2774 2
2775 4
2776 1
2777 1
2778 2
2779 1
2780 3
2781 2
2782 2
2783 2
2784 2
2785 2
2786 2
2787 4
2788 2
2789 2
2790 1
2791 1
2792 2
2793 2
2794 1
2795 4
2796 2
2797 2
2798 2
2799 0
2800 2
2801 1
2802 2
2803 1
2804 1
2805 4
2806 2
2807 2
2808 2
2809 2
2810 2
2811 1
2812 2
2813 2
2814 3
2815 1
2816 1
2817 2
2818 2
2819 1
2820 1
2821 2
2822 1
2823 2
2824 2
2825 4
2826 2
2827 2
2828 2
2829 1
2830 1
2831 2
2832 1
2833 2
2834 1
2835 2
2836 2
2837 2
2838 2
2839 1
2840 1
2841 2
2842 4
2843 2
2844 2
2845 2
2846 2
2847 2
2848 1
2849 2
2850 2
2851 1
2852 1
2853 1
2854 1
2855 2
2856 2
2857 2
2858 1
2859 2
2860 2
2861 1
2862 4
2863 4
2864 2
2865 2
2866 1
2867 2
2868 2
2869 1
2870 2
2871 2
2872 3
2873 2
2874 2
2875 1
2876 2
2877 2
2878 3
2879 1
2880 1
2881 2
2882 2
2883 2
2884 1
2885 1
2886 2
2887 2
2888 2
2889 1
2890 2
2891 4
2892 1
2893 2
2894 2
2895 1
2896 1
2897 2
2898 2
2899 1
2900 1
2901 2
2902 1
2903 4
2904 1
2905 1
2906 2
2907 2
2908 0
2909 2
2910 0
2911 2
2912 2
2913 1
2914 4
2915 2
2916 2
2917 2
2918 1
2919 2
2920 2
2921 2
2922 2
2923 2
2924 1
2925 1
2926 1
2927 2
2928 2
2929 2
2930 1
2931 1
2932 1
2933 1
2934 1
2935 1
2936 1
2937 1
2938 2
2939 1
2940 2
2941 4
2942 1
2943 2
2944 1
2945 2
2946 1
2947 2
2948 2
2949 2
2950 2
2951 1
2952 1
2953 2
2954 1
2955 2
2956 2
2957 2
2958 2
2959 1
2960 1
2961 1
2962 2
2963 2
2964 1
2965 1
2966 1
2967 2
2968 2
2969 1
2970 2
2971 1
2972 2
2973 2
2974 2
2975 2
2976 2
2977 1
2978 2
2979 1
2980 1
2981 2
2982 4
2983 1
2984 2
2985 1
2986 2
2987 2
2988 2
2989 2
2990 2
2991 2
2992 1
2993 1
2994 4
2995 2
2996 1
2997 2
2998 1
2999 2
3000 0
3001 2
3002 1
3003 2
3004 2
3005 1
3006 2
3007 4
3008 2
3009 1
3010 2
3011 2
3012 4
3013 2
3014 2
3015 1
3016 1
3017 2
3018 2
3019 1
3020 3
3021 2
3022 1
3023 2
3024 2
3025 2
3026 4
3027 2
3028 2
3029 0
3030 2
3031 2
3032 0
3033 1
3034 4
3035 4
3036 4
3037 1
3038 0
3039 1
3040 4
3041 4
3042 1
3043 1
3044 1
3045 1
3046 2
3047 4
3048 4
3049 2
3050 4
3051 4
3052 4
3053 2
3054 4
3055 4
3056 0
3057 4
3058 1
3059 1
3060 4
3061 1
3062 4
3063 0
3064 1
3065 4
3066 4
3067 4
3068 2
3069 4
3070 3
3071 0
3072 1
3073 1
3074 1
3075 4
3076 4
3077 4
3078 4
3079 4
3080 4
3081 4
3082 1
3083 0
3084 4
3085 4
3086 4
3087 4
3088 0
3089 0
3090 1
3091 4
3092 4
3093 4
3094 4
3095 4
3096 4
3097 4
3098 2
3099 4
3100 1
3101 4
3102 4
3103 4
3104 0
3105 1
3106 4
3107 2
3108 2
3109 4
3110 4
3111 4
3112 4
3113 4
3114 4
3115 4
3116 2
3117 4
3118 2
3119 4
3120 4
3121 4
3122 1
3123 2
3124 4
3125 4
3126 4
3127 2
3128 4
3129 1
3130 4
3131 4
3132 2
3133 2
3134 2
3135 0
3136 1
3137 2
3138 3
3139 1
3140 1
3141 2
3142 2
3143 1
3144 0
3145 2
3146 1
3147 3
3148 4
3149 2
3150 1
3151 1
3152 2
3153 1
3154 3
3155 2
3156 2
3157 4
3158 0
3159 4
3160 4
3161 2
3162 4
3163 2
3164 0
3165 4
3166 1
3167 1
3168 4
3169 2
3170 0
3171 4
3172 0
3173 2
3174 2
3175 2
3176 3
3177 1
3178 1
3179 4
3180 3
3181 4
3182 1
3183 1
3184 4
3185 3
3186 1
3187 3
3188 2
3189 4
3190 4
3191 4
3192 4
3193 2
3194 4
3195 3
3196 1
3197 4
3198 4
3199 1
3200 4
3201 2
3202 2
3203 4
3204 2
3205 2
3206 0
3207 2
3208 2
3209 2
3210 2
3211 4
3212 4
3213 1
3214 4
3215 4
3216 4
3217 4
3218 2
3219 1
3220 4
3221 0
3222 2
3223 3
3224 4
3225 4
3226 4
3227 4
3228 4
3229 4
3230 0
3231 4
3232 4
3233 1
3234 4
3235 4
3236 4
3237 4
3238 4
3239 4
3240 4
3241 4
3242 4
3243 1
3244 2
3245 1
3246 4
3247 1
3248 1
3249 2
3250 1
3251 4
3252 4
3253 4
3254 2
3255 0
3256 4
3257 1
3258 4
3259 1
3260 0
3261 1
3262 1
3263 1
3264 2
3265 4
3266 1
3267 1
3268 4
3269 3
3270 4
3271 1
3272 2
3273 4
3274 1
3275 1
3276 1
3277 0
3278 4
3279 1
3280 4
3281 1
3282 1
3283 4
3284 4
3285 1
3286 2
3287 2
3288 3
3289 0
3290 1
3291 1
3292 4
3293 2
3294 2
3295 1
3296 2
3297 2
3298 1
3299 1
3300 4
3301 1
3302 1
3303 1
3304 4
3305 2
3306 2
3307 4
3308 4
3309 2
3310 4
3311 1
3312 1
3313 1
3314 1
3315 4
3316 2
3317 1
3318 3
3319 2
3320 1
3321 4
3322 2
3323 1
3324 4
3325 1
3326 1
3327 4
3328 1
3329 4
3330 1
3331 0
3332 1
3333 2
3334 4
3335 1
3336 4
3337 1
3338 2
3339 1
3340 4
3341 1
3342 0
3343 1
3344 2
3345 1
3346 4
3347 1
3348 2
3349 3
3350 2
3351 4
3352 0
3353 1
3354 1
3355 4
3356 2
3357 2
3358 1
3359 0
3360 1
3361 1
3362 1
3363 2
3364 1
3365 1
3366 4
3367 1
3368 0
3369 0
3370 2
3371 4
3372 2
3373 2
3374 1
3375 1
3376 2
3377 1
3378 2
3379 2
3380 4
3381 1
3382 2
3383 3
3384 3
3385 2
3386 1
3387 0
3388 0
3389 4
3390 4
3391 1
3392 1
3393 2
3394 1
3395 1
3396 4
3397 2
3398 1
3399 0
3400 0
3401 1
3402 2
3403 1
3404 2
3405 4
3406 4
3407 1
3408 1
3409 0
3410 3
3411 1
3412 1
3413 3
3414 2
3415 2
3416 2
3417 2
3418 1
3419 2
3420 1
3421 3
3422 0
3423 1
3424 1
3425 2
3426 2
3427 1
3428 2
3429 2
3430 2
3431 1
3432 2
3433 4
3434 2
3435 1
3436 2
3437 4
3438 4
3439 4
3440 1
3441 1
3442 2
3443 4
3444 1
3445 1
3446 1
3447 0
3448 4
3449 1
3450 1
3451 2
3452 0
3453 4
3454 0
3455 2
3456 4
3457 2
3458 0
3459 1
3460 0
3461 2
3462 4
3463 4
3464 2
3465 1
3466 1
3467 1
3468 1
3469 4
3470 4
3471 1
3472 4
3473 1
3474 4
3475 2
3476 4
3477 4
3478 3
3479 0
3480 1
3481 0
3482 2
3483 0
3484 0
3485 1
3486 0
3487 0
3488 4
3489 1
3490 2
3491 1
3492 1
3493 1
3494 0
3495 2
3496 1
3497 2
3498 3
3499 2
3500 2
3501 4
3502 2
3503 2
3504 2
3505 2
3506 2
3507 2
3508 4
3509 3
3510 2
3511 4
3512 1
3513 0
3514 2
3515 2
3516 2
3517 3
3518 1
3519 4
3520 1
3521 2
3522 1
3523 2
3524 2
3525 1
3526 1
3527 2
3528 1
3529 4
3530 2
3531 2
3532 1
3533 0
3534 4
3535 1
3536 2
3537 2
3538 1
3539 1
3540 2
3541 2
3542 1
3543 4
3544 4
3545 1
3546 2
3547 3
3548 4
3549 1
3550 4
3551 1
3552 1
3553 4
3554 0
3555 4
3556 2
3557 1
3558 4
3559 1
3560 2
3561 1
3562 4
3563 1
3564 4
3565 4
3566 0
3567 0
3568 4
3569 0
3570 2
3571 3
3572 1
3573 4
3574 0
3575 4
3576 1
3577 1
3578 0
3579 4
3580 4
3581 4
3582 2
3583 3
3584 2
3585 2
3586 2
3587 2
3588 2
3589 1
3590 2
3591 3
3592 1
3593 1
3594 0
3595 0
3596 1
3597 4
3598 1
3599 1
3600 4
3601 4
3602 2
3603 1
3604 2
3605 1
3606 0
3607 2
3608 1
3609 1
3610 2
3611 4
3612 2
3613 1
3614 2
3615 2
3616 0
3617 0
3618 1
3619 4
3620 2
3621 0
3622 1
3623 2
3624 4
3625 4
3626 4
3627 4
3628 4
3629 4
3630 1
3631 2
3632 2
3633 2
3634 2
3635 4
3636 3
3637 2
3638 2
3639 3
3640 4
3641 1
3642 2
3643 2
3644 2
3645 3
3646 4
3647 4
3648 3
3649 1
3650 4
3651 4
3652 4
3653 1
3654 0
3655 1
3656 4
3657 1
3658 4
3659 1
3660 0
3661 1
3662 2
3663 4
3664 0
3665 1
3666 1
3667 2
3668 4
3669 3
3670 2
3671 4
3672 4
3673 1
3674 1
3675 4
3676 0
3677 2
3678 4
3679 1
3680 1
3681 2
3682 1
3683 1
3684 2
3685 1
3686 4
3687 1
3688 4
3689 4
3690 4
3691 3
3692 4
3693 0
3694 2
3695 1
3696 3
3697 1
3698 1
3699 2
3700 0
3701 3
3702 1
3703 2
3704 0
3705 2
3706 1
3707 1
3708 1
3709 4
3710 2
3711 4
3712 1
3713 1
3714 1
3715 3
3716 2
3717 1
3718 1
3719 2
3720 1
3721 1
3722 2
3723 4
3724 1
3725 3
3726 1
3727 1
3728 3
3729 4
3730 2
3731 2
3732 1
3733 1
3734 1
3735 1
3736 2
3737 2
3738 1
3739 3
3740 3
3741 2
3742 1
3743 4
3744 2
3745 4
3746 3
3747 2
3748 4
3749 1
3750 2
3751 1
3752 0
3753 4
3754 4
3755 4
3756 4
3757 1
3758 4
3759 1
3760 4
3761 0
3762 1
3763 4
3764 3
3765 4
3766 2
3767 1
3768 1
3769 4
3770 1
3771 1
3772 1
3773 3
3774 1
3775 1
3776 1
3777 4
3778 2
3779 2
3780 1
3781 4
3782 2
3783 2
3784 1
3785 4
3786 2
3787 4
3788 1
3789 2
3790 1
3791 1
3792 4
3793 4
3794 1
3795 0
3796 4
3797 3
3798 2
3799 1
3800 2
3801 1
3802 4
3803 2
3804 2
3805 1
3806 1
3807 4
3808 1
3809 4
3810 2
3811 4
3812 0
3813 4
3814 1
3815 1
3816 4
3817 1
3818 1
3819 0
3820 1
3821 4
3822 1
3823 4
3824 1
3825 0
3826 1
3827 4
3828 4
3829 2
3830 1
3831 1
3832 2
3833 1
3834 1
3835 4
3836 1
3837 1
3838 1
3839 1
3840 1
3841 4
3842 1
3843 2
3844 1
3845 4
3846 1
3847 3
3848 4
3849 1
3850 4
3851 1
3852 2
3853 1
3854 0
3855 1
3856 1
3857 4
3858 1
3859 2
3860 1
3861 2
3862 0
3863 4
3864 1
3865 0
3866 4
3867 2
3868 2
3869 1
3870 4
3871 1
3872 1
3873 0
3874 1
3875 2
3876 0
3877 0
3878 4
3879 1
3880 4
3881 2
3882 3
3883 1
3884 1
3885 2
3886 3
3887 2
3888 4
3889 1
3890 4
3891 0
3892 1
3893 1
3894 0
3895 3
3896 1
3897 0
3898 1
3899 4
3900 1
3901 2
3902 3
3903 4
3904 2
3905 4
3906 1
3907 0
3908 2
3909 4
3910 0
3911 0
3912 4
3913 2
3914 0
3915 1
3916 4
3917 4
3918 2
3919 2
3920 0
3921 1
3922 4
3923 3
3924 2
3925 0
3926 2
3927 1
3928 1
3929 1
3930 4
3931 4
3932 3
3933 4
3934 2
3935 4
3936 4
3937 2
3938 2
3939 3
3940 4
3941 1
3942 1
3943 2
3944 4
3945 4
3946 3
3947 0
3948 1
3949 4
3950 1
3951 1
3952 4
3953 1
3954 4
3955 0
3956 4
3957 4
3958 0
3959 0
3960 4
3961 4
3962 2
3963 4
3964 0
3965 4
3966 4
3967 4
3968 0
3969 4
3970 1
3971 1
3972 4
3973 4
3974 1
3975 3
3976 4
3977 2
3978 1
3979 1
3980 4
3981 4
3982 3
3983 4
3984 4
3985 1
3986 2
3987 0
3988 0
3989 4
3990 1
3991 1
3992 1
3993 4
3994 4
3995 4
3996 1
3997 1
3998 1
3999 1
4000 1
4001 4
4002 0
4003 0
4004 4
4005 1
4006 0
4007 1
4008 0
4009 4
4010 3
4011 4
4012 1
4013 4
4014 4
4015 4
4016 4
4017 0
4018 0
4019 4
4020 3
4021 1
4022 1
4023 4
4024 1
4025 1
4026 4
4027 4
4028 1
4029 4
4030 4
4031 2
4032 1
4033 1
4034 4
4035 4
4036 4
4037 1
4038 1
4039 4
4040 4
4041 1
4042 1
4043 4
4044 1
4045 4
4046 4
4047 2
4048 1
4049 3
4050 1
4051 1
4052 1
4053 4
4054 1
4055 4
4056 0
4057 4
4058 4
4059 4
4060 4
4061 4
4062 4
4063 4
4064 4
4065 4
4066 4
4067 1
4068 1
4069 0
4070 4
4071 2
4072 0
4073 4
4074 4
4075 4
4076 4
4077 1
4078 1
4079 1
4080 4
4081 2
4082 4
4083 2
4084 0
4085 4
4086 4
4087 1
4088 4
4089 4
4090 4
4091 0
4092 3
4093 1
4094 0
4095 0
4096 4
4097 0
4098 4
4099 2
4100 3
4101 1
4102 1
4103 1
4104 4
4105 2
4106 0
4107 4
4108 0
4109 1
4110 4
4111 4
4112 4
4113 4
4114 0
4115 4
4116 1
4117 2
4118 3
4119 4
4120 1
4121 4
4122 2
4123 0
4124 0
4125 4
4126 4
4127 1
4128 3
4129 0
4130 4
4131 1
4132 4
4133 0
4134 1
4135 1
4136 4
4137 4
4138 2
4139 2
4140 0
4141 0
4142 4
4143 1
4144 4
4145 1
4146 2
4147 2
4148 4
4149 4
4150 4
4151 1
4152 1
4153 2
4154 4
4155 1
4156 1
4157 1
4158 2
4159 1
4160 1
4161 1
4162 4
4163 4
4164 2
4165 2
4166 1
4167 4
4168 4
4169 1
4170 1
4171 1
4172 2
4173 0
4174 1
4175 4
4176 1
4177 1
4178 1
4179 1
4180 1
4181 4
4182 4
4183 1
4184 1
4185 2
4186 4
4187 1
4188 4
4189 4
4190 1
4191 4
4192 1
4193 4
4194 2
4195 2
4196 2
4197 1
4198 4
4199 2
4200 3
4201 4
4202 4
4203 4
4204 1
4205 4
4206 1
4207 4
4208 4
4209 1
4210 1
4211 1
4212 1
4213 1
4214 1
4215 1
4216 1
4217 1
4218 1
4219 1
4220 0
4221 1
4222 4
4223 0
4224 1
4225 4
4226 1
4227 4
4228 1
4229 4
4230 1
4231 1
4232 4
4233 1
4234 1
4235 1
4236 1
4237 1
4238 0
4239 1
4240 0
4241 1
4242 1
4243 1
4244 1
4245 1
4246 1
4247 4
4248 1
4249 1
4250 4
4251 1
4252 1
4253 1
4254 4
4255 1
4256 1
4257 1
4258 1
4259 1
4260 0
4261 1
4262 1
4263 2
4264 0
4265 1
4266 1
4267 0
4268 1
4269 1
4270 1
4271 1
4272 3
4273 1
4274 4
4275 1
4276 1
4277 1
4278 1
4279 7
4280 2
4281 4
4282 1
4283 1
4284 1
4285 1
4286 1
4287 1
4288 1
4289 2
4290 1
4291 1
4292 1
4293 4
4294 1
4295 1
4296 1
4297 1
4298 1
4299 1
4300 1
4301 4
4302 0
4303 4
4304 1
4305 1
4306 3
4307 4
4308 1
4309 1
4310 1
4311 1
4312 1
4313 1
4314 1
4315 1
4316 4
4317 1
4318 1
4319 1
4320 2
4321 1
4322 1
4323 1
4324 1
4325 1
4326 1
4327 1
4328 1
4329 1
4330 1
4331 1
4332 1
4333 1
4334 1
4335 1
4336 1
4337 1
4338 1
4339 2
4340 1
4341 0
4342 1
4343 1
4344 1
4345 1
4346 4
4347 1
4348 1
4349 4
4350 1
4351 1
4352 4
4353 4
4354 1
4355 0
4356 2
4357 1
4358 4
4359 1
4360 1
4361 2
4362 4
4363 4
4364 4
4365 4
4366 4
4367 2
4368 4
4369 4
4370 4
4371 4
4372 4
4373 4
4374 4
4375 4
4376 4
4377 4
4378 4
4379 4
4380 1
4381 4
4382 1
4383 1
4384 1
4385 1
4386 4
4387 2
4388 3
4389 2
4390 2
4391 4
4392 4
4393 4
4394 4
4395 2
4396 4
4397 0
4398 4
4399 1
4400 4
4401 4
4402 3
4403 1
4404 2
4405 4
4406 4
4407 4
4408 4
4409 4
4410 4
4411 4
4412 4
4413 4
4414 4
4415 1
4416 4
4417 4
4418 4
4419 1
4420 4
4421 1
4422 1
4423 1
4424 4
4425 4
4426 1
4427 4
4428 4
4429 3
4430 4
4431 1
4432 1
4433 4
4434 4
4435 1
4436 3
4437 4
4438 4
4439 1
4440 0
4441 4
4442 4
4443 4
4444 4
4445 4
4446 1
4447 4
4448 4
4449 2
4450 3
4451 2
4452 1
4453 1
4454 1
4455 1
4456 1
4457 1
4458 0
4459 4
4460 4
4461 4
4462 4
4463 4
4464 3
4465 2
4466 1
4467 1
4468 2
4469 4
4470 4
4471 4
4472 4
4473 4
4474 0
4475 4
4476 4
4477 4
4478 3
4479 4
4480 1
4481 4
4482 4
4483 4
4484 4
4485 0
4486 1
4487 4
4488 4
4489 1
4490 4
4491 1
4492 4
4493 4
4494 0
4495 4
4496 0
4497 0
4498 4
4499 4
4500 4
4501 4
4502 4
4503 4
4504 2
4505 1
4506 4
4507 1
4508 4
4509 1
4510 4
4511 1
4512 4
4513 4
4514 1
4515 2
4516 4
4517 1
4518 4
4519 1
4520 1
4521 4
4522 4
4523 1
4524 4
4525 4
4526 0
4527 4
4528 4
4529 4
4530 1
4531 1
4532 1
4533 2
4534 4
4535 2
4536 4
4537 4
4538 4
4539 4
4540 4
4541 1
4542 4
4543 4
4544 4
4545 4
4546 4
4547 1
4548 0
4549 4
4550 4
4551 0
4552 0
4553 0
4554 4
4555 0
4556 0
4557 4
4558 4
4559 4
4560 4
4561 4
4562 4
4563 4
4564 4
4565 4
4566 4
4567 2
4568 0
4569 4
4570 4
4571 2
4572 4
4573 4
4574 4
4575 4
4576 4
4577 1
4578 4
4579 4
4580 1
4581 4
4582 4
4583 4
4584 4
4585 1
4586 4
4587 1
4588 4
4589 4
4590 1
4591 0
4592 4
4593 1
4594 4
4595 0
4596 4
4597 1
4598 2
4599 4
4600 2
4601 4
4602 1
4603 1
4604 4
4605 4
4606 4
4607 4
4608 1
4609 4
4610 1
4611 4
4612 4
4613 1
4614 4
4615 2
4616 4
4617 4
4618 4
4619 4
4620 0
4621 4
4622 4
4623 4
4624 4
4625 4
4626 4
4627 4
4628 4
4629 1
4630 4
4631 4
4632 4
4633 4
4634 1
4635 1
4636 4
4637 1
4638 1
4639 2
4640 3
4641 3
4642 1
4643 0
4644 0
4645 2
4646 0
4647 2
4648 2
4649 2
4650 4
4651 0
4652 0
4653 2
4654 2
4655 2
4656 0
4657 3
4658 3
4659 1
4660 3
4661 3
4662 4
4663 3
4664 3
4665 3
4666 3
4667 3
4668 3
4669 3
4670 4
4671 4
4672 4
4673 2
4674 0
4675 3
4676 3
4677 3
4678 1
4679 0
4680 2
4681 3
4682 3
4683 3
4684 4
4685 4
4686 4
4687 3
4688 1
4689 1
4690 4
4691 4
4692 0
4693 3
4694 2
4695 4
4696 0
4697 4
4698 1
4699 0
4700 1
4701 0
4702 1
4703 4
4704 4
4705 4
4706 4
4707 4
4708 4
4709 4
4710 4
4711 0
4712 0
4713 1
4714 4
4715 4
4716 4
4717 4
4718 1
4719 1
4720 1
4721 1
4722 4
4723 4
4724 4
4725 4
4726 3
4727 4
4728 4
4729 4
4730 1
4731 1
4732 1
4733 1
4734 1
4735 4
4736 0
4737 4
4738 3
4739 4
4740 1
4741 1
4742 1
4743 1
4744 4
4745 4
4746 4
4747 4
4748 4
4749 4
4750 4
4751 4
4752 4
4753 0
4754 4
4755 4
4756 4
4757 1
4758 1
4759 1
4760 4
4761 1
4762 4
4763 4
4764 2
4765 3
4766 4
4767 4
4768 4
4769 4
4770 1
4771 1
4772 4
4773 4
4774 1
4775 1
4776 4
4777 1
4778 1
4779 2
4780 4
4781 1
4782 1
4783 1
4784 2
4785 1
4786 4
4787 1
4788 1
4789 1
4790 4
4791 4
4792 4
4793 1
4794 4
4795 1
4796 4
4797 3
4798 4
4799 0
4800 3
4801 2
4802 1
4803 3
4804 3
4805 3
4806 3
4807 3
4808 1
4809 1
4810 1
4811 4
4812 4
4813 4
4814 0
4815 1
4816 1
4817 4
4818 4
4819 4
4820 1
4821 4
4822 1
4823 1
4824 1
4825 4
4826 1
4827 1
4828 1
4829 1
4830 4
4831 4
4832 4
4833 1
4834 2
4835 4
4836 4
4837 4
4838 1
4839 1
4840 1
4841 1
4842 0
4843 1
4844 1
4845 4
4846 4
4847 2
4848 4
4849 4
4850 3
4851 4
4852 1
4853 4
4854 1
4855 0
4856 1
4857 1
4858 1
4859 1
4860 4
4861 1
4862 0
4863 2
4864 1
4865 1
4866 1
4867 1
4868 4
4869 1
4870 4
4871 1
4872 4
4873 0
4874 1
4875 4
4876 4
4877 4
4878 4
4879 1
4880 1
4881 1
4882 1
4883 4
4884 1
4885 4
4886 4
4887 1
4888 1
4889 1
4890 1
4891 1
4892 1
4893 1
4894 1
4895 4
4896 1
4897 1
4898 1
4899 1
4900 1
4901 1
4902 1
4903 1
4904 1
4905 1
4906 1
4907 1
4908 4
4909 1
4910 1
4911 1
4912 1
4913 1
4914 1
4915 1
4916 1
4917 1
4918 1
4919 1
4920 1
4921 1
4922 1
4923 1
4924 1
4925 1
4926 1
4927 4
4928 1
4929 4
4930 1
4931 1
4932 1
4933 1
4934 2
4935 4
4936 1
4937 4
4938 1
4939 2
4940 0
4941 2
4942 2
4943 4
4944 1
4945 4
4946 2
4947 2
4948 4
4949 4
4950 1
4951 3
4952 4
4953 1
4954 1
4955 4
4956 1
4957 1
4958 0
4959 3
4960 1
4961 0
4962 4
4963 1
4964 4
4965 1
4966 4
4967 0
4968 0
4969 4
4970 1
4971 1
4972 4
4973 4
4974 2
4975 2
4976 0
4977 0
4978 1
4979 4
4980 0
4981 4
4982 4
4983 4
4984 4
4985 1
4986 3
4987 1
4988 4
4989 4
4990 4
4991 4
4992 1
4993 1
4994 1
4995 1
4996 0
4997 4
4998 4
4999 1
5000 4
5001 0
5002 4
5003 4
5004 4
5005 2
5006 0
5007 0
5008 1
5009 1
5010 4
5011 4
5012 1
5013 0
5014 0
5015 4
5016 4
5017 1
5018 0
5019 1
5020 1
5021 4
5022 1
5023 1
5024 1
5025 1
5026 1
5027 4
5028 4
5029 4
5030 4
5031 4
5032 4
5033 0
5034 1
5035 1
5036 4
5037 4
5038 4
5039 4
5040 4
5041 4
5042 3
5043 4
5044 2
5045 4
5046 0
5047 1
5048 2
5049 2
5050 1
5051 0
5052 0
5053 4
5054 4
5055 0
5056 4
5057 1
5058 4
5059 4
5060 4
5061 0
5062 1
5063 0
5064 4
5065 0
5066 1
5067 0
5068 4
5069 4
5070 0
5071 0
5072 0
5073 4
5074 0
5075 4
5076 4
5077 4
5078 0
5079 0
5080 0
5081 0
5082 0
5083 0
5084 3
5085 1
5086 4
5087 1
5088 1
5089 1
5090 4
5091 0
5092 4
5093 3
5094 1
5095 1
5096 3
5097 4
5098 1
5099 4
5100 4
5101 1
5102 4
5103 1
5104 4
5105 0
5106 4
5107 4
5108 4
5109 4
5110 0
5111 1
5112 0
5113 0
5114 0
5115 1
5116 2
5117 0
5118 1
5119 1
5120 4
5121 0
5122 0
5123 1
5124 0
5125 0
5126 4
5127 1
5128 1
5129 4
5130 4
5131 0
5132 0
5133 4
5134 0
5135 1
5136 0
5137 3
5138 1
5139 4
5140 2
5141 4
5142 4
5143 4
5144 1
5145 4
5146 4
5147 4
5148 1
5149 4
5150 1
5151 4
5152 4
5153 4
5154 1
5155 4
5156 1
5157 1
5158 1
5159 1
5160 1
5161 1
5162 1
5163 4
5164 1
5165 1
5166 1
5167 1
5168 1
5169 1
5170 1
5171 4
5172 0
5173 1
5174 4
5175 4
5176 4
5177 3
5178 4
5179 3
5180 0
5181 0
5182 0
5183 4
5184 4
5185 4
5186 0
5187 2
5188 4
5189 2
5190 2
5191 2
5192 4
5193 1
5194 4
5195 4
5196 1
5197 1
5198 1
5199 0
5200 4
5201 4
5202 4
5203 4
5204 0
5205 1
5206 3
5207 2
5208 1
5209 4
5210 0
5211 0
5212 1
5213 3
5214 4
5215 4
5216 2
5217 3
5218 1
5219 4
5220 1
5221 1
5222 1
5223 1
5224 2
5225 0
5226 0
5227 0
5228 2
5229 1
5230 4
5231 1
5232 0
5233 4
5234 4
5235 4
5236 1
5237 4
5238 1
5239 0
5240 4
5241 0
5242 4
5243 1
5244 4
5245 1
5246 1
5247 1
5248 2
5249 4
5250 3
5251 0
5252 1
5253 0
5254 4
5255 4
5256 1
5257 1
5258 1
5259 4
5260 2
5261 1
5262 1
5263 4
5264 1
5265 1
5266 1
5267 1
5268 2
5269 1
5270 0
5271 2
5272 1
5273 1
5274 0
5275 1
5276 1
5277 1
5278 2
5279 1
5280 1
5281 1
5282 1
5283 1
5284 4
5285 4
5286 4
5287 1
5288 2
5289 1
5290 2
5291 1
5292 4
5293 4
5294 2
5295 4
5296 2
5297 0
5298 4
5299 1
5300 1
5301 1
5302 4
5303 1
5304 1
5305 3
5306 2
5307 1
5308 1
5309 4
5310 4
5311 2
5312 1
5313 4
5314 4
5315 4
5316 4
5317 4
5318 0
5319 4
5320 4
5321 4
5322 1
5323 4
5324 1
5325 4
5326 0
5327 4
5328 1
5329 4
5330 4
5331 4
5332 4
5333 4
5334 4
5335 4
5336 4
5337 4
5338 1
5339 0
5340 4
5341 1
5342 4
5343 3
5344 3
5345 2
5346 4
5347 3
5348 1
5349 4
5350 1
5351 1
5352 2
5353 4
5354 1
5355 0
5356 2
5357 0
5358 4
5359 1
5360 3
5361 1
5362 1
5363 1
5364 1
5365 4
5366 4
5367 1
5368 1
5369 2
5370 4
5371 1
5372 4
5373 0
5374 4
5375 1
5376 3
5377 1
5378 0
5379 4
5380 1
5381 1
5382 4
5383 4
5384 1
5385 4
5386 4
5387 4
5388 4
5389 4
5390 4
5391 1
5392 4
5393 4
5394 1
5395 1
5396 4
5397 4
5398 4
5399 4
5400 1
5401 1
5402 4
5403 1
5404 0
5405 0
5406 4
5407 4
5408 4
5409 0
5410 4
5411 4
5412 4
5413 4
5414 0
5415 4
5416 4
5417 2
5418 4
5419 4
5420 4
5421 4
5422 4
5423 2
5424 4
5425 4
5426 4
5427 0
5428 4
5429 4
5430 2
5431 4
5432 2
5433 1
5434 1
5435 1
5436 1
5437 3
5438 2
5439 4
5440 2
5441 4
5442 4
5443 1
5444 3
5445 1
5446 1
5447 4
5448 4
5449 1
5450 4
5451 2
5452 4
5453 0
5454 4
5455 4
5456 4
5457 4
5458 4
5459 4
5460 1
5461 4
5462 4
5463 4
5464 4
5465 4
5466 0
5467 2
5468 1
5469 4
5470 4
5471 4
5472 4
5473 4
5474 4
5475 0
5476 2
5477 1
5478 1
5479 4
5480 4
5481 1
5482 4
5483 1
5484 3
5485 2
5486 3
5487 4
5488 4
5489 4
5490 4
5491 4
5492 4
5493 1
5494 0
5495 1
5496 1
5497 4
5498 1
5499 4
5500 1
5501 4
5502 4
5503 1
5504 4
5505 4
5506 4
5507 1
5508 1
5509 1
5510 1
5511 4
5512 4
5513 0
5514 1
5515 0
5516 1
5517 1
5518 4
5519 1
5520 4
5521 4
5522 0
5523 0
5524 0
5525 0
5526 0
5527 0
5528 4
5529 2
5530 2
5531 0
5532 1
5533 0
5534 0
5535 0
5536 0
5537 4
5538 0
5539 0
5540 4
5541 0
5542 0
5543 1
5544 0
5545 4
5546 4
5547 4
5548 1
5549 4
5550 4
5551 4
5552 1
5553 1
5554 1
5555 4
5556 4
5557 1
5558 1
5559 1
5560 4
5561 4
5562 4
5563 1
5564 4
5565 1
5566 0
5567 4
5568 4
5569 4
5570 4
5571 4
5572 4
5573 4
5574 1
5575 4
5576 1
5577 4
5578 1
5579 0
5580 0
5581 2
5582 2
5583 0
5584 1
5585 1
5586 4
5587 4
5588 0
5589 4
5590 1
5591 4
5592 2
5593 1
5594 1
5595 1
5596 4
5597 1
5598 4
5599 2
5600 1
5601 1
5602 1
5603 0
5604 1
5605 4
5606 4
5607 1
5608 4
5609 2
5610 0
5611 1
5612 1
5613 1
5614 1
5615 1
5616 1
5617 0
5618 1
5619 4
5620 1
5621 4
5622 1
5623 4
5624 1
5625 1
5626 1
5627 1
5628 3
5629 1
5630 4
5631 1
5632 1
5633 2
5634 4
5635 1
5636 1
5637 2
5638 1
5639 1
5640 4
5641 4
5642 2
5643 1
5644 4
5645 1
5646 1
5647 1
5648 1
5649 1
5650 1
5651 1
5652 2
5653 0
5654 3
5655 1
5656 4
5657 1
5658 4
5659 1
5660 1
5661 1
5662 1
5663 1
5664 4
5665 1
5666 1
5667 1
5668 1
5669 1
5670 0
5671 1
5672 0
5673 4
5674 1
5675 1
5676 3
5677 4
5678 4
5679 4
5680 1
5681 1
5682 0
5683 1
5684 0
5685 1
5686 1
5687 1
5688 4
5689 1
5690 1
5691 4
5692 1
5693 1
5694 4
5695 4
5696 4
5697 0
5698 1
5699 4
5700 0
5701 4
5702 4
5703 1
5704 4
5705 0
5706 1
5707 4
5708 1
5709 1
5710 4
5711 1
5712 4
5713 2
5714 1
5715 1
5716 4
5717 1
5718 1
5719 1
5720 4
5721 4
5722 4
5723 1
5724 4
5725 1
5726 1
5727 4
5728 4
5729 1
5730 4
5731 1
5732 4
5733 1
5734 1
5735 1
5736 0
5737 4
5738 2
5739 1
5740 4
5741 1
5742 1
5743 1
5744 2
5745 2
5746 0
5747 0
5748 1
5749 1
5750 1
5751 0
5752 0
5753 0
5754 1
5755 0
5756 1
5757 1
5758 2
5759 1
5760 1
5761 2
5762 1
5763 4
5764 4
5765 1
5766 4
5767 2
5768 0
5769 4
5770 1
5771 3
5772 1
5773 1
5774 1
5775 1
5776 1
5777 1
5778 1
5779 3
5780 4
5781 4
5782 4
5783 1
5784 1
5785 1
5786 1
5787 4
5788 1
5789 1
5790 4
5791 1
5792 1
5793 1
5794 0
5795 4
5796 4
5797 4
5798 1
5799 1
5800 1
5801 1
5802 1
5803 4
5804 1
5805 1
5806 1
5807 4
5808 1
5809 4
5810 1
5811 4
5812 1
5813 1
5814 0
5815 0
5816 1
5817 1
5818 1
5819 1
5820 1
5821 1
5822 0
5823 1
5824 4
5825 1
5826 4
5827 4
5828 4
5829 1
5830 4
5831 4
5832 1
5833 4
5834 0
5835 4
5836 0
5837 0
5838 1
5839 1
5840 1
5841 0
5842 4
5843 1
5844 4
5845 4
5846 2
5847 1
5848 1
5849 1
5850 0
5851 4
5852 1
5853 4
5854 2
5855 4
5856 0
5857 4
5858 1
5859 4
5860 1
5861 1
5862 1
5863 1
5864 4
5865 4
5866 0
5867 1
5868 4
5869 0
5870 4
5871 1
5872 1
5873 1
5874 4
5875 0
5876 1
5877 4
5878 4
5879 4
5880 1
5881 1
5882 0
5883 4
5884 4
5885 1
5886 4
5887 2
5888 1
5889 1
5890 4
5891 1
5892 4
5893 4
5894 1
5895 4
5896 4
5897 4
5898 4
5899 4
5900 4
5901 4
5902 4
5903 4
5904 4
5905 4
5906 0
5907 4
5908 4
5909 4
5910 4
5911 0
5912 4
5913 4
5914 4
5915 4
5916 2
5917 1
5918 1
5919 4
5920 4
5921 4
5922 1
5923 4
5924 1
5925 2
5926 4
5927 0
5928 4
5929 0
5930 4
5931 4
5932 1
5933 2
5934 4
5935 4
5936 4
5937 4
5938 4
5939 2
5940 4
5941 1
5942 4
5943 4
5944 1
5945 0
5946 4
5947 4
5948 4
5949 4
5950 0
5951 4
5952 4
5953 4
5954 0
5955 4
5956 0
5957 4
5958 4
5959 4
5960 0
5961 4
5962 0
5963 4
5964 4
5965 4
5966 0
5967 4
5968 2
5969 2
5970 1
5971 0
5972 1
5973 1
5974 1
5975 2
5976 1
5977 1
5978 1
5979 2
5980 1
5981 4
5982 0
5983 4
5984 1
5985 1
5986 4
5987 4
5988 0
5989 4
5990 4
5991 4
5992 1
5993 2
5994 4
5995 1
5996 4
5997 4
5998 4
5999 1
6000 0
6001 4
6002 4
6003 4
6004 4
6005 4
6006 4
6007 4
6008 4
6009 1
6010 4
6011 4
6012 4
6013 0
6014 4
6015 4
6016 0
6017 0
6018 4
6019 1
6020 0
6021 0
6022 0
6023 1
6024 1
6025 0
6026 0
6027 0
6028 2
6029 4
6030 3
6031 1
6032 0
6033 4
6034 1
6035 0
6036 0
6037 0
6038 4
6039 1
6040 1
6041 4
6042 4
6043 1
6044 1
6045 1
6046 1
6047 1
6048 1
6049 1
6050 1
6051 1
6052 1
6053 1
6054 1
6055 1
6056 4
6057 1
6058 1
6059 3
6060 1
6061 3
6062 3
6063 3
6064 3
6065 4
6066 4
6067 4
6068 4
6069 4
6070 1
6071 4
6072 2
6073 0
6074 0
6075 0
6076 0
6077 0
6078 4
6079 4
6080 1
6081 1
6082 1
6083 1
6084 1
6085 1
6086 1
6087 0
6088 4
6089 4
6090 1
6091 1
6092 4
6093 4
6094 4
6095 4
6096 4
6097 4
6098 4
6099 0
6100 4
6101 4
6102 1
6103 4
6104 1
6105 1
6106 1
6107 1
6108 1
6109 1
6110 1
6111 1
6112 1
6113 4
6114 1
6115 2
6116 2
6117 2
6118 0
6119 1
6120 1
6121 4
6122 2
6123 2
6124 0
6125 4
6126 4
6127 4
6128 4
6129 4
6130 4
6131 4
6132 4
6133 4
6134 4
6135 4
6136 4
6137 4
6138 4
6139 4
6140 4
6141 4
6142 4
6143 4
6144 4
6145 1
6146 1
6147 4
6148 1
6149 1
6150 1
6151 4
6152 4
6153 1
6154 1
6155 1
6156 2
6157 1
6158 1
6159 1
6160 1
6161 4
6162 4
6163 1
6164 1
6165 4
6166 1
6167 1
6168 1
6169 4
6170 1
6171 1
6172 4
6173 1
6174 4
6175 4
6176 4
6177 4
6178 4
6179 4
6180 0
6181 0
6182 4
6183 4
6184 5
6185 5
6186 4
6187 4
6188 4
6189 4
6190 4
6191 4
6192 4
6193 4
6194 1
6195 0
6196 4
6197 4
6198 4
6199 2
6200 4
6201 4
6202 4
6203 4
6204 4
6205 4
6206 0
6207 0
6208 0
6209 4
6210 6
6211 6
6212 6
6213 1
6214 4
6215 1
6216 1
6217 2
6218 1
6219 2
6220 1
6221 1
6222 4
6223 0
6224 4
6225 4
6226 4
6227 4
6228 4
6229 4
6230 4
6231 2
6232 2
6233 7
6234 1
6235 1
6236 0
6237 1
6238 2
6239 1
6240 4
6241 0
6242 0
6243 1
6244 4
6245 4
6246 4
6247 2
6248 1
6249 4
6250 4
6251 4
6252 4
6253 4
6254 4
6255 4
6256 1
6257 2
6258 1
6259 4
6260 4
6261 1
6262 0
6263 4
6264 1
6265 1
6266 1
6267 1
6268 1
6269 1
6270 1
6271 1
6272 0
6273 4
6274 1
6275 2
6276 4
6277 1
6278 4
6279 0
6280 1
6281 3
6282 1
6283 0
6284 2
6285 0
6286 0
6287 0
6288 1
6289 1
6290 1
6291 4
6292 1
6293 1
6294 1
6295 1
6296 1
6297 1
6298 1
6299 1
6300 1
6301 1
6302 4
6303 0
6304 1
6305 3
6306 4
6307 4
6308 1
6309 2
6310 0
6311 1
6312 1
6313 1
6314 4
6315 4
6316 1
6317 1
6318 4
6319 1
6320 1
6321 4
6322 1
6323 1
6324 4
6325 1
6326 1
6327 1
6328 4
6329 1
6330 1
6331 4
6332 1
6333 2
6334 1
6335 1
6336 2
6337 1
6338 1
6339 1
6340 1
6341 1
6342 1
6343 1
6344 0
6345 2
6346 4
6347 4
6348 1
6349 1
6350 0
6351 1
6352 0
6353 1
6354 1
6355 1
6356 1
6357 0
6358 1
6359 1
6360 1
6361 1
6362 4
6363 1
6364 1
6365 1
6366 1
6367 1
6368 1
6369 1
6370 1
6371 1
6372 4
6373 1
6374 1
6375 1
6376 1
6377 2
6378 4
6379 1
6380 1
6381 0
6382 1
6383 1
6384 1
6385 4
6386 1
6387 4
6388 1
6389 1
6390 1
6391 1
6392 0
6393 4
6394 1
6395 1
6396 1
6397 1
6398 4
6399 1
6400 1
6401 1
6402 1
6403 1
6404 1
6405 2
6406 1
6407 1
6408 2
6409 1
6410 4
6411 1
6412 1
6413 1
6414 2
6415 1
6416 1
6417 1
6418 1
6419 1
6420 1
6421 4
6422 1
6423 1
6424 1
6425 1
6426 1
6427 4
6428 1
6429 1
6430 0
6431 0
6432 1
6433 4
6434 2
6435 1
6436 1
6437 1
6438 1
6439 0
6440 1
6441 4
6442 4
6443 2
6444 1
6445 2
6446 0
6447 4
6448 4
6449 2
6450 4
6451 4
6452 1
6453 4
6454 4
6455 4
6456 4
6457 4
6458 0
6459 0
6460 0
6461 0
6462 0
6463 0
6464 0
6465 4
6466 1
6467 4
6468 1
6469 0
6470 1
6471 2
6472 1
6473 4
6474 0
6475 1
6476 4
6477 1
6478 1
6479 0
6480 4
6481 1
6482 1
6483 0
6484 0
6485 1
6486 4
6487 4
6488 0
6489 1
6490 1
6491 4
6492 4
6493 0
6494 0
6495 0
6496 4
6497 0
6498 0
6499 2
6500 0
6501 0
6502 0
6503 2
6504 4
6505 4
6506 1
6507 0
6508 4
6509 4
6510 4
6511 0
6512 0
6513 0
6514 0
6515 0
6516 0
6517 4
6518 4
6519 4
6520 4
6521 4
6522 1
6523 4
6524 4
6525 4
6526 4
6527 2
6528 1
6529 4
6530 0
6531 0
6532 0
6533 0
6534 4
6535 4
6536 2
6537 4
6538 4
6539 4
6540 4
6541 4
6542 1
6543 4
6544 4
6545 4
6546 4
6547 4
6548 4
6549 4
6550 4
6551 4
6552 4
6553 4
6554 4
6555 4
6556 4
6557 4
6558 4
6559 4
6560 4
6561 4
6562 4
6563 4
6564 0
6565 2
6566 1
6567 0
6568 4
6569 4
6570 1
6571 1
6572 1
6573 4
6574 4
6575 4
6576 4
6577 4
6578 4
6579 2
6580 0
6581 0
6582 1
6583 1
6584 0
6585 0
6586 2
6587 1
6588 1
6589 1
6590 0
6591 1
6592 0
6593 3
6594 0
6595 4
6596 1
6597 1
6598 1
6599 0
6600 1
6601 1
6602 1
6603 1
6604 1
6605 1
6606 1
6607 1
6608 4
6609 1
6610 0
6611 2
6612 4
6613 0
6614 4
6615 4
6616 0
6617 0
6618 0
6619 4
6620 4
6621 4
6622 4
6623 4
6624 4
6625 4
6626 2
6627 4
6628 1
6629 4
6630 8
6631 8
6632 1
6633 2
6634 0
6635 4
6636 4
6637 0
6638 4
6639 9
6640 9
6641 9
6642 9
6643 2
6644 4
6645 2
6646 4
6647 2
6648 4
6649 1
6650 1
6651 1
6652 1
6653 1
6654 1
6655 1
6656 1
6657 0
6658 1
6659 1
6660 4
6661 4
6662 2
6663 2
6664 4
6665 4
6666 0
6667 2
6668 0
6669 0
6670 2
6671 0
6672 4
6673 4
6674 4
6675 1
6676 4
6677 4
6678 4
6679 4
6680 4
6681 2
6682 0
6683 0
6684 0
6685 4
6686 0
6687 0
6688 1
6689 4
6690 1
6691 4
6692 0
6693 0
6694 0
6695 4
6696 0
6697 4
6698 4
6699 0
6700 0
6701 4
6702 4
6703 0
6704 0
6705 1
6706 4
6707 4
6708 4
6709 1
6710 2
6711 0
6712 0
6713 4
6714 0
6715 1
6716 4
6717 1
6718 1
6719 1
6720 1
6721 4
6722 1
6723 1
6724 1
6725 1
6726 4
6727 4
6728 1
6729 4
6730 4
6731 1
6732 3
6733 4
6734 0
6735 1
6736 0
6737 4
6738 3
6739 2
6740 2
6741 1
6742 2
6743 0
6744 2
6745 0
6746 4
6747 4
6748 1
6749 4
6750 4
6751 0
6752 1
6753 2
6754 1
6755 1
6756 3
6757 2
6758 0
6759 0
6760 4
6761 4
6762 0
6763 4
6764 4
6765 4
6766 4
6767 4
6768 1
6769 0
6770 0
6771 0
6772 4
6773 4
6774 1
6775 1
6776 0
6777 1
6778 4
6779 4
6780 4
6781 4
6782 4
6783 4
6784 4
6785 4
6786 4
6787 1
6788 4
6789 2
6790 2
6791 2
6792 2
6793 2
6794 2
6795 2
6796 2
6797 2
6798 2
6799 2
6800 1
6801 2
6802 2
6803 0
6804 0
6805 1
6806 1
6807 1
6808 1
6809 1
6810 1
6811 1
6812 1
6813 1
6814 1
6815 7
6816 7
6817 3
6818 0
6819 4
6820 0
6821 4
6822 2
6823 2
6824 2
6825 0
6826 0
6827 0
6828 1
6829 0
6830 0
6831 0
6832 0
6833 2
6834 0
6835 0
6836 0
6837 4
6838 0
6839 0
6840 4
6841 4
6842 4
6843 2
6844 4
6845 0
6846 0
6847 4
6848 1
6849 1
6850 1
6851 1
6852 4
6853 4
6854 1
6855 1
6856 1
6857 1
6858 1
6859 1
6860 1
6861 1
6862 1
6863 0
6864 3
6865 4
6866 4
6867 4
6868 4
6869 4
6870 4
6871 4
6872 4
6873 0
6874 0
6875 0
6876 0
6877 0
6878 1
6879 1
6880 0
6881 1
6882 0
6883 1
6884 1
6885 0
6886 0
6887 0
6888 3
6889 4
6890 1
6891 1
6892 0
6893 0
6894 0
6895 4
6896 4
6897 4
6898 1
6899 4
6900 4
6901 4
6902 4
6903 1
6904 4
6905 4
6906 4
6907 0
6908 4
6909 4
6910 4
6911 4
6912 4
6913 4
6914 4
6915 4
6916 4
6917 4
6918 4
6919 4
6920 4
6921 4
6922 4
6923 4
6924 4
6925 4
6926 4
6927 4
6928 4
6929 0
6930 4
6931 4
6932 4
6933 4
6934 4
6935 4
6936 4
6937 4
6938 4
6939 4
6940 2
6941 4
6942 4
6943 4
6944 4
6945 4
6946 4
6947 4
6948 4
6949 4
6950 4
6951 4
6952 4
6953 4
6954 4
6955 4
6956 4
6957 4
6958 4
6959 4
6960 4
6961 4
6962 4
6963 4
6964 4
6965 4
6966 4
6967 4
6968 1
6969 4
6970 1
6971 1
6972 1
6973 1
6974 1
6975 4
6976 4
6977 4
6978 4
6979 2
6980 1
6981 0
6982 0
6983 0
6984 0
6985 0
6986 0
6987 0
6988 0
6989 2
6990 0
6991 0
6992 0
6993 0
6994 0
6995 0
6996 2
6997 0
6998 4
6999 0
7000 2
7001 2
7002 2
7003 2
7004 2
7005 2
7006 2
7007 2
7008 2
7009 2
7010 10
7011 11
7012 10
7013 10
7014 4
7015 0
7016 0
7017 4
7018 4
7019 1
7020 4
7021 4
7022 4
7023 4
7024 4
7025 4
7026 0
7027 4
7028 4
7029 4
7030 4
7031 4
7032 4
7033 4
7034 0
7035 2
7036 4
7037 4
7038 4
7039 4
7040 2
7041 2
7042 2
7043 2
7044 2
7045 2
7046 2
7047 2
7048 4
7049 2
7050 2
7051 2
7052 1
7053 1
7054 0
7055 1
7056 1
7057 4
7058 4
7059 4
7060 4
7061 0
7062 0
7063 0
7064 0
7065 1
7066 2
7067 1
7068 4
7069 4
7070 4
7071 1
7072 2
7073 2
7074 4
7075 2
7076 4
7077 4
7078 4
7079 4
7080 3
7081 4
7082 2
7083 0
7084 1
7085 4
7086 4
7087 4
7088 4
7089 4
7090 4
7091 1
7092 0
7093 0
7094 4
7095 2
7096 1
7097 1
7098 4
7099 4
7100 4
7101 4
7102 4
7103 4
7104 1
7105 2
7106 0
7107 0
7108 0
7109 0
7110 0
7111 0
7112 1
7113 1
7114 11
7115 1
7116 1
7117 2
7118 0
7119 0
7120 0
7121 0
7122 2
7123 2
7124 2
7125 2
7126 2
7127 4
7128 4
7129 2
7130 2
7131 1
7132 1
7133 0
7134 4
7135 0
7136 0
7137 2
7138 2
7139 1
7140 1
7141 1
7142 0
7143 0
7144 2
7145 0
7146 0
7147 0
7148 4
7149 0
7150 1
7151 1
7152 1
7153 1
7154 1
7155 1
7156 1
7157 1
7158 1
7159 1
7160 1
7161 1
7162 1
7163 1
7164 1
7165 1
7166 1
7167 4
7168 3
7169 4
7170 4
7171 4
7172 1
7173 1
7174 0
7175 4
7176 0
7177 4
7178 0
7179 0
7180 0
7181 0
7182 4
7183 3
7184 3
7185 1
7186 0
7187 0
7188 0
7189 0
7190 1
7191 1
7192 1
7193 2
7194 4
7195 0
7196 4
7197 4
7198 0
7199 4
7200 4
7201 4
7202 4
7203 4
7204 4
7205 0
7206 0
7207 0
7208 2
7209 2
7210 2
7211 2
7212 2
7213 0
7214 0
7215 0
7216 3
7217 3
7218 0
7219 0
7220 0
7221 1
7222 0
7223 0
7224 0
7225 4
7226 4
7227 4
7228 4
7229 4
7230 4
7231 4
7232 4
7233 1
7234 4
7235 4
7236 4
7237 4
7238 4
7239 1
7240 1
7241 0
7242 2
7243 2
7244 4
7245 2
7246 2
7247 2
7248 2
0 3
1 1
2 0
3 4
4 5
5 1
6 2
7 3
8 5
9 5
10 5
11 5
0 0
1 1
2 2
3 3
4 4
5 5
1e-06 0.123128 98
