0 1
1 1
2 2
3 0
4 3
5 0
6 3
7 0
8 0
9 3
10 0
11 0
12 0
13 1
14 0
15 0
16 3
17 1
18 2
19 2
20 0
21 2
22 2
23 1
24 0
25 0
26 0
27 1
28 3
29 3
30 2
31 0
32 0
33 3
34 3
35 0
36 0
37 3
38 0
39 0
40 0
41 3
42 3
43 0
44 3
45 2
46 2
47 0
48 1
49 3
50 0
51 3
52 0
53 0
54 0
55 3
56 1
57 1
58 0
59 0
60 0
61 1
62 3
63 2
64 2
65 2
66 0
67 3
68 3
69 0
70 0
71 0
72 0
73 0
74 2
75 0
76 0
77 1
78 0
79 0
80 1
81 0
82 0
83 2
84 3
85 1
86 0
87 2
88 1
89 1
90 0
91 0
92 0
93 0
94 3
95 3
96 0
97 3
98 0
99 1
100 3
101 3
102 3
103 2
104 3
105 0
106 3
107 1
108 0
109 3
110 0
111 0
112 0
113 2
114 3
115 1
116 0
117 3
118 1
119 1
120 0
121 3
122 3
123 1
124 3
125 2
126 0
127 3
128 0
129 1
130 3
131 3
132 3
133 3
134 0
135 3
136 3
137 0
138 0
139 0
140 1
141 3
142 1
143 3
144 3
145 3
146 3
147 3
148 2
149 1
150 0
151 0
152 2
153 0
154 2
155 0
156 1
157 0
158 0
159 0
160 3
161 3
162 3
163 2
164 2
165 2
166 0
167 1
168 0
169 1
170 2
171 3
172 0
173 1
174 1
175 1
176 0
177 3
178 2
179 2
180 2
181 3
182 0
183 3
184 2
185 1
186 3
187 1
188 1
189 1
190 0
191 0
192 3
193 1
194 0
195 0
196 2
197 2
198 0
199 1
200 2
201 0
202 0
203 2
204 0
205 1
206 1
207 0
208 0
209 0
210 1
211 3
212 2
213 0
214 0
215 2
216 1
217 3
218 0
219 1
220 1
221 2
222 2
223 0
224 0
225 2
226 0
227 0
228 3
229 0
230 0
231 3
232 0
233 1
234 1
235 0
236 0
237 0
238 1
239 3
240 2
241 2
242 3
243 3
244 3
245 0
246 3
247 2
248 2
249 3
250 3
251 1
252 1
253 0
254 0
255 0
256 1
257 1
258 1
259 0
260 1
261 2
262 0
263 2
264 0
265 3
266 3
267 3
268 0
269 1
270 3
271 2
272 0
273 2
274 0
275 3
276 0
277 0
278 0
279 2
280 0
281 2
282 3
283 0
284 3
285 1
286 0
287 0
288 0
289 0
290 0
291 1
292 2
293 0
294 0
295 1
296 0
297 0
298 1
299 3
300 0
301 0
302 0
303 0
304 1
305 0
306 3
307 0
308 0
309 3
310 0
311 0
312 0
313 0
314 1
315 0
316 0
317 0
318 0
319 3
320 2
321 0
322 1
323 0
324 1
325 1
326 1
327 1
328 0
329 1
330 3
331 0
332 1
333 3
334 0
335 1
336 0
337 1
338 2
339 0
340 1
341 3
342 3
343 0
344 0
345 0
346 3
347 0
348 0
349 1
350 1
351 0
352 3
353 2
354 3
355 0
356 3
357 1
358 0
359 0
360 1
361 1
362 0
363 3
364 0
365 0
366 1
367 2
368 1
369 2
370 1
371 0
372 3
373 0
374 0
375 0
376 1
377 0
378 1
379 0
380 3
381 1
382 0
383 0
384 3
385 1
386 2
387 0
388 0
389 1
390 1
391 3
392 0
393 0
394 3
395 0
396 1
397 1
398 1
399 0
400 0
401 1
402 0
403 3
404 3
405 3
406 0
407 3
408 1
409 2
410 3
411 0
412 0
413 2
414 0
415 0
416 3
417 0
418 1
419 2
420 2
421 0
422 0
423 1
424 0
425 0
426 0
427 0
428 0
429 1
430 0
431 2
432 1
433 3
434 0
435 0
436 1
437 0
438 3
439 0
440 1
441 0
442 0
443 3
444 3
445 1
446 3
447 1
448 1
449 0
450 0
451 0
452 0
453 3
454 1
455 0
456 3
457 3
458 3
459 2
460 3
461 0
462 3
463 0
464 3
465 1
466 1
467 3
468 1
469 0
470 1
471 2
472 1
473 0
474 2
475 1
476 3
477 0
478 0
479 0
480 0
481 0
482 3
483 0
484 0
485 0
486 0
487 0
488 2
489 2
490 3
491 2
492 0
493 2
494 0
495 1
496 3
497 3
498 0
499 0
500 0
501 0
502 3
503 2
504 2
505 1
506 3
507 1
508 0
509 2
510 0
511 0
512 3
513 1
514 3
515 3
516 0
517 1
518 3
519 3
520 3
521 1
522 0
523 0
524 3
525 3
526 0
527 3
528 3
529 3
530 0
531 1
532 3
533 1
534 0
535 0
536 2
537 2
538 0
539 0
540 0
541 0
542 1
543 0
544 2
545 3
546 3
547 2
548 1
549 2
550 2
551 0
552 1
553 0
554 0
555 0
556 3
557 3
558 0
559 0
560 0
561 3
562 0
563 0
564 0
565 0
566 0
567 0
568 2
569 0
570 1
571 0
572 1
573 0
574 2
575 0
576 0
577 0
578 0
579 0
580 1
581 0
582 3
583 3
584 3
585 0
586 0
587 1
588 0
589 1
590 1
591 3
592 1
593 0
594 1
595 1
596 0
597 0
598 2
599 1
600 1
601 1
602 2
603 0
604 1
605 3
606 0
607 1
608 1
609 1
610 0
611 1
612 0
613 3
614 3
615 1
616 2
617 0
618 3
619 0
620 1
621 3
622 3
623 0
624 3
625 3
626 3
627 0
628 3
629 0
630 0
631 3
632 0
633 1
634 3
635 3
636 1
637 3
638 1
639 0
640 1
641 1
642 0
643 1
644 3
645 0
646 1
647 2
648 1
649 3
650 1
651 0
652 0
653 0
654 3
655 0
656 1
657 0
658 0
659 0
660 1
661 2
662 3
663 1
664 1
665 0
666 2
667 1
668 3
669 0
670 0
671 3
672 1
673 1
674 3
675 1
676 0
677 0
678 1
679 1
680 1
681 0
682 0
683 0
684 2
685 1
686 0
687 2
688 0
689 2
690 1
691 0
692 0
693 1
694 0
695 3
696 1
697 0
698 0
699 0
700 0
701 0
702 0
703 0
704 0
705 0
706 0
707 0
708 0
709 0
710 0
711 0
712 0
713 1
714 0
715 0
716 0
717 0
718 0
719 0
720 0
721 0
722 0
723 0
724 0
725 0
726 0
727 0
728 0
729 0
730 0
731 0
732 0
733 0
734 0
735 0
736 0
737 0
738 0
739 0
740 0
741 0
742 0
743 0
744 0
745 0
746 0
747 0
748 0
749 0
750 0
751 0
752 0
753 0
754 0
755 0
756 0
757 0
758 0
759 0
760 0
761 0
762 0
763 0
764 0
765 0
766 0
767 0
768 0
769 0
770 0
771 0
772 0
773 0
774 3
775 0
776 3
777 3
778 3
779 3
780 3
781 0
782 0
783 3
784 3
785 3
786 2
787 0
788 0
789 0
790 0
791 3
792 1
793 3
794 1
795 2
796 0
797 2
798 2
799 0
800 1
801 0
802 1
803 1
804 3
805 0
806 0
807 1
808 1
809 0
810 1
811 3
812 0
813 0
814 0
815 0
816 2
817 3
818 0
819 0
820 1
821 1
822 1
823 1
824 3
825 0
826 0
827 0
828 0
829 2
830 3
831 1
832 0
833 3
834 1
835 3
836 2
837 3
838 0
839 3
840 0
841 3
842 3
843 0
844 0
845 0
846 3
847 3
848 0
849 0
850 1
851 3
852 1
853 3
854 1
855 1
856 1
857 1
858 0
859 0
860 1
861 2
862 1
863 0
864 0
865 2
866 1
867 1
868 1
869 3
870 3
871 2
872 2
873 0
874 0
875 1
876 2
877 0
878 1
879 0
880 3
881 3
882 0
883 1
884 1
885 3
886 3
887 3
888 1
889 0
890 0
891 0
892 0
893 0
894 2
895 1
896 2
897 1
898 0
899 0
900 3
901 0
902 1
903 0
904 2
905 3
906 1
907 0
908 0
909 1
910 1
911 0
912 1
913 2
914 0
915 3
916 0
917 2
918 1
919 3
920 3
921 1
922 3
923 0
924 1
925 1
926 3
927 1
928 1
929 0
930 1
931 3
932 3
933 3
934 0
935 2
936 2
937 3
938 0
939 3
940 3
941 3
942 1
943 0
944 0
945 2
946 0
947 0
948 0
949 0
950 0
951 0
952 0
953 3
954 1
955 1
956 3
957 3
958 2
959 2
960 0
961 3
962 1
963 2
964 0
965 1
966 1
967 0
968 2
969 2
970 1
971 0
972 2
973 2
974 2
975 2
976 2
977 3
978 2
979 3
980 3
981 0
982 0
983 0
984 0
985 1
986 1
987 0
988 1
989 1
990 1
991 0
992 0
993 1
994 1
995 1
996 1
997 0
998 0
999 1
1000 0
1001 0
1002 2
1003 1
1004 2
1005 3
1006 0
1007 0
1008 3
1009 0
1010 1
1011 1
1012 3
1013 3
1014 0
1015 1
1016 0
1017 3
1018 2
1019 1
1020 0
1021 3
1022 0
1023 2
1024 0
1025 0
1026 1
1027 1
1028 0
1029 1
1030 1
1031 1
1032 1
1033 0
1034 2
1035 0
1036 2
1037 0
1038 2
1039 1
1040 0
1041 1
1042 0
1043 1
1044 3
1045 1
1046 2
1047 1
1048 0
1049 1
1050 0
1051 0
1052 0
1053 0
1054 0
1055 1
1056 0
1057 0
1058 0
1059 3
1060 0
1061 0
1062 1
1063 3
1064 1
1065 0
1066 1
1067 0
1068 3
1069 1
1070 1
1071 0
1072 1
1073 1
1074 1
1075 2
1076 0
1077 1
1078 0
1079 0
1080 1
1081 0
1082 1
1083 0
1084 3
1085 0
1086 2
1087 2
1088 1
1089 1
1090 3
1091 1
1092 0
1093 0
1094 2
1095 1
1096 0
1097 0
1098 0
1099 2
1100 1
1101 1
1102 0
1103 2
1104 0
1105 3
1106 1
1107 0
1108 0
1109 0
1110 0
1111 1
1112 0
1113 0
1114 0
1115 0
1116 1
1117 1
1118 1
1119 0
1120 1
1121 3
1122 0
1123 3
1124 1
1125 0
1126 3
1127 3
1128 1
1129 1
1130 1
1131 1
1132 0
1133 0
1134 1
1135 2
1136 0
1137 0
1138 2
1139 0
1140 0
1141 3
1142 0
1143 1
1144 3
1145 0
1146 3
1147 3
1148 3
1149 3
1150 3
1151 0
1152 0
1153 3
1154 1
1155 3
1156 0
1157 3
1158 3
1159 0
1160 2
1161 1
1162 0
1163 1
1164 3
1165 3
1166 0
1167 2
1168 0
1169 1
1170 1
1171 2
1172 0
1173 1
1174 1
1175 3
1176 3
1177 3
1178 3
1179 1
1180 0
1181 1
1182 0
1183 0
1184 1
1185 0
1186 3
1187 1
1188 1
1189 0
1190 1
1191 0
1192 3
1193 1
1194 0
1195 0
1196 0
1197 1
1198 1
1199 0
1200 0
1201 2
1202 0
1203 0
1204 3
1205 1
1206 1
1207 0
1208 1
1209 1
1210 2
1211 0
1212 3
1213 0
1214 3
1215 0
1216 0
1217 2
1218 0
1219 3
1220 3
1221 3
1222 1
1223 0
1224 0
1225 0
1226 0
1227 0
1228 3
1229 0
1230 2
1231 1
1232 0
1233 1
1234 0
1235 0
1236 1
1237 0
1238 1
1239 1
1240 0
1241 0
1242 1
1243 0
1244 3
1245 1
1246 0
1247 1
1248 0
1249 3
1250 0
1251 1
1252 0
1253 0
1254 1
1255 3
1256 1
1257 0
1258 0
1259 3
1260 1
1261 1
1262 3
1263 3
1264 1
1265 2
1266 0
1267 0
1268 0
1269 1
1270 3
1271 0
1272 0
1273 0
1274 0
1275 1
1276 1
1277 0
1278 0
1279 0
1280 0
1281 1
1282 0
1283 3
1284 1
1285 0
1286 0
1287 2
1288 2
1289 2
1290 2
1291 2
1292 3
1293 0
1294 2
1295 3
1296 1
1297 0
1298 2
1299 1
1300 0
1301 0
1302 1
1303 3
1304 0
1305 3
1306 1
1307 2
1308 3
1309 1
1310 1
1311 3
1312 0
1313 2
1314 1
1315 0
1316 1
1317 0
1318 3
1319 0
1320 0
1321 0
1322 1
1323 1
1324 0
1325 3
1326 2
1327 0
1328 2
1329 2
1330 1
1331 0
1332 1
1333 1
1334 1
1335 0
1336 2
1337 0
1338 0
1339 0
1340 3
1341 0
1342 0
1343 0
1344 3
1345 3
1346 0
1347 3
1348 0
1349 1
1350 0
1351 0
1352 0
1353 3
1354 1
1355 3
1356 2
1357 3
1358 0
1359 1
1360 0
1361 1
1362 3
1363 0
1364 3
1365 0
1366 3
1367 0
1368 1
1369 1
1370 0
1371 0
1372 0
1373 1
1374 2
1375 2
1376 1
1377 0
1378 0
1379 3
1380 0
1381 1
1382 0
1383 0
1384 0
1385 0
1386 1
1387 1
1388 0
1389 1
1390 3
1391 1
1392 1
1393 0
1394 0
1395 1
1396 2
1397 1
1398 0
1399 0
1400 0
1401 1
1402 0
1403 0
1404 0
1405 3
1406 3
1407 3
1408 0
1409 3
1410 0
1411 0
1412 0
1413 0
1414 0
1415 3
1416 0
1417 0
1418 0
1419 1
1420 0
1421 1
1422 2
1423 0
1424 2
1425 0
1426 2
1427 1
1428 2
1429 1
1430 0
1431 0
1432 2
1433 0
1434 3
1435 1
1436 1
1437 0
1438 1
1439 1
1440 0
1441 1
1442 0
1443 3
1444 1
1445 1
1446 0
1447 0
1448 0
1449 3
1450 0
1451 0
1452 0
1453 3
1454 1
1455 3
1456 0
1457 2
1458 0
1459 1
1460 2
1461 2
1462 0
1463 2
1464 1
1465 0
1466 0
1467 0
1468 2
1469 3
1470 1
1471 1
1472 3
1473 3
1474 2
1475 1
1476 0
1477 0
1478 0
1479 0
1480 0
1481 0
1482 0
1483 0
1484 0
1485 0
1486 1
1487 1
1488 3
1489 0
1490 0
1491 1
1492 0
1493 3
1494 0
1495 0
1496 3
1497 0
1498 0
1499 1
1500 0
1501 0
1502 0
1503 0
1504 0
1505 0
1506 3
1507 0
1508 1
1509 0
1510 3
1511 1
1512 0
1513 2
1514 0
1515 2
1516 3
1517 2
1518 3
1519 0
1520 0
1521 0
1522 0
1523 0
1524 0
1525 0
1526 0
1527 0
1528 3
1529 3
1530 2
1531 1
1532 1
1533 0
1534 0
1535 0
1536 0
1537 3
1538 1
1539 2
1540 2
1541 0
1542 2
1543 3
1544 0
1545 3
1546 1
1547 0
1548 0
1549 0
1550 0
1551 3
1552 3
1553 0
1554 0
1555 2
1556 3
1557 3
1558 1
1559 3
1560 0
1561 3
1562 0
1563 1
1564 2
1565 1
1566 0
1567 0
1568 3
1569 3
1570 0
1571 0
1572 1
1573 1
1574 0
1575 0
1576 0
1577 0
1578 3
1579 0
1580 0
1581 3
1582 3
1583 1
1584 3
1585 1
1586 3
1587 1
1588 0
1589 1
1590 1
1591 1
1592 3
1593 2
1594 0
1595 0
1596 0
1597 3
1598 1
1599 3
1600 0
1601 0
1602 3
1603 1
1604 3
1605 0
1606 2
1607 2
1608 0
1609 3
1610 1
1611 0
1612 3
1613 0
1614 1
1615 2
1616 0
1617 0
1618 0
1619 3
1620 1
1621 3
1622 0
1623 1
1624 2
1625 1
1626 1
1627 0
1628 2
1629 1
1630 0
1631 0
1632 0
1633 0
1634 0
1635 0
1636 0
1637 2
1638 1
1639 0
1640 0
1641 3
1642 2
1643 0
1644 2
1645 0
1646 0
1647 2
1648 1
1649 3
1650 0
1651 1
1652 0
1653 3
1654 0
1655 1
1656 0
1657 0
1658 0
1659 0
1660 0
1661 0
1662 2
1663 0
1664 0
1665 3
1666 0
1667 0
1668 2
1669 0
1670 1
1671 2
1672 0
1673 0
1674 3
1675 0
1676 1
1677 2
1678 2
1679 2
1680 0
1681 0
1682 0
1683 3
1684 3
1685 1
1686 0
1687 0
1688 3
1689 3
1690 3
1691 0
1692 1
1693 0
1694 1
1695 1
1696 0
1697 1
1698 3
1699 0
1700 0
1701 1
1702 2
1703 1
1704 0
1705 0
1706 1
1707 1
1708 0
1709 0
1710 0
1711 0
1712 0
1713 0
1714 0
1715 0
1716 0
1717 0
1718 0
1719 0
1720 0
1721 0
1722 0
1723 0
1724 0
1725 0
1726 0
1727 0
1728 0
1729 0
1730 3
1731 0
1732 0
1733 1
1734 3
1735 1
1736 0
1737 3
1738 0
1739 0
1740 2
1741 0
1742 2
1743 3
1744 1
1745 2
1746 1
1747 0
1748 1
1749 0
1750 0
1751 2
1752 1
1753 3
1754 0
1755 0
1756 0
1757 3
1758 0
1759 0
1760 1
1761 0
1762 3
1763 3
1764 3
1765 2
1766 0
1767 3
1768 1
1769 0
1770 0
1771 0
1772 0
1773 0
1774 0
1775 0
1776 2
1777 0
1778 2
1779 0
1780 0
1781 1
1782 0
1783 3
1784 0
1785 1
1786 0
1787 0
1788 3
1789 1
1790 0
1791 0
1792 0
1793 3
1794 3
1795 0
1796 0
1797 2
1798 0
1799 2
1800 2
1801 0
1802 2
1803 2
1804 2
1805 3
1806 3
1807 0
1808 2
1809 0
1810 0
1811 0
1812 2
1813 2
1814 2
1815 3
1816 2
1817 0
1818 2
1819 2
1820 0
1821 2
1822 3
1823 0
1824 3
1825 0
1826 1
1827 0
1828 1
1829 3
1830 0
1831 3
1832 1
1833 0
1834 2
1835 0
1836 3
1837 3
1838 3
1839 1
1840 2
1841 2
1842 1
1843 2
1844 2
1845 1
1846 1
1847 0
1848 1
1849 0
1850 1
1851 3
1852 0
1853 0
1854 0
1855 3
1856 2
1857 3
1858 3
1859 2
1860 0
1861 3
1862 1
1863 1
1864 0
1865 0
1866 0
1867 1
1868 3
1869 3
1870 1
1871 1
1872 0
1873 2
1874 1
1875 0
1876 2
1877 3
1878 1
1879 1
1880 2
1881 3
1882 3
1883 3
1884 3
1885 0
1886 0
1887 0
1888 0
1889 0
1890 0
1891 3
1892 0
1893 3
1894 1
1895 1
1896 0
1897 2
1898 1
1899 0
1900 2
1901 2
1902 1
1903 1
1904 3
1905 0
1906 3
1907 2
1908 2
1909 1
1910 3
1911 0
1912 0
1913 0
1914 3
1915 2
1916 2
1917 0
1918 1
1919 1
1920 0
1921 1
1922 2
1923 3
1924 1
1925 0
1926 1
1927 1
1928 3
1929 3
1930 3
1931 3
1932 0
1933 1
1934 2
1935 1
1936 3
1937 1
1938 0
1939 0
1940 1
1941 3
1942 0
1943 1
1944 3
1945 0
1946 2
1947 0
1948 0
1949 0
1950 3
1951 3
1952 0
1953 0
1954 3
1955 0
1956 3
1957 0
1958 0
1959 1
1960 1
1961 2
1962 1
1963 3
1964 3
1965 3
1966 0
1967 1
1968 1
1969 3
1970 0
1971 0
1972 1
1973 3
1974 1
1975 1
1976 1
1977 0
1978 1
1979 2
1980 0
1981 1
1982 0
1983 2
1984 1
1985 0
1986 0
1987 1
1988 1
1989 1
1990 1
1991 0
1992 1
1993 0
1994 1
1995 1
1996 1
1997 0
1998 0
1999 3
2000 2
2001 0
2002 1
2003 0
2004 1
2005 0
2006 1
2007 0
2008 2
2009 1
2010 0
2011 1
2012 0
2013 1
2014 1
2015 0
2016 2
2017 1
2018 2
2019 0
2020 1
2021 1
2022 2
2023 0
2024 0
2025 0
2026 1
2027 1
2028 0
2029 3
2030 1
2031 1
2032 0
2033 0
2034 0
2035 0
2036 1
2037 0
2038 0
2039 0
2040 0
2041 0
2042 0
2043 0
2044 0
2045 1
2046 1
2047 1
2048 1
2049 3
2050 2
2051 1
2052 3
2053 0
2054 0
2055 2
2056 0
2057 0
2058 0
2059 0
2060 3
2061 0
2062 0
2063 1
2064 0
2065 1
2066 1
2067 0
2068 1
2069 1
2070 1
2071 0
2072 3
2073 0
2074 0
2075 0
2076 0
2077 3
2078 0
2079 0
2080 3
2081 0
2082 0
2083 0
2084 2
2085 0
2086 0
2087 3
2088 0
2089 1
2090 0
2091 1
2092 0
2093 1
2094 0
2095 3
2096 2
2097 3
2098 3
2099 0
2100 3
2101 0
2102 3
2103 0
2104 0
2105 1
2106 1
2107 0
2108 1
2109 0
2110 0
2111 3
2112 2
2113 1
2114 0
2115 2
2116 0
2117 1
2118 0
2119 0
2120 0
2121 3
2122 1
2123 1
2124 2
2125 0
2126 0
2127 0
2128 0
2129 3
2130 1
2131 1
2132 0
2133 2
2134 0
2135 1
2136 3
2137 1
2138 1
2139 1
2140 0
2141 3
2142 0
2143 0
2144 3
2145 3
2146 0
2147 0
2148 0
2149 2
2150 3
2151 2
2152 0
2153 1
2154 3
2155 2
2156 0
2157 2
2158 0
2159 0
2160 1
2161 3
2162 1
2163 3
2164 1
2165 1
2166 1
2167 0
2168 1
2169 0
2170 3
2171 3
2172 3
2173 0
2174 2
2175 0
2176 0
2177 0
2178 1
2179 3
2180 3
2181 0
2182 1
2183 2
2184 1
2185 1
2186 1
2187 3
2188 0
2189 1
2190 1
2191 0
2192 0
2193 1
2194 0
2195 3
2196 0
2197 1
2198 2
2199 1
2200 0
2201 3
2202 0
2203 0
2204 0
2205 2
2206 1
2207 1
2208 2
2209 1
2210 0
2211 1
2212 0
2213 1
2214 1
2215 2
2216 0
2217 2
2218 2
2219 0
2220 1
2221 1
2222 0
2223 1
2224 0
2225 1
2226 2
2227 1
2228 1
2229 0
2230 0
2231 1
2232 1
2233 2
2234 0
2235 1
2236 0
2237 0
2238 0
2239 3
2240 1
2241 0
2242 0
2243 0
2244 3
2245 2
2246 0
2247 2
2248 2
2249 0
2250 2
2251 3
2252 1
2253 2
2254 3
2255 0
2256 0
2257 0
2258 1
2259 2
2260 3
2261 3
2262 0
2263 1
2264 0
2265 0
2266 2
2267 3
2268 2
2269 0
2270 3
2271 1
2272 1
2273 2
2274 1
2275 0
2276 0
2277 1
2278 3
2279 2
2280 2
2281 1
2282 0
2283 2
2284 2
2285 2
2286 3
2287 0
2288 3
2289 3
2290 0
2291 0
2292 0
2293 0
2294 1
2295 0
2296 0
2297 0
2298 1
2299 2
2300 0
2301 2
2302 0
2303 1
2304 0
2305 3
2306 2
2307 0
2308 3
2309 0
2310 2
2311 0
2312 3
2313 2
2314 0
2315 3
2316 0
2317 0
2318 0
2319 0
2320 0
2321 0
2322 0
2323 0
2324 0
2325 0
2326 1
2327 2
2328 2
2329 2
2330 0
2331 0
2332 3
2333 0
2334 0
2335 1
2336 1
2337 3
2338 0
2339 0
2340 2
2341 0
2342 0
2343 0
2344 3
2345 0
2346 0
2347 3
2348 0
2349 2
2350 1
2351 3
2352 1
2353 0
2354 2
2355 0
2356 0
2357 0
2358 0
2359 0
2360 3
2361 1
2362 1
2363 0
2364 0
2365 0
2366 0
2367 0
2368 0
2369 0
2370 0
2371 0
2372 1
2373 1
2374 3
2375 0
2376 2
2377 1
2378 0
2379 3
2380 1
2381 0
2382 1
2383 1
2384 1
2385 1
2386 0
2387 3
2388 3
2389 2
2390 0
2391 0
2392 3
2393 0
2394 3
2395 3
2396 2
2397 2
2398 3
2399 1
2400 0
2401 0
2402 1
2403 2
2404 0
2405 3
2406 0
2407 0
2408 0
2409 0
2410 1
2411 1
2412 2
2413 1
2414 0
2415 2
2416 0
2417 1
2418 1
2419 1
2420 0
2421 2
2422 0
2423 0
2424 0
2425 1
2426 0
2427 0
2428 1
2429 3
2430 1
2431 2
2432 0
2433 2
2434 0
2435 1
2436 1
2437 1
2438 1
2439 0
2440 0
2441 0
2442 2
2443 3
2444 2
2445 2
2446 0
2447 0
2448 3
2449 3
2450 3
2451 1
2452 0
2453 0
2454 1
2455 0
2456 1
2457 0
2458 3
2459 2
2460 1
2461 3
2462 1
2463 0
2464 2
2465 0
2466 1
2467 1
2468 0
2469 0
2470 0
2471 2
2472 1
2473 1
2474 1
2475 3
2476 0
2477 0
2478 0
2479 3
2480 2
2481 0
2482 0
2483 0
2484 1
2485 0
2486 1
2487 1
2488 1
2489 3
2490 1
2491 1
2492 3
2493 0
2494 1
2495 0
2496 1
2497 0
2498 0
2499 3
2500 1
2501 0
2502 1
2503 0
2504 2
2505 1
2506 3
2507 0
2508 0
2509 3
2510 3
2511 1
2512 1
2513 0
2514 3
2515 2
2516 2
2517 1
2518 1
2519 2
2520 2
2521 1
2522 1
2523 3
2524 3
2525 0
2526 2
2527 0
2528 2
2529 3
2530 3
2531 1
2532 3
2533 1
2534 0
2535 0
2536 1
2537 0
2538 3
2539 2
2540 0
2541 0
2542 0
2543 3
2544 1
2545 1
2546 2
2547 0
2548 0
2549 3
2550 2
2551 0
2552 1
2553 0
2554 0
2555 0
2556 3
2557 3
2558 0
2559 0
2560 1
2561 0
2562 1
2563 2
2564 0
2565 0
2566 3
2567 3
2568 0
2569 1
2570 1
2571 3
2572 0
2573 1
2574 2
2575 0
2576 0
2577 3
2578 1
2579 3
2580 0
2581 0
2582 0
2583 3
2584 0
2585 0
2586 3
2587 0
2588 3
2589 0
2590 0
2591 0
2592 1
2593 0
2594 0
2595 1
2596 0
2597 0
2598 1
2599 3
2600 3
2601 0
2602 2
2603 0
2604 0
2605 0
2606 3
2607 2
2608 0
2609 1
2610 0
2611 3
2612 1
2613 1
2614 0
2615 3
2616 0
2617 3
2618 0
2619 3
2620 2
2621 0
2622 0
2623 3
2624 2
2625 0
2626 0
2627 3
2628 0
2629 0
2630 3
2631 3
2632 1
2633 0
2634 0
2635 3
2636 0
2637 3
2638 1
2639 3
2640 1
2641 0
2642 0
2643 3
2644 0
2645 0
2646 1
2647 0
2648 0
2649 0
2650 1
2651 1
2652 3
2653 0
2654 0
2655 1
2656 0
2657 0
2658 2
2659 3
2660 3
2661 0
2662 1
2663 0
2664 0
2665 0
2666 0
2667 0
2668 3
2669 0
2670 3
2671 0
2672 3
2673 3
2674 1
2675 0
2676 0
2677 0
2678 0
2679 0
2680 1
2681 0
2682 3
2683 3
2684 0
2685 0
2686 1
2687 1
2688 1
2689 3
2690 2
2691 0
2692 2
2693 3
2694 3
2695 1
2696 0
2697 0
2698 0
2699 3
2700 3
2701 0
2702 2
2703 3
2704 2
2705 3
2706 0
2707 1
2708 0
2709 0
2710 3
2711 3
2712 3
2713 3
2714 3
2715 3
2716 3
2717 3
2718 0
2719 0
2720 0
2721 0
2722 3
2723 2
2724 1
2725 1
2726 2
2727 0
2728 0
2729 0
2730 3
2731 1
2732 3
2733 0
2734 0
2735 0
2736 1
2737 1
2738 0
2739 1
2740 0
2741 1
2742 2
2743 0
2744 3
2745 2
2746 3
2747 2
2748 0
2749 3
2750 0
2751 0
2752 2
2753 3
2754 3
2755 3
2756 2
2757 0
2758 1
2759 2
2760 2
2761 2
2762 2
2763 2
2764 2
2765 3
2766 3
2767 3
2768 3
2769 3
2770 3
2771 3
2772 3
2773 3
2774 3
2775 3
2776 3
2777 3
2778 3
2779 3
2780 2
2781 3
2782 1
2783 0
2784 3
2785 3
2786 3
2787 1
2788 3
2789 2
2790 2
2791 3
2792 3
2793 1
2794 0
2795 0
2796 0
2797 3
2798 1
2799 3
2800 3
2801 1
2802 3
2803 3
2804 3
2805 3
2806 1
2807 1
2808 3
2809 3
2810 1
2811 3
2812 3
2813 3
2814 1
2815 1
2816 1
2817 1
2818 3
2819 1
2820 2
2821 1
2822 3
2823 3
2824 1
2825 1
2826 1
2827 3
2828 1
2829 2
2830 1
2831 1
2832 2
2833 3
2834 2
2835 1
2836 1
2837 0
2838 0
2839 2
2840 0
2841 0
2842 0
2843 0
2844 0
2845 0
2846 0
2847 0
2848 3
2849 1
2850 0
2851 0
2852 3
2853 3
2854 3
2855 0
2856 1
2857 0
2858 0
2859 1
2860 3
2861 3
2862 1
2863 0
2864 3
2865 0
2866 0
2867 1
2868 1
2869 1
2870 0
2871 0
2872 0
2873 1
2874 3
2875 3
2876 1
2877 3
2878 1
2879 0
2880 0
2881 0
2882 3
2883 0
2884 0
2885 0
2886 1
2887 3
2888 0
2889 2
2890 0
2891 0
2892 1
2893 2
2894 3
2895 2
2896 3
2897 3
2898 2
2899 0
2900 3
2901 0
2902 3
2903 3
2904 0
2905 1
2906 1
2907 3
2908 3
2909 1
2910 1
2911 3
2912 0
2913 0
2914 1
2915 0
2916 1
2917 3
2918 1
2919 0
2920 1
2921 3
2922 3
2923 3
2924 0
2925 3
2926 0
2927 1
2928 3
2929 0
2930 2
2931 3
2932 0
2933 2
2934 0
2935 0
2936 1
2937 0
2938 2
2939 0
2940 1
2941 1
2942 1
2943 0
2944 0
2945 2
2946 2
2947 2
2948 1
2949 2
2950 2
2951 1
2952 3
2953 1
2954 0
2955 0
2956 3
2957 1
2958 1
2959 3
2960 3
2961 0
2962 3
2963 3
2964 3
2965 3
2966 3
2967 3
2968 1
2969 3
2970 3
2971 0
2972 1
2973 0
2974 0
2975 3
2976 3
2977 3
2978 3
2979 3
2980 3
2981 3
2982 0
2983 3
2984 1
2985 3
2986 0
2987 0
2988 1
2989 2
2990 0
2991 2
2992 0
2993 0
2994 0
2995 0
2996 0
2997 0
2998 3
2999 1
3000 1
3001 3
3002 1
3003 2
3004 0
3005 1
3006 1
3007 1
3008 1
3009 3
3010 1
3011 2
3012 0
3013 3
3014 2
3015 1
3016 1
3017 1
3018 0
3019 0
3020 3
3021 3
3022 3
3023 1
3024 1
3025 0
3026 1
3027 1
3028 1
3029 0
3030 3
3031 2
3032 0
3033 3
3034 0
3035 0
3036 0
3037 1
3038 3
3039 3
3040 3
3041 3
3042 3
3043 3
3044 1
3045 0
3046 3
3047 3
3048 0
3049 0
3050 0
3051 3
3052 1
3053 0
3054 3
3055 1
3056 1
3057 1
3058 3
3059 1
3060 0
3061 1
3062 1
3063 0
3064 1
3065 0
3066 3
3067 1
3068 1
3069 3
3070 1
3071 0
3072 3
3073 1
3074 3
3075 0
3076 1
3077 3
3078 3
3079 1
3080 1
3081 0
3082 1
3083 1
3084 3
3085 1
3086 0
3087 2
3088 3
3089 0
3090 0
3091 0
3092 0
3093 1
3094 0
3095 1
3096 0
3097 1
3098 3
3099 1
3100 0
3101 3
3102 0
3103 2
3104 1
3105 0
3106 3
3107 1
3108 3
3109 0
3110 1
3111 3
3112 1
3113 0
3114 0
3115 0
3116 3
3117 2
3118 0
3119 3
3120 1
3121 0
3122 3
3123 0
3124 0
3125 1
3126 3
3127 3
3128 3
3129 0
3130 0
3131 0
3132 2
3133 1
3134 0
3135 1
3136 0
3137 0
3138 2
3139 0
3140 0
3141 1
3142 1
3143 1
3144 3
3145 1
3146 1
3147 2
3148 3
3149 2
3150 0
3151 0
3152 0
3153 3
3154 0
3155 0
3156 0
3157 1
3158 0
3159 0
3160 0
3161 0
3162 0
3163 1
3164 3
3165 3
3166 0
3167 3
3168 1
3169 1
3170 3
3171 0
3172 3
3173 3
3174 3
3175 0
3176 1
3177 3
3178 1
3179 3
3180 0
3181 1
3182 0
3183 1
3184 1
3185 0
3186 0
3187 0
3188 0
3189 0
3190 1
3191 1
3192 0
3193 0
3194 1
3195 0
3196 0
3197 3
3198 0
3199 1
3200 0
3201 3
3202 1
3203 3
3204 2
3205 2
3206 0
3207 0
3208 3
3209 1
3210 3
3211 2
3212 2
3213 0
3214 3
3215 3
3216 1
3217 0
3218 1
3219 3
3220 1
3221 0
3222 3
3223 0
3224 0
3225 0
3226 0
3227 2
3228 3
3229 1
3230 1
3231 0
3232 1
3233 3
3234 3
3235 1
3236 0
3237 0
3238 0
3239 2
3240 1
3241 0
3242 1
3243 0
3244 2
3245 2
3246 1
3247 3
3248 3
3249 2
3250 3
3251 3
3252 0
3253 0
3254 0
3255 1
3256 1
3257 1
3258 1
3259 0
3260 1
3261 0
3262 0
3263 1
3264 0
3265 0
3266 0
3267 0
3268 2
3269 0
3270 0
3271 3
3272 2
3273 2
3274 0
3275 0
3276 2
3277 3
3278 3
3279 1
3280 3
3281 0
3282 0
3283 3
3284 0
3285 3
3286 1
3287 0
3288 1
3289 1
3290 3
3291 0
3292 2
3293 2
3294 0
3295 0
3296 0
3297 0
3298 3
3299 3
3300 1
3301 3
3302 3
3303 3
3304 3
3305 2
3306 3
3307 1
3308 1
3309 1
3310 1
3311 0
3312 2
3313 0
3314 0
3315 0
3316 0
3317 3
3318 1
3319 2
3320 0
3321 1
3322 0
3323 0
3324 3
3325 3
3326 0
3327 0
3328 3
3329 0
3330 1
3331 1
3332 0
3333 3
3334 1
3335 0
3336 0
3337 0
3338 0
3339 1
3340 3
3341 0
3342 3
3343 0
3344 1
3345 1
3346 3
3347 1
3348 1
3349 0
3350 3
3351 0
3352 0
3353 2
3354 0
3355 1
3356 1
3357 3
3358 1
3359 0
3360 1
3361 0
3362 2
3363 1
3364 1
3365 2
3366 0
3367 1
3368 3
3369 3
3370 0
3371 0
3372 0
3373 3
3374 0
3375 2
3376 2
3377 0
3378 0
3379 0
3380 3
3381 0
3382 0
3383 0
3384 2
3385 1
3386 3
3387 3
3388 0
3389 0
3390 0
3391 0
3392 3
3393 2
3394 3
3395 0
3396 3
3397 2
3398 0
3399 0
3400 0
3401 0
3402 0
3403 0
3404 1
3405 3
3406 0
3407 0
3408 3
3409 3
3410 3
3411 2
3412 3
3413 3
3414 0
3415 3
3416 0
3417 3
3418 1
3419 3
3420 0
3421 1
3422 0
3423 1
3424 1
3425 1
3426 0
3427 0
3428 1
3429 1
3430 3
3431 0
3432 1
3433 1
3434 2
3435 0
3436 1
3437 0
3438 1
3439 3
3440 0
3441 0
3442 3
3443 0
3444 1
3445 0
3446 1
3447 1
3448 0
3449 3
3450 0
3451 2
3452 3
3453 2
3454 1
3455 2
3456 3
3457 0
3458 0
3459 0
3460 0
3461 0
3462 3
3463 0
3464 1
3465 0
3466 0
3467 1
3468 0
3469 3
3470 3
3471 3
3472 0
3473 1
3474 2
3475 0
3476 0
3477 0
3478 0
3479 0
3480 1
3481 0
3482 3
3483 3
3484 0
3485 0
3486 1
3487 1
3488 1
3489 3
3490 3
3491 3
3492 0
3493 0
3494 0
3495 3
3496 3
3497 0
3498 0
3499 0
3500 0
3501 0
3502 0
3503 0
3504 0
3505 0
3506 0
3507 0
3508 0
3509 0
3510 0
3511 0
3512 0
3513 0
3514 0
3515 2
3516 3
3517 3
3518 2
3519 3
3520 1
3521 0
3522 0
3523 1
3524 0
3525 0
3526 0
3527 0
3528 2
3529 2
3530 1
3531 3
3532 0
3533 1
3534 3
3535 1
3536 3
3537 3
3538 1
3539 0
3540 0
3541 0
3542 2
3543 1
3544 3
3545 2
3546 0
3547 2
3548 0
3549 3
3550 1
3551 1
3552 0
3553 2
3554 3
3555 1
3556 0
3557 1
3558 1
3559 1
3560 3
3561 0
3562 3
3563 3
3564 0
3565 3
3566 1
3567 3
3568 1
3569 0
3570 0
3571 3
3572 2
3573 0
3574 2
3575 3
3576 0
3577 3
3578 1
3579 3
3580 0
3581 1
3582 2
3583 2
3584 1
3585 0
3586 3
3587 0
3588 0
3589 2
3590 1
3591 1
3592 3
3593 0
3594 1
3595 0
3596 3
3597 0
3598 0
3599 0
3600 1
3601 1
3602 0
3603 0
3604 2
3605 1
3606 2
3607 0
3608 0
3609 0
3610 0
3611 0
3612 0
3613 1
3614 0
3615 3
3616 0
3617 1
3618 1
3619 3
3620 3
3621 0
3622 1
3623 0
3624 0
3625 0
3626 3
3627 0
3628 0
3629 1
3630 3
3631 0
3632 3
3633 3
3634 3
3635 0
3636 3
3637 0
3638 0
3639 0
3640 3
3641 1
3642 3
3643 3
3644 0
3645 0
3646 0
3647 1
3648 0
3649 0
3650 1
3651 3
3652 3
3653 2
3654 0
3655 3
3656 1
3657 0
3658 0
3659 0
3660 3
3661 3
3662 0
3663 0
3664 0
3665 1
3666 1
3667 0
3668 1
3669 1
3670 0
3671 0
3672 3
3673 2
3674 1
3675 0
3676 2
3677 2
3678 3
3679 0
3680 0
3681 3
3682 0
3683 2
3684 2
3685 0
3686 0
3687 2
3688 0
3689 1
3690 3
3691 1
3692 0
3693 3
3694 3
3695 0
3696 1
3697 3
3698 0
3699 0
3700 0
3701 3
3702 2
3703 0
3704 0
3705 3
3706 1
3707 3
3708 1
3709 2
3710 0
3711 0
3712 0
3713 2
3714 2
3715 0
3716 0
3717 0
3718 0
3719 0
3720 1
3721 1
3722 0
3723 0
3724 0
3725 0
3726 2
3727 0
3728 0
3729 3
3730 1
3731 2
3732 0
3733 1
3734 0
3735 3
3736 1
3737 1
3738 0
3739 0
3740 2
3741 1
3742 3
3743 2
3744 2
3745 1
3746 0
3747 2
3748 3
3749 0
3750 3
3751 3
3752 1
3753 2
3754 0
3755 3
3756 0
3757 0
3758 2
3759 1
3760 2
3761 0
3762 2
3763 0
3764 0
3765 0
3766 0
3767 0
3768 0
3769 0
3770 0
3771 0
3772 0
3773 0
3774 0
3775 0
3776 0
3777 0
3778 0
3779 0
3780 0
3781 0
3782 0
3783 0
3784 0
3785 0
3786 0
3787 0
3788 0
3789 0
3790 0
3791 0
3792 0
3793 0
3794 0
3795 0
3796 0
3797 0
3798 0
3799 2
3800 3
3801 0
3802 0
3803 0
3804 0
3805 3
3806 0
3807 0
3808 0
3809 0
3810 0
3811 0
3812 2
3813 0
3814 0
3815 0
3816 0
3817 0
3818 0
3819 0
3820 0
3821 0
3822 0
3823 0
3824 0
3825 0
3826 0
3827 0
3828 0
3829 3
3830 0
3831 0
3832 0
3833 0
3834 0
3835 0
3836 0
3837 0
3838 0
3839 0
3840 0
3841 0
3842 0
3843 0
3844 0
3845 0
3846 0
3847 0
3848 0
3849 3
3850 0
3851 1
3852 0
3853 1
3854 2
3855 0
3856 2
3857 2
3858 3
3859 0
3860 0
3861 0
3862 0
3863 0
3864 0
3865 0
3866 0
3867 0
3868 0
3869 0
3870 0
3871 0
3872 0
3873 0
3874 0
3875 0
3876 0
3877 0
3878 0
3879 0
3880 0
3881 1
3882 3
3883 2
3884 1
3885 3
3886 0
3887 2
3888 0
3889 0
3890 2
3891 1
3892 0
3893 1
3894 0
3895 1
3896 1
3897 1
3898 1
3899 0
3900 3
3901 0
3902 2
3903 2
3904 0
3905 1
3906 1
3907 0
3908 1
3909 1
3910 1
3911 2
3912 2
3913 1
3914 1
3915 0
3916 1
3917 1
3918 2
3919 3
3920 3
3921 1
3922 3
3923 0
3924 3
3925 0
3926 0
3927 0
3928 0
3929 0
3930 0
3931 2
3932 2
3933 0
3934 0
3935 0
3936 2
3937 3
3938 0
3939 0
3940 0
3941 3
3942 0
3943 3
3944 0
3945 0
3946 1
3947 0
3948 0
3949 0
3950 1
3951 3
3952 0
3953 0
3954 3
3955 0
3956 1
3957 0
3958 1
3959 0
3960 1
3961 1
3962 3
3963 2
3964 1
3965 1
3966 0
3967 3
3968 1
3969 0
3970 1
3971 0
3972 2
3973 1
3974 3
3975 0
3976 1
3977 0
3978 0
3979 0
3980 0
3981 2
3982 0
3983 1
3984 1
3985 3
3986 0
3987 0
3988 0
3989 1
3990 1
3991 0
3992 0
3993 3
3994 3
3995 0
3996 1
3997 2
3998 1
3999 1
4000 0
4001 0
4002 1
4003 0
4004 0
4005 3
4006 0
4007 0
4008 0
4009 3
4010 3
4011 0
4012 1
4013 2
4014 1
4015 2
4016 2
4017 2
4018 3
4019 0
4020 1
4021 0
4022 1
4023 0
4024 2
4025 1
4026 0
4027 3
4028 0
4029 1
4030 0
4031 2
4032 0
4033 0
4034 0
4035 0
4036 3
4037 2
4038 2
4039 0
4040 1
4041 0
4042 3
4043 3
4044 1
4045 3
4046 2
4047 1
4048 1
4049 3
4050 2
4051 3
4052 1
4053 0
4054 2
4055 0
4056 0
4057 3
4058 2
4059 2
4060 1
4061 2
4062 3
4063 0
4064 3
4065 0
4066 0
4067 2
4068 3
4069 1
4070 0
4071 3
4072 1
4073 3
4074 0
4075 2
4076 3
4077 0
4078 0
4079 1
4080 0
4081 0
4082 0
4083 1
4084 3
4085 0
4086 2
4087 3
4088 0
4089 0
4090 0
4091 0
4092 1
4093 2
4094 0
4095 0
4096 1
4097 1
4098 2
4099 0
4100 0
4101 1
4102 3
4103 3
4104 2
4105 3
4106 1
4107 0
4108 1
4109 1
4110 2
4111 0
4112 1
4113 0
4114 0
4115 1
4116 1
4117 1
4118 1
4119 0
4120 0
4121 2
4122 2
4123 3
4124 1
4125 0
4126 0
4127 0
4128 0
4129 1
4130 1
4131 3
4132 3
4133 0
4134 1
4135 0
4136 0
4137 0
4138 1
4139 0
4140 0
4141 1
4142 3
4143 1
4144 2
4145 3
4146 3
4147 3
4148 3
4149 0
4150 3
4151 3
4152 0
4153 0
4154 3
4155 1
4156 0
4157 3
4158 0
4159 2
4160 3
4161 2
4162 3
4163 0
4164 3
4165 2
4166 2
4167 3
4168 2
4169 0
4170 2
4171 2
4172 2
4173 2
4174 2
4175 3
4176 3
4177 0
4178 3
4179 0
4180 1
4181 3
4182 0
4183 1
4184 0
4185 2
4186 1
4187 3
4188 1
4189 0
4190 1
4191 0
4192 0
4193 0
4194 3
4195 3
4196 1
4197 3
4198 0
4199 0
4200 0
4201 0
4202 0
4203 0
4204 0
4205 0
4206 0
4207 0
4208 0
4209 0
4210 0
4211 0
4212 0
4213 0
4214 2
4215 0
4216 1
4217 2
4218 3
4219 2
4220 0
4221 0
4222 2
4223 0
4224 3
4225 0
4226 3
4227 3
4228 0
4229 2
4230 2
4231 2
4232 3
4233 3
4234 1
4235 0
4236 3
4237 0
4238 3
4239 0
4240 1
4241 0
4242 0
4243 2
4244 0
4245 2
4246 0
4247 0
4248 3
4249 3
4250 0
4251 3
4252 1
4253 2
4254 3
4255 0
4256 0
4257 1
4258 2
4259 0
4260 1
4261 3
4262 1
4263 2
4264 0
4265 1
4266 2
4267 1
4268 1
4269 3
4270 3
4271 3
4272 1
4273 1
4274 3
4275 2
4276 0
4277 1
4278 2
4279 0
4280 0
4281 2
4282 0
4283 0
4284 3
4285 3
4286 1
4287 1
4288 0
4289 0
4290 3
4291 0
4292 3
4293 1
4294 1
4295 3
4296 0
4297 2
4298 1
4299 2
4300 0
4301 3
4302 2
4303 0
4304 0
4305 1
4306 0
4307 3
4308 0
4309 0
4310 1
4311 1
4312 1
4313 0
4314 2
4315 1
4316 1
4317 0
4318 0
4319 1
4320 0
4321 3
4322 0
4323 0
4324 0
4325 1
4326 1
4327 0
4328 2
4329 0
4330 1
4331 1
4332 2
4333 0
4334 1
4335 1
4336 3
4337 0
4338 0
4339 0
4340 0
4341 1
4342 1
4343 0
4344 0
4345 0
4346 2
4347 2
4348 1
4349 3
4350 1
4351 0
4352 1
4353 1
4354 0
4355 0
4356 0
4357 0
4358 0
4359 0
4360 0
4361 0
4362 0
4363 0
4364 0
4365 0
4366 0
4367 0
4368 0
4369 0
4370 0
4371 3
4372 0
4373 3
4374 0
4375 1
4376 0
4377 0
4378 0
4379 1
4380 3
4381 3
4382 0
4383 3
4384 0
4385 2
4386 3
4387 0
4388 1
4389 0
4390 2
4391 1
4392 3
4393 2
4394 0
4395 0
4396 2
4397 1
4398 0
4399 0
4400 0
4401 0
4402 0
4403 0
4404 1
4405 3
4406 1
4407 0
4408 1
4409 0
4410 0
4411 0
4412 0
4413 0
4414 1
4415 1
4416 2
4417 2
4418 3
4419 2
4420 2
4421 0
4422 3
4423 3
4424 0
4425 3
4426 0
4427 0
4428 1
4429 3
4430 0
4431 1
4432 0
4433 0
4434 0
4435 1
4436 1
4437 0
4438 2
4439 0
4440 2
4441 2
4442 2
4443 0
4444 3
4445 3
4446 3
4447 2
4448 0
4449 1
4450 3
4451 1
4452 1
4453 3
4454 1
4455 1
4456 3
4457 0
4458 1
4459 0
4460 1
4461 1
4462 3
4463 3
4464 2
4465 0
4466 1
4467 1
4468 0
4469 1
4470 1
4471 3
4472 0
4473 1
4474 1
4475 0
4476 1
4477 1
4478 0
4479 0
4480 2
4481 2
4482 0
4483 1
4484 2
4485 2
4486 0
4487 1
4488 3
4489 0
4490 3
4491 1
4492 1
4493 0
4494 0
4495 2
4496 1
4497 1
4498 2
4499 0
4500 1
4501 0
4502 0
4503 0
4504 3
4505 1
4506 2
4507 3
4508 1
4509 3
4510 1
4511 1
4512 2
4513 0
4514 3
4515 3
4516 0
4517 0
4518 3
4519 3
4520 3
4521 0
4522 1
4523 2
4524 0
4525 1
4526 3
4527 0
4528 2
4529 1
4530 0
4531 3
4532 1
4533 0
4534 0
4535 0
4536 0
4537 2
4538 0
4539 1
4540 3
4541 0
4542 0
4543 1
4544 0
4545 2
4546 1
4547 3
4548 0
4549 2
4550 1
4551 0
4552 3
4553 0
4554 2
4555 1
4556 0
4557 3
4558 3
4559 3
4560 0
4561 0
4562 2
4563 0
4564 3
4565 1
4566 2
4567 2
4568 2
4569 2
4570 2
4571 1
4572 3
4573 0
4574 0
4575 0
4576 1
4577 3
4578 0
4579 1
4580 1
4581 0
4582 1
4583 1
4584 3
4585 1
4586 3
4587 2
4588 1
4589 0
4590 1
4591 3
4592 0
4593 0
4594 0
4595 1
4596 1
4597 0
4598 1
4599 2
4600 3
4601 3
4602 1
4603 3
4604 0
4605 0
4606 1
4607 0
4608 1
4609 3
4610 3
4611 3
4612 3
4613 3
4614 3
4615 3
4616 1
4617 3
4618 3
4619 1
4620 3
4621 0
4622 0
4623 0
4624 0
4625 3
4626 0
4627 1
4628 0
4629 0
4630 1
4631 1
4632 2
4633 1
4634 1
4635 1
4636 3
4637 1
4638 3
4639 3
4640 1
4641 1
4642 2
4643 1
4644 2
4645 3
4646 3
4647 0
4648 1
4649 3
4650 3
4651 2
4652 3
4653 0
4654 0
4655 3
4656 3
4657 0
4658 1
4659 0
4660 0
4661 3
4662 3
4663 3
4664 0
4665 0
4666 3
4667 3
4668 0
4669 1
4670 2
4671 0
4672 3
4673 0
4674 0
4675 1
4676 1
4677 0
4678 0
4679 0
4680 2
4681 3
4682 1
4683 0
4684 0
4685 1
4686 2
4687 1
4688 0
4689 2
4690 0
4691 2
4692 1
4693 3
4694 0
4695 1
4696 3
4697 1
4698 1
4699 1
4700 3
4701 0
4702 0
4703 0
4704 0
4705 0
4706 0
4707 1
4708 3
4709 1
4710 3
4711 0
4712 3
4713 0
4714 3
4715 2
4716 1
4717 2
4718 1
4719 3
4720 1
4721 2
4722 1
4723 3
4724 3
4725 2
4726 1
4727 1
4728 3
4729 2
4730 3
4731 1
4732 0
4733 0
4734 2
4735 0
4736 1
4737 0
4738 3
4739 1
4740 0
4741 0
4742 3
4743 0
4744 3
4745 2
4746 3
4747 0
4748 2
4749 0
4750 0
4751 1
4752 1
4753 0
4754 3
4755 1
4756 3
4757 0
4758 0
4759 0
4760 1
4761 0
4762 0
4763 0
4764 0
4765 3
4766 3
4767 0
4768 0
4769 1
4770 3
4771 2
4772 1
4773 2
4774 0
4775 0
4776 0
4777 1
4778 0
4779 3
4780 0
4781 0
4782 2
4783 3
4784 1
4785 3
4786 0
4787 3
4788 0
4789 1
4790 3
4791 0
4792 1
4793 0
4794 0
4795 0
4796 0
4797 3
4798 1
4799 0
4800 3
4801 3
4802 3
4803 3
4804 2
4805 0
4806 1
4807 0
4808 1
4809 0
4810 0
4811 1
4812 3
4813 2
4814 0
4815 3
4816 0
4817 3
4818 1
4819 3
4820 0
4821 2
4822 0
4823 1
4824 1
4825 1
4826 3
4827 0
4828 0
4829 3
4830 0
4831 0
4832 0
4833 0
4834 1
4835 1
4836 2
4837 3
4838 3
4839 0
4840 0
4841 2
4842 3
4843 2
4844 3
4845 0
4846 0
4847 0
4848 0
4849 3
4850 3
4851 3
4852 0
4853 3
4854 0
4855 0
4856 0
4857 0
4858 0
4859 1
4860 3
4861 0
4862 0
4863 0
4864 3
4865 1
4866 3
4867 1
4868 2
4869 3
4870 0
4871 0
4872 0
4873 0
4874 0
4875 0
4876 1
4877 1
4878 0
4879 2
4880 1
4881 2
4882 0
4883 0
4884 2
4885 0
4886 1
4887 3
4888 1
4889 1
4890 0
4891 1
4892 2
4893 1
4894 1
4895 0
4896 0
4897 0
4898 1
4899 2
4900 0
4901 3
4902 0
4903 0
4904 1
4905 3
4906 0
4907 1
4908 3
4909 0
4910 0
4911 0
4912 1
4913 1
4914 0
4915 2
4916 0
4917 3
4918 0
4919 0
4920 0
4921 0
4922 0
4923 3
4924 1
4925 1
4926 0
4927 2
4928 1
4929 3
4930 0
4931 0
4932 0
4933 3
4934 1
4935 1
4936 3
4937 1
4938 0
4939 3
4940 3
4941 0
4942 0
4943 0
4944 0
4945 1
4946 0
4947 2
4948 3
4949 1
4950 1
4951 1
4952 1
4953 3
4954 3
4955 2
4956 3
4957 1
4958 2
4959 2
4960 2
4961 0
4962 3
4963 1
4964 1
4965 0
4966 0
4967 0
4968 1
4969 0
4970 1
4971 0
4972 1
4973 1
4974 3
4975 0
4976 1
4977 1
4978 1
4979 1
4980 1
4981 1
4982 2
4983 3
4984 0
4985 2
4986 2
4987 0
4988 1
4989 2
4990 3
4991 0
4992 3
4993 0
4994 0
4995 0
4996 1
4997 3
4998 1
4999 0
5000 1
5001 0
5002 1
5003 3
5004 1
5005 0
5006 1
5007 2
5008 3
5009 1
5010 0
5011 0
5012 0
5013 0
5014 0
5015 1
5016 1
5017 0
5018 3
5019 1
5020 0
5021 0
5022 2
5023 2
5024 0
5025 3
5026 0
5027 2
5028 2
5029 1
5030 0
5031 2
5032 0
5033 1
5034 0
5035 0
5036 0
5037 0
5038 2
5039 3
5040 0
5041 0
5042 3
5043 1
5044 0
5045 2
5046 1
5047 0
5048 1
5049 0
5050 2
5051 1
5052 3
5053 2
5054 3
5055 1
5056 1
5057 1
5058 1
5059 3
5060 1
5061 0
5062 0
5063 0
5064 0
5065 0
5066 0
5067 3
5068 2
5069 0
5070 0
5071 0
5072 1
5073 0
5074 2
5075 3
5076 2
5077 0
5078 0
5079 3
5080 1
5081 1
5082 0
5083 1
5084 0
5085 0
5086 3
5087 2
5088 3
5089 2
5090 0
5091 2
5092 3
5093 0
5094 3
5095 3
5096 0
5097 3
5098 3
5099 2
5100 2
5101 0
5102 0
5103 0
5104 1
5105 3
5106 0
5107 0
5108 0
5109 2
5110 2
5111 0
5112 3
5113 2
5114 3
5115 3
5116 1
5117 2
5118 1
5119 0
5120 3
5121 0
5122 0
5123 1
5124 3
5125 3
5126 3
5127 0
5128 1
5129 0
5130 0
5131 3
5132 0
5133 1
5134 1
5135 0
5136 1
5137 0
5138 0
5139 3
5140 2
5141 0
5142 2
5143 1
5144 2
5145 3
5146 0
5147 0
5148 0
5149 1
5150 1
5151 0
5152 3
5153 1
5154 3
5155 3
5156 0
5157 2
5158 3
5159 2
5160 1
5161 3
5162 0
5163 3
5164 3
5165 3
5166 3
5167 3
5168 3
5169 0
5170 0
5171 0
5172 0
5173 3
5174 2
5175 3
5176 0
5177 2
5178 1
5179 0
5180 3
5181 3
5182 0
5183 0
5184 3
5185 2
5186 0
5187 0
5188 1
5189 1
5190 3
5191 0
5192 2
5193 2
5194 2
5195 1
5196 1
5197 2
5198 2
5199 1
5200 2
5201 1
5202 2
5203 2
5204 3
5205 0
5206 1
5207 0
5208 3
5209 0
5210 1
5211 0
5212 0
5213 3
5214 0
5215 0
5216 0
5217 0
5218 0
5219 1
5220 1
5221 2
5222 3
5223 3
5224 1
5225 3
5226 0
5227 3
5228 0
5229 0
5230 3
5231 3
5232 2
5233 1
5234 1
5235 3
5236 0
5237 0
5238 0
5239 3
5240 3
5241 1
5242 0
5243 0
5244 1
5245 0
5246 0
5247 2
5248 0
5249 0
5250 0
5251 1
5252 0
5253 0
5254 1
5255 3
5256 1
5257 3
5258 2
5259 0
5260 1
5261 2
5262 1
5263 2
5264 2
5265 0
5266 3
5267 0
5268 3
5269 0
5270 1
5271 3
5272 1
5273 3
5274 0
5275 1
5276 0
5277 0
5278 1
5279 1
5280 0
5281 0
5282 0
5283 2
5284 2
5285 0
5286 0
5287 0
5288 2
5289 0
5290 0
5291 0
5292 2
5293 1
5294 0
5295 0
5296 0
5297 3
5298 0
5299 1
5300 3
5301 1
5302 1
5303 3
5304 0
5305 3
5306 1
5307 3
5308 1
5309 3
5310 1
5311 0
5312 3
5313 3
5314 0
5315 2
5316 0
5317 3
5318 0
5319 0
5320 3
5321 1
5322 0
5323 1
5324 0
5325 0
5326 0
5327 3
5328 1
5329 1
5330 1
5331 0
5332 0
5333 1
5334 1
5335 0
5336 0
5337 0
5338 0
5339 3
5340 3
5341 0
5342 1
5343 0
5344 0
5345 2
5346 3
5347 2
5348 3
5349 1
5350 1
5351 0
5352 2
5353 1
5354 1
5355 1
5356 1
5357 0
5358 0
5359 0
5360 2
5361 1
5362 0
5363 2
5364 2
5365 1
5366 1
5367 2
5368 0
5369 1
5370 0
5371 0
5372 0
5373 1
5374 1
5375 0
5376 1
5377 0
5378 2
5379 3
5380 1
5381 0
5382 0
5383 1
5384 3
5385 3
5386 1
5387 0
5388 0
5389 1
5390 1
5391 0
5392 3
5393 2
5394 0
5395 0
5396 0
5397 1
5398 1
5399 1
5400 0
5401 3
5402 3
5403 0
5404 0
5405 1
5406 0
5407 0
5408 3
5409 1
5410 3
5411 0
5412 1
5413 1
5414 0
5415 0
5416 0
5417 1
5418 0
5419 0
5420 2
5421 1
5422 1
5423 1
5424 3
5425 0
5426 0
5427 0
5428 2
5429 2
5430 0
5431 1
5432 0
5433 1
5434 0
5435 2
5436 1
5437 1
5438 1
5439 1
5440 1
5441 0
5442 3
5443 1
5444 0
5445 0
5446 2
5447 3
5448 0
5449 2
5450 1
5451 0
5452 1
5453 1
5454 0
5455 1
5456 0
5457 0
5458 2
5459 3
5460 0
5461 1
5462 0
5463 0
5464 0
5465 2
5466 2
5467 1
5468 1
5469 2
5470 1
5471 3
5472 0
5473 2
5474 3
5475 1
5476 1
5477 0
5478 1
5479 0
5480 3
5481 0
5482 0
5483 0
5484 0
5485 0
5486 0
5487 0
5488 0
5489 0
5490 0
5491 0
5492 0
5493 0
5494 0
5495 0
5496 0
5497 0
5498 0
5499 0
5500 0
5501 0
5502 0
5503 0
5504 0
5505 0
5506 2
5507 3
5508 0
5509 0
5510 2
5511 0
5512 0
5513 0
5514 0
5515 0
5516 0
5517 2
5518 3
5519 3
5520 3
5521 0
5522 0
5523 0
5524 3
5525 0
5526 0
5527 0
5528 2
5529 0
5530 3
5531 0
5532 0
5533 0
5534 1
5535 1
5536 1
5537 3
5538 1
5539 0
5540 3
5541 1
5542 3
5543 2
5544 1
5545 2
5546 3
5547 0
5548 0
5549 0
5550 0
5551 0
5552 0
5553 0
5554 1
5555 0
5556 1
5557 0
5558 0
5559 0
5560 0
5561 3
5562 1
5563 0
5564 0
5565 0
5566 3
5567 0
5568 3
5569 0
5570 3
5571 0
5572 0
5573 3
5574 0
5575 2
5576 3
5577 0
5578 3
5579 0
5580 1
5581 0
5582 2
5583 2
5584 3
5585 1
5586 0
5587 0
5588 0
5589 0
5590 1
5591 0
5592 3
5593 3
5594 0
5595 0
5596 3
5597 0
5598 0
5599 3
5600 1
5601 2
5602 1
5603 0
5604 1
5605 1
5606 1
5607 1
5608 0
5609 0
5610 1
5611 3
5612 2
5613 0
5614 0
5615 3
5616 1
5617 1
5618 0
5619 0
5620 3
5621 0
5622 0
5623 3
5624 1
5625 1
5626 3
5627 3
5628 0
5629 3
5630 3
5631 0
5632 2
5633 3
5634 0
5635 0
5636 1
5637 1
5638 3
5639 1
5640 1
5641 1
5642 0
5643 1
5644 0
5645 3
5646 0
5647 0
5648 3
5649 0
5650 0
5651 1
5652 3
5653 1
5654 3
5655 1
5656 0
5657 0
5658 2
5659 1
5660 3
5661 2
5662 0
5663 3
5664 0
5665 3
5666 3
5667 1
5668 0
5669 3
5670 1
5671 1
5672 1
5673 1
5674 2
5675 1
5676 1
5677 0
5678 0
5679 3
5680 3
5681 1
5682 1
5683 1
5684 0
5685 2
5686 1
5687 1
5688 3
5689 3
5690 1
5691 2
5692 0
5693 1
5694 2
5695 0
5696 3
5697 0
5698 0
5699 0
5700 0
5701 0
5702 0
5703 0
5704 2
5705 0
5706 0
5707 0
5708 0
5709 0
5710 0
5711 0
5712 0
5713 0
5714 1
5715 3
5716 2
5717 0
5718 1
5719 2
5720 1
5721 2
5722 2
5723 3
5724 3
5725 0
5726 1
5727 1
5728 2
5729 3
5730 3
5731 0
5732 1
5733 3
5734 3
5735 1
5736 3
5737 0
5738 0
5739 2
5740 2
5741 2
5742 2
5743 1
5744 0
5745 0
5746 1
5747 0
5748 0
5749 3
5750 3
5751 0
5752 3
5753 0
5754 3
5755 3
5756 1
5757 0
5758 1
5759 1
5760 3
5761 0
5762 3
5763 1
5764 1
5765 3
5766 2
5767 1
5768 3
5769 1
5770 0
5771 0
5772 1
5773 0
5774 2
5775 0
5776 1
5777 0
5778 0
5779 2
5780 1
5781 1
5782 1
5783 0
5784 3
5785 0
5786 1
5787 2
5788 0
5789 2
5790 0
5791 3
5792 0
5793 1
5794 3
5795 0
5796 1
5797 0
5798 3
5799 3
5800 3
5801 1
5802 0
5803 0
5804 0
5805 0
5806 1
5807 1
5808 1
5809 3
5810 0
5811 0
5812 2
5813 0
5814 0
5815 2
5816 1
5817 0
5818 1
5819 1
5820 1
5821 1
5822 0
5823 0
5824 0
5825 0
5826 3
5827 3
5828 3
5829 1
5830 0
5831 0
5832 0
5833 3
5834 3
5835 3
5836 3
5837 2
5838 1
5839 0
5840 3
5841 0
5842 0
5843 3
5844 0
5845 0
5846 0
5847 0
5848 3
5849 0
5850 0
5851 2
5852 0
5853 0
5854 1
5855 0
5856 2
5857 2
5858 0
5859 2
5860 0
5861 3
5862 0
5863 1
5864 3
5865 1
5866 0
5867 2
5868 0
5869 3
5870 3
5871 1
5872 2
5873 2
5874 2
5875 0
5876 0
5877 1
5878 3
5879 1
5880 0
5881 0
5882 3
5883 0
5884 3
5885 1
5886 3
5887 0
5888 0
5889 3
5890 0
5891 3
5892 2
5893 1
5894 2
5895 3
5896 2
5897 2
5898 0
5899 1
5900 1
5901 0
5902 1
5903 1
5904 0
5905 2
5906 3
5907 1
5908 3
5909 3
5910 2
5911 3
5912 3
5913 0
5914 3
5915 3
5916 0
5917 0
5918 0
5919 0
5920 3
5921 0
5922 3
5923 0
5924 3
5925 0
5926 2
5927 0
5928 0
5929 0
5930 1
5931 0
5932 0
5933 3
5934 0
5935 0
5936 0
5937 0
5938 0
5939 0
5940 0
5941 2
5942 0
5943 0
5944 3
5945 2
5946 0
5947 0
5948 3
5949 0
5950 0
5951 0
5952 0
5953 3
5954 0
5955 0
5956 0
5957 3
5958 3
5959 0
5960 0
5961 0
5962 0
5963 0
5964 3
5965 2
5966 3
5967 0
5968 0
5969 3
5970 3
5971 3
5972 2
5973 0
5974 0
5975 0
5976 3
5977 0
5978 0
5979 0
5980 0
5981 0
5982 1
5983 0
5984 0
5985 0
5986 3
5987 2
5988 3
5989 0
5990 3
5991 2
5992 0
5993 2
5994 0
5995 2
5996 0
5997 1
5998 0
5999 0
6000 0
6001 0
6002 1
6003 2
6004 3
6005 2
6006 0
6007 0
6008 0
6009 2
6010 2
6011 3
6012 1
6013 2
6014 2
6015 0
6016 1
6017 1
6018 3
6019 0
6020 0
6021 1
6022 0
6023 1
6024 0
6025 1
6026 2
6027 2
6028 0
6029 1
6030 0
6031 0
6032 0
6033 0
6034 3
6035 2
6036 2
6037 3
6038 2
6039 3
6040 0
6041 3
6042 0
6043 3
6044 0
6045 0
6046 0
6047 3
6048 1
6049 1
6050 3
6051 0
6052 0
6053 0
6054 0
6055 0
6056 1
6057 1
6058 0
6059 0
6060 0
6061 2
6062 0
6063 2
6064 0
6065 0
6066 3
6067 3
6068 0
6069 3
6070 0
6071 0
6072 1
6073 2
6074 0
6075 0
6076 3
6077 0
6078 1
6079 0
6080 0
6081 0
6082 3
6083 3
6084 1
6085 0
6086 1
6087 0
6088 0
6089 2
6090 0
6091 3
6092 0
6093 3
6094 0
6095 0
6096 0
6097 0
6098 0
6099 0
6100 0
6101 0
6102 0
6103 3
6104 0
6105 0
6106 0
6107 3
6108 2
6109 1
6110 3
6111 0
6112 0
6113 1
6114 1
6115 0
6116 1
6117 2
6118 1
6119 0
6120 1
6121 0
6122 0
6123 0
6124 0
6125 2
6126 1
6127 3
6128 1
6129 0
6130 0
6131 2
6132 0
6133 0
6134 0
6135 0
6136 3
6137 0
6138 0
6139 1
6140 3
6141 3
6142 3
6143 1
6144 0
6145 0
6146 0
6147 0
6148 0
6149 0
6150 0
6151 0
6152 0
6153 0
6154 3
6155 0
6156 3
6157 0
6158 0
6159 0
6160 0
6161 1
6162 0
6163 1
6164 0
6165 0
6166 3
6167 3
6168 2
6169 0
6170 0
6171 0
6172 0
6173 0
6174 0
6175 0
6176 0
6177 0
6178 0
6179 3
6180 1
6181 1
6182 2
6183 0
6184 3
6185 0
6186 0
6187 1
6188 0
6189 1
6190 0
6191 0
6192 2
6193 2
6194 0
6195 1
6196 3
6197 0
6198 2
6199 0
6200 0
6201 0
6202 2
6203 0
6204 0
6205 0
6206 1
6207 0
6208 3
6209 1
6210 0
6211 0
6212 0
6213 1
6214 1
6215 2
6216 0
6217 0
6218 0
6219 0
6220 0
6221 0
6222 2
6223 0
6224 0
6225 1
6226 3
6227 1
6228 3
6229 1
6230 2
6231 0
6232 2
6233 2
6234 2
6235 3
6236 0
6237 3
6238 3
6239 0
6240 0
6241 3
6242 1
6243 0
6244 1
6245 0
6246 0
6247 0
6248 0
6249 0
6250 3
6251 0
6252 1
6253 1
6254 0
6255 1
6256 0
6257 1
6258 0
6259 0
6260 0
6261 2
6262 0
6263 3
6264 0
6265 0
6266 3
6267 3
6268 0
6269 1
6270 0
6271 3
6272 0
6273 3
6274 0
6275 0
6276 0
6277 0
6278 2
6279 3
6280 3
6281 1
6282 1
6283 3
6284 2
6285 2
6286 3
6287 1
6288 3
6289 3
6290 3
6291 1
6292 1
6293 1
6294 2
6295 0
6296 0
6297 1
6298 0
6299 0
6300 0
6301 0
6302 2
6303 2
6304 0
6305 0
6306 0
6307 1
6308 3
6309 0
6310 1
6311 0
6312 1
6313 0
6314 0
6315 0
6316 0
6317 0
6318 1
6319 3
6320 1
6321 3
6322 0
6323 3
6324 0
6325 2
6326 3
6327 0
6328 0
6329 2
6330 0
6331 0
6332 0
6333 0
6334 3
6335 0
6336 2
6337 0
6338 0
6339 0
6340 3
6341 0
6342 2
6343 1
6344 0
6345 0
6346 0
6347 0
6348 2
6349 2
6350 0
6351 3
6352 0
6353 3
6354 3
6355 0
6356 2
6357 2
6358 0
6359 0
6360 3
6361 1
6362 1
6363 0
6364 0
6365 3
6366 3
6367 0
6368 1
6369 1
6370 0
6371 0
6372 2
6373 0
6374 1
6375 2
6376 0
6377 0
6378 3
6379 0
6380 0
6381 3
6382 0
6383 3
6384 3
6385 0
6386 0
6387 0
6388 0
6389 0
6390 0
6391 0
6392 2
6393 2
6394 0
6395 0
6396 3
6397 1
6398 0
6399 2
6400 1
6401 0
6402 2
6403 2
6404 0
6405 0
6406 0
6407 0
6408 0
6409 3
6410 0
6411 3
6412 0
6413 0
6414 0
6415 0
6416 2
6417 3
6418 0
6419 3
6420 0
6421 3
6422 2
6423 0
6424 0
6425 0
6426 0
6427 0
6428 0
6429 0
6430 0
6431 0
6432 3
6433 3
6434 0
6435 3
6436 0
6437 0
6438 2
6439 2
6440 0
6441 0
6442 3
6443 0
6444 0
6445 0
6446 2
6447 0
6448 1
6449 2
6450 3
6451 1
6452 1
6453 3
6454 3
6455 1
6456 3
6457 1
6458 3
6459 0
6460 0
6461 2
6462 0
6463 1
6464 1
6465 0
6466 1
6467 2
6468 3
6469 0
6470 3
6471 3
6472 3
6473 1
6474 3
6475 3
6476 3
6477 1
6478 1
6479 3
6480 1
6481 2
6482 0
6483 0
6484 2
6485 1
6486 0
6487 0
6488 3
6489 0
6490 1
6491 3
6492 3
6493 2
6494 3
6495 0
6496 0
6497 0
6498 0
6499 3
6500 0
6501 3
6502 0
6503 0
6504 0
6505 3
6506 0
6507 0
6508 0
6509 0
6510 2
6511 3
6512 0
6513 0
6514 1
6515 0
6516 0
6517 3
6518 2
6519 3
6520 1
6521 0
6522 0
6523 0
6524 0
6525 0
6526 0
6527 0
6528 0
6529 0
6530 2
6531 1
6532 0
6533 2
6534 1
6535 1
6536 1
6537 3
6538 2
6539 0
6540 0
6541 0
6542 0
6543 0
6544 0
6545 0
6546 0
6547 0
6548 0
6549 2
6550 2
6551 0
6552 0
6553 3
6554 1
6555 0
6556 0
6557 1
6558 0
6559 0
6560 3
6561 0
6562 1
6563 2
6564 0
6565 3
6566 2
6567 3
6568 0
6569 1
6570 3
6571 0
6572 2
6573 3
6574 3
6575 1
6576 1
6577 0
0 0
1 1
2 2
3 3
1e-06 0.204609 27
