0 1
1 1
2 1
3 1
4 1
5 2
6 2
7 2
8 2
9 2
10 1
11 2
12 2
13 0
14 2
15 2
16 2
17 0
18 1
19 2
20 2
21 0
22 1
23 0
24 1
25 2
26 0
27 0
28 0
29 2
30 2
31 2
32 1
33 2
34 2
35 2
36 0
37 0
38 2
39 2
40 1
41 1
42 2
43 0
44 1
45 2
46 1
47 2
48 1
49 1
50 0
51 0
52 0
53 1
54 0
55 0
56 0
57 2
58 1
59 2
60 2
61 0
62 1
63 2
64 2
65 2
66 1
67 1
68 1
69 0
70 1
71 1
72 2
73 0
74 0
75 2
76 1
77 2
78 0
79 2
80 1
81 2
82 0
83 1
84 0
85 1
86 1
87 0
88 0
89 0
90 1
91 1
92 1
93 1
94 2
95 1
96 1
97 0
98 0
99 0
100 0
101 2
102 2
103 1
104 0
105 0
106 1
107 1
108 1
109 0
110 2
111 2
112 0
113 0
114 0
115 0
116 0
117 0
118 2
119 0
120 2
121 1
122 2
123 1
124 2
125 0
126 0
127 0
128 0
129 1
130 0
131 1
132 0
133 0
134 2
135 1
136 2
137 1
138 0
139 1
140 2
141 0
142 1
143 1
144 0
145 2
146 1
147 2
148 0
149 0
150 1
151 0
152 0
153 0
154 0
155 1
156 2
157 2
158 1
159 1
160 1
161 2
162 1
163 1
164 1
165 1
166 2
167 0
168 0
169 2
170 1
171 0
172 0
173 0
174 2
175 0
176 1
177 1
178 0
179 1
180 2
181 2
182 0
183 1
184 2
185 2
186 2
187 0
188 2
189 1
190 2
191 2
192 0
193 1
194 1
195 2
196 1
197 0
198 2
199 2
200 2
201 1
202 1
203 2
204 1
205 2
206 0
207 0
208 0
209 0
210 2
211 1
212 0
213 2
214 1
215 1
216 0
217 2
218 0
219 2
220 0
221 1
222 1
223 0
224 0
225 0
226 2
227 2
228 1
229 1
230 0
231 0
232 0
233 0
234 2
235 2
236 0
237 1
238 1
239 0
240 0
241 2
242 2
243 2
244 0
245 2
246 2
247 2
248 0
249 1
250 0
251 0
252 2
253 0
254 0
255 2
256 0
257 2
258 2
259 0
260 0
261 2
262 0
263 2
264 2
265 2
266 2
267 0
268 2
269 2
270 0
271 2
272 0
273 2
274 2
275 1
276 2
277 2
278 1
279 2
280 1
281 1
282 2
283 2
284 2
285 0
286 0
287 2
288 0
289 1
290 0
291 1
292 0
293 2
294 0
295 1
296 0
297 2
298 0
299 2
300 2
301 2
302 0
303 1
304 0
305 0
306 0
307 1
308 1
309 0
310 1
311 2
312 0
313 0
314 0
315 1
316 0
317 1
318 1
319 2
320 0
321 0
322 2
323 2
324 0
325 0
326 1
327 0
328 2
329 2
330 0
331 1
332 1
333 1
334 0
335 2
336 0
337 0
338 2
339 2
340 0
341 0
342 2
343 0
344 0
345 0
346 1
347 0
348 1
349 2
350 0
351 0
352 0
353 2
354 0
355 0
356 2
357 0
358 0
359 0
360 1
361 2
362 2
363 1
364 0
365 0
366 0
367 0
368 2
369 0
370 2
371 1
372 1
373 0
374 1
375 0
376 2
377 0
378 1
379 1
380 1
381 1
382 1
383 0
384 0
385 2
386 0
387 0
388 0
389 0
390 0
391 2
392 2
393 0
394 1
395 0
396 2
397 2
398 0
399 0
400 0
401 0
402 0
403 0
404 1
405 1
406 2
407 0
408 0
409 0
410 0
411 1
412 1
413 0
414 1
415 0
416 0
417 0
418 1
419 2
420 0
421 2
422 1
423 1
424 2
425 0
426 1
427 2
428 2
429 1
430 0
431 0
432 1
433 2
434 0
435 1
436 1
437 1
438 2
439 0
440 1
441 0
442 1
443 2
444 1
445 0
446 1
447 2
448 0
449 0
450 0
451 1
452 0
453 0
454 0
455 1
456 0
457 0
458 2
459 0
460 0
461 1
462 2
463 2
464 1
465 0
466 0
467 2
468 0
469 0
470 2
471 1
472 2
473 0
474 0
475 2
476 0
477 0
478 2
479 1
480 2
481 0
482 0
483 0
484 2
485 1
486 2
487 0
488 1
489 0
490 1
491 1
492 2
493 0
494 2
495 2
496 2
497 2
498 0
499 0
500 2
501 2
502 1
503 0
504 0
505 1
506 1
507 2
508 1
509 1
510 0
511 0
512 2
513 0
514 1
515 0
516 1
517 1
518 1
519 1
520 0
521 1
522 1
523 1
524 1
525 2
526 0
527 0
528 0
529 0
530 0
531 2
532 2
533 0
534 0
535 2
536 2
537 1
538 0
539 0
540 0
541 0
542 2
543 0
544 1
545 0
546 0
547 0
548 2
549 0
550 1
551 0
552 1
553 1
554 1
555 0
556 1
557 2
558 0
559 2
560 0
561 1
562 1
563 1
564 1
565 1
566 1
567 1
568 0
569 0
570 0
571 2
572 0
573 0
574 0
575 2
576 0
577 0
578 2
579 0
580 0
581 0
582 1
583 0
584 1
585 1
586 2
587 1
588 1
589 1
590 0
591 2
592 2
593 2
594 0
595 1
596 0
597 0
598 2
599 1
600 0
601 0
602 2
603 1
604 1
605 0
606 2
607 1
608 2
609 2
610 0
611 0
612 0
613 0
614 2
615 0
616 1
617 0
618 2
619 0
620 2
621 1
622 1
623 0
624 0
625 0
626 0
627 2
628 2
629 2
630 2
631 2
632 2
633 2
634 0
635 2
636 0
637 0
638 2
639 2
640 2
641 1
642 2
643 2
644 2
645 2
646 2
647 2
648 2
649 2
650 2
651 2
652 2
653 1
654 2
655 2
656 2
657 2
658 0
659 2
660 2
661 2
662 2
663 2
664 2
665 2
666 0
667 2
668 2
669 2
670 2
671 2
672 2
673 0
674 0
675 2
676 2
677 2
678 0
679 2
680 2
681 2
682 2
683 2
684 2
685 1
686 2
687 2
688 2
689 2
690 2
691 2
692 2
693 2
694 2
695 2
696 2
697 2
698 2
699 2
700 2
701 2
702 1
703 1
704 1
705 1
706 1
707 1
708 2
709 1
710 2
711 0
712 1
713 0
714 1
715 2
716 1
717 2
718 0
719 0
720 0
721 1
722 1
723 1
724 0
725 2
726 2
727 1
728 1
729 0
730 0
731 0
732 2
733 0
734 2
735 2
736 0
737 2
738 2
739 2
740 0
741 1
742 2
743 2
744 0
745 0
746 2
747 0
748 1
749 0
750 0
751 0
752 1
753 0
754 1
755 1
756 2
757 2
758 2
759 0
760 0
761 1
762 2
763 1
764 0
765 1
766 2
767 0
768 0
769 0
770 1
771 1
772 0
773 0
774 2
775 0
776 1
777 0
778 2
779 2
780 1
781 0
782 0
783 1
784 1
785 1
786 1
787 0
788 2
789 1
790 2
791 1
792 2
793 0
794 0
795 2
796 2
797 0
798 0
799 0
800 0
801 2
802 1
803 2
804 2
805 2
806 1
807 0
808 0
809 2
810 1
811 0
812 0
813 0
814 1
815 2
816 2
817 0
818 2
819 2
820 1
821 0
822 2
823 0
824 0
825 1
826 2
827 0
828 1
829 0
830 0
831 1
832 0
833 0
834 0
835 1
836 0
837 0
838 1
839 0
840 1
841 1
842 1
843 0
844 0
845 1
846 0
847 0
848 2
849 2
850 2
851 2
852 2
853 1
854 1
855 1
856 0
857 2
858 2
859 0
860 0
861 0
862 0
863 1
864 2
865 2
866 0
867 1
868 2
869 2
870 0
871 0
872 1
873 1
874 0
875 2
876 2
877 1
878 1
879 1
880 1
881 0
882 1
883 1
884 0
885 2
886 1
887 2
888 0
889 0
890 0
891 0
892 1
893 2
894 2
895 0
896 0
897 0
898 2
899 1
900 0
901 2
902 1
903 1
904 0
905 2
906 0
907 0
908 1
909 2
910 0
911 0
912 2
913 0
914 0
915 2
916 2
917 1
918 0
919 2
920 1
921 2
922 1
923 2
924 2
925 0
926 2
927 2
928 0
929 0
930 0
931 1
932 2
933 2
934 2
935 1
936 2
937 0
938 1
939 2
940 0
941 0
942 1
943 0
944 2
945 0
946 2
947 1
948 2
949 0
950 0
951 2
952 1
953 0
954 1
955 0
956 2
957 2
958 2
959 1
960 0
961 0
962 2
963 0
964 0
965 0
966 1
967 0
968 1
969 1
970 2
971 1
972 1
973 2
974 1
975 1
976 0
977 0
978 1
979 0
980 2
981 2
982 1
983 2
984 2
985 2
986 2
987 0
988 0
989 0
990 0
991 1
992 2
993 0
994 1
995 0
996 2
997 1
998 0
999 2
1000 0
1001 2
1002 0
1003 0
1004 1
1005 0
1006 0
1007 0
1008 1
1009 2
1010 1
1011 0
1012 0
1013 0
1014 2
1015 0
1016 0
1017 1
1018 1
1019 0
1020 0
1021 1
1022 2
1023 1
1024 1
1025 2
1026 2
1027 1
1028 0
1029 1
1030 1
1031 1
1032 1
1033 1
1034 1
1035 2
1036 2
1037 0
1038 0
1039 0
1040 1
1041 0
1042 0
1043 2
1044 0
1045 0
1046 0
1047 1
1048 0
1049 1
1050 1
1051 0
1052 0
1053 2
1054 0
1055 0
1056 0
1057 0
1058 0
1059 0
1060 0
1061 2
1062 1
1063 2
1064 0
1065 2
1066 0
1067 0
1068 0
1069 0
1070 2
1071 0
1072 0
1073 2
1074 0
1075 0
1076 0
1077 2
1078 1
1079 1
1080 2
1081 0
1082 1
1083 0
1084 2
1085 0
1086 0
1087 1
1088 0
1089 0
1090 0
1091 1
1092 1
1093 2
1094 1
1095 1
1096 0
1097 1
1098 0
1099 1
1100 0
1101 2
1102 2
1103 2
1104 1
1105 2
1106 0
1107 0
1108 0
1109 0
1110 0
1111 2
1112 1
1113 0
1114 0
1115 2
1116 0
1117 0
1118 2
1119 0
1120 2
1121 0
1122 1
1123 1
1124 2
1125 1
1126 0
1127 0
1128 0
1129 1
1130 2
1131 0
1132 0
1133 2
1134 0
1135 2
1136 1
1137 2
1138 2
1139 1
1140 0
1141 0
1142 2
1143 2
1144 2
1145 0
1146 0
1147 2
1148 2
1149 2
1150 2
1151 2
1152 2
1153 0
1154 2
1155 1
1156 1
1157 1
1158 1
1159 1
1160 1
1161 1
1162 1
1163 1
1164 1
1165 0
1166 2
1167 0
1168 2
1169 1
1170 1
1171 2
1172 0
1173 1
1174 1
1175 0
1176 0
1177 1
1178 1
1179 2
1180 0
1181 1
1182 2
1183 2
1184 0
1185 2
1186 0
1187 2
1188 0
1189 0
1190 0
1191 2
1192 1
1193 1
1194 0
1195 0
1196 2
1197 0
1198 0
1199 1
1200 2
1201 0
1202 2
1203 1
1204 1
1205 0
1206 2
1207 1
1208 1
1209 1
1210 0
1211 2
1212 0
1213 2
1214 2
1215 2
1216 2
1217 0
1218 2
1219 0
1220 0
1221 2
1222 2
1223 2
1224 1
1225 0
1226 1
1227 0
1228 0
1229 2
1230 0
1231 2
1232 1
1233 0
1234 2
1235 0
1236 2
1237 0
1238 0
1239 2
1240 0
1241 0
1242 0
1243 0
1244 0
1245 0
1246 0
1247 0
1248 2
1249 2
1250 0
1251 1
1252 2
1253 2
1254 0
1255 0
1256 0
1257 2
1258 1
1259 0
1260 1
1261 1
1262 1
1263 2
1264 2
1265 2
1266 0
1267 1
1268 2
1269 2
1270 0
1271 1
1272 1
1273 1
1274 0
1275 0
1276 1
1277 1
1278 1
1279 0
1280 1
1281 0
1282 2
1283 2
1284 1
1285 2
1286 0
1287 0
1288 0
1289 2
1290 1
1291 1
1292 0
1293 0
1294 0
1295 2
1296 1
1297 1
1298 1
1299 1
1300 2
1301 1
1302 1
1303 1
1304 2
1305 2
1306 0
1307 0
1308 2
1309 0
1310 2
1311 0
1312 1
1313 0
1314 0
1315 0
1316 2
1317 1
1318 2
1319 2
1320 2
1321 2
1322 2
1323 2
1324 2
1325 2
1326 2
1327 1
1328 0
1329 2
1330 1
1331 0
1332 0
1333 1
1334 1
1335 2
1336 1
1337 2
1338 0
1339 2
1340 1
1341 1
1342 2
1343 0
1344 2
1345 0
1346 1
1347 0
1348 2
1349 2
1350 2
1351 1
1352 1
1353 2
1354 2
1355 2
1356 2
1357 2
1358 0
1359 1
1360 0
1361 2
1362 0
1363 0
1364 2
1365 2
1366 2
1367 1
1368 0
1369 1
1370 1
1371 0
1372 0
1373 1
1374 2
1375 0
1376 0
1377 0
1378 1
1379 2
1380 0
1381 2
1382 2
1383 0
1384 2
1385 0
1386 1
1387 0
1388 1
1389 2
1390 2
1391 1
1392 0
1393 1
1394 0
1395 1
1396 0
1397 1
1398 2
1399 2
1400 0
1401 0
1402 2
1403 2
1404 1
1405 0
1406 2
1407 0
1408 0
1409 0
1410 0
1411 0
1412 2
1413 0
1414 1
1415 2
1416 0
1417 0
1418 1
1419 1
1420 0
1421 0
1422 2
1423 1
1424 1
1425 2
1426 2
1427 0
1428 1
1429 1
1430 0
1431 1
1432 0
1433 1
1434 0
1435 0
1436 0
1437 0
1438 2
1439 2
1440 0
1441 0
1442 1
1443 2
1444 1
1445 1
1446 0
1447 1
1448 2
1449 0
1450 2
1451 1
1452 1
1453 0
1454 2
1455 2
1456 2
1457 2
1458 1
1459 0
1460 2
1461 1
1462 2
1463 2
1464 1
1465 2
1466 0
1467 0
1468 0
1469 1
1470 0
1471 0
1472 0
1473 2
1474 0
1475 2
1476 0
1477 1
1478 2
1479 1
1480 1
1481 2
1482 2
1483 1
1484 2
1485 2
1486 1
1487 2
1488 1
1489 2
1490 0
1491 1
1492 2
1493 1
1494 1
1495 1
1496 2
1497 1
1498 0
1499 0
1500 0
1501 2
1502 0
1503 1
1504 1
1505 2
1506 2
1507 2
1508 2
1509 2
1510 1
1511 0
1512 2
1513 0
1514 2
1515 2
1516 2
1517 0
1518 1
1519 1
1520 2
1521 2
1522 1
1523 0
1524 2
1525 2
1526 2
1527 2
1528 2
1529 0
1530 0
1531 2
1532 2
1533 2
1534 2
1535 2
1536 2
1537 2
1538 2
1539 2
1540 2
1541 2
1542 0
1543 2
1544 2
1545 2
1546 0
1547 2
1548 0
1549 1
1550 0
1551 2
1552 1
1553 2
1554 2
1555 1
1556 1
1557 0
1558 0
1559 2
1560 0
1561 0
1562 0
1563 1
1564 1
1565 0
1566 1
1567 0
1568 0
1569 0
1570 2
1571 0
1572 0
1573 2
1574 1
1575 0
1576 2
1577 1
1578 0
1579 1
1580 0
1581 1
1582 2
1583 2
1584 1
1585 1
1586 2
1587 2
1588 2
1589 1
1590 1
1591 1
1592 1
1593 1
1594 2
1595 0
1596 2
1597 2
1598 2
1599 0
1600 2
1601 1
1602 1
1603 1
1604 2
1605 0
1606 2
1607 1
1608 1
1609 1
1610 1
1611 1
1612 2
1613 2
1614 1
1615 1
1616 0
1617 1
1618 2
1619 1
1620 1
1621 1
1622 1
1623 1
1624 1
1625 0
1626 0
1627 2
1628 2
1629 1
1630 1
1631 2
1632 1
1633 1
1634 1
1635 0
1636 0
1637 1
1638 1
1639 0
1640 0
1641 2
1642 0
1643 0
1644 0
1645 0
1646 1
1647 0
1648 2
1649 2
1650 0
1651 0
1652 0
1653 1
1654 2
1655 0
1656 1
1657 2
1658 2
1659 0
1660 2
1661 2
1662 2
1663 1
1664 0
1665 0
1666 2
1667 2
1668 0
1669 1
1670 0
1671 1
1672 1
1673 0
1674 0
1675 2
1676 2
1677 0
1678 2
1679 0
1680 0
1681 0
1682 1
1683 1
1684 0
1685 1
1686 1
1687 2
1688 2
1689 2
1690 1
1691 1
1692 2
1693 2
1694 0
1695 0
1696 2
1697 1
1698 0
1699 0
1700 1
1701 0
1702 0
1703 1
1704 0
1705 0
1706 0
1707 1
1708 1
1709 0
1710 0
1711 2
1712 2
1713 0
1714 1
1715 2
1716 2
1717 0
1718 2
1719 0
1720 0
1721 1
1722 0
1723 0
1724 0
1725 0
1726 1
1727 2
1728 0
1729 2
1730 1
1731 0
1732 0
1733 2
1734 2
1735 2
1736 0
1737 0
1738 0
1739 1
1740 2
1741 2
1742 1
1743 0
1744 0
1745 0
1746 0
1747 0
1748 0
1749 2
1750 0
1751 2
1752 1
1753 0
1754 0
1755 1
1756 0
1757 0
1758 1
1759 2
1760 2
1761 0
1762 0
1763 2
1764 2
1765 1
1766 0
1767 0
1768 0
1769 0
1770 0
1771 2
1772 2
1773 0
1774 2
1775 0
1776 2
1777 2
1778 0
1779 2
1780 2
1781 2
1782 0
1783 0
1784 1
1785 2
1786 0
1787 2
1788 0
1789 0
1790 0
1791 2
1792 1
1793 0
1794 0
1795 0
1796 2
1797 0
1798 2
1799 0
1800 2
1801 2
1802 0
1803 2
1804 0
1805 2
1806 0
1807 0
1808 1
1809 2
1810 2
1811 2
1812 2
1813 0
1814 0
1815 1
1816 2
1817 0
1818 2
1819 0
1820 2
1821 0
1822 2
1823 0
1824 0
1825 0
1826 0
1827 2
1828 1
1829 2
1830 2
1831 0
1832 0
1833 2
1834 0
1835 0
1836 2
1837 0
1838 0
1839 0
1840 1
1841 2
1842 1
1843 2
1844 2
1845 2
1846 0
1847 0
1848 0
1849 2
1850 2
1851 0
1852 2
1853 1
1854 1
1855 0
1856 0
1857 0
1858 0
1859 1
1860 2
1861 2
1862 2
1863 0
1864 1
1865 0
1866 2
1867 2
1868 0
1869 1
1870 2
1871 1
1872 0
1873 2
1874 0
1875 2
1876 2
1877 0
1878 1
1879 0
1880 1
1881 0
1882 0
1883 0
1884 2
1885 2
1886 1
1887 1
1888 0
1889 2
1890 1
1891 2
1892 2
1893 0
1894 1
1895 0
1896 2
1897 1
1898 2
1899 1
1900 2
1901 2
1902 0
1903 1
1904 0
1905 1
1906 0
1907 1
1908 1
1909 1
1910 0
1911 2
1912 1
1913 0
1914 2
1915 0
1916 2
1917 0
1918 0
1919 0
1920 0
1921 0
1922 2
1923 2
1924 2
1925 0
1926 2
1927 0
1928 2
1929 2
1930 2
1931 1
1932 2
1933 2
1934 1
1935 1
1936 0
1937 1
1938 2
1939 1
1940 1
1941 0
1942 0
1943 0
1944 1
1945 0
1946 0
1947 0
1948 2
1949 1
1950 1
1951 0
1952 1
1953 2
1954 0
1955 2
1956 0
1957 1
1958 1
1959 0
1960 0
1961 0
1962 1
1963 2
1964 0
1965 0
1966 2
1967 0
1968 1
1969 0
1970 2
1971 2
1972 2
1973 1
1974 2
1975 0
1976 2
1977 1
1978 0
1979 2
1980 0
1981 0
1982 2
1983 2
1984 0
1985 0
1986 0
1987 2
1988 1
1989 1
1990 1
1991 0
1992 1
1993 0
1994 2
1995 1
1996 1
1997 0
1998 2
1999 2
2000 0
2001 0
2002 1
2003 1
2004 0
2005 2
2006 1
2007 1
2008 0
2009 0
2010 2
2011 1
2012 2
2013 1
2014 1
2015 1
2016 2
2017 1
2018 1
2019 0
2020 1
2021 1
2022 2
2023 1
2024 2
2025 1
2026 1
2027 1
2028 0
2029 1
2030 2
2031 1
2032 0
2033 1
2034 1
2035 1
2036 2
2037 1
2038 1
2039 0
2040 2
2041 0
2042 0
2043 1
2044 0
2045 2
2046 2
2047 2
2048 0
2049 0
2050 2
2051 0
2052 1
2053 2
2054 2
2055 2
2056 2
2057 1
2058 2
2059 0
2060 0
2061 0
2062 1
2063 2
2064 0
2065 1
2066 1
2067 1
2068 1
2069 1
2070 1
2071 1
2072 1
2073 2
2074 1
2075 2
2076 1
2077 1
2078 1
2079 2
2080 1
2081 0
2082 1
2083 1
2084 1
2085 2
2086 1
2087 1
2088 0
2089 0
2090 0
2091 1
2092 2
2093 2
2094 1
2095 1
2096 2
2097 2
2098 0
2099 2
2100 0
2101 1
2102 2
2103 2
2104 0
2105 0
2106 2
2107 1
2108 2
2109 1
2110 2
2111 2
2112 2
2113 0
2114 2
2115 2
2116 2
2117 2
2118 2
2119 1
2120 2
2121 2
2122 2
2123 0
2124 2
2125 0
2126 2
2127 1
2128 0
2129 1
2130 1
2131 0
2132 2
2133 2
2134 0
2135 0
2136 0
2137 2
2138 1
2139 0
2140 1
2141 0
2142 1
2143 0
2144 2
2145 0
2146 0
2147 1
2148 1
2149 0
2150 0
2151 2
2152 2
2153 2
2154 1
2155 2
2156 0
2157 0
2158 2
2159 1
2160 0
2161 1
2162 0
2163 2
2164 2
2165 1
2166 2
2167 0
2168 0
2169 0
2170 0
2171 1
2172 0
2173 0
2174 2
2175 2
2176 0
2177 1
2178 0
2179 0
2180 0
2181 2
2182 1
2183 2
2184 1
2185 1
2186 0
2187 1
2188 2
2189 1
2190 1
2191 1
2192 1
2193 1
2194 2
2195 0
2196 2
2197 0
2198 1
2199 2
2200 0
2201 1
2202 0
2203 0
2204 2
2205 2
2206 1
2207 2
2208 0
2209 1
2210 1
2211 2
2212 0
2213 0
2214 2
2215 2
2216 2
2217 1
2218 0
2219 0
2220 0
2221 1
2222 2
2223 2
2224 2
2225 1
2226 1
2227 2
2228 2
2229 1
2230 2
2231 0
2232 0
2233 1
2234 0
2235 0
2236 0
2237 2
2238 0
2239 2
2240 0
2241 1
2242 0
2243 0
2244 2
2245 0
2246 1
2247 0
2248 1
2249 0
2250 0
2251 1
2252 0
2253 0
2254 2
2255 1
2256 2
2257 0
2258 2
2259 0
2260 0
2261 0
2262 1
2263 0
2264 1
2265 1
2266 1
2267 1
2268 1
2269 0
2270 0
2271 0
2272 2
2273 1
2274 0
2275 2
2276 0
2277 2
2278 2
2279 2
2280 0
2281 0
2282 2
2283 0
2284 2
2285 2
2286 2
2287 2
2288 2
2289 1
2290 0
2291 0
2292 0
2293 1
2294 2
2295 0
2296 0
2297 2
2298 1
2299 1
2300 2
2301 1
2302 1
2303 1
2304 0
2305 0
2306 0
2307 2
2308 0
2309 0
2310 2
2311 2
2312 0
2313 1
2314 1
2315 1
2316 2
2317 2
2318 0
2319 1
2320 1
2321 2
2322 2
2323 2
2324 2
2325 2
2326 1
2327 0
2328 0
2329 0
2330 1
2331 1
2332 2
2333 2
2334 1
2335 0
2336 2
2337 2
2338 1
2339 0
2340 1
2341 2
2342 0
2343 0
2344 0
2345 1
2346 2
2347 1
2348 1
2349 2
2350 1
2351 0
2352 2
2353 1
2354 1
2355 0
2356 2
2357 2
2358 0
2359 0
2360 2
2361 1
2362 0
2363 2
2364 1
2365 0
2366 2
2367 0
2368 0
2369 0
2370 2
2371 2
2372 1
2373 2
2374 2
2375 0
2376 2
2377 0
2378 2
2379 0
2380 1
2381 0
2382 1
2383 2
2384 0
2385 2
2386 2
2387 0
2388 2
2389 0
2390 2
2391 1
2392 0
2393 0
2394 2
2395 2
2396 0
2397 2
2398 0
2399 2
2400 2
2401 2
2402 2
2403 0
2404 2
2405 0
2406 2
2407 1
2408 0
2409 0
2410 0
2411 1
2412 2
2413 1
2414 2
2415 0
2416 0
2417 0
2418 2
2419 1
2420 1
2421 1
2422 0
2423 2
2424 2
2425 0
2426 1
2427 1
2428 0
2429 0
2430 0
2431 0
2432 1
2433 0
2434 2
2435 2
2436 1
2437 1
2438 0
2439 2
2440 1
2441 0
2442 2
2443 0
2444 0
2445 0
2446 0
2447 2
2448 2
2449 1
2450 0
2451 0
2452 2
2453 1
2454 2
2455 0
2456 2
2457 2
2458 0
2459 2
2460 2
2461 1
2462 2
2463 2
2464 0
2465 1
2466 1
2467 2
2468 2
2469 2
2470 2
2471 0
2472 1
2473 1
2474 1
2475 1
2476 1
2477 1
2478 1
2479 1
2480 1
2481 1
2482 1
2483 1
2484 1
2485 1
2486 1
2487 1
2488 1
2489 1
2490 1
2491 1
2492 1
2493 1
2494 1
2495 0
2496 0
2497 1
2498 1
2499 0
2500 2
2501 1
2502 1
2503 1
2504 1
2505 1
2506 0
2507 2
2508 2
2509 0
2510 1
2511 0
2512 1
2513 1
2514 1
2515 0
2516 0
2517 0
2518 0
2519 0
2520 0
2521 1
2522 0
2523 0
2524 1
2525 0
2526 0
2527 0
2528 0
2529 0
2530 0
2531 0
2532 0
2533 0
2534 1
2535 0
2536 0
2537 0
2538 0
2539 0
2540 0
2541 0
2542 1
2543 0
2544 0
2545 1
2546 0
2547 1
2548 0
2549 0
2550 0
2551 1
2552 2
2553 1
2554 2
2555 2
2556 0
2557 2
2558 1
2559 2
2560 1
2561 0
2562 2
2563 1
2564 0
2565 1
2566 1
2567 0
2568 0
2569 0
2570 1
2571 0
2572 2
2573 2
2574 2
2575 2
2576 1
2577 0
2578 0
2579 1
2580 1
2581 2
2582 1
2583 1
2584 1
2585 0
2586 1
2587 2
2588 2
2589 2
2590 0
2591 2
2592 2
2593 0
2594 2
2595 2
2596 0
2597 1
2598 0
2599 0
2600 1
2601 0
2602 0
2603 1
2604 1
2605 1
2606 0
2607 2
2608 0
2609 1
2610 2
2611 0
2612 2
2613 0
2614 0
2615 0
2616 0
2617 0
2618 1
2619 2
2620 1
2621 0
2622 1
2623 0
2624 0
2625 0
2626 0
2627 2
2628 1
2629 1
2630 1
2631 0
2632 2
2633 1
2634 0
2635 2
2636 2
2637 0
2638 0
2639 0
2640 0
2641 0
2642 0
2643 0
2644 0
2645 0
2646 0
2647 1
2648 2
2649 1
2650 0
2651 0
2652 2
2653 1
2654 1
2655 0
2656 2
2657 0
2658 1
2659 0
2660 0
2661 0
2662 1
2663 1
2664 1
2665 1
2666 0
2667 1
2668 1
2669 1
2670 0
2671 2
2672 0
2673 2
2674 2
2675 2
2676 0
2677 1
2678 0
2679 0
2680 1
2681 0
2682 1
2683 1
2684 2
2685 1
2686 2
2687 2
2688 2
2689 1
2690 1
2691 2
2692 0
2693 1
2694 0
2695 0
2696 2
2697 1
2698 0
2699 0
2700 0
2701 0
2702 0
2703 0
2704 2
2705 1
2706 0
2707 1
2708 0
2709 2
2710 1
2711 2
2712 1
2713 0
2714 0
2715 2
2716 2
2717 0
2718 1
2719 2
2720 0
2721 0
2722 2
2723 0
2724 0
2725 2
2726 0
2727 1
2728 1
2729 2
2730 1
2731 2
2732 0
2733 0
2734 2
2735 1
2736 1
2737 0
2738 0
2739 0
2740 2
2741 0
2742 0
2743 1
2744 1
2745 2
2746 0
2747 0
2748 0
2749 0
2750 0
2751 1
2752 0
2753 1
2754 0
2755 1
2756 1
2757 2
2758 1
2759 0
2760 0
2761 0
2762 0
2763 2
2764 1
2765 1
2766 0
2767 2
2768 2
2769 2
2770 2
2771 2
2772 0
2773 2
2774 1
2775 0
2776 0
2777 0
2778 0
2779 2
2780 0
2781 0
2782 1
2783 0
2784 2
2785 0
2786 2
2787 0
2788 0
2789 1
2790 0
2791 0
2792 1
2793 1
2794 2
2795 0
2796 0
2797 2
2798 2
2799 2
2800 0
2801 1
2802 0
2803 0
2804 1
2805 2
2806 2
2807 0
2808 2
2809 1
2810 0
2811 1
2812 0
2813 1
2814 1
2815 0
2816 1
2817 2
2818 1
2819 2
2820 0
2821 0
2822 0
2823 0
2824 0
2825 0
2826 1
2827 0
2828 2
2829 0
2830 2
2831 1
2832 1
2833 2
2834 2
2835 0
2836 2
2837 2
2838 2
2839 0
2840 0
2841 0
2842 0
2843 0
2844 2
2845 0
2846 1
2847 0
2848 0
2849 2
2850 2
2851 0
2852 2
2853 0
2854 1
2855 1
2856 0
2857 1
2858 2
2859 0
2860 2
2861 2
2862 2
2863 2
2864 2
2865 2
2866 0
2867 0
2868 2
2869 0
2870 0
2871 2
2872 0
2873 1
2874 0
2875 2
2876 1
2877 1
2878 1
2879 2
2880 0
2881 0
2882 0
2883 1
2884 1
2885 1
2886 2
2887 2
2888 0
2889 0
2890 2
2891 1
2892 1
2893 2
2894 2
2895 2
2896 0
2897 2
2898 2
2899 1
2900 1
2901 0
2902 1
2903 0
2904 2
2905 0
2906 0
2907 1
2908 0
2909 2
2910 1
2911 2
2912 0
2913 1
2914 2
2915 0
2916 2
2917 1
2918 1
2919 2
2920 2
2921 0
2922 0
2923 0
2924 1
2925 1
2926 1
2927 1
2928 1
2929 1
2930 2
2931 2
2932 1
2933 2
2934 2
2935 0
2936 1
2937 2
2938 0
2939 1
2940 2
2941 0
2942 0
2943 1
2944 1
2945 2
2946 0
2947 2
2948 1
2949 0
2950 2
2951 2
2952 2
2953 0
2954 2
2955 2
2956 1
2957 2
2958 2
2959 2
2960 2
2961 0
2962 1
2963 0
2964 0
2965 0
2966 0
2967 0
2968 1
2969 2
2970 1
2971 2
2972 1
2973 0
2974 1
2975 0
2976 0
2977 0
2978 2
2979 0
2980 2
2981 0
2982 1
2983 2
2984 2
2985 0
2986 0
2987 0
2988 2
2989 2
2990 1
2991 1
2992 0
2993 0
2994 0
2995 2
2996 0
2997 0
2998 0
2999 0
3000 0
3001 0
3002 2
3003 1
3004 0
3005 1
3006 0
3007 0
3008 2
3009 0
3010 0
3011 1
3012 0
3013 1
3014 2
3015 0
3016 0
3017 1
3018 2
3019 2
3020 2
3021 0
3022 2
3023 1
3024 1
3025 2
3026 0
3027 2
3028 1
3029 1
3030 2
3031 1
3032 0
3033 0
3034 2
3035 2
3036 1
3037 0
3038 2
3039 1
3040 0
3041 1
3042 1
3043 2
3044 2
3045 2
3046 2
3047 2
3048 2
3049 2
3050 1
3051 0
3052 1
3053 0
3054 0
3055 1
3056 1
3057 0
3058 2
3059 0
3060 2
3061 0
3062 0
3063 2
3064 2
3065 0
3066 2
3067 0
3068 0
3069 1
3070 2
3071 0
3072 0
3073 0
3074 2
3075 2
3076 1
3077 0
3078 2
3079 2
3080 2
3081 2
3082 0
3083 1
3084 2
3085 1
3086 2
3087 1
3088 0
3089 2
3090 0
3091 0
3092 2
3093 0
3094 2
3095 1
3096 2
3097 2
3098 1
3099 1
3100 1
3101 2
3102 1
3103 0
3104 1
3105 0
3106 2
3107 0
3108 1
3109 0
3110 0
3111 2
3112 0
3113 1
3114 1
3115 0
3116 0
3117 0
3118 2
3119 1
3120 2
3121 2
3122 0
3123 2
3124 1
3125 1
3126 2
3127 2
3128 2
3129 1
3130 1
3131 1
3132 1
3133 1
3134 2
3135 2
3136 2
3137 1
3138 1
3139 0
3140 2
3141 2
3142 2
3143 2
3144 2
3145 2
3146 2
3147 2
3148 2
3149 2
3150 2
3151 2
3152 2
3153 2
3154 2
3155 2
3156 2
3157 2
3158 2
3159 0
3160 1
3161 0
3162 2
3163 1
3164 2
3165 1
3166 1
3167 2
3168 0
3169 2
3170 1
3171 2
3172 0
3173 2
3174 0
3175 0
3176 0
3177 1
3178 0
3179 1
3180 1
3181 1
3182 0
3183 1
3184 1
3185 0
3186 1
3187 2
3188 0
3189 2
3190 1
3191 0
3192 1
3193 1
3194 2
3195 1
3196 0
3197 1
3198 1
3199 0
3200 1
3201 0
3202 1
3203 2
3204 0
3205 0
3206 2
3207 2
3208 1
3209 1
3210 2
3211 1
3212 1
3213 2
3214 0
3215 0
3216 2
3217 0
3218 0
3219 1
3220 1
3221 0
3222 2
3223 0
3224 2
3225 2
3226 2
3227 1
3228 0
3229 0
3230 2
3231 2
3232 0
3233 2
3234 0
3235 2
3236 0
3237 1
3238 0
3239 2
3240 2
3241 1
3242 2
3243 0
3244 1
3245 2
3246 1
3247 2
3248 0
3249 2
3250 2
3251 2
3252 0
3253 2
3254 0
3255 1
3256 0
3257 2
3258 2
3259 2
3260 2
3261 1
3262 0
3263 2
3264 0
3265 0
3266 0
3267 2
3268 2
3269 2
3270 2
3271 0
3272 1
3273 1
3274 1
3275 2
3276 1
3277 2
3278 2
3279 2
3280 0
3281 2
3282 1
3283 2
3284 2
3285 1
3286 1
3287 1
3288 2
3289 2
3290 1
3291 2
3292 1
3293 0
3294 0
3295 0
3296 0
3297 1
3298 0
3299 2
3300 1
3301 1
3302 2
3303 1
3304 1
3305 0
3306 2
3307 2
3308 1
3309 0
3310 1
3311 2
3312 1
3313 2
3314 0
3315 0
3316 2
3317 0
3318 0
3319 2
3320 0
3321 1
3322 2
3323 1
3324 1
3325 0
3326 1
3327 0
3328 1
3329 0
3330 1
3331 1
3332 1
3333 1
3334 0
3335 2
3336 1
3337 2
3338 2
3339 2
3340 2
3341 1
3342 0
3343 2
3344 2
3345 0
3346 2
3347 2
3348 0
3349 0
3350 1
3351 2
3352 0
3353 2
3354 0
3355 0
3356 2
3357 1
3358 1
3359 2
3360 0
3361 1
3362 1
3363 1
3364 1
3365 1
3366 2
3367 2
3368 0
3369 0
3370 1
3371 1
3372 0
3373 0
3374 0
3375 1
3376 1
3377 1
3378 2
3379 2
3380 2
3381 2
3382 2
3383 2
3384 0
3385 0
3386 2
3387 2
3388 2
3389 2
3390 2
3391 2
3392 2
3393 2
3394 2
3395 2
3396 2
3397 2
3398 0
3399 2
3400 2
3401 2
3402 2
3403 2
3404 2
3405 2
3406 2
3407 2
3408 2
3409 2
3410 2
3411 2
3412 2
3413 2
3414 0
3415 0
3416 2
3417 2
3418 2
3419 2
3420 2
3421 2
3422 1
3423 1
3424 2
3425 2
3426 0
3427 2
3428 2
3429 2
3430 2
3431 0
3432 1
3433 2
3434 2
3435 2
3436 0
3437 1
3438 2
3439 1
3440 2
3441 2
3442 2
3443 2
3444 2
3445 2
3446 2
3447 2
3448 2
3449 2
3450 2
3451 2
3452 2
3453 2
3454 1
3455 2
3456 2
3457 2
3458 2
3459 1
3460 2
3461 2
3462 0
3463 0
3464 2
3465 0
3466 1
3467 0
3468 0
3469 2
3470 1
3471 0
3472 2
3473 2
3474 2
3475 2
3476 2
3477 2
3478 2
3479 0
3480 2
3481 2
3482 2
3483 2
3484 2
3485 2
3486 1
3487 2
3488 2
3489 2
3490 2
3491 2
3492 2
3493 0
3494 1
3495 2
3496 2
3497 2
3498 1
3499 1
3500 1
3501 2
3502 1
3503 0
3504 0
3505 0
3506 2
3507 1
3508 0
3509 0
3510 2
3511 2
3512 2
3513 1
3514 1
3515 2
3516 0
3517 0
3518 0
3519 0
3520 0
3521 0
3522 1
3523 1
3524 0
3525 0
3526 2
3527 0
3528 0
3529 1
3530 1
3531 1
3532 1
3533 2
3534 1
3535 0
3536 2
3537 0
3538 2
3539 0
3540 0
3541 1
3542 1
3543 1
3544 1
3545 2
3546 1
3547 2
3548 0
3549 2
3550 1
3551 2
3552 1
3553 2
3554 1
3555 1
3556 2
3557 1
3558 0
3559 0
3560 0
3561 1
3562 1
3563 2
3564 2
3565 2
3566 1
3567 0
3568 0
3569 0
3570 1
3571 1
3572 0
3573 2
3574 1
3575 0
3576 2
3577 2
3578 0
3579 1
3580 2
3581 0
3582 2
3583 2
3584 2
3585 1
3586 1
3587 0
3588 0
3589 0
3590 0
3591 2
3592 2
3593 1
3594 1
3595 2
3596 2
3597 2
3598 2
3599 0
3600 1
3601 0
3602 0
3603 0
3604 0
3605 0
3606 1
3607 2
3608 0
3609 0
3610 2
3611 2
3612 0
3613 0
3614 1
3615 0
3616 1
3617 2
3618 1
3619 0
3620 2
3621 2
3622 0
3623 2
3624 0
3625 1
3626 1
3627 0
3628 2
3629 0
3630 2
3631 0
3632 2
3633 1
3634 1
3635 2
3636 2
3637 2
3638 0
3639 1
3640 1
3641 1
3642 1
3643 0
3644 0
3645 2
3646 1
3647 1
3648 2
3649 0
3650 1
3651 1
3652 0
3653 2
3654 1
3655 0
3656 2
3657 1
3658 1
3659 1
3660 1
3661 1
3662 1
3663 0
3664 2
3665 1
3666 0
3667 0
3668 2
3669 2
3670 0
3671 1
3672 2
3673 1
3674 1
3675 1
3676 2
3677 0
3678 0
3679 2
3680 0
3681 2
3682 0
3683 2
3684 2
3685 2
3686 2
3687 0
3688 1
3689 2
3690 1
3691 0
3692 0
3693 1
3694 2
3695 0
3696 1
3697 2
3698 2
3699 0
3700 1
3701 0
3702 0
3703 1
3704 2
3705 1
3706 2
3707 2
3708 1
3709 1
3710 0
3711 0
3712 2
3713 2
3714 0
3715 0
3716 1
3717 1
3718 1
3719 2
3720 0
3721 2
3722 2
3723 2
3724 0
3725 2
3726 2
3727 0
3728 0
3729 1
3730 0
3731 0
3732 0
3733 2
3734 2
3735 1
3736 1
3737 2
3738 2
3739 0
3740 1
3741 0
3742 2
3743 1
3744 0
3745 0
3746 1
3747 2
3748 0
3749 1
3750 1
3751 1
3752 1
3753 1
3754 1
3755 1
3756 1
3757 1
3758 0
3759 2
3760 1
3761 0
3762 0
3763 0
3764 0
3765 1
3766 0
3767 2
3768 1
3769 2
3770 1
3771 0
3772 0
3773 2
3774 0
3775 2
3776 0
3777 0
3778 2
3779 0
3780 2
3781 2
3782 2
3783 2
3784 2
3785 2
3786 2
3787 2
3788 2
3789 2
3790 2
3791 2
3792 2
3793 2
3794 2
3795 2
3796 1
3797 0
3798 0
3799 1
3800 1
3801 2
3802 1
3803 0
3804 2
3805 0
3806 2
3807 1
3808 1
3809 1
3810 2
3811 1
3812 2
3813 2
3814 0
3815 1
3816 1
3817 0
3818 2
3819 1
3820 2
3821 0
3822 0
3823 0
3824 0
3825 0
3826 1
3827 2
3828 2
3829 2
3830 1
3831 2
3832 1
3833 0
3834 0
3835 2
3836 1
3837 0
3838 1
3839 0
3840 0
3841 0
3842 0
3843 0
3844 2
3845 2
3846 2
3847 2
3848 0
3849 0
3850 1
3851 0
3852 2
3853 2
3854 0
3855 0
3856 2
3857 2
3858 0
3859 2
3860 1
3861 0
3862 0
3863 0
3864 1
3865 1
3866 0
3867 1
3868 2
3869 1
3870 2
3871 2
3872 0
3873 2
3874 2
3875 2
3876 0
3877 0
3878 0
3879 0
3880 0
3881 0
3882 0
3883 2
3884 2
3885 0
3886 0
3887 2
3888 2
3889 0
3890 2
3891 2
3892 2
3893 0
3894 0
3895 1
3896 2
3897 0
3898 2
3899 1
3900 0
3901 1
3902 2
3903 1
3904 2
3905 0
3906 0
3907 0
3908 1
3909 0
3910 2
3911 0
3912 2
3913 0
3914 2
3915 2
3916 2
3917 2
3918 2
3919 2
3920 2
3921 2
3922 2
3923 2
3924 2
3925 2
3926 2
3927 0
3928 2
3929 0
3930 2
3931 2
3932 2
3933 2
3934 2
3935 0
3936 0
3937 1
3938 1
3939 0
3940 1
3941 0
3942 2
3943 2
3944 2
3945 0
3946 1
3947 2
3948 1
3949 1
3950 0
3951 0
3952 2
3953 1
3954 1
3955 2
3956 2
3957 0
3958 0
3959 1
3960 0
3961 2
3962 0
3963 2
3964 1
3965 2
3966 2
3967 0
3968 1
3969 1
3970 0
3971 1
3972 2
3973 2
3974 0
3975 0
3976 0
3977 2
3978 0
3979 0
3980 0
3981 0
3982 0
3983 0
3984 2
3985 1
3986 2
3987 0
3988 2
3989 1
3990 1
3991 1
3992 0
3993 0
3994 1
3995 0
3996 0
3997 0
3998 2
3999 2
4000 1
4001 0
4002 0
4003 2
4004 1
4005 0
4006 1
4007 0
4008 1
4009 1
4010 2
4011 1
4012 1
4013 0
4014 0
4015 0
4016 0
4017 2
4018 0
4019 0
4020 0
4021 0
4022 2
4023 2
4024 1
4025 2
4026 1
4027 1
4028 2
4029 1
4030 0
4031 0
4032 0
4033 0
4034 0
4035 0
4036 2
4037 1
4038 0
4039 2
4040 2
4041 2
4042 0
4043 1
4044 0
4045 1
4046 1
4047 0
4048 0
4049 1
4050 0
4051 0
4052 1
4053 1
4054 1
4055 0
4056 2
4057 0
4058 1
4059 0
4060 0
4061 1
4062 2
4063 1
4064 2
4065 0
4066 0
4067 1
4068 1
4069 2
4070 1
4071 2
4072 2
4073 2
4074 2
4075 2
4076 2
4077 0
4078 1
4079 1
4080 2
4081 0
4082 2
4083 1
4084 1
4085 0
4086 2
4087 2
4088 1
4089 1
4090 0
4091 1
4092 0
4093 2
4094 2
4095 1
4096 0
4097 1
4098 2
4099 1
4100 2
4101 2
4102 1
4103 0
4104 0
4105 1
4106 0
4107 1
4108 1
4109 1
4110 1
4111 2
4112 0
4113 0
4114 0
4115 2
4116 2
4117 0
4118 0
4119 1
4120 0
4121 0
4122 1
4123 0
4124 0
4125 1
4126 0
4127 0
4128 1
4129 2
4130 0
4131 2
4132 2
4133 0
4134 2
4135 1
4136 1
4137 0
4138 1
4139 2
4140 2
4141 0
4142 1
4143 0
4144 0
4145 0
4146 0
4147 1
4148 1
4149 0
4150 1
4151 0
4152 0
4153 0
4154 0
4155 0
4156 0
4157 2
4158 1
4159 2
4160 2
4161 2
4162 0
4163 2
4164 1
4165 0
4166 0
4167 1
4168 0
4169 0
4170 1
4171 0
4172 0
4173 0
4174 2
4175 0
4176 1
4177 0
4178 1
4179 1
4180 0
4181 0
4182 2
4183 0
4184 0
4185 1
4186 1
4187 1
4188 0
4189 2
4190 0
4191 2
4192 0
4193 0
4194 2
4195 0
4196 1
4197 0
4198 1
4199 2
4200 1
4201 0
4202 1
4203 0
4204 1
4205 1
4206 1
4207 0
4208 0
4209 2
4210 0
4211 1
4212 0
4213 0
4214 0
4215 0
4216 0
4217 2
4218 1
4219 2
4220 1
4221 0
4222 0
4223 0
4224 1
4225 1
4226 1
4227 2
4228 1
4229 2
4230 2
4231 1
4232 1
4233 0
4234 0
4235 2
4236 2
4237 1
4238 2
4239 0
4240 1
4241 0
4242 0
4243 1
4244 0
4245 0
4246 0
4247 1
4248 0
4249 0
4250 0
4251 0
4252 0
4253 0
4254 2
4255 2
4256 0
4257 2
4258 0
4259 2
4260 2
4261 0
4262 2
4263 0
4264 0
4265 0
4266 1
4267 2
4268 2
4269 2
4270 0
4271 0
4272 2
4273 2
4274 1
4275 1
4276 1
4277 2
4278 1
4279 0
4280 2
4281 2
4282 2
4283 0
4284 1
4285 0
4286 0
4287 0
4288 2
4289 1
4290 0
4291 2
4292 2
4293 2
4294 0
4295 0
4296 2
4297 1
4298 0
4299 0
4300 1
4301 1
4302 0
4303 1
4304 0
4305 1
4306 1
4307 0
4308 0
4309 0
4310 0
4311 1
4312 1
4313 1
4314 2
4315 0
4316 2
4317 0
4318 2
4319 0
4320 1
4321 2
4322 1
4323 0
4324 0
4325 1
4326 1
4327 2
4328 0
4329 0
4330 1
4331 0
4332 0
4333 1
4334 1
4335 2
4336 2
4337 0
4338 1
4339 2
4340 1
4341 0
4342 1
4343 1
4344 0
4345 2
4346 1
4347 2
4348 1
4349 0
4350 2
4351 1
4352 1
4353 2
4354 1
4355 0
4356 2
4357 0
4358 1
4359 0
4360 2
4361 2
4362 2
4363 0
4364 0
4365 2
4366 2
4367 0
4368 0
4369 0
4370 1
4371 2
4372 1
4373 1
4374 0
4375 1
4376 2
4377 0
4378 1
4379 0
4380 0
4381 2
4382 0
4383 2
4384 1
4385 2
4386 1
4387 0
4388 0
4389 0
4390 0
4391 2
4392 1
4393 1
4394 0
4395 0
4396 2
4397 1
4398 2
4399 0
4400 2
4401 0
4402 0
4403 0
4404 0
4405 0
4406 1
4407 1
4408 2
4409 2
4410 2
4411 2
4412 0
4413 1
4414 2
4415 1
4416 1
4417 2
4418 2
4419 2
4420 1
4421 2
4422 2
4423 0
4424 2
4425 2
4426 0
4427 0
4428 0
4429 0
4430 0
4431 0
4432 0
4433 0
4434 2
4435 2
4436 2
4437 0
4438 1
4439 1
4440 0
4441 0
4442 0
4443 1
4444 1
4445 1
4446 0
4447 1
4448 1
4449 0
4450 1
4451 0
4452 0
4453 0
4454 0
4455 2
4456 2
4457 0
4458 2
4459 0
4460 0
4461 0
4462 0
4463 1
4464 0
4465 0
4466 0
4467 0
4468 0
4469 1
4470 1
4471 2
4472 1
4473 1
4474 1
4475 1
4476 1
4477 0
4478 2
4479 1
4480 2
4481 1
4482 2
4483 0
4484 2
4485 0
4486 2
4487 0
4488 0
4489 2
4490 0
4491 1
4492 1
4493 0
4494 2
4495 0
4496 2
4497 0
4498 0
4499 1
4500 0
4501 0
4502 1
4503 2
4504 1
4505 2
4506 2
4507 1
4508 1
4509 2
4510 1
4511 2
4512 0
4513 1
4514 0
4515 0
4516 1
4517 0
4518 1
4519 2
4520 0
4521 0
4522 0
4523 2
4524 0
4525 0
4526 0
4527 1
4528 2
4529 1
4530 2
4531 1
4532 0
4533 0
4534 0
4535 1
4536 0
4537 1
4538 0
4539 0
4540 0
4541 0
4542 2
4543 1
4544 0
4545 0
4546 1
4547 2
4548 1
4549 2
4550 0
4551 2
4552 0
4553 1
4554 2
4555 0
4556 0
4557 0
4558 2
4559 0
4560 2
4561 1
4562 1
4563 1
4564 0
4565 2
4566 1
4567 2
4568 1
4569 0
4570 2
4571 2
4572 0
4573 2
4574 1
4575 2
4576 2
4577 2
4578 2
4579 1
4580 0
4581 1
4582 2
4583 1
4584 1
4585 1
4586 2
4587 1
4588 1
4589 1
4590 0
4591 0
4592 1
4593 2
4594 2
4595 2
4596 2
4597 2
4598 0
4599 0
4600 0
4601 0
4602 2
4603 0
4604 2
4605 1
4606 1
4607 2
4608 1
4609 0
4610 0
4611 2
4612 2
4613 0
4614 2
4615 0
4616 2
4617 2
4618 2
4619 0
4620 1
4621 1
4622 2
4623 2
4624 0
4625 0
4626 1
4627 0
4628 0
4629 0
4630 1
4631 2
4632 0
4633 1
4634 0
4635 2
4636 1
4637 1
4638 1
4639 1
4640 1
4641 0
4642 1
4643 1
4644 2
4645 0
4646 0
4647 2
4648 1
4649 1
4650 1
4651 1
4652 1
4653 2
4654 2
4655 1
4656 1
4657 0
4658 1
4659 1
4660 1
4661 0
4662 1
4663 1
4664 2
4665 2
4666 1
4667 1
4668 2
4669 1
4670 1
4671 0
4672 0
4673 2
4674 2
4675 2
4676 1
4677 1
4678 0
4679 2
4680 1
4681 0
4682 0
4683 1
4684 2
4685 2
4686 1
4687 1
4688 2
4689 0
4690 1
4691 0
4692 0
4693 0
4694 0
4695 0
4696 1
4697 0
4698 1
4699 0
4700 0
4701 2
4702 2
4703 2
4704 0
4705 1
4706 1
4707 1
4708 1
4709 0
4710 1
4711 2
4712 0
4713 1
4714 1
4715 0
4716 0
4717 0
4718 2
4719 2
4720 0
4721 1
4722 1
4723 0
4724 1
4725 2
4726 0
4727 2
4728 1
4729 1
4730 2
4731 1
4732 0
4733 2
4734 1
4735 0
4736 1
4737 2
4738 0
4739 2
4740 2
4741 0
4742 2
4743 1
4744 1
4745 2
4746 1
4747 2
4748 2
4749 1
4750 2
4751 2
4752 0
4753 0
4754 0
4755 1
4756 0
4757 0
4758 0
4759 1
4760 0
4761 2
4762 0
4763 1
4764 0
4765 1
4766 1
4767 2
4768 2
4769 0
4770 0
4771 2
4772 0
4773 2
4774 0
4775 1
4776 0
4777 0
4778 0
4779 2
4780 1
4781 2
4782 0
4783 0
4784 0
4785 1
4786 1
4787 1
4788 2
4789 2
4790 0
4791 0
4792 0
4793 0
4794 1
4795 1
4796 0
4797 0
4798 2
4799 0
4800 2
4801 2
4802 2
4803 0
4804 0
4805 0
4806 0
4807 0
4808 1
4809 1
4810 0
4811 2
4812 1
4813 1
4814 0
4815 1
4816 1
4817 0
4818 1
4819 2
4820 0
4821 1
4822 2
4823 0
4824 0
4825 0
4826 1
4827 0
4828 0
4829 2
4830 1
4831 0
4832 1
4833 1
4834 0
4835 2
4836 1
4837 0
4838 0
4839 1
4840 1
4841 2
4842 2
4843 0
4844 0
4845 0
4846 2
4847 0
4848 2
4849 0
4850 1
4851 1
4852 1
4853 0
4854 0
4855 0
4856 0
4857 1
4858 2
4859 0
4860 0
4861 2
4862 1
4863 2
4864 1
4865 0
4866 0
4867 1
4868 2
4869 1
4870 2
4871 2
4872 2
4873 1
4874 2
4875 0
4876 1
4877 0
4878 0
4879 0
4880 0
4881 0
4882 1
4883 1
4884 0
4885 2
4886 2
4887 0
4888 1
4889 0
4890 2
4891 0
4892 0
4893 2
4894 2
4895 0
4896 0
4897 0
4898 2
4899 1
4900 2
4901 2
4902 2
4903 1
4904 2
4905 0
4906 2
4907 1
4908 1
4909 1
4910 1
4911 1
4912 2
4913 1
4914 1
4915 2
4916 1
4917 1
4918 0
4919 1
4920 2
4921 2
4922 2
4923 2
4924 2
4925 2
4926 2
4927 0
4928 2
4929 2
4930 2
4931 2
4932 1
4933 2
4934 2
4935 2
4936 2
4937 2
4938 0
4939 0
4940 1
4941 1
4942 0
4943 0
4944 2
4945 1
4946 0
4947 0
4948 0
4949 2
4950 2
4951 0
4952 0
4953 0
4954 0
4955 1
4956 0
4957 0
4958 1
4959 0
4960 0
4961 2
4962 2
4963 2
4964 2
4965 2
4966 2
4967 0
4968 2
4969 0
4970 0
4971 0
4972 0
4973 2
4974 2
4975 2
4976 0
4977 2
4978 0
4979 2
4980 2
4981 2
4982 0
4983 2
4984 2
4985 0
4986 2
4987 0
4988 2
4989 1
4990 0
4991 1
4992 0
4993 0
4994 2
4995 0
4996 1
4997 1
4998 1
4999 1
5000 2
5001 2
5002 2
5003 1
5004 0
5005 1
5006 0
5007 2
5008 1
5009 0
5010 0
5011 2
5012 0
5013 0
5014 1
5015 1
5016 2
5017 2
5018 0
5019 2
5020 1
5021 1
5022 2
5023 2
5024 1
5025 1
5026 0
5027 2
5028 0
5029 2
5030 0
5031 0
5032 2
5033 1
5034 1
5035 1
5036 0
5037 0
5038 0
5039 0
5040 0
5041 0
5042 0
5043 2
5044 0
5045 2
5046 2
5047 2
5048 1
5049 0
5050 0
5051 0
5052 1
5053 0
5054 1
5055 1
5056 2
5057 1
5058 2
5059 0
5060 0
5061 0
5062 0
5063 2
5064 2
5065 0
5066 0
5067 2
5068 0
5069 0
5070 0
5071 2
5072 0
5073 0
5074 0
5075 0
5076 2
5077 1
5078 0
5079 0
5080 2
5081 0
5082 0
5083 1
5084 2
5085 0
5086 0
5087 2
5088 1
5089 2
5090 2
5091 2
5092 2
5093 2
5094 2
5095 1
5096 2
5097 2
5098 2
5099 2
5100 0
5101 2
5102 0
5103 2
5104 2
5105 2
5106 1
5107 1
5108 2
5109 0
5110 1
5111 1
5112 1
5113 2
5114 0
5115 0
5116 1
5117 1
5118 1
5119 0
5120 0
5121 0
5122 1
5123 1
5124 2
5125 1
5126 2
5127 1
5128 1
5129 2
5130 0
5131 1
5132 2
5133 0
5134 0
5135 0
5136 1
5137 1
5138 1
5139 1
5140 2
5141 0
5142 0
5143 2
5144 0
5145 1
5146 2
5147 1
5148 0
5149 0
5150 0
5151 1
5152 2
5153 0
5154 1
5155 0
5156 2
5157 1
5158 0
5159 1
5160 2
5161 1
5162 1
5163 0
5164 0
5165 0
5166 1
5167 1
5168 0
5169 1
5170 2
5171 0
5172 1
5173 0
5174 0
5175 1
5176 0
5177 2
5178 0
5179 0
5180 1
5181 0
5182 1
5183 2
5184 2
5185 0
5186 0
5187 0
5188 2
5189 2
5190 2
5191 2
5192 2
5193 1
5194 0
5195 0
5196 1
5197 1
5198 2
5199 0
5200 1
5201 1
5202 1
5203 2
5204 2
5205 2
5206 2
5207 1
5208 0
5209 0
5210 2
5211 1
5212 1
5213 1
5214 1
5215 1
5216 1
5217 1
5218 1
5219 1
5220 1
5221 1
5222 1
5223 1
5224 1
5225 2
5226 2
5227 1
5228 1
5229 1
5230 1
5231 2
5232 0
5233 1
5234 2
5235 1
5236 1
5237 2
5238 1
5239 2
5240 0
5241 2
5242 0
5243 1
5244 2
5245 2
5246 1
5247 1
5248 0
5249 0
5250 2
5251 1
5252 1
5253 1
5254 0
5255 1
5256 0
5257 2
5258 2
5259 1
5260 1
5261 2
5262 0
5263 0
5264 1
5265 2
5266 1
5267 2
5268 2
5269 1
5270 1
5271 0
5272 1
5273 1
5274 1
5275 1
5276 0
5277 2
5278 0
5279 2
5280 1
5281 1
5282 1
5283 1
5284 1
5285 2
5286 2
5287 2
5288 1
5289 1
5290 1
5291 2
5292 2
5293 1
5294 2
5295 1
5296 1
5297 1
5298 2
5299 2
5300 2
5301 1
5302 1
5303 1
5304 1
5305 2
5306 2
5307 2
5308 2
5309 1
5310 1
5311 2
5312 2
5313 2
5314 1
5315 1
5316 2
5317 2
5318 2
5319 0
5320 1
5321 2
5322 2
5323 2
5324 1
5325 2
5326 2
5327 1
5328 2
5329 1
5330 0
5331 2
5332 1
5333 2
5334 0
5335 1
5336 1
5337 2
5338 1
5339 1
5340 1
5341 1
5342 2
5343 0
5344 0
5345 2
5346 0
5347 1
5348 0
5349 2
5350 0
5351 1
5352 1
5353 1
5354 1
5355 1
5356 1
5357 1
5358 2
5359 1
5360 1
5361 1
5362 0
5363 1
5364 2
5365 2
5366 0
5367 1
5368 2
5369 1
5370 2
5371 0
5372 2
5373 2
5374 1
5375 0
5376 1
5377 1
5378 1
5379 0
5380 1
5381 0
5382 2
5383 2
5384 2
5385 1
5386 0
5387 1
5388 1
5389 1
5390 1
5391 2
5392 2
5393 2
5394 2
5395 2
5396 1
5397 0
5398 2
5399 2
5400 1
5401 1
5402 1
5403 0
5404 1
5405 1
5406 2
5407 1
5408 2
5409 0
5410 0
5411 0
5412 0
5413 0
5414 1
5415 2
5416 2
5417 2
5418 0
5419 1
5420 2
5421 2
5422 2
5423 2
5424 2
5425 0
5426 0
5427 0
5428 2
5429 1
5430 2
5431 2
5432 2
5433 1
5434 2
5435 1
5436 2
5437 0
5438 2
5439 2
5440 1
5441 2
5442 1
5443 1
5444 2
5445 2
5446 0
5447 2
5448 0
5449 1
5450 2
5451 2
5452 0
5453 2
5454 2
5455 2
5456 2
5457 2
5458 2
5459 2
5460 0
5461 0
5462 2
5463 0
5464 1
5465 0
5466 1
5467 0
5468 2
5469 2
5470 0
5471 0
5472 1
5473 0
5474 1
5475 0
5476 2
5477 0
5478 0
5479 2
5480 2
5481 2
5482 2
5483 0
5484 1
5485 0
5486 2
5487 1
5488 0
5489 1
5490 2
5491 2
5492 1
5493 2
5494 2
5495 1
5496 1
5497 0
5498 2
5499 2
5500 2
5501 2
5502 2
5503 1
5504 2
5505 2
5506 2
5507 1
5508 2
5509 1
5510 1
5511 0
5512 0
5513 2
5514 0
5515 0
5516 2
5517 2
5518 2
5519 0
5520 1
5521 1
5522 1
5523 2
5524 2
5525 0
5526 1
5527 2
5528 0
5529 2
5530 1
5531 0
5532 2
5533 1
5534 1
5535 2
5536 0
5537 2
5538 0
5539 2
5540 2
5541 1
5542 0
5543 0
5544 0
5545 0
5546 2
5547 1
5548 0
5549 2
5550 2
5551 1
5552 0
5553 0
5554 1
5555 0
5556 2
5557 0
5558 0
5559 0
5560 0
5561 0
5562 0
5563 0
5564 1
5565 2
5566 1
5567 0
5568 1
5569 2
5570 2
5571 1
5572 2
5573 1
5574 0
5575 1
5576 2
5577 1
5578 0
5579 1
5580 2
5581 0
5582 2
5583 1
5584 1
5585 1
5586 2
5587 0
5588 1
5589 0
5590 1
5591 0
5592 0
5593 0
5594 0
5595 1
5596 1
5597 1
5598 0
5599 0
5600 0
5601 2
5602 2
5603 2
5604 2
5605 1
5606 1
5607 2
5608 1
5609 0
5610 0
5611 1
5612 0
5613 2
5614 2
5615 1
5616 1
5617 2
5618 2
5619 1
5620 2
5621 0
5622 0
5623 0
5624 0
5625 0
5626 1
5627 0
5628 1
5629 0
5630 1
5631 0
5632 0
5633 0
5634 0
5635 1
5636 0
5637 2
5638 1
5639 0
5640 0
5641 2
5642 0
5643 1
5644 1
5645 0
5646 0
5647 1
5648 2
5649 2
5650 0
5651 0
5652 1
5653 2
5654 2
5655 1
5656 2
5657 2
5658 1
5659 2
5660 2
5661 1
5662 1
5663 2
5664 1
5665 2
5666 2
5667 0
5668 2
5669 2
5670 2
5671 2
5672 1
5673 1
5674 1
5675 0
5676 0
5677 2
5678 1
5679 2
5680 1
5681 0
5682 2
5683 2
5684 1
5685 0
5686 2
5687 1
5688 1
5689 1
5690 2
5691 1
5692 1
5693 2
5694 1
5695 1
5696 2
5697 2
5698 2
5699 1
5700 1
5701 2
5702 0
5703 0
5704 1
5705 0
5706 0
5707 2
5708 0
5709 1
5710 0
5711 1
5712 2
5713 0
5714 1
5715 2
5716 2
5717 0
5718 1
5719 1
5720 1
5721 2
5722 1
5723 1
5724 2
5725 2
5726 1
5727 0
5728 1
5729 2
5730 0
5731 1
5732 2
5733 2
5734 1
5735 2
5736 2
5737 1
5738 0
5739 1
5740 1
5741 2
5742 2
5743 0
5744 1
5745 0
5746 2
5747 2
5748 2
5749 0
5750 2
5751 2
5752 0
5753 2
5754 2
5755 1
5756 2
5757 0
5758 0
5759 2
5760 2
5761 1
5762 2
5763 0
5764 1
5765 1
5766 2
5767 0
5768 2
5769 0
5770 1
5771 2
5772 0
5773 2
5774 1
5775 2
5776 1
5777 2
5778 2
5779 1
5780 2
5781 1
5782 1
5783 0
5784 1
5785 0
5786 0
5787 0
5788 1
5789 1
5790 2
5791 0
5792 0
5793 0
5794 2
5795 1
5796 1
5797 1
5798 2
5799 0
5800 1
5801 0
5802 0
5803 2
5804 2
5805 0
5806 0
5807 0
5808 1
5809 1
5810 0
5811 0
5812 0
5813 0
5814 1
5815 1
5816 2
5817 2
5818 2
5819 1
5820 0
5821 0
5822 0
5823 0
5824 0
5825 0
5826 0
5827 1
5828 1
5829 0
5830 0
5831 0
5832 0
5833 1
5834 1
5835 2
5836 1
5837 2
5838 1
5839 1
5840 2
5841 1
5842 0
5843 1
5844 0
5845 2
5846 1
5847 0
5848 0
5849 2
5850 0
5851 1
5852 0
5853 0
5854 1
5855 2
5856 2
5857 0
5858 0
5859 0
5860 1
5861 0
5862 0
5863 0
5864 2
5865 1
5866 2
5867 0
5868 2
5869 1
5870 2
5871 0
5872 2
5873 2
5874 1
5875 1
5876 1
5877 2
5878 0
5879 0
5880 0
5881 0
5882 2
5883 1
5884 2
5885 2
5886 1
5887 1
5888 2
5889 1
5890 1
5891 0
5892 1
5893 1
5894 1
5895 1
5896 0
5897 0
5898 0
5899 2
5900 1
5901 0
5902 2
5903 1
5904 2
5905 2
5906 2
5907 0
5908 2
5909 1
5910 0
5911 1
5912 1
5913 1
5914 0
5915 2
5916 1
5917 2
5918 1
5919 2
5920 1
5921 1
5922 2
5923 2
5924 0
5925 1
5926 2
5927 2
5928 0
5929 2
5930 1
5931 1
5932 1
5933 0
5934 2
5935 1
5936 0
5937 2
5938 2
5939 2
5940 2
5941 0
5942 1
5943 0
5944 1
5945 1
5946 0
5947 1
5948 1
5949 1
5950 2
5951 1
5952 1
5953 0
5954 2
5955 1
5956 2
5957 0
5958 2
5959 2
5960 2
5961 1
5962 0
5963 0
5964 1
5965 1
5966 2
5967 1
5968 1
5969 0
5970 1
5971 1
5972 0
5973 0
5974 1
5975 2
5976 1
5977 2
5978 0
5979 2
5980 2
5981 1
5982 1
5983 1
5984 2
5985 0
5986 0
5987 0
5988 1
5989 1
5990 2
5991 2
5992 1
5993 0
5994 1
5995 0
5996 2
5997 1
5998 0
5999 2
6000 2
6001 0
6002 1
6003 1
6004 0
6005 2
6006 2
6007 2
6008 1
6009 1
6010 2
6011 0
6012 1
6013 2
6014 2
6015 1
6016 0
6017 1
6018 0
6019 0
6020 1
6021 2
6022 1
6023 1
6024 2
6025 2
6026 0
6027 1
6028 1
6029 2
6030 2
6031 2
6032 1
6033 2
6034 1
6035 0
6036 1
6037 1
6038 1
6039 2
6040 1
6041 1
6042 0
6043 1
6044 2
6045 2
6046 2
6047 2
6048 1
6049 2
6050 2
6051 2
6052 1
6053 1
6054 0
6055 0
6056 1
6057 0
6058 0
6059 1
6060 1
6061 2
6062 2
6063 1
6064 1
6065 0
6066 1
6067 1
6068 0
6069 2
6070 0
6071 0
6072 2
6073 0
6074 2
6075 1
6076 2
6077 0
6078 1
6079 2
6080 2
6081 2
6082 1
6083 0
6084 1
6085 2
6086 2
6087 2
6088 0
6089 1
6090 2
6091 2
6092 1
6093 2
6094 0
6095 0
6096 2
6097 0
6098 2
6099 0
6100 0
6101 1
6102 1
6103 0
6104 0
6105 1
6106 0
6107 1
6108 0
6109 0
6110 0
6111 1
6112 1
6113 1
6114 2
6115 1
6116 1
6117 1
6118 2
6119 1
6120 1
6121 1
6122 1
6123 2
6124 1
6125 0
6126 2
6127 1
6128 2
6129 2
6130 2
6131 2
6132 2
6133 2
6134 2
6135 2
6136 2
6137 1
6138 2
6139 2
6140 2
6141 1
6142 1
6143 1
6144 2
6145 1
6146 2
6147 2
6148 1
6149 2
6150 0
6151 1
6152 2
6153 1
6154 2
6155 1
6156 1
6157 0
6158 2
6159 0
6160 1
6161 1
6162 2
6163 1
6164 1
6165 1
6166 2
6167 0
6168 1
6169 1
6170 0
6171 2
6172 1
6173 1
6174 0
6175 0
6176 1
6177 1
6178 1
6179 2
6180 0
6181 2
6182 0
6183 2
6184 2
6185 1
6186 0
6187 1
6188 2
6189 2
6190 1
6191 1
6192 2
6193 1
6194 2
6195 2
6196 2
6197 2
6198 0
6199 1
6200 2
6201 2
6202 2
6203 2
6204 2
6205 1
6206 0
6207 2
6208 2
6209 2
6210 1
6211 0
6212 2
6213 1
6214 1
6215 0
6216 0
6217 0
6218 0
6219 0
6220 0
6221 0
6222 0
6223 0
6224 0
6225 2
6226 0
6227 0
6228 0
6229 0
6230 2
6231 2
6232 1
6233 1
6234 1
6235 2
6236 2
6237 0
6238 0
6239 0
6240 1
6241 1
6242 1
6243 2
6244 2
6245 1
6246 0
6247 1
6248 1
6249 2
6250 1
6251 2
6252 0
6253 2
6254 1
6255 0
6256 1
6257 0
6258 1
6259 2
6260 2
6261 0
6262 1
6263 2
6264 1
6265 0
6266 2
6267 0
6268 0
6269 2
6270 1
6271 0
6272 1
6273 0
6274 1
6275 1
6276 0
6277 1
6278 1
6279 0
6280 1
6281 1
6282 1
6283 1
6284 2
6285 1
6286 1
6287 2
6288 1
6289 0
6290 2
6291 0
6292 0
6293 1
6294 0
6295 1
6296 0
6297 2
6298 1
6299 2
6300 1
6301 2
6302 1
6303 1
6304 1
6305 1
6306 1
6307 1
6308 1
6309 2
6310 0
6311 1
6312 0
6313 2
6314 1
6315 2
6316 2
6317 1
6318 0
6319 0
6320 1
6321 1
6322 1
6323 0
6324 2
6325 1
6326 0
6327 1
6328 1
6329 2
6330 1
6331 1
6332 2
6333 2
6334 2
6335 1
6336 2
6337 2
6338 0
6339 2
6340 1
6341 2
6342 1
6343 0
6344 0
6345 0
6346 1
6347 1
6348 2
6349 2
6350 2
6351 1
6352 0
6353 1
6354 0
6355 2
6356 2
6357 0
6358 1
6359 2
6360 1
6361 1
6362 2
6363 1
6364 0
6365 2
6366 0
6367 1
6368 0
6369 2
6370 2
6371 1
6372 0
6373 0
6374 1
6375 2
6376 0
6377 2
6378 2
6379 2
6380 2
6381 1
6382 2
6383 1
6384 0
6385 0
6386 0
6387 1
6388 1
6389 1
6390 1
6391 1
6392 2
6393 2
6394 2
6395 0
6396 0
6397 1
6398 1
6399 0
6400 1
6401 1
6402 1
6403 2
6404 1
6405 2
6406 2
6407 1
6408 2
6409 1
6410 1
6411 1
6412 2
6413 2
6414 2
6415 2
6416 0
6417 2
6418 2
6419 2
6420 2
6421 2
6422 1
6423 2
6424 2
6425 1
6426 2
6427 1
6428 0
6429 2
6430 1
6431 0
6432 1
6433 0
6434 0
6435 1
6436 1
6437 0
6438 1
6439 0
6440 1
6441 1
6442 1
6443 1
6444 1
6445 2
6446 2
6447 0
6448 1
6449 0
6450 1
6451 1
6452 1
6453 2
6454 2
6455 2
6456 1
6457 1
6458 1
6459 1
6460 2
6461 2
6462 1
6463 1
6464 1
6465 0
6466 0
6467 0
6468 2
6469 1
6470 1
6471 1
6472 2
6473 2
6474 2
6475 1
6476 2
6477 2
6478 2
6479 2
6480 2
6481 1
6482 0
6483 0
6484 1
6485 2
6486 0
6487 1
6488 1
6489 2
6490 1
6491 2
6492 2
6493 0
6494 1
6495 2
6496 2
6497 1
6498 2
6499 1
6500 2
6501 2
6502 2
6503 2
6504 1
6505 2
6506 0
6507 0
6508 0
6509 2
6510 1
6511 1
6512 1
6513 1
6514 2
6515 1
6516 1
6517 2
6518 2
6519 0
6520 0
6521 2
6522 1
6523 2
6524 2
6525 1
6526 2
6527 1
6528 1
6529 2
6530 1
6531 2
6532 1
6533 2
6534 1
6535 0
6536 2
6537 2
6538 2
6539 1
6540 1
6541 1
6542 1
6543 0
6544 0
6545 0
6546 1
6547 1
6548 1
6549 1
6550 1
6551 2
6552 2
6553 2
6554 2
6555 1
6556 1
6557 0
6558 2
6559 1
6560 0
6561 1
6562 2
6563 1
6564 0
6565 1
6566 2
6567 1
6568 2
6569 0
6570 0
6571 0
6572 1
6573 0
6574 0
6575 0
6576 1
6577 2
6578 1
6579 2
6580 2
6581 2
6582 2
6583 0
6584 1
6585 2
6586 2
6587 2
6588 2
6589 2
6590 1
6591 2
6592 2
6593 1
6594 1
6595 1
6596 2
6597 0
6598 2
6599 1
6600 2
6601 1
6602 2
0 0
1 1
2 2
1e-06 0.101519 94
