0 0
1 1
2 0
3 0
4 0
5 0
6 0
7 0
8 2
9 0
10 7
11 0
12 2
13 0
14 0
15 0
16 0
17 0
18 0
19 1
20 0
21 0
22 2
23 0
24 0
25 0
26 0
27 0
28 1
29 0
30 0
31 2
32 7
33 0
34 0
35 0
36 2
37 7
38 2
39 0
40 0
41 0
42 0
43 0
44 7
45 0
46 0
47 2
48 0
49 0
50 0
51 0
52 7
53 0
54 2
55 0
56 0
57 0
58 2
59 1
60 7
61 0
62 0
63 0
64 2
65 0
66 0
67 0
68 0
69 0
70 0
71 0
72 5
73 0
74 7
75 0
76 1
77 7
78 0
79 5
80 2
81 1
82 7
83 5
84 7
85 1
86 0
87 1
88 1
89 1
90 1
91 7
92 1
93 1
94 5
95 7
96 5
97 1
98 1
99 0
100 1
101 1
102 0
103 2
104 1
105 4
106 0
107 1
108 1
109 2
110 1
111 0
112 1
113 1
114 2
115 1
116 1
117 0
118 0
119 1
120 0
121 0
122 1
123 1
124 0
125 4
126 0
127 2
128 0
129 1
130 7
131 1
132 1
133 0
134 0
135 5
136 0
137 1
138 2
139 0
140 1
141 0
142 2
143 2
144 0
145 7
146 1
147 0
148 1
149 0
150 1
151 1
152 0
153 0
154 0
155 1
156 0
157 0
158 0
159 7
160 1
161 0
162 1
163 7
164 1
165 0
166 2
167 2
168 5
169 5
170 2
171 1
172 1
173 1
174 0
175 2
176 0
177 0
178 0
179 1
180 1
181 0
182 2
183 0
184 0
185 0
186 2
187 0
188 0
189 0
190 0
191 1
192 0
193 1
194 0
195 0
196 7
197 1
198 0
199 1
200 0
201 0
202 1
203 0
204 0
205 0
206 1
207 0
208 1
209 1
210 0
211 1
212 2
213 2
214 1
215 0
216 7
217 0
218 0
219 2
220 1
221 1
222 0
223 1
224 1
225 2
226 0
227 1
228 2
229 1
230 7
231 5
232 2
233 4
234 4
235 2
236 0
237 1
238 0
239 1
240 0
241 1
242 0
243 2
244 1
245 2
246 2
247 0
248 0
249 2
250 2
251 0
252 5
253 2
254 1
255 1
256 1
257 7
258 1
259 1
260 7
261 7
262 7
263 2
264 1
265 0
266 2
267 1
268 0
269 0
270 1
271 0
272 0
273 0
274 0
275 0
276 1
277 1
278 4
279 0
280 1
281 2
282 0
283 0
284 1
285 5
286 2
287 1
288 0
289 0
290 0
291 0
292 0
293 0
294 2
295 1
296 0
297 1
298 1
299 0
300 2
301 2
302 0
303 1
304 5
305 0
306 0
307 2
308 1
309 1
310 1
311 1
312 2
313 7
314 1
315 1
316 5
317 2
318 1
319 5
320 1
321 1
322 1
323 1
324 0
325 4
326 0
327 1
328 1
329 0
330 1
331 0
332 1
333 2
334 0
335 1
336 1
337 1
338 2
339 0
340 0
341 1
342 0
343 1
344 1
345 0
346 2
347 0
348 0
349 0
350 1
351 1
352 2
353 0
354 1
355 0
356 0
357 2
358 2
359 0
360 0
361 1
362 0
363 0
364 0
365 0
366 1
367 1
368 0
369 0
370 0
371 2
372 0
373 1
374 1
375 2
376 1
377 1
378 2
379 1
380 0
381 2
382 1
383 1
384 1
385 1
386 0
387 2
388 0
389 2
390 2
391 0
392 1
393 0
394 1
395 2
396 1
397 0
398 1
399 4
400 0
401 1
402 2
403 1
404 0
405 2
406 1
407 0
408 2
409 0
410 1
411 0
412 2
413 2
414 0
415 0
416 0
417 2
418 2
419 1
420 0
421 0
422 1
423 0
424 2
425 5
426 2
427 1
428 2
429 7
430 0
431 1
432 0
433 2
434 0
435 1
436 2
437 0
438 0
439 1
440 0
441 1
442 7
443 0
444 0
445 1
446 1
447 0
448 1
449 2
450 0
451 0
452 1
453 0
454 0
455 1
456 0
457 1
458 0
459 2
460 0
461 0
462 2
463 2
464 1
465 2
466 0
467 0
468 0
469 5
470 1
471 2
472 1
473 0
474 0
475 2
476 0
477 1
478 0
479 2
480 2
481 1
482 1
483 0
484 1
485 2
486 7
487 0
488 1
489 0
490 1
491 0
492 7
493 1
494 1
495 4
496 7
497 1
498 2
499 1
500 2
501 1
502 1
503 1
504 1
505 0
506 2
507 2
508 2
509 0
510 0
511 1
512 1
513 1
514 1
515 0
516 1
517 1
518 1
519 1
520 1
521 7
522 7
523 7
524 7
525 7
526 1
527 0
528 2
529 0
530 2
531 0
532 5
533 0
534 1
535 0
536 1
537 1
538 0
539 5
540 0
541 0
542 1
543 1
544 2
545 2
546 5
547 1
548 1
549 2
550 0
551 7
552 0
553 2
554 0
555 0
556 1
557 1
558 7
559 2
560 0
561 1
562 1
563 1
564 1
565 0
566 1
567 5
568 2
569 0
570 2
571 1
572 0
573 1
574 2
575 0
576 7
577 0
578 0
579 2
580 0
581 1
582 2
583 0
584 1
585 2
586 1
587 1
588 0
589 1
590 1
591 5
592 2
593 2
594 2
595 1
596 1
597 7
598 1
599 2
600 0
601 1
602 1
603 5
604 0
605 1
606 1
607 1
608 0
609 2
610 0
611 2
612 1
613 0
614 0
615 0
616 0
617 2
618 0
619 0
620 2
621 1
622 1
623 2
624 0
625 2
626 0
627 0
628 1
629 1
630 2
631 0
632 7
633 1
634 0
635 2
636 1
637 0
638 0
639 0
640 0
641 0
642 1
643 0
644 1
645 2
646 0
647 1
648 0
649 2
650 1
651 1
652 7
653 0
654 1
655 2
656 1
657 1
658 0
659 7
660 0
661 1
662 0
663 0
664 1
665 0
666 0
667 4
668 0
669 0
670 0
671 1
672 4
673 0
674 0
675 1
676 0
677 7
678 0
679 5
680 1
681 1
682 0
683 1
684 1
685 1
686 1
687 1
688 1
689 0
690 1
691 0
692 0
693 0
694 1
695 1
696 1
697 0
698 7
699 4
700 2
701 1
702 0
703 0
704 7
705 1
706 1
707 0
708 1
709 0
710 0
711 1
712 2
713 1
714 0
715 0
716 1
717 1
718 0
719 2
720 7
721 2
722 2
723 2
724 7
725 2
726 1
727 2
728 1
729 1
730 0
731 1
732 1
733 1
734 1
735 2
736 0
737 1
738 4
739 0
740 0
741 1
742 0
743 2
744 0
745 0
746 0
747 1
748 1
749 0
750 0
751 1
752 0
753 0
754 0
755 0
756 2
757 0
758 1
759 1
760 2
761 0
762 2
763 1
764 1
765 1
766 1
767 5
768 1
769 0
770 2
771 0
772 5
773 2
774 2
775 1
776 1
777 2
778 1
779 1
780 2
781 1
782 1
783 4
784 1
785 1
786 0
787 4
788 0
789 0
790 0
791 1
792 1
793 1
794 2
795 1
796 2
797 1
798 0
799 0
800 1
801 1
802 0
803 0
804 2
805 1
806 1
807 0
808 0
809 0
810 2
811 0
812 1
813 2
814 0
815 2
816 1
817 0
818 2
819 1
820 0
821 1
822 2
823 0
824 2
825 1
826 1
827 0
828 2
829 2
830 1
831 1
832 1
833 0
834 2
835 1
836 0
837 2
838 0
839 2
840 0
841 1
842 1
843 0
844 0
845 0
846 0
847 1
848 2
849 2
850 1
851 1
852 0
853 0
854 0
855 0
856 1
857 0
858 2
859 0
860 0
861 1
862 0
863 1
864 0
865 0
866 0
867 2
868 1
869 2
870 0
871 1
872 2
873 0
874 0
875 0
876 0
877 1
878 0
879 0
880 1
881 5
882 0
883 1
884 0
885 0
886 7
887 5
888 2
889 1
890 1
891 2
892 2
893 0
894 2
895 1
896 7
897 0
898 2
899 1
900 2
901 0
902 2
903 0
904 0
905 0
906 0
907 1
908 7
909 1
910 1
911 1
912 1
913 2
914 1
915 2
916 1
917 0
918 1
919 1
920 2
921 7
922 5
923 1
924 7
925 2
926 0
927 0
928 2
929 1
930 1
931 2
932 2
933 0
934 0
935 2
936 2
937 4
938 1
939 1
940 0
941 0
942 0
943 1
944 1
945 1
946 0
947 1
948 0
949 1
950 1
951 2
952 2
953 2
954 1
955 2
956 2
957 1
958 0
959 0
960 7
961 1
962 0
963 0
964 0
965 0
966 2
967 1
968 0
969 1
970 0
971 7
972 7
973 0
974 1
975 1
976 0
977 1
978 0
979 0
980 1
981 7
982 1
983 7
984 0
985 1
986 1
987 0
988 5
989 1
990 7
991 1
992 1
993 0
994 7
995 2
996 2
997 4
998 0
999 2
1000 2
1001 2
1002 2
1003 2
1004 0
1005 7
1006 2
1007 2
1008 7
1009 2
1010 2
1011 2
1012 2
1013 2
1014 7
1015 2
1016 7
1017 0
1018 7
1019 5
1020 5
1021 2
1022 0
1023 1
1024 4
1025 0
1026 0
1027 2
1028 2
1029 0
1030 7
1031 1
1032 0
1033 2
1034 0
1035 2
1036 1
1037 7
1038 0
1039 1
1040 4
1041 4
1042 0
1043 0
1044 1
1045 5
1046 2
1047 2
1048 2
1049 7
1050 7
1051 4
1052 7
1053 1
1054 1
1055 7
1056 5
1057 5
1058 7
1059 0
1060 0
1061 2
1062 0
1063 1
1064 4
1065 7
1066 4
1067 4
1068 1
1069 0
1070 7
1071 1
1072 1
1073 2
1074 0
1075 0
1076 5
1077 7
1078 4
1079 1
1080 2
1081 1
1082 0
1083 0
1084 1
1085 5
1086 1
1087 5
1088 7
1089 4
1090 2
1091 1
1092 1
1093 2
1094 0
1095 7
1096 5
1097 1
1098 2
1099 4
1100 1
1101 2
1102 1
1103 5
1104 5
1105 5
1106 7
1107 7
1108 1
1109 2
1110 1
1111 0
1112 2
1113 1
1114 0
1115 0
1116 2
1117 0
1118 7
1119 1
1120 1
1121 0
1122 7
1123 0
1124 2
1125 5
1126 0
1127 1
1128 2
1129 1
1130 5
1131 0
1132 0
1133 7
1134 2
1135 7
1136 1
1137 2
1138 0
1139 7
1140 5
1141 7
1142 0
1143 0
1144 2
1145 7
1146 7
1147 7
1148 0
1149 7
1150 7
1151 1
1152 2
1153 7
1154 0
1155 1
1156 0
1157 5
1158 5
1159 7
1160 5
1161 0
1162 7
1163 2
1164 4
1165 0
1166 2
1167 2
1168 2
1169 7
1170 2
1171 2
1172 7
1173 2
1174 0
1175 7
1176 0
1177 5
1178 7
1179 2
1180 5
1181 7
1182 5
1183 5
1184 2
1185 5
1186 7
1187 1
1188 2
1189 1
1190 7
1191 1
1192 4
1193 1
1194 2
1195 1
1196 1
1197 1
1198 0
1199 2
1200 4
1201 1
1202 5
1203 2
1204 5
1205 0
1206 2
1207 2
1208 1
1209 0
1210 2
1211 7
1212 2
1213 5
1214 7
1215 1
1216 0
1217 2
1218 5
1219 7
1220 4
1221 4
1222 0
1223 5
1224 7
1225 7
1226 1
1227 1
1228 1
1229 1
1230 1
1231 1
1232 1
1233 7
1234 0
1235 7
1236 1
1237 2
1238 1
1239 1
1240 2
1241 1
1242 1
1243 2
1244 5
1245 1
1246 1
1247 1
1248 1
1249 2
1250 7
1251 1
1252 1
1253 2
1254 7
1255 0
1256 1
1257 1
1258 2
1259 2
1260 1
1261 5
1262 1
1263 1
1264 1
1265 2
1266 1
1267 7
1268 2
1269 1
1270 2
1271 0
1272 5
1273 1
1274 5
1275 1
1276 7
1277 1
1278 1
1279 2
1280 1
1281 2
1282 1
1283 7
1284 1
1285 1
1286 1
1287 2
1288 2
1289 0
1290 5
1291 2
1292 7
1293 5
1294 5
1295 2
1296 1
1297 1
1298 7
1299 7
1300 4
1301 5
1302 5
1303 7
1304 7
1305 5
1306 5
1307 4
1308 7
1309 2
1310 7
1311 7
1312 5
1313 1
1314 7
1315 7
1316 4
1317 5
1318 7
1319 1
1320 2
1321 7
1322 0
1323 5
1324 5
1325 5
1326 5
1327 5
1328 5
1329 5
1330 5
1331 7
1332 5
1333 1
1334 5
1335 5
1336 2
1337 5
1338 5
1339 7
1340 5
1341 5
1342 5
1343 7
1344 7
1345 5
1346 7
1347 1
1348 2
1349 5
1350 5
1351 1
1352 1
1353 5
1354 5
1355 5
1356 5
1357 7
1358 7
1359 5
1360 0
1361 5
1362 7
1363 7
1364 5
1365 5
1366 5
1367 1
1368 0
1369 5
1370 5
1371 0
1372 1
1373 1
1374 1
1375 1
1376 7
1377 5
1378 5
1379 5
1380 7
1381 7
1382 1
1383 5
1384 5
1385 2
1386 5
1387 0
1388 5
1389 5
1390 5
1391 1
1392 0
1393 5
1394 2
1395 7
1396 0
1397 0
1398 7
1399 5
1400 1
1401 5
1402 1
1403 0
1404 0
1405 1
1406 0
1407 0
1408 0
1409 0
1410 0
1411 0
1412 5
1413 0
1414 0
1415 2
1416 0
1417 0
1418 5
1419 0
1420 7
1421 0
1422 0
1423 0
1424 0
1425 0
1426 0
1427 0
1428 0
1429 0
1430 0
1431 0
1432 0
1433 0
1434 0
1435 0
1436 0
1437 0
1438 0
1439 0
1440 0
1441 2
1442 0
1443 0
1444 0
1445 0
1446 4
1447 0
1448 0
1449 0
1450 7
1451 0
1452 0
1453 0
1454 0
1455 0
1456 0
1457 0
1458 0
1459 0
1460 4
1461 0
1462 0
1463 7
1464 7
1465 7
1466 7
1467 7
1468 7
1469 7
1470 7
1471 7
1472 7
1473 0
1474 0
1475 0
1476 0
1477 0
1478 0
1479 0
1480 0
1481 0
1482 0
1483 0
1484 4
1485 0
1486 0
1487 0
1488 0
1489 0
1490 0
1491 1
1492 0
1493 0
1494 0
1495 7
1496 0
1497 0
1498 0
1499 0
1500 0
1501 7
1502 4
1503 0
1504 0
1505 0
1506 0
1507 0
1508 4
1509 0
1510 0
1511 0
1512 1
1513 1
1514 0
1515 7
1516 7
1517 7
1518 0
1519 0
1520 0
1521 0
1522 4
1523 0
1524 7
1525 0
1526 0
1527 0
1528 7
1529 0
1530 0
1531 0
1532 0
1533 0
1534 0
1535 7
1536 0
1537 1
1538 0
1539 5
1540 0
1541 0
1542 0
1543 7
1544 7
1545 0
1546 4
1547 0
1548 0
1549 1
1550 0
1551 0
1552 4
1553 2
1554 7
1555 0
1556 0
1557 4
1558 0
1559 5
1560 1
1561 1
1562 1
1563 7
1564 0
1565 0
1566 0
1567 0
1568 0
1569 7
1570 3
1571 7
1572 7
1573 3
1574 5
1575 1
1576 1
1577 7
1578 3
1579 3
1580 3
1581 2
1582 2
1583 1
1584 2
1585 2
1586 7
1587 2
1588 5
1589 1
1590 2
1591 2
1592 2
1593 1
1594 1
1595 2
1596 1
1597 1
1598 2
1599 2
1600 5
1601 2
1602 2
1603 1
1604 2
1605 7
1606 7
1607 1
1608 1
1609 0
1610 1
1611 2
1612 1
1613 2
1614 5
1615 7
1616 2
1617 2
1618 7
1619 2
1620 2
1621 2
1622 1
1623 2
1624 7
1625 2
1626 5
1627 7
1628 1
1629 2
1630 2
1631 1
1632 2
1633 2
1634 1
1635 2
1636 1
1637 7
1638 2
1639 2
1640 2
1641 2
1642 2
1643 1
1644 2
1645 2
1646 2
1647 2
1648 1
1649 2
1650 2
1651 5
1652 1
1653 7
1654 7
1655 2
1656 0
1657 1
1658 1
1659 7
1660 7
1661 4
1662 7
1663 7
1664 7
1665 5
1666 5
1667 7
1668 4
1669 1
1670 5
1671 2
1672 7
1673 4
1674 7
1675 7
1676 5
1677 4
1678 1
1679 5
1680 5
1681 2
1682 2
1683 2
1684 1
1685 0
1686 2
1687 1
1688 1
1689 7
1690 1
1691 4
1692 7
1693 2
1694 1
1695 1
1696 1
1697 2
1698 5
1699 1
1700 7
1701 5
1702 2
1703 5
1704 2
1705 1
1706 7
1707 2
1708 2
1709 2
1710 1
1711 2
1712 5
1713 5
1714 1
1715 7
1716 1
1717 1
1718 2
1719 1
1720 2
1721 1
1722 5
1723 0
1724 7
1725 7
1726 4
1727 7
1728 1
1729 2
1730 7
1731 7
1732 7
1733 2
1734 1
1735 7
1736 2
1737 1
1738 1
1739 7
1740 2
1741 2
1742 1
1743 1
1744 1
1745 5
1746 7
1747 7
1748 2
1749 2
1750 2
1751 5
1752 1
1753 7
1754 7
1755 1
1756 1
1757 7
1758 2
1759 1
1760 7
1761 2
1762 2
1763 1
1764 1
1765 2
1766 1
1767 2
1768 7
1769 1
1770 2
1771 7
1772 7
1773 1
1774 2
1775 2
1776 5
1777 1
1778 1
1779 2
1780 2
1781 2
1782 5
1783 1
1784 2
1785 2
1786 2
1787 7
1788 2
1789 2
1790 0
1791 4
1792 7
1793 7
1794 2
1795 1
1796 7
1797 5
1798 1
1799 5
1800 1
1801 4
1802 5
1803 5
1804 5
1805 5
1806 7
1807 7
1808 5
1809 5
1810 2
1811 5
1812 5
1813 5
1814 1
1815 5
1816 5
1817 5
1818 2
1819 5
1820 5
1821 5
1822 5
1823 5
1824 5
1825 5
1826 5
1827 5
1828 1
1829 5
1830 5
1831 5
1832 7
1833 7
1834 1
1835 7
1836 1
1837 0
1838 5
1839 5
1840 1
1841 5
1842 5
1843 5
1844 5
1845 5
1846 2
1847 5
1848 5
1849 7
1850 2
1851 7
1852 5
1853 0
1854 7
1855 5
1856 5
1857 5
1858 5
1859 5
1860 5
1861 5
1862 5
1863 4
1864 5
1865 1
1866 5
1867 5
1868 5
1869 5
1870 1
1871 5
1872 5
1873 5
1874 5
1875 5
1876 1
1877 5
1878 5
1879 5
1880 5
1881 7
1882 5
1883 2
1884 5
1885 5
1886 5
1887 5
1888 7
1889 5
1890 7
1891 1
1892 5
1893 2
1894 5
1895 2
1896 5
1897 0
1898 5
1899 2
1900 7
1901 5
1902 2
1903 7
1904 5
1905 5
1906 7
1907 5
1908 5
1909 5
1910 5
1911 5
1912 5
1913 7
1914 5
1915 7
1916 5
1917 5
1918 7
1919 2
1920 5
1921 7
1922 5
1923 5
1924 5
1925 1
1926 5
1927 5
1928 2
1929 2
1930 2
1931 2
1932 2
1933 7
1934 7
1935 2
1936 1
1937 2
1938 2
1939 1
1940 7
1941 2
1942 2
1943 1
1944 2
1945 1
1946 5
1947 7
1948 2
1949 5
1950 1
1951 1
1952 2
1953 7
1954 2
1955 1
1956 2
1957 1
1958 2
1959 1
1960 2
1961 5
1962 2
1963 5
1964 2
1965 2
1966 2
1967 2
1968 2
1969 2
1970 2
1971 2
1972 2
1973 5
1974 7
1975 2
1976 2
1977 5
1978 1
1979 1
1980 2
1981 5
1982 2
1983 2
1984 1
1985 1
1986 2
1987 1
1988 2
1989 2
1990 1
1991 2
1992 5
1993 2
1994 2
1995 2
1996 2
1997 5
1998 2
1999 5
2000 1
2001 2
2002 2
2003 2
2004 2
2005 1
2006 2
2007 1
2008 5
2009 2
2010 2
2011 2
2012 2
2013 2
2014 1
2015 2
2016 2
2017 5
2018 2
2019 5
2020 2
2021 1
2022 2
2023 1
2024 2
2025 2
2026 2
2027 2
2028 2
2029 2
2030 5
2031 2
2032 2
2033 2
2034 2
2035 2
2036 5
2037 5
2038 2
2039 1
2040 1
2041 2
2042 2
2043 2
2044 2
2045 2
2046 1
2047 2
2048 1
2049 2
2050 7
2051 2
2052 2
2053 2
2054 2
2055 2
2056 2
2057 1
2058 1
2059 1
2060 5
2061 2
2062 7
2063 2
2064 7
2065 2
2066 7
2067 1
2068 2
2069 2
2070 2
2071 2
2072 2
2073 2
2074 2
2075 2
2076 2
2077 2
2078 2
2079 7
2080 2
2081 2
2082 2
2083 5
2084 1
2085 2
2086 2
2087 2
2088 2
2089 2
2090 2
2091 2
2092 1
2093 7
2094 2
2095 2
2096 2
2097 2
2098 5
2099 1
2100 7
2101 2
2102 2
2103 7
2104 2
2105 2
2106 1
2107 2
2108 2
2109 1
2110 2
2111 2
2112 2
2113 2
2114 2
2115 2
2116 2
2117 2
2118 5
2119 2
2120 2
2121 7
2122 5
2123 1
2124 2
2125 5
2126 7
2127 2
2128 5
2129 1
2130 5
2131 2
2132 2
2133 1
2134 2
2135 1
2136 2
2137 2
2138 2
2139 1
2140 7
2141 2
2142 2
2143 1
2144 2
2145 2
2146 2
2147 2
2148 2
2149 2
2150 2
2151 2
2152 2
2153 5
2154 1
2155 2
2156 2
2157 0
2158 2
2159 5
2160 2
2161 2
2162 2
2163 2
2164 2
2165 2
2166 2
2167 2
2168 1
2169 2
2170 2
2171 2
2172 2
2173 2
2174 2
2175 1
2176 2
2177 2
2178 2
2179 2
2180 2
2181 2
2182 1
2183 0
2184 2
2185 2
2186 2
2187 5
2188 2
2189 2
2190 2
2191 2
2192 2
2193 2
2194 5
2195 2
2196 1
2197 2
2198 2
2199 2
2200 2
2201 2
2202 2
2203 7
2204 1
2205 2
2206 1
2207 2
2208 7
2209 2
2210 2
2211 2
2212 5
2213 2
2214 2
2215 2
2216 2
2217 1
2218 2
2219 2
2220 2
2221 2
2222 5
2223 2
2224 1
2225 2
2226 2
2227 2
2228 5
2229 2
2230 1
2231 5
2232 2
2233 2
2234 2
2235 2
2236 1
2237 2
2238 5
2239 1
2240 2
2241 2
2242 1
2243 2
2244 5
2245 2
2246 2
2247 2
2248 2
2249 2
2250 2
2251 5
2252 1
2253 2
2254 5
2255 1
2256 2
2257 2
2258 2
2259 2
2260 2
2261 2
2262 2
2263 2
2264 7
2265 2
2266 1
2267 1
2268 2
2269 1
2270 2
2271 2
2272 2
2273 2
2274 5
2275 5
2276 2
2277 2
2278 2
2279 2
2280 2
2281 2
2282 2
2283 5
2284 2
2285 1
2286 2
2287 2
2288 0
2289 2
2290 1
2291 2
2292 2
2293 2
2294 2
2295 2
2296 1
2297 2
2298 5
2299 2
2300 2
2301 2
2302 5
2303 2
2304 1
2305 2
2306 5
2307 2
2308 2
2309 2
2310 2
2311 5
2312 1
2313 2
2314 2
2315 2
2316 2
2317 2
2318 2
2319 2
2320 1
2321 2
2322 1
2323 1
2324 2
2325 2
2326 2
2327 2
2328 5
2329 1
2330 5
2331 1
2332 2
2333 2
2334 5
2335 2
2336 2
2337 2
2338 2
2339 2
2340 2
2341 2
2342 0
2343 5
2344 2
2345 2
2346 2
2347 2
2348 2
2349 2
2350 2
2351 2
2352 1
2353 2
2354 1
2355 1
2356 2
2357 2
2358 2
2359 2
2360 2
2361 1
2362 5
2363 2
2364 5
2365 2
2366 1
2367 1
2368 2
2369 1
2370 2
2371 2
2372 1
2373 2
2374 1
2375 2
2376 1
2377 1
2378 2
2379 2
2380 0
2381 5
2382 2
2383 2
2384 2
2385 2
2386 2
2387 7
2388 1
2389 5
2390 4
2391 5
2392 1
2393 7
2394 1
2395 5
2396 2
2397 5
2398 1
2399 5
2400 1
2401 2
2402 2
2403 1
2404 1
2405 1
2406 1
2407 1
2408 0
2409 1
2410 7
2411 5
2412 7
2413 1
2414 2
2415 7
2416 0
2417 1
2418 4
2419 1
2420 5
2421 7
2422 7
2423 5
2424 4
2425 7
2426 7
2427 0
2428 0
2429 5
2430 1
2431 1
2432 1
2433 1
2434 4
2435 0
2436 1
2437 5
2438 7
2439 7
2440 5
2441 7
2442 1
2443 0
2444 1
2445 7
2446 7
2447 7
2448 7
2449 1
2450 2
2451 1
2452 1
2453 0
2454 5
2455 7
2456 1
2457 7
2458 5
2459 1
2460 2
2461 5
2462 0
2463 7
2464 7
2465 1
2466 7
2467 5
2468 5
2469 1
2470 1
2471 1
2472 1
2473 7
2474 1
2475 1
2476 7
2477 1
2478 7
2479 5
2480 7
2481 1
2482 1
2483 5
2484 1
2485 7
2486 1
2487 7
2488 5
2489 7
2490 7
2491 1
2492 7
2493 1
2494 2
2495 1
2496 1
2497 5
2498 1
2499 2
2500 7
2501 1
2502 1
2503 1
2504 2
2505 7
2506 7
2507 1
2508 7
2509 7
2510 1
2511 1
2512 7
2513 5
2514 4
2515 1
2516 0
2517 7
2518 1
2519 1
2520 1
2521 7
2522 1
2523 7
2524 5
2525 7
2526 0
2527 4
2528 1
2529 1
2530 1
2531 1
2532 7
2533 5
2534 1
2535 1
2536 1
2537 5
2538 1
2539 1
2540 4
2541 7
2542 1
2543 1
2544 5
2545 7
2546 1
2547 0
2548 7
2549 7
2550 0
2551 2
2552 1
2553 5
2554 7
2555 4
2556 1
2557 1
2558 1
2559 7
2560 7
2561 4
2562 7
2563 7
2564 1
2565 7
2566 7
2567 7
2568 5
2569 1
2570 5
2571 7
2572 1
2573 1
2574 7
2575 5
2576 7
2577 5
2578 4
2579 0
2580 2
2581 5
2582 7
2583 5
2584 4
2585 7
2586 0
2587 7
2588 5
2589 7
2590 7
2591 4
2592 2
2593 5
2594 4
2595 7
2596 5
2597 5
2598 7
2599 7
2600 2
2601 7
2602 7
2603 7
2604 1
2605 1
2606 1
2607 1
2608 4
2609 1
2610 1
2611 7
2612 7
2613 0
2614 1
2615 1
2616 2
2617 1
2618 1
2619 1
2620 1
2621 0
2622 1
2623 1
2624 1
2625 7
2626 1
2627 1
2628 1
2629 1
2630 1
2631 5
2632 2
2633 1
2634 1
2635 1
2636 1
2637 1
2638 5
2639 7
2640 1
2641 7
2642 1
2643 1
2644 5
2645 1
2646 2
2647 1
2648 2
2649 1
2650 1
2651 1
2652 1
2653 1
2654 5
2655 1
2656 0
2657 5
2658 7
2659 1
2660 5
2661 7
2662 0
2663 2
2664 7
2665 4
2666 4
2667 5
2668 7
2669 7
2670 7
2671 1
2672 7
2673 7
2674 7
2675 7
2676 7
2677 7
2678 7
2679 7
2680 7
2681 7
2682 7
2683 1
2684 7
2685 7
2686 7
2687 7
2688 7
2689 7
2690 7
2691 2
2692 1
2693 2
2694 7
2695 5
2696 0
2697 2
2698 7
2699 7
2700 7
2701 7
2702 7
2703 7
2704 7
2705 7
2706 7
2707 7
2708 7
2709 4
2710 7
2711 7
2712 0
2713 7
2714 7
2715 1
2716 5
2717 7
2718 1
2719 2
2720 1
2721 7
2722 1
2723 7
2724 5
2725 7
2726 1
2727 5
2728 5
2729 1
2730 5
2731 2
2732 7
2733 5
2734 7
2735 7
2736 5
2737 5
2738 7
2739 7
2740 1
2741 0
2742 1
2743 2
2744 5
2745 2
2746 1
2747 5
2748 5
2749 1
2750 0
2751 1
2752 7
2753 7
2754 1
2755 5
2756 2
2757 2
2758 1
2759 1
2760 1
2761 1
2762 5
2763 1
2764 1
2765 5
2766 2
2767 5
2768 1
2769 5
2770 7
2771 2
2772 7
2773 5
2774 5
2775 2
2776 5
2777 4
2778 7
2779 2
2780 2
2781 1
2782 2
2783 5
2784 5
2785 1
2786 7
2787 7
2788 7
2789 2
2790 5
2791 7
2792 4
2793 1
2794 1
2795 0
2796 0
2797 7
2798 7
2799 7
2800 7
2801 1
2802 7
2803 5
2804 5
2805 7
2806 1
2807 2
2808 7
2809 7
2810 1
2811 7
2812 7
2813 5
2814 1
2815 7
2816 7
2817 7
2818 4
2819 7
2820 5
2821 5
2822 5
2823 5
2824 0
2825 4
2826 4
2827 1
2828 4
2829 5
2830 1
2831 1
2832 7
2833 1
2834 7
2835 5
2836 5
2837 1
2838 7
2839 7
2840 7
2841 2
2842 0
2843 2
2844 7
2845 0
2846 1
2847 1
2848 0
2849 5
2850 5
2851 5
2852 5
2853 2
2854 1
2855 2
2856 7
2857 2
2858 5
2859 5
2860 1
2861 2
2862 2
2863 5
2864 5
2865 1
2866 1
2867 5
2868 1
2869 5
2870 5
2871 1
2872 2
2873 4
2874 7
2875 0
2876 1
2877 5
2878 7
2879 0
2880 5
2881 1
2882 7
2883 0
2884 2
2885 1
2886 1
2887 2
2888 2
2889 5
2890 0
2891 7
2892 1
2893 5
2894 5
2895 1
2896 1
2897 2
2898 5
2899 5
2900 5
2901 1
2902 7
2903 5
2904 2
2905 5
2906 7
2907 2
2908 7
2909 2
2910 7
2911 5
2912 1
2913 5
2914 2
2915 2
2916 4
2917 5
2918 2
2919 5
2920 0
2921 0
2922 0
2923 1
2924 7
2925 7
2926 1
2927 4
2928 7
2929 5
2930 1
2931 5
2932 2
2933 5
2934 5
2935 2
2936 2
2937 2
2938 1
2939 5
2940 2
2941 1
2942 2
2943 2
2944 1
2945 7
2946 2
2947 1
2948 7
2949 7
2950 5
2951 1
2952 5
2953 7
2954 4
2955 1
2956 5
2957 5
2958 1
2959 7
2960 5
2961 1
2962 5
2963 2
2964 5
2965 1
2966 7
2967 5
2968 7
2969 5
2970 5
2971 5
2972 1
2973 1
2974 0
2975 1
2976 4
2977 0
2978 7
2979 5
2980 2
2981 2
2982 2
2983 2
2984 1
2985 7
2986 7
2987 1
2988 2
2989 1
2990 7
2991 2
2992 1
2993 5
2994 2
2995 7
2996 1
2997 5
2998 5
2999 5
3000 1
3001 5
3002 2
3003 7
3004 0
3005 5
3006 2
3007 5
3008 1
3009 5
3010 7
3011 2
3012 0
3013 7
3014 1
3015 0
3016 2
3017 0
3018 1
3019 1
3020 5
3021 1
3022 7
3023 7
3024 2
3025 2
3026 1
3027 5
3028 1
3029 5
3030 7
3031 5
3032 2
3033 1
3034 5
3035 2
3036 5
3037 5
3038 5
3039 7
3040 4
3041 5
3042 5
3043 1
3044 1
3045 5
3046 7
3047 1
3048 1
3049 7
3050 0
3051 4
3052 5
3053 5
3054 1
3055 0
3056 2
3057 0
3058 0
3059 2
3060 5
3061 5
3062 5
3063 1
3064 7
3065 5
3066 7
3067 5
3068 5
3069 5
3070 2
3071 2
3072 1
3073 5
3074 1
3075 1
3076 1
3077 2
3078 4
3079 2
3080 5
3081 2
3082 7
3083 2
3084 1
3085 2
3086 1
3087 7
3088 1
3089 2
3090 7
3091 7
3092 2
3093 5
3094 2
3095 2
3096 1
3097 5
3098 7
3099 0
3100 1
3101 7
3102 2
3103 5
3104 4
3105 2
3106 2
3107 2
3108 1
3109 1
3110 2
3111 5
3112 2
3113 1
3114 1
3115 1
3116 5
3117 2
3118 5
3119 7
3120 1
3121 2
3122 0
3123 7
3124 2
3125 5
3126 2
3127 5
3128 0
3129 1
3130 2
3131 1
3132 1
3133 5
3134 4
3135 7
3136 7
3137 2
3138 1
3139 1
3140 5
3141 5
3142 1
3143 1
3144 2
3145 1
3146 2
3147 5
3148 7
3149 1
3150 0
3151 7
3152 5
3153 2
3154 5
3155 1
3156 1
3157 1
3158 5
3159 2
3160 5
3161 7
3162 1
3163 0
3164 4
3165 5
3166 1
3167 7
3168 7
3169 2
3170 7
3171 7
3172 2
3173 4
3174 1
3175 5
3176 0
3177 7
3178 7
3179 7
3180 7
3181 4
3182 1
3183 7
3184 1
3185 7
3186 2
3187 1
3188 1
3189 2
3190 7
3191 2
3192 1
3193 0
3194 7
3195 5
3196 1
3197 5
3198 1
3199 7
3200 2
3201 2
3202 1
3203 1
3204 5
3205 7
3206 5
3207 5
3208 7
3209 0
3210 7
3211 5
3212 5
3213 1
3214 1
3215 5
3216 7
3217 2
3218 5
3219 7
3220 7
3221 1
3222 2
3223 2
3224 5
3225 1
3226 2
3227 7
3228 7
3229 5
3230 7
3231 2
3232 5
3233 7
3234 0
3235 2
3236 5
3237 1
3238 1
3239 0
3240 5
3241 7
3242 7
3243 2
3244 0
3245 7
3246 5
3247 1
3248 1
3249 1
3250 7
3251 1
3252 7
3253 5
3254 1
3255 2
3256 5
3257 1
3258 7
3259 5
3260 1
3261 2
3262 1
3263 1
3264 1
3265 5
3266 2
3267 1
3268 1
3269 4
3270 2
3271 4
3272 1
3273 2
3274 5
3275 1
3276 7
3277 5
3278 7
3279 0
3280 5
3281 0
3282 7
3283 1
3284 5
3285 2
3286 1
3287 1
3288 1
3289 2
3290 7
3291 5
3292 7
3293 7
3294 1
3295 1
3296 2
3297 7
3298 0
3299 5
3300 2
3301 4
3302 1
3303 1
3304 5
3305 7
3306 5
3307 5
3308 2
3309 5
3310 0
3311 1
3312 0
3313 5
3314 5
3315 1
3316 5
3317 1
3318 5
3319 7
3320 5
3321 2
3322 5
3323 1
3324 5
3325 1
3326 4
3327 7
3328 1
3329 2
3330 5
3331 4
3332 7
3333 7
3334 1
3335 4
3336 7
3337 4
3338 5
3339 1
3340 7
3341 2
3342 5
3343 5
3344 5
3345 1
3346 4
3347 5
3348 5
3349 2
3350 1
3351 1
3352 0
3353 5
3354 5
3355 5
3356 7
3357 1
3358 4
3359 2
3360 7
3361 2
3362 2
3363 0
3364 2
3365 1
3366 5
3367 2
3368 1
3369 5
3370 5
3371 7
3372 1
3373 2
3374 2
3375 5
3376 5
3377 1
3378 1
3379 2
3380 2
3381 5
3382 7
3383 2
3384 5
3385 2
3386 5
3387 4
3388 0
3389 1
3390 0
3391 7
3392 0
3393 5
3394 5
3395 7
3396 7
3397 2
3398 5
3399 7
3400 4
3401 2
3402 2
3403 1
3404 1
3405 5
3406 7
3407 7
3408 5
3409 2
3410 1
3411 1
3412 0
3413 5
3414 1
3415 1
3416 7
3417 5
3418 2
3419 5
3420 5
3421 5
3422 7
3423 7
3424 1
3425 1
3426 5
3427 0
3428 5
3429 1
3430 1
3431 5
3432 2
3433 2
3434 2
3435 0
3436 4
3437 1
3438 7
3439 7
3440 5
3441 5
3442 5
3443 4
3444 1
3445 5
3446 1
3447 5
3448 5
3449 1
3450 5
3451 1
3452 5
3453 5
3454 5
3455 1
3456 1
3457 2
3458 2
3459 5
3460 0
3461 5
3462 7
3463 5
3464 7
3465 1
3466 7
3467 5
3468 5
3469 2
3470 5
3471 1
3472 5
3473 1
3474 7
3475 7
3476 7
3477 4
3478 2
3479 1
3480 5
3481 1
3482 5
3483 0
3484 1
3485 1
3486 5
3487 5
3488 1
3489 1
3490 7
3491 5
3492 1
3493 2
3494 2
3495 0
3496 5
3497 7
3498 2
3499 5
3500 5
3501 7
3502 5
3503 7
3504 1
3505 7
3506 7
3507 1
3508 5
3509 0
3510 2
3511 0
3512 1
3513 7
3514 1
3515 7
3516 4
3517 2
3518 5
3519 7
3520 2
3521 7
3522 1
3523 2
3524 0
3525 5
3526 2
3527 5
3528 5
3529 2
3530 2
3531 5
3532 1
3533 5
3534 5
3535 1
3536 7
3537 2
3538 4
3539 7
3540 5
3541 7
3542 5
3543 1
3544 5
3545 7
3546 1
3547 5
3548 5
3549 1
3550 1
3551 2
3552 7
3553 7
3554 7
3555 5
3556 1
3557 7
3558 5
3559 1
3560 2
3561 0
3562 1
3563 1
3564 5
3565 5
3566 2
3567 5
3568 1
3569 0
3570 5
3571 4
3572 5
3573 0
3574 2
3575 5
3576 7
3577 5
3578 1
3579 1
3580 1
3581 1
3582 5
3583 7
3584 7
3585 5
3586 4
3587 2
3588 0
3589 1
3590 2
3591 2
3592 4
3593 7
3594 5
3595 5
3596 7
3597 1
3598 1
3599 5
3600 2
3601 5
3602 5
3603 5
3604 7
3605 5
3606 2
3607 2
3608 2
3609 7
3610 1
3611 7
3612 2
3613 1
3614 2
3615 7
3616 5
3617 1
3618 5
3619 1
3620 2
3621 7
3622 0
3623 7
3624 2
3625 5
3626 7
3627 7
3628 7
3629 7
3630 0
3631 7
3632 1
3633 2
3634 0
3635 5
3636 7
3637 7
3638 5
3639 7
3640 2
3641 2
3642 2
3643 7
3644 5
3645 2
3646 5
3647 5
3648 1
3649 4
3650 1
3651 0
3652 7
3653 1
3654 7
3655 4
3656 2
3657 2
3658 5
3659 7
3660 1
3661 5
3662 1
3663 1
3664 7
3665 7
3666 7
3667 1
3668 7
3669 4
3670 5
3671 7
3672 7
3673 7
3674 7
3675 7
3676 0
3677 0
3678 0
3679 0
3680 0
3681 7
3682 1
3683 7
3684 7
3685 7
3686 0
3687 7
3688 7
3689 7
3690 7
3691 7
3692 7
3693 0
3694 5
3695 7
3696 7
3697 0
3698 0
3699 7
3700 7
3701 5
3702 7
3703 0
3704 4
3705 4
3706 7
3707 4
3708 4
3709 7
3710 7
3711 4
3712 1
3713 5
3714 0
3715 0
3716 7
3717 7
3718 7
3719 7
3720 1
3721 1
3722 5
3723 7
3724 5
3725 5
3726 2
3727 5
3728 7
3729 5
3730 7
3731 0
3732 1
3733 5
3734 2
3735 7
3736 7
3737 5
3738 5
3739 7
3740 0
3741 7
3742 5
3743 5
3744 0
3745 7
3746 1
3747 7
3748 7
3749 7
3750 7
3751 7
3752 7
3753 0
3754 0
3755 4
3756 4
3757 4
3758 5
3759 4
3760 4
3761 7
3762 7
3763 7
3764 5
3765 5
3766 7
3767 5
3768 0
3769 1
3770 5
3771 5
3772 5
3773 5
3774 2
3775 7
3776 7
3777 5
3778 7
3779 7
3780 5
3781 7
3782 5
3783 7
3784 7
3785 7
3786 1
3787 5
3788 1
3789 5
3790 5
3791 5
3792 4
3793 5
3794 5
3795 0
3796 5
3797 0
3798 7
3799 7
3800 5
3801 7
3802 7
3803 7
3804 7
3805 5
3806 7
3807 0
3808 7
3809 7
3810 5
3811 0
3812 7
3813 7
3814 7
3815 7
3816 7
3817 5
3818 0
3819 5
3820 7
3821 7
3822 2
3823 7
3824 7
3825 7
3826 7
3827 4
3828 4
3829 7
3830 0
3831 5
3832 7
3833 1
3834 4
3835 1
3836 4
3837 7
3838 1
3839 1
3840 0
3841 1
3842 0
3843 0
3844 0
3845 1
3846 7
3847 5
3848 7
3849 5
3850 7
3851 7
3852 7
3853 7
3854 0
3855 5
3856 7
3857 5
3858 5
3859 7
3860 1
3861 7
3862 5
3863 4
3864 7
3865 1
3866 7
3867 1
3868 0
3869 7
3870 0
3871 5
3872 7
3873 4
3874 1
3875 1
3876 5
3877 1
3878 4
3879 7
3880 4
3881 7
3882 1
3883 2
3884 7
3885 7
3886 0
3887 0
3888 5
3889 1
3890 4
3891 1
3892 4
3893 7
3894 4
3895 5
3896 4
3897 4
3898 5
3899 4
3900 5
3901 0
3902 7
3903 5
3904 2
3905 4
3906 7
3907 0
3908 7
3909 1
3910 4
3911 7
3912 5
3913 7
3914 7
3915 7
3916 1
3917 0
3918 0
3919 7
3920 7
3921 7
3922 4
3923 7
3924 7
3925 4
3926 7
3927 1
3928 5
3929 4
3930 4
3931 1
3932 7
3933 7
3934 4
3935 0
3936 5
3937 4
3938 1
3939 0
3940 7
3941 1
3942 7
3943 7
3944 1
3945 1
3946 7
3947 7
3948 5
3949 7
3950 5
3951 5
3952 5
3953 5
3954 7
3955 1
3956 5
3957 7
3958 7
3959 5
3960 1
3961 7
3962 1
3963 0
3964 5
3965 5
3966 4
3967 5
3968 5
3969 5
3970 7
3971 5
3972 7
3973 5
3974 7
3975 5
3976 7
3977 1
3978 7
3979 7
3980 7
3981 0
3982 7
3983 7
3984 6
3985 6
3986 7
3987 7
3988 5
3989 7
3990 5
3991 5
3992 5
3993 1
3994 5
3995 7
3996 5
3997 5
3998 2
3999 5
4000 5
4001 5
4002 5
4003 5
4004 5
4005 5
4006 0
4007 1
4008 5
4009 7
4010 5
4011 5
4012 7
4013 7
4014 5
4015 5
4016 5
4017 5
4018 5
4019 5
4020 1
4021 5
4022 7
4023 5
4024 5
4025 5
4026 5
4027 5
4028 5
4029 2
4030 5
4031 5
4032 5
4033 5
4034 5
4035 5
4036 7
4037 7
4038 5
4039 5
4040 5
4041 5
4042 7
4043 5
4044 5
4045 1
4046 5
4047 5
4048 5
4049 5
4050 5
4051 5
4052 5
4053 5
4054 5
4055 0
4056 5
4057 5
4058 5
4059 5
4060 4
4061 5
4062 5
4063 5
4064 5
4065 5
4066 5
4067 5
4068 5
4069 2
4070 2
4071 7
4072 5
4073 5
4074 5
4075 5
4076 5
4077 5
4078 1
4079 5
4080 5
4081 5
4082 5
4083 7
4084 5
4085 5
4086 5
4087 5
4088 5
4089 5
4090 5
4091 5
4092 7
4093 7
4094 7
4095 5
4096 5
4097 5
4098 5
4099 5
4100 4
4101 5
4102 5
4103 5
4104 5
4105 5
4106 5
4107 5
4108 1
4109 5
4110 5
4111 5
4112 7
4113 0
4114 5
4115 5
4116 5
4117 5
4118 5
4119 7
4120 5
4121 5
4122 5
4123 5
4124 5
4125 5
4126 5
4127 5
4128 5
4129 7
4130 1
4131 5
4132 5
4133 5
4134 5
4135 5
4136 5
4137 5
4138 5
4139 5
4140 7
4141 5
4142 1
4143 5
4144 5
4145 5
4146 7
4147 7
4148 5
4149 7
4150 0
4151 1
4152 7
4153 0
4154 7
4155 0
4156 7
4157 7
4158 7
4159 7
4160 4
4161 7
4162 7
4163 7
4164 7
4165 7
4166 7
4167 7
4168 7
4169 7
4170 7
4171 1
4172 7
4173 7
4174 7
4175 7
4176 5
4177 5
4178 7
4179 0
4180 7
4181 7
4182 7
4183 4
4184 1
4185 7
4186 7
4187 7
4188 5
4189 7
4190 7
4191 7
4192 7
4193 7
4194 7
4195 0
4196 5
4197 7
4198 7
4199 7
4200 0
4201 0
4202 0
4203 7
4204 7
4205 4
4206 7
4207 5
4208 5
4209 7
4210 7
4211 7
4212 4
4213 5
4214 0
4215 7
4216 7
4217 7
4218 1
4219 7
4220 7
4221 7
4222 7
4223 7
4224 7
4225 1
4226 0
4227 5
4228 7
4229 7
4230 7
4231 7
4232 0
4233 7
4234 7
4235 0
4236 7
4237 5
4238 7
4239 7
4240 7
4241 0
4242 5
4243 4
4244 4
4245 4
4246 4
4247 5
4248 4
4249 4
4250 5
4251 4
4252 4
4253 4
4254 7
4255 2
4256 5
4257 2
4258 4
4259 4
4260 4
4261 4
4262 4
4263 4
4264 4
4265 4
4266 4
4267 5
4268 7
4269 0
4270 7
4271 4
4272 5
4273 7
4274 7
4275 5
4276 7
4277 7
4278 1
4279 5
4280 7
4281 0
4282 0
4283 0
4284 7
4285 1
4286 7
4287 5
4288 7
4289 5
4290 5
4291 5
4292 7
4293 7
4294 7
4295 7
4296 7
4297 7
4298 0
4299 7
4300 0
4301 7
4302 5
4303 7
4304 7
4305 7
4306 7
4307 7
4308 4
4309 5
4310 0
4311 5
4312 5
4313 7
4314 7
4315 7
4316 2
4317 7
4318 7
4319 7
4320 5
4321 7
4322 5
4323 7
4324 5
4325 5
4326 4
4327 7
4328 1
4329 5
4330 1
4331 7
4332 7
4333 7
4334 0
4335 0
4336 1
4337 7
4338 7
4339 4
4340 5
4341 7
4342 5
4343 7
4344 7
4345 0
4346 5
4347 5
4348 5
4349 5
4350 5
4351 7
4352 7
4353 5
4354 1
4355 7
4356 2
4357 0
4358 5
4359 7
4360 5
4361 1
4362 5
4363 5
4364 5
4365 5
4366 1
4367 5
4368 5
4369 5
4370 7
4371 5
4372 5
4373 5
4374 7
4375 7
4376 5
4377 7
4378 7
4379 4
4380 7
4381 7
4382 5
4383 7
4384 5
4385 7
4386 5
4387 5
4388 7
4389 5
4390 7
4391 4
4392 7
4393 4
4394 0
4395 7
4396 5
4397 1
4398 4
4399 4
4400 7
4401 4
4402 4
4403 7
4404 4
4405 5
4406 7
4407 5
4408 5
4409 0
4410 5
4411 5
4412 5
4413 7
4414 7
4415 7
4416 1
4417 7
4418 7
4419 5
4420 7
4421 1
4422 7
4423 7
4424 5
4425 5
4426 2
4427 4
4428 5
4429 5
4430 5
4431 5
4432 7
4433 7
4434 5
4435 7
4436 7
4437 7
4438 5
4439 5
4440 5
4441 5
4442 5
4443 7
4444 1
4445 0
4446 7
4447 5
4448 0
4449 5
4450 7
4451 5
4452 5
4453 7
4454 5
4455 1
4456 5
4457 5
4458 7
4459 5
4460 5
4461 7
4462 5
4463 7
4464 5
4465 7
4466 5
4467 7
4468 1
4469 5
4470 7
4471 5
4472 5
4473 7
4474 7
4475 1
4476 5
4477 5
4478 5
4479 5
4480 5
4481 5
4482 5
4483 5
4484 5
4485 7
4486 2
4487 5
4488 5
4489 5
4490 2
4491 5
4492 5
4493 5
4494 5
4495 5
4496 5
4497 5
4498 7
4499 5
4500 5
4501 5
4502 5
4503 5
4504 5
4505 5
4506 5
4507 1
4508 5
4509 5
4510 5
4511 5
4512 5
4513 5
4514 5
4515 5
4516 5
4517 5
4518 5
4519 5
4520 5
4521 5
4522 5
4523 5
4524 5
4525 5
4526 5
4527 5
4528 5
4529 5
4530 7
4531 5
4532 7
4533 5
4534 5
4535 5
4536 5
4537 5
4538 5
4539 4
4540 1
4541 7
4542 5
4543 2
4544 7
4545 1
4546 7
4547 7
4548 5
4549 7
4550 7
4551 7
4552 7
4553 7
4554 7
4555 7
4556 7
4557 7
4558 7
4559 7
4560 5
4561 4
4562 1
4563 5
4564 1
4565 7
4566 5
4567 5
4568 5
4569 5
4570 7
4571 5
4572 5
4573 7
4574 7
4575 2
4576 7
4577 7
4578 7
4579 5
4580 7
4581 7
4582 7
4583 7
4584 5
4585 5
4586 5
4587 4
4588 7
4589 7
4590 0
4591 7
4592 5
4593 7
4594 5
4595 7
4596 7
4597 7
4598 7
4599 2
4600 7
4601 5
4602 5
4603 7
4604 7
4605 7
4606 7
4607 7
4608 0
4609 7
4610 7
4611 5
4612 7
4613 1
4614 5
4615 5
4616 5
4617 1
4618 5
4619 5
4620 7
4621 7
4622 5
4623 7
4624 5
4625 7
4626 0
4627 7
4628 0
4629 7
4630 7
4631 5
4632 5
4633 7
4634 0
4635 5
4636 7
4637 7
4638 7
4639 5
4640 5
4641 0
4642 5
4643 5
4644 0
4645 5
4646 5
4647 7
4648 5
4649 2
4650 5
4651 7
4652 5
4653 5
4654 5
4655 5
4656 1
4657 7
4658 7
4659 5
4660 7
4661 0
4662 7
4663 7
4664 7
4665 5
4666 7
4667 5
4668 0
4669 7
4670 7
4671 5
4672 4
4673 7
4674 5
4675 7
4676 7
4677 5
4678 2
4679 0
4680 7
4681 0
4682 0
4683 5
4684 5
4685 7
4686 7
4687 0
4688 7
4689 0
4690 0
4691 7
4692 7
4693 5
4694 5
4695 7
4696 5
4697 7
4698 5
4699 0
4700 0
4701 0
4702 0
4703 7
4704 0
4705 0
4706 7
4707 7
4708 7
4709 7
4710 0
4711 7
4712 7
4713 0
4714 4
4715 5
4716 5
4717 5
4718 7
4719 0
4720 5
4721 5
4722 5
4723 7
4724 7
4725 0
4726 7
4727 7
4728 7
4729 5
4730 5
4731 4
4732 5
4733 5
4734 7
4735 5
4736 7
4737 5
4738 5
4739 7
4740 7
4741 7
4742 0
4743 5
4744 0
4745 5
4746 5
4747 7
4748 7
4749 5
4750 5
4751 0
4752 7
4753 5
4754 7
4755 5
4756 5
4757 5
4758 5
4759 5
4760 0
4761 7
4762 7
4763 7
4764 7
4765 7
4766 7
4767 0
4768 7
4769 7
4770 0
4771 5
4772 5
4773 5
4774 5
4775 7
4776 7
4777 0
4778 7
4779 7
4780 2
4781 5
4782 2
4783 5
4784 1
4785 1
4786 7
4787 7
4788 7
4789 7
4790 5
4791 5
4792 5
4793 1
4794 1
4795 7
4796 1
4797 7
4798 0
4799 2
4800 0
4801 0
4802 7
4803 5
4804 5
4805 7
4806 5
4807 5
4808 5
4809 5
4810 7
4811 4
4812 5
4813 1
4814 5
4815 7
4816 4
4817 5
4818 1
4819 7
4820 7
4821 7
4822 7
4823 5
4824 1
4825 7
4826 1
4827 7
4828 0
4829 7
4830 5
4831 2
4832 2
4833 2
4834 7
4835 7
4836 7
4837 7
4838 7
4839 7
4840 7
4841 1
4842 7
4843 7
4844 2
4845 4
4846 7
4847 7
4848 0
4849 5
4850 7
4851 0
4852 5
4853 1
4854 1
4855 4
4856 5
4857 7
4858 7
4859 5
4860 7
4861 5
4862 7
4863 0
4864 7
4865 5
4866 7
4867 1
4868 5
4869 1
4870 0
4871 1
4872 1
4873 1
4874 1
4875 2
4876 5
4877 1
4878 7
4879 0
4880 7
4881 7
4882 5
4883 5
4884 5
4885 0
4886 5
4887 2
4888 7
4889 5
4890 7
4891 0
4892 7
4893 5
4894 1
4895 4
4896 5
4897 7
4898 7
4899 7
4900 7
4901 7
4902 7
4903 5
4904 2
4905 7
4906 5
4907 7
4908 7
4909 2
4910 7
4911 1
4912 0
4913 0
4914 5
4915 5
4916 2
4917 5
4918 2
4919 5
4920 1
4921 5
4922 5
4923 5
4924 5
4925 5
4926 2
4927 5
4928 1
4929 2
4930 5
4931 2
4932 1
4933 0
4934 7
4935 5
4936 7
4937 1
4938 7
4939 5
4940 7
4941 0
4942 0
4943 7
4944 0
4945 0
4946 5
4947 0
4948 4
4949 5
4950 0
4951 7
4952 7
4953 7
4954 7
4955 5
4956 5
4957 0
4958 5
4959 7
4960 5
4961 0
4962 7
4963 5
4964 1
4965 7
4966 7
4967 7
4968 0
4969 7
4970 7
4971 7
4972 7
4973 5
4974 7
4975 7
4976 1
4977 2
4978 7
4979 5
4980 7
4981 7
4982 7
4983 5
4984 5
4985 5
4986 5
4987 0
4988 2
4989 7
4990 7
4991 7
4992 7
4993 5
4994 7
4995 2
4996 0
4997 0
4998 7
4999 0
5000 4
5001 1
5002 1
5003 5
5004 7
5005 0
5006 7
5007 5
5008 5
5009 0
5010 7
5011 1
5012 0
5013 7
5014 5
5015 7
5016 7
5017 1
5018 5
5019 5
5020 5
5021 4
5022 5
5023 5
5024 4
5025 5
5026 5
5027 5
5028 5
5029 0
5030 5
5031 7
5032 7
5033 7
5034 7
5035 7
5036 7
5037 5
5038 1
5039 7
5040 4
5041 0
5042 7
5043 5
5044 7
5045 7
5046 5
5047 5
5048 4
5049 0
5050 7
5051 5
5052 0
5053 7
5054 0
5055 5
5056 7
5057 5
5058 0
5059 0
5060 5
5061 7
5062 7
5063 0
5064 7
5065 7
5066 0
5067 5
5068 1
5069 5
5070 7
5071 7
5072 0
5073 5
5074 0
5075 5
5076 0
5077 2
5078 0
5079 4
5080 5
5081 0
5082 0
5083 4
5084 4
5085 1
5086 7
5087 7
5088 1
5089 7
5090 0
5091 7
5092 7
5093 7
5094 7
5095 1
5096 7
5097 7
5098 7
5099 0
5100 7
5101 7
5102 7
5103 0
5104 0
5105 0
5106 7
5107 7
5108 7
5109 7
5110 7
5111 0
5112 2
5113 7
5114 5
5115 7
5116 7
5117 7
5118 7
5119 7
5120 0
5121 7
5122 7
5123 7
5124 0
5125 1
5126 5
5127 7
5128 0
5129 7
5130 7
5131 7
5132 7
5133 7
5134 5
5135 7
5136 7
5137 7
5138 7
5139 7
5140 7
5141 7
5142 7
5143 7
5144 7
5145 0
5146 7
5147 5
5148 1
5149 4
5150 0
5151 0
5152 5
5153 7
5154 5
5155 1
5156 5
5157 7
5158 7
5159 7
5160 7
5161 7
5162 7
5163 1
5164 7
5165 1
5166 7
5167 7
5168 4
5169 5
5170 5
5171 7
5172 7
5173 1
5174 0
5175 0
5176 5
5177 5
5178 2
5179 7
5180 7
5181 5
5182 7
5183 4
5184 7
5185 5
5186 0
5187 7
5188 7
5189 5
5190 7
5191 1
5192 5
5193 5
5194 7
5195 0
5196 4
5197 7
5198 0
5199 7
5200 7
5201 7
5202 7
5203 1
5204 7
5205 0
5206 5
5207 7
5208 7
5209 5
5210 5
5211 0
5212 7
5213 0
5214 5
5215 1
5216 1
5217 4
5218 7
5219 5
5220 7
5221 5
5222 0
5223 5
5224 5
5225 1
5226 7
5227 7
5228 7
5229 0
5230 1
5231 7
5232 1
5233 7
5234 1
5235 7
5236 7
5237 5
5238 5
5239 5
5240 5
5241 5
5242 1
5243 7
5244 5
5245 5
5246 5
5247 5
5248 5
5249 5
5250 5
5251 0
5252 0
5253 1
5254 5
5255 5
5256 0
5257 0
5258 0
5259 0
5260 0
5261 1
5262 0
5263 0
5264 0
5265 0
5266 5
5267 7
5268 0
5269 0
5270 0
5271 0
5272 0
5273 0
5274 0
5275 0
5276 0
5277 0
5278 0
5279 0
5280 0
5281 0
5282 0
5283 1
5284 5
5285 5
5286 7
5287 7
5288 7
5289 7
5290 7
5291 7
5292 7
5293 5
5294 5
5295 5
5296 7
5297 5
5298 0
5299 5
5300 5
5301 7
5302 7
5303 5
5304 5
5305 5
5306 5
5307 5
5308 2
5309 7
5310 5
5311 7
5312 0
5313 5
5314 7
5315 5
5316 7
5317 7
5318 5
5319 7
5320 7
5321 7
5322 7
5323 0
5324 7
5325 5
5326 7
5327 1
5328 2
5329 7
5330 7
5331 7
5332 0
5333 5
5334 5
5335 7
5336 7
5337 5
5338 0
5339 2
5340 0
5341 5
5342 7
5343 7
5344 7
5345 1
5346 1
5347 7
5348 5
5349 7
5350 5
5351 1
5352 1
5353 2
5354 5
5355 5
5356 2
5357 5
5358 5
5359 5
5360 0
5361 7
5362 1
5363 7
5364 5
5365 7
5366 5
5367 5
5368 5
5369 5
5370 0
5371 7
5372 5
5373 5
5374 5
5375 5
5376 7
5377 7
5378 5
5379 5
5380 7
5381 7
5382 0
5383 7
5384 5
5385 1
5386 7
5387 0
5388 5
5389 5
5390 5
5391 0
5392 5
5393 5
5394 5
5395 5
5396 5
5397 7
5398 7
5399 5
5400 0
5401 5
5402 2
5403 5
5404 5
5405 4
5406 5
5407 7
5408 5
5409 2
5410 7
5411 5
5412 1
5413 5
5414 7
5415 5
5416 5
5417 0
5418 5
5419 7
5420 5
5421 2
5422 5
5423 4
5424 5
5425 1
5426 5
5427 2
5428 5
5429 5
5430 1
5431 1
5432 5
5433 5
5434 0
5435 0
5436 5
5437 7
5438 5
5439 0
5440 5
5441 7
5442 5
5443 5
5444 1
5445 5
5446 1
5447 5
5448 7
5449 5
5450 5
5451 0
5452 5
5453 1
5454 5
5455 7
5456 7
5457 0
5458 5
5459 5
5460 4
5461 5
5462 1
5463 5
5464 0
5465 5
5466 7
5467 7
5468 5
5469 5
5470 1
5471 0
5472 5
5473 5
5474 1
5475 5
5476 5
5477 2
5478 5
5479 1
5480 2
5481 5
5482 7
5483 7
5484 5
5485 7
5486 5
5487 0
5488 1
5489 5
5490 5
5491 5
5492 5
5493 7
5494 7
5495 5
5496 7
5497 5
5498 5
5499 5
5500 7
5501 7
5502 5
5503 7
5504 1
5505 1
5506 0
5507 7
5508 5
5509 7
5510 5
5511 5
5512 5
5513 1
5514 5
5515 7
5516 5
5517 5
5518 7
5519 5
5520 5
5521 5
5522 5
5523 0
5524 0
5525 5
5526 0
5527 5
5528 5
5529 0
5530 5
5531 2
5532 5
5533 5
5534 0
5535 5
5536 1
5537 7
5538 0
5539 7
5540 0
5541 7
5542 5
5543 5
5544 5
5545 5
5546 5
5547 7
5548 5
5549 1
5550 7
5551 5
5552 5
5553 5
5554 5
5555 5
5556 2
5557 5
5558 5
5559 5
5560 7
5561 7
5562 5
5563 5
5564 2
5565 5
5566 5
5567 0
5568 7
5569 7
5570 5
5571 2
5572 0
5573 0
5574 1
5575 7
5576 7
5577 5
5578 5
5579 5
5580 5
5581 5
5582 5
5583 5
5584 1
5585 5
5586 5
5587 7
5588 5
5589 7
5590 5
5591 5
5592 2
5593 5
5594 1
5595 5
5596 5
5597 2
5598 5
5599 0
5600 5
5601 1
5602 5
5603 5
5604 0
5605 5
5606 5
5607 5
5608 5
5609 0
5610 5
5611 7
5612 0
5613 0
5614 5
5615 5
5616 1
5617 7
5618 5
5619 1
5620 2
5621 1
5622 1
5623 1
5624 7
5625 5
5626 0
5627 0
5628 5
5629 5
5630 2
5631 1
5632 5
5633 7
5634 7
5635 7
5636 1
5637 0
5638 7
5639 7
5640 5
5641 7
5642 7
5643 7
5644 5
5645 1
5646 1
5647 5
5648 5
5649 2
5650 1
5651 0
5652 7
5653 5
5654 5
5655 5
5656 7
5657 5
5658 0
5659 5
5660 5
5661 7
5662 7
5663 0
5664 5
5665 5
5666 5
5667 1
5668 7
5669 5
5670 7
5671 7
5672 7
5673 5
5674 7
5675 7
5676 7
5677 7
5678 0
5679 0
5680 2
5681 0
5682 7
5683 7
5684 7
5685 1
5686 5
5687 7
5688 1
5689 4
5690 7
5691 7
5692 7
5693 5
5694 0
5695 7
5696 7
5697 7
5698 7
5699 7
5700 7
5701 7
5702 7
5703 7
5704 7
5705 7
5706 7
5707 7
5708 7
5709 7
5710 7
5711 7
5712 7
5713 7
5714 7
5715 7
5716 7
5717 7
5718 7
5719 7
5720 7
5721 7
5722 7
5723 7
5724 5
5725 7
5726 7
5727 7
5728 7
5729 0
5730 5
5731 7
5732 7
5733 7
5734 7
5735 7
5736 5
5737 7
5738 7
5739 7
5740 0
5741 7
5742 0
5743 7
5744 1
5745 7
5746 7
5747 7
5748 5
5749 7
5750 7
5751 7
5752 7
5753 7
5754 7
5755 7
5756 7
5757 1
5758 7
5759 7
5760 5
5761 7
5762 5
5763 5
5764 5
5765 7
5766 5
5767 0
5768 7
5769 7
5770 7
5771 7
5772 7
5773 7
5774 7
5775 0
5776 7
5777 7
5778 0
5779 7
5780 7
5781 1
5782 5
5783 0
5784 0
5785 0
5786 5
5787 7
5788 0
5789 5
5790 7
5791 7
5792 7
5793 7
5794 0
5795 7
5796 1
5797 1
5798 4
5799 5
5800 7
5801 7
5802 5
5803 5
5804 5
5805 5
5806 5
5807 5
5808 7
5809 7
5810 5
5811 1
5812 1
5813 5
5814 1
5815 7
5816 1
5817 0
5818 5
5819 7
5820 0
5821 7
5822 7
5823 0
5824 2
5825 7
5826 5
5827 7
5828 0
5829 0
5830 0
5831 7
5832 7
5833 7
5834 0
5835 0
5836 0
5837 7
5838 0
5839 5
5840 5
5841 4
5842 5
5843 7
5844 7
5845 7
5846 7
5847 5
5848 4
5849 0
5850 7
5851 7
5852 0
5853 7
5854 7
5855 0
5856 7
5857 0
5858 5
5859 7
5860 2
5861 5
5862 7
5863 7
5864 7
5865 7
5866 7
5867 5
5868 5
5869 5
5870 7
5871 1
5872 5
5873 7
5874 5
5875 5
5876 5
5877 5
5878 7
5879 5
5880 2
5881 5
5882 5
5883 2
5884 1
5885 2
5886 2
5887 1
5888 1
5889 4
5890 7
5891 4
5892 0
5893 7
5894 7
5895 1
5896 7
5897 7
5898 5
5899 2
5900 5
5901 7
5902 5
5903 1
5904 7
5905 1
5906 7
5907 7
5908 2
5909 0
5910 5
5911 7
5912 5
5913 5
5914 7
5915 2
5916 1
5917 7
5918 5
5919 5
5920 7
5921 5
5922 5
5923 5
5924 5
5925 5
5926 5
5927 5
5928 7
5929 4
5930 7
5931 5
5932 5
5933 7
5934 0
5935 5
5936 1
5937 1
5938 1
5939 5
5940 1
5941 5
5942 1
5943 5
5944 0
5945 7
5946 1
5947 7
5948 7
5949 7
5950 7
5951 7
5952 7
5953 7
5954 7
5955 7
5956 7
5957 7
5958 7
5959 7
5960 7
5961 7
5962 7
5963 7
5964 7
5965 7
5966 7
5967 5
5968 7
5969 7
5970 7
5971 7
5972 7
5973 7
5974 7
5975 7
5976 5
5977 1
5978 7
5979 7
5980 5
5981 5
5982 1
5983 5
5984 5
5985 7
5986 7
5987 0
5988 7
5989 7
5990 5
5991 5
5992 7
5993 5
5994 5
5995 0
5996 7
5997 5
5998 5
5999 7
6000 4
6001 5
6002 5
6003 7
6004 5
6005 5
6006 4
6007 1
6008 1
6009 1
6010 1
6011 1
6012 1
6013 7
6014 5
6015 1
6016 1
6017 1
6018 1
6019 7
6020 5
6021 5
6022 0
6023 7
6024 7
6025 7
6026 7
6027 7
6028 7
6029 7
6030 7
6031 7
6032 7
6033 7
6034 0
6035 5
6036 4
6037 7
6038 5
6039 2
6040 0
6041 1
6042 7
6043 7
6044 8
6045 8
6046 8
6047 7
6048 7
6049 7
6050 7
6051 5
6052 5
6053 5
6054 5
6055 7
6056 5
6057 7
6058 7
6059 7
6060 0
6061 7
6062 7
6063 7
6064 7
6065 7
6066 7
6067 7
6068 7
6069 7
6070 7
6071 7
6072 7
6073 0
6074 7
6075 2
6076 0
6077 0
6078 0
6079 0
6080 7
6081 5
6082 7
6083 0
6084 7
6085 0
6086 7
6087 7
6088 7
6089 7
6090 7
6091 7
6092 7
6093 2
6094 0
6095 2
6096 7
6097 7
6098 7
6099 7
6100 5
6101 7
6102 5
6103 7
6104 1
6105 5
6106 5
6107 5
6108 7
6109 7
6110 7
6111 7
6112 0
6113 5
6114 1
6115 5
6116 7
6117 7
6118 7
6119 7
6120 7
6121 5
6122 7
6123 7
6124 1
6125 5
6126 7
6127 5
6128 5
6129 5
6130 7
6131 7
6132 7
6133 7
6134 5
6135 7
6136 7
6137 7
6138 4
6139 2
6140 5
6141 5
6142 5
6143 5
6144 5
6145 5
6146 7
6147 7
6148 7
6149 7
6150 7
6151 7
6152 7
6153 7
6154 1
6155 0
6156 7
6157 0
6158 7
6159 5
6160 0
6161 0
6162 0
6163 1
6164 1
6165 1
6166 0
6167 5
6168 5
6169 7
6170 7
6171 2
6172 7
6173 0
6174 5
6175 0
6176 7
6177 7
6178 7
6179 7
6180 1
6181 1
6182 2
6183 5
6184 5
6185 0
6186 5
6187 2
6188 2
6189 0
6190 5
6191 5
6192 5
6193 5
6194 0
6195 5
6196 7
6197 7
6198 7
6199 7
6200 7
6201 7
6202 5
6203 1
6204 1
6205 7
6206 1
6207 1
6208 7
6209 5
6210 7
6211 5
6212 5
6213 5
6214 1
6215 5
6216 7
6217 1
6218 5
6219 1
6220 2
6221 1
6222 7
6223 0
6224 5
6225 4
6226 5
6227 5
6228 2
6229 5
6230 1
6231 5
6232 5
6233 7
6234 5
6235 7
6236 1
6237 5
6238 5
6239 0
6240 0
6241 2
6242 5
6243 0
6244 7
6245 5
6246 7
6247 5
6248 2
6249 5
6250 5
6251 5
6252 1
6253 5
6254 5
6255 7
6256 5
6257 5
6258 0
6259 1
6260 5
6261 7
6262 5
6263 1
6264 5
6265 0
6266 5
6267 7
6268 1
6269 7
6270 7
6271 0
6272 1
6273 2
6274 7
6275 5
6276 5
6277 7
6278 0
6279 5
6280 0
6281 1
6282 5
6283 5
6284 7
6285 5
6286 5
6287 1
6288 5
6289 5
6290 1
6291 0
6292 1
6293 1
6294 0
6295 5
6296 5
6297 5
6298 5
6299 5
6300 7
6301 5
6302 5
6303 5
6304 1
6305 7
6306 5
6307 1
6308 1
6309 2
6310 2
6311 1
6312 5
6313 5
6314 1
6315 0
6316 0
6317 5
6318 5
6319 5
6320 5
6321 5
6322 5
6323 5
6324 5
6325 5
6326 1
6327 5
6328 5
6329 5
6330 7
6331 1
6332 5
6333 5
6334 5
6335 7
6336 0
6337 7
6338 5
6339 1
6340 5
6341 7
6342 0
6343 1
6344 0
6345 7
6346 5
6347 2
6348 1
6349 1
6350 7
6351 5
6352 0
6353 7
6354 7
6355 5
6356 7
6357 7
6358 5
6359 7
6360 7
6361 7
6362 0
6363 0
6364 0
6365 0
6366 7
6367 5
6368 0
6369 5
6370 0
6371 5
6372 5
6373 5
6374 5
6375 5
6376 0
6377 5
6378 7
6379 5
6380 5
6381 5
6382 5
6383 5
6384 0
6385 1
6386 0
6387 5
6388 7
6389 7
6390 0
6391 1
6392 7
6393 0
6394 1
6395 1
6396 7
6397 1
6398 0
6399 2
6400 2
6401 7
6402 0
6403 2
6404 7
6405 7
6406 7
6407 7
6408 7
6409 7
6410 5
6411 7
6412 0
6413 7
6414 7
6415 7
6416 0
6417 7
6418 7
6419 2
6420 2
6421 7
6422 7
6423 0
6424 7
6425 7
6426 0
6427 0
6428 7
6429 7
6430 7
6431 7
6432 7
6433 5
6434 7
6435 1
6436 7
6437 7
6438 1
6439 7
6440 0
6441 7
6442 1
6443 7
6444 7
6445 7
6446 7
6447 7
6448 7
6449 7
6450 7
6451 0
6452 0
6453 0
6454 5
6455 5
6456 5
6457 4
6458 1
6459 1
6460 0
6461 7
6462 5
6463 5
6464 5
6465 7
6466 7
6467 7
6468 1
6469 5
6470 0
6471 5
6472 5
6473 0
6474 7
6475 5
6476 0
6477 7
6478 5
6479 2
6480 4
6481 0
6482 5
6483 5
6484 5
6485 7
6486 5
6487 5
6488 5
6489 5
6490 5
6491 1
6492 7
6493 7
6494 0
6495 7
6496 7
6497 7
6498 7
6499 7
6500 7
6501 2
6502 7
6503 0
6504 7
6505 7
6506 7
6507 7
6508 9
6509 9
6510 0
6511 7
6512 1
6513 1
6514 1
6515 1
6516 7
6517 0
6518 1
6519 7
6520 7
6521 7
6522 5
6523 5
6524 5
6525 5
6526 5
6527 0
6528 5
6529 1
6530 5
6531 0
6532 5
6533 5
6534 5
6535 5
6536 0
6537 7
6538 1
6539 1
6540 1
6541 7
6542 7
6543 0
6544 0
6545 4
6546 0
6547 1
6548 7
6549 0
6550 7
6551 1
6552 7
6553 7
6554 7
6555 0
6556 7
6557 5
6558 7
6559 7
6560 7
6561 0
6562 0
6563 7
6564 7
6565 7
6566 0
6567 0
6568 7
6569 7
6570 7
6571 7
6572 7
6573 0
6574 1
6575 1
6576 1
6577 5
6578 0
6579 7
6580 7
6581 0
6582 7
6583 7
6584 0
6585 5
6586 2
6587 5
6588 5
6589 5
6590 7
6591 5
6592 5
6593 5
6594 7
6595 5
6596 5
6597 4
6598 5
6599 0
6600 0
6601 5
6602 5
6603 5
6604 5
6605 5
6606 5
6607 5
6608 7
6609 5
6610 5
6611 7
6612 7
6613 7
6614 7
6615 5
6616 7
6617 0
6618 7
6619 7
6620 5
6621 0
6622 0
6623 5
6624 4
6625 0
6626 2
6627 2
6628 2
6629 0
6630 5
6631 5
6632 5
6633 0
6634 7
6635 7
6636 0
6637 1
6638 7
6639 7
6640 0
6641 5
6642 5
6643 5
6644 0
6645 1
6646 1
6647 1
6648 4
6649 1
6650 0
6651 5
6652 5
6653 0
6654 1
6655 5
6656 7
6657 0
6658 0
6659 1
6660 1
6661 1
6662 1
6663 5
6664 2
6665 1
6666 1
6667 7
6668 7
6669 7
6670 0
6671 7
6672 7
6673 2
6674 7
6675 7
6676 7
6677 2
6678 7
6679 7
6680 5
6681 5
6682 7
6683 1
6684 1
6685 1
6686 1
6687 1
6688 1
6689 1
6690 1
6691 1
6692 1
6693 1
6694 1
6695 1
6696 1
6697 5
6698 7
6699 5
6700 5
6701 5
6702 5
6703 5
6704 5
6705 5
6706 5
6707 0
6708 0
6709 2
6710 0
6711 7
6712 0
6713 5
6714 4
6715 4
6716 2
6717 0
6718 0
6719 7
6720 2
6721 1
6722 0
6723 0
6724 0
6725 5
6726 0
6727 5
6728 1
6729 5
6730 0
6731 2
6732 5
6733 7
6734 4
6735 1
6736 7
6737 7
6738 5
6739 5
6740 0
6741 0
6742 0
6743 0
6744 5
6745 7
6746 0
6747 5
6748 5
6749 0
6750 0
6751 7
6752 7
6753 0
6754 0
6755 0
6756 0
6757 0
6758 7
6759 7
6760 0
6761 0
6762 5
6763 5
6764 0
6765 7
6766 0
6767 0
6768 0
6769 0
6770 7
6771 7
6772 0
6773 7
6774 7
6775 5
6776 4
6777 7
6778 7
6779 7
6780 7
6781 7
6782 7
6783 7
6784 7
6785 7
6786 7
6787 7
6788 7
6789 7
6790 7
6791 7
6792 7
6793 7
6794 7
6795 7
6796 7
6797 7
6798 7
6799 7
6800 7
6801 7
6802 7
6803 7
6804 7
6805 7
6806 7
6807 7
6808 7
6809 7
6810 7
6811 7
6812 7
6813 7
6814 7
6815 7
6816 7
6817 5
6818 7
6819 7
6820 7
6821 7
6822 7
6823 7
6824 7
6825 7
6826 7
6827 7
6828 7
6829 7
6830 7
6831 7
6832 7
6833 7
6834 7
6835 7
6836 7
6837 7
6838 7
6839 7
6840 7
6841 7
6842 7
6843 7
6844 7
6845 7
6846 7
6847 7
6848 7
6849 7
6850 7
6851 7
6852 7
6853 7
6854 7
6855 7
6856 7
6857 7
6858 7
6859 7
6860 7
6861 7
6862 7
6863 7
6864 7
6865 7
6866 7
6867 7
6868 7
6869 7
6870 7
6871 7
6872 5
6873 5
6874 7
6875 0
6876 7
6877 5
6878 5
6879 5
6880 5
6881 5
6882 5
6883 5
6884 7
6885 7
6886 0
6887 7
6888 7
6889 1
6890 0
6891 0
6892 0
6893 5
6894 1
6895 2
6896 2
6897 2
6898 5
6899 5
6900 0
6901 7
6902 7
6903 0
6904 0
6905 7
6906 2
6907 2
6908 0
6909 0
6910 0
6911 7
6912 1
6913 4
6914 1
6915 1
6916 1
6917 1
6918 1
6919 5
6920 0
6921 0
6922 1
6923 5
6924 0
6925 0
6926 2
6927 5
6928 1
6929 1
6930 1
6931 0
6932 5
6933 0
6934 0
6935 7
6936 7
6937 0
6938 2
6939 1
6940 0
6941 1
6942 7
6943 7
6944 7
6945 1
6946 7
6947 7
6948 7
6949 7
6950 1
6951 7
6952 7
6953 7
6954 7
6955 7
6956 7
6957 4
6958 7
6959 7
6960 0
6961 0
6962 0
6963 0
6964 5
6965 7
6966 7
6967 7
6968 0
6969 0
6970 0
6971 5
6972 5
6973 2
6974 7
6975 5
6976 5
6977 4
6978 2
6979 2
6980 2
6981 0
6982 0
6983 0
6984 0
6985 7
6986 5
6987 5
6988 5
6989 5
6990 0
6991 2
6992 7
6993 7
6994 7
6995 7
6996 7
6997 7
6998 1
6999 1
7000 5
7001 5
7002 4
7003 4
7004 0
7005 0
7006 0
7007 7
7008 0
7009 0
7010 0
7011 0
7012 0
7013 0
7014 2
7015 7
7016 0
7017 4
7018 5
7019 1
7020 7
7021 7
7022 1
7023 1
7024 1
7025 1
7026 2
7027 1
7028 0
7029 7
7030 0
7031 5
7032 5
7033 1
7034 1
7035 1
7036 2
7037 2
7038 2
7039 2
7040 2
7041 2
7042 2
7043 2
7044 2
7045 2
7046 2
7047 2
7048 2
7049 2
7050 2
7051 2
7052 2
7053 2
7054 2
7055 1
7056 2
7057 2
7058 2
7059 2
7060 2
7061 2
7062 7
7063 4
7064 7
7065 7
7066 5
7067 2
7068 2
7069 1
7070 1
7071 1
7072 0
7073 4
7074 0
7075 4
7076 4
7077 0
7078 0
7079 0
7080 0
7081 0
7082 0
7083 0
7084 0
7085 4
7086 4
7087 4
7088 4
7089 2
7090 0
7091 0
7092 0
7093 5
7094 2
7095 0
7096 7
7097 7
7098 7
7099 7
7100 0
7101 0
7102 2
7103 1
7104 1
7105 1
7106 1
7107 1
7108 0
7109 0
7110 5
7111 2
7112 2
7113 0
7114 0
7115 5
7116 0
7117 0
7118 1
7119 7
7120 0
7121 5
7122 7
7123 7
7124 7
7125 7
7126 7
7127 7
7128 7
7129 7
7130 7
7131 7
7132 7
7133 7
7134 5
7135 5
7136 5
7137 0
7138 1
7139 1
7140 1
7141 1
7142 1
0 1
1 0
2 5
3 1
4 2
5 4
6 3
7 3
8 4
9 5
1e-06 0.128567 99
