0 4
1 0
2 1
3 4
4 1
5 4
6 4
7 4
8 4
9 4
10 3
11 4
12 1
13 4
14 4
15 4
16 4
17 4
18 4
19 4
20 4
21 4
22 4
23 4
24 4
25 4
26 4
27 4
28 4
29 4
30 4
31 1
32 4
33 1
34 4
35 4
36 4
37 3
38 4
39 4
40 4
41 4
42 4
43 4
44 4
45 4
46 4
47 4
48 1
49 1
50 1
51 4
52 4
53 4
54 4
55 4
56 4
57 1
58 1
59 4
60 4
61 4
62 4
63 4
64 4
65 3
66 4
67 1
68 4
69 4
70 4
71 4
72 4
73 4
74 4
75 3
76 1
77 4
78 4
79 4
80 4
81 4
82 4
83 4
84 4
85 4
86 4
87 4
88 4
89 4
90 3
91 0
92 3
93 1
94 4
95 1
96 0
97 1
98 1
99 0
100 3
101 0
102 4
103 3
104 3
105 0
106 3
107 1
108 0
109 0
110 0
111 1
112 4
113 3
114 1
115 1
116 4
117 0
118 0
119 4
120 0
121 0
122 0
123 0
124 0
125 3
126 1
127 4
128 4
129 3
130 4
131 1
132 1
133 4
134 3
135 3
136 3
137 3
138 4
139 3
140 3
141 3
142 4
143 4
144 3
145 0
146 4
147 3
148 1
149 3
150 4
151 4
152 0
153 4
154 4
155 3
156 3
157 3
158 4
159 4
160 4
161 3
162 4
163 1
164 4
165 3
166 4
167 3
168 4
169 1
170 3
171 4
172 3
173 1
174 3
175 4
176 3
177 1
178 4
179 4
180 4
181 4
182 3
183 3
184 4
185 4
186 4
187 1
188 3
189 4
190 3
191 3
192 3
193 3
194 1
195 4
196 4
197 3
198 0
199 3
200 3
201 3
202 3
203 3
204 3
205 4
206 3
207 4
208 4
209 4
210 3
211 3
212 3
213 4
214 3
215 4
216 4
217 4
218 4
219 4
220 0
221 4
222 3
223 4
224 4
225 3
226 4
227 0
228 4
229 3
230 4
231 4
232 3
233 3
234 4
235 4
236 4
237 4
238 1
239 3
240 4
241 4
242 3
243 1
244 3
245 4
246 3
247 4
248 3
249 4
250 4
251 4
252 1
253 3
254 4
255 4
256 4
257 3
258 1
259 4
260 1
261 3
262 3
263 3
264 3
265 3
266 3
267 0
268 4
269 4
270 1
271 1
272 4
273 3
274 1
275 4
276 3
277 4
278 3
279 1
280 4
281 1
282 3
283 4
284 1
285 1
286 0
287 4
288 4
289 3
290 3
291 3
292 3
293 3
294 3
295 3
296 3
297 1
298 3
299 3
300 3
301 4
302 3
303 3
304 3
305 4
306 4
307 4
308 4
309 3
310 4
311 3
312 4
313 4
314 1
315 3
316 1
317 3
318 4
319 3
320 4
321 4
322 4
323 3
324 3
325 3
326 4
327 4
328 1
329 3
330 4
331 4
332 3
333 3
334 4
335 3
336 4
337 4
338 4
339 3
340 4
341 4
342 3
343 4
344 1
345 3
346 1
347 3
348 3
349 3
350 3
351 4
352 3
353 3
354 4
355 4
356 3
357 0
358 3
359 4
360 0
361 3
362 4
363 4
364 1
365 0
366 3
367 4
368 4
369 4
370 4
371 3
372 4
373 4
374 4
375 3
376 4
377 3
378 4
379 3
380 3
381 4
382 3
383 4
384 4
385 3
386 3
387 3
388 4
389 4
390 4
391 0
392 0
393 3
394 3
395 4
396 3
397 4
398 3
399 3
400 4
401 4
402 3
403 4
404 1
405 3
406 4
407 4
408 3
409 3
410 3
411 4
412 3
413 3
414 1
415 3
416 4
417 4
418 4
419 3
420 4
421 3
422 3
423 3
424 4
425 4
426 4
427 4
428 4
429 4
430 3
431 3
432 3
433 4
434 3
435 4
436 4
437 4
438 3
439 3
440 4
441 3
442 3
443 0
444 1
445 4
446 4
447 4
448 3
449 3
450 4
451 4
452 3
453 4
454 4
455 3
456 3
457 1
458 4
459 4
460 4
461 4
462 3
463 3
464 3
465 3
466 4
467 3
468 4
469 3
470 4
471 3
472 3
473 3
474 4
475 4
476 3
477 4
478 3
479 3
480 4
481 4
482 4
483 4
484 4
485 3
486 4
487 3
488 4
489 4
490 4
491 4
492 3
493 4
494 4
495 0
496 1
497 4
498 4
499 4
500 3
501 3
502 3
503 4
504 3
505 3
506 1
507 3
508 4
509 3
510 4
511 3
512 1
513 1
514 3
515 1
516 3
517 4
518 0
519 3
520 4
521 3
522 3
523 3
524 4
525 1
526 3
527 3
528 3
529 3
530 3
531 1
532 1
533 1
534 1
535 1
536 1
537 1
538 1
539 1
540 1
541 0
542 4
543 4
544 3
545 3
546 4
547 1
548 4
549 3
550 3
551 4
552 0
553 4
554 4
555 4
556 4
557 3
558 0
559 4
560 1
561 4
562 3
563 3
564 4
565 4
566 3
567 4
568 3
569 1
570 3
571 4
572 4
573 3
574 1
575 3
576 4
577 3
578 4
579 3
580 4
581 3
582 4
583 3
584 4
585 1
586 4
587 4
588 3
589 3
590 4
591 3
592 3
593 3
594 1
595 3
596 1
597 3
598 3
599 4
600 4
601 3
602 3
603 3
604 4
605 3
606 3
607 4
608 3
609 3
610 3
611 4
612 3
613 4
614 3
615 4
616 4
617 4
618 3
619 4
620 4
621 4
622 3
623 3
624 0
625 3
626 3
627 4
628 4
629 4
630 4
631 3
632 3
633 3
634 3
635 4
636 3
637 1
638 3
639 3
640 4
641 3
642 3
643 3
644 4
645 4
646 4
647 4
648 4
649 4
650 3
651 0
652 3
653 1
654 4
655 3
656 4
657 4
658 4
659 1
660 0
661 3
662 4
663 3
664 3
665 4
666 3
667 4
668 1
669 4
670 1
671 3
672 4
673 4
674 1
675 4
676 3
677 4
678 4
679 1
680 4
681 4
682 3
683 4
684 4
685 3
686 4
687 3
688 4
689 3
690 4
691 3
692 3
693 3
694 4
695 3
696 3
697 3
698 1
699 4
700 3
701 3
702 4
703 3
704 4
705 4
706 4
707 3
708 3
709 4
710 4
711 3
712 3
713 4
714 4
715 3
716 3
717 4
718 1
719 3
720 4
721 4
722 3
723 4
724 4
725 3
726 3
727 0
728 4
729 3
730 0
731 3
732 1
733 0
734 3
735 3
736 3
737 3
738 3
739 3
740 4
741 3
742 3
743 4
744 3
745 4
746 3
747 4
748 4
749 3
750 4
751 3
752 4
753 4
754 3
755 3
756 4
757 1
758 4
759 4
760 4
761 3
762 1
763 3
764 0
765 3
766 1
767 3
768 1
769 4
770 4
771 1
772 3
773 4
774 3
775 1
776 3
777 3
778 3
779 0
780 3
781 4
782 4
783 4
784 4
785 1
786 3
787 4
788 3
789 3
790 1
791 3
792 4
793 4
794 1
795 3
796 4
797 1
798 4
799 4
800 3
801 1
802 3
803 4
804 4
805 0
806 4
807 3
808 3
809 3
810 3
811 4
812 4
813 4
814 3
815 1
816 4
817 4
818 3
819 4
820 4
821 1
822 3
823 1
824 4
825 3
826 3
827 3
828 4
829 3
830 3
831 3
832 3
833 3
834 4
835 3
836 4
837 1
838 3
839 4
840 4
841 3
842 0
843 4
844 4
845 4
846 4
847 0
848 3
849 4
850 0
851 3
852 3
853 4
854 3
855 4
856 4
857 4
858 4
859 3
860 3
861 3
862 3
863 4
864 4
865 3
866 4
867 4
868 4
869 3
870 3
871 3
872 3
873 4
874 4
875 4
876 4
877 4
878 1
879 4
880 3
881 4
882 4
883 3
884 4
885 3
886 3
887 4
888 4
889 3
890 0
891 3
892 1
893 1
894 3
895 3
896 4
897 4
898 3
899 4
900 4
901 3
902 3
903 4
904 0
905 1
906 4
907 3
908 4
909 4
910 3
911 4
912 3
913 4
914 3
915 3
916 4
917 1
918 0
919 3
920 3
921 3
922 4
923 4
924 3
925 0
926 3
927 3
928 0
929 3
930 1
931 1
932 4
933 1
934 3
935 4
936 4
937 3
938 3
939 1
940 4
941 3
942 4
943 4
944 3
945 0
946 4
947 4
948 1
949 3
950 4
951 4
952 3
953 3
954 3
955 1
956 4
957 4
958 3
959 4
960 3
961 3
962 3
963 3
964 3
965 3
966 4
967 4
968 1
969 4
970 4
971 4
972 4
973 4
974 4
975 3
976 4
977 3
978 4
979 3
980 4
981 3
982 0
983 1
984 4
985 3
986 3
987 4
988 0
989 4
990 4
991 3
992 4
993 1
994 3
995 4
996 4
997 4
998 4
999 4
1000 4
1001 1
1002 4
1003 1
1004 0
1005 0
1006 4
1007 3
1008 0
1009 4
1010 1
1011 3
1012 3
1013 4
1014 1
1015 1
1016 0
1017 1
1018 0
1019 0
1020 1
1021 0
1022 3
1023 3
1024 1
1025 3
1026 0
1027 3
1028 1
1029 4
1030 0
1031 4
1032 1
1033 4
1034 0
1035 1
1036 1
1037 1
1038 4
1039 0
1040 4
1041 1
1042 1
1043 1
1044 4
1045 1
1046 3
1047 1
1048 1
1049 1
1050 0
1051 0
1052 3
1053 1
1054 1
1055 1
1056 1
1057 1
1058 1
1059 1
1060 0
1061 4
1062 3
1063 3
1064 1
1065 1
1066 4
1067 3
1068 1
1069 1
1070 4
1071 1
1072 4
1073 1
1074 1
1075 1
1076 4
1077 0
1078 4
1079 1
1080 1
1081 0
1082 0
1083 3
1084 4
1085 4
1086 1
1087 4
1088 3
1089 1
1090 0
1091 1
1092 1
1093 1
1094 1
1095 0
1096 3
1097 1
1098 1
1099 3
1100 1
1101 4
1102 1
1103 0
1104 1
1105 0
1106 4
1107 0
1108 0
1109 1
1110 1
1111 0
1112 3
1113 1
1114 1
1115 4
1116 1
1117 1
1118 1
1119 4
1120 1
1121 3
1122 4
1123 1
1124 4
1125 3
1126 4
1127 3
1128 0
1129 1
1130 4
1131 1
1132 4
1133 3
1134 3
1135 3
1136 3
1137 3
1138 3
1139 3
1140 3
1141 1
1142 3
1143 1
1144 3
1145 3
1146 0
1147 0
1148 3
1149 0
1150 1
1151 1
1152 1
1153 1
1154 3
1155 1
1156 4
1157 4
1158 0
1159 0
1160 3
1161 0
1162 1
1163 3
1164 1
1165 3
1166 3
1167 0
1168 1
1169 0
1170 3
1171 3
1172 1
1173 3
1174 0
1175 1
1176 3
1177 0
1178 1
1179 3
1180 3
1181 0
1182 3
1183 0
1184 0
1185 3
1186 3
1187 3
1188 4
1189 1
1190 1
1191 0
1192 1
1193 3
1194 0
1195 3
1196 3
1197 1
1198 4
1199 1
1200 3
1201 3
1202 0
1203 0
1204 0
1205 1
1206 0
1207 1
1208 4
1209 3
1210 1
1211 3
1212 1
1213 0
1214 1
1215 0
1216 3
1217 0
1218 1
1219 3
1220 1
1221 3
1222 5
1223 0
1224 1
1225 0
1226 1
1227 0
1228 3
1229 5
1230 0
1231 1
1232 0
1233 0
1234 0
1235 0
1236 0
1237 0
1238 3
1239 0
1240 1
1241 1
1242 1
1243 1
1244 1
1245 0
1246 1
1247 0
1248 0
1249 5
1250 0
1251 0
1252 1
1253 1
1254 0
1255 0
1256 0
1257 0
1258 0
1259 0
1260 3
1261 4
1262 0
1263 5
1264 0
1265 5
1266 0
1267 5
1268 1
1269 0
1270 0
1271 3
1272 3
1273 0
1274 0
1275 5
1276 0
1277 0
1278 0
1279 0
1280 1
1281 0
1282 0
1283 0
1284 0
1285 1
1286 0
1287 1
1288 0
1289 0
1290 0
1291 0
1292 1
1293 0
1294 1
1295 1
1296 0
1297 0
1298 0
1299 0
1300 0
1301 0
1302 1
1303 5
1304 5
1305 0
1306 5
1307 3
1308 3
1309 0
1310 0
1311 0
1312 0
1313 5
1314 0
1315 0
1316 0
1317 0
1318 1
1319 0
1320 0
1321 3
1322 1
1323 3
1324 0
1325 0
1326 1
1327 0
1328 1
1329 1
1330 0
1331 0
1332 0
1333 5
1334 0
1335 0
1336 0
1337 0
1338 0
1339 1
1340 3
1341 0
1342 0
1343 0
1344 4
1345 1
1346 1
1347 4
1348 1
1349 4
1350 4
1351 3
1352 4
1353 4
1354 4
1355 0
1356 4
1357 4
1358 4
1359 4
1360 1
1361 4
1362 4
1363 4
1364 1
1365 4
1366 0
1367 4
1368 4
1369 4
1370 4
1371 4
1372 4
1373 4
1374 4
1375 4
1376 4
1377 4
1378 4
1379 4
1380 4
1381 4
1382 4
1383 4
1384 4
1385 4
1386 4
1387 1
1388 4
1389 4
1390 4
1391 4
1392 4
1393 4
1394 4
1395 1
1396 4
1397 4
1398 4
1399 1
1400 4
1401 4
1402 4
1403 4
1404 4
1405 4
1406 4
1407 4
1408 4
1409 4
1410 4
1411 1
1412 4
1413 4
1414 1
1415 1
1416 1
1417 1
1418 1
1419 1
1420 1
1421 1
1422 1
1423 1
1424 1
1425 1
1426 4
1427 1
1428 4
1429 4
1430 4
1431 4
1432 4
1433 4
1434 4
1435 4
1436 4
1437 4
1438 4
1439 4
1440 4
1441 4
1442 1
1443 4
1444 4
1445 4
1446 4
1447 4
1448 4
1449 4
1450 4
1451 4
1452 4
1453 1
1454 4
1455 4
1456 4
1457 4
1458 4
1459 4
1460 4
1461 4
1462 1
1463 4
1464 4
1465 4
1466 4
1467 1
1468 4
1469 4
1470 4
1471 4
1472 1
1473 4
1474 4
1475 4
1476 4
1477 1
1478 4
1479 1
1480 1
1481 1
1482 4
1483 4
1484 4
1485 4
1486 1
1487 1
1488 4
1489 4
1490 1
1491 4
1492 4
1493 4
1494 4
1495 1
1496 1
1497 4
1498 4
1499 4
1500 4
1501 3
1502 0
1503 4
1504 3
1505 4
1506 4
1507 4
1508 4
1509 0
1510 0
1511 4
1512 4
1513 1
1514 3
1515 4
1516 4
1517 4
1518 1
1519 1
1520 4
1521 4
1522 0
1523 4
1524 1
1525 4
1526 4
1527 1
1528 4
1529 4
1530 1
1531 1
1532 0
1533 3
1534 4
1535 3
1536 4
1537 4
1538 4
1539 0
1540 4
1541 4
1542 4
1543 4
1544 1
1545 1
1546 0
1547 7
1548 4
1549 4
1550 1
1551 1
1552 1
1553 1
1554 4
1555 4
1556 1
1557 1
1558 4
1559 4
1560 4
1561 3
1562 3
1563 3
1564 4
1565 3
1566 1
1567 0
1568 3
1569 3
1570 1
1571 1
1572 1
1573 3
1574 0
1575 0
1576 0
1577 0
1578 0
1579 3
1580 1
1581 3
1582 3
1583 3
1584 3
1585 0
1586 3
1587 0
1588 3
1589 3
1590 0
1591 3
1592 1
1593 3
1594 3
1595 3
1596 1
1597 3
1598 3
1599 1
1600 1
1601 3
1602 3
1603 3
1604 3
1605 1
1606 0
1607 3
1608 3
1609 0
1610 3
1611 3
1612 1
1613 0
1614 3
1615 3
1616 0
1617 3
1618 1
1619 3
1620 3
1621 3
1622 3
1623 3
1624 3
1625 3
1626 3
1627 3
1628 3
1629 1
1630 0
1631 1
1632 4
1633 3
1634 3
1635 0
1636 0
1637 3
1638 3
1639 3
1640 3
1641 3
1642 3
1643 3
1644 3
1645 3
1646 3
1647 0
1648 3
1649 3
1650 3
1651 3
1652 3
1653 3
1654 3
1655 3
1656 3
1657 1
1658 3
1659 3
1660 1
1661 3
1662 1
1663 0
1664 0
1665 0
1666 1
1667 1
1668 1
1669 3
1670 3
1671 3
1672 1
1673 3
1674 3
1675 1
1676 0
1677 3
1678 3
1679 3
1680 0
1681 0
1682 3
1683 0
1684 3
1685 3
1686 3
1687 3
1688 1
1689 3
1690 3
1691 3
1692 1
1693 0
1694 3
1695 3
1696 3
1697 3
1698 0
1699 0
1700 1
1701 3
1702 4
1703 3
1704 3
1705 1
1706 3
1707 3
1708 3
1709 1
1710 3
1711 3
1712 0
1713 3
1714 0
1715 3
1716 3
1717 3
1718 1
1719 1
1720 3
1721 1
1722 1
1723 3
1724 3
1725 0
1726 0
1727 3
1728 3
1729 4
1730 1
1731 1
1732 3
1733 0
1734 1
1735 0
1736 0
1737 0
1738 0
1739 0
1740 0
1741 1
1742 3
1743 0
1744 0
1745 3
1746 0
1747 0
1748 3
1749 0
1750 4
1751 3
1752 3
1753 3
1754 0
1755 0
1756 3
1757 0
1758 1
1759 4
1760 1
1761 1
1762 0
1763 3
1764 3
1765 3
1766 1
1767 1
1768 3
1769 3
1770 3
1771 3
1772 0
1773 0
1774 3
1775 1
1776 3
1777 3
1778 0
1779 1
1780 4
1781 3
1782 3
1783 1
1784 3
1785 1
1786 3
1787 1
1788 0
1789 3
1790 3
1791 4
1792 3
1793 3
1794 0
1795 1
1796 1
1797 0
1798 3
1799 3
1800 0
1801 1
1802 1
1803 0
1804 0
1805 1
1806 3
1807 0
1808 0
1809 3
1810 1
1811 3
1812 3
1813 3
1814 3
1815 4
1816 3
1817 3
1818 3
1819 4
1820 1
1821 3
1822 0
1823 0
1824 3
1825 1
1826 0
1827 0
1828 3
1829 3
1830 3
1831 3
1832 0
1833 1
1834 3
1835 3
1836 3
1837 1
1838 1
1839 1
1840 3
1841 4
1842 3
1843 1
1844 3
1845 1
1846 3
1847 1
1848 3
1849 3
1850 1
1851 1
1852 3
1853 3
1854 1
1855 1
1856 3
1857 0
1858 1
1859 1
1860 0
1861 0
1862 1
1863 1
1864 1
1865 1
1866 4
1867 1
1868 0
1869 3
1870 0
1871 1
1872 3
1873 3
1874 1
1875 0
1876 0
1877 3
1878 4
1879 1
1880 0
1881 1
1882 0
1883 0
1884 4
1885 0
1886 0
1887 0
1888 0
1889 0
1890 0
1891 3
1892 0
1893 0
1894 0
1895 3
1896 0
1897 3
1898 1
1899 1
1900 0
1901 0
1902 0
1903 0
1904 0
1905 0
1906 4
1907 0
1908 0
1909 0
1910 3
1911 3
1912 0
1913 0
1914 3
1915 3
1916 0
1917 1
1918 1
1919 0
1920 0
1921 0
1922 0
1923 1
1924 3
1925 0
1926 0
1927 0
1928 0
1929 0
1930 0
1931 0
1932 0
1933 3
1934 1
1935 0
1936 0
1937 0
1938 0
1939 0
1940 3
1941 3
1942 0
1943 3
1944 0
1945 0
1946 3
1947 0
1948 3
1949 4
1950 0
1951 0
1952 1
1953 0
1954 0
1955 0
1956 0
1957 1
1958 0
1959 0
1960 0
1961 1
1962 0
1963 0
1964 1
1965 0
1966 1
1967 3
1968 1
1969 0
1970 1
1971 0
1972 0
1973 0
1974 0
1975 0
1976 1
1977 0
1978 0
1979 0
1980 0
1981 0
1982 0
1983 0
1984 0
1985 0
1986 0
1987 0
1988 0
1989 0
1990 0
1991 1
1992 3
1993 0
1994 0
1995 0
1996 0
1997 0
1998 1
1999 0
2000 0
2001 0
2002 3
2003 3
2004 3
2005 0
2006 3
2007 0
2008 1
2009 0
2010 3
2011 3
2012 4
2013 0
2014 3
2015 1
2016 3
2017 0
2018 3
2019 3
2020 3
2021 3
2022 0
2023 0
2024 3
2025 0
2026 4
2027 3
2028 1
2029 1
2030 3
2031 1
2032 0
2033 3
2034 0
2035 1
2036 1
2037 1
2038 1
2039 3
2040 1
2041 3
2042 3
2043 1
2044 1
2045 1
2046 1
2047 1
2048 1
2049 0
2050 3
2051 1
2052 3
2053 1
2054 1
2055 0
2056 1
2057 0
2058 1
2059 3
2060 3
2061 0
2062 3
2063 1
2064 1
2065 1
2066 0
2067 4
2068 0
2069 1
2070 1
2071 0
2072 1
2073 3
2074 1
2075 1
2076 3
2077 3
2078 1
2079 3
2080 0
2081 0
2082 1
2083 0
2084 0
2085 1
2086 1
2087 4
2088 3
2089 0
2090 1
2091 3
2092 1
2093 1
2094 1
2095 1
2096 1
2097 1
2098 1
2099 1
2100 1
2101 1
2102 1
2103 1
2104 0
2105 1
2106 1
2107 0
2108 3
2109 1
2110 1
2111 1
2112 3
2113 4
2114 4
2115 1
2116 1
2117 0
2118 0
2119 1
2120 0
2121 3
2122 0
2123 1
2124 1
2125 3
2126 1
2127 1
2128 1
2129 0
2130 1
2131 3
2132 1
2133 1
2134 1
2135 1
2136 1
2137 1
2138 3
2139 1
2140 1
2141 1
2142 1
2143 4
2144 3
2145 1
2146 0
2147 0
2148 0
2149 1
2150 3
2151 1
2152 1
2153 0
2154 1
2155 1
2156 1
2157 1
2158 1
2159 3
2160 3
2161 4
2162 3
2163 1
2164 1
2165 0
2166 1
2167 3
2168 1
2169 3
2170 10
2171 3
2172 3
2173 3
2174 3
2175 0
2176 0
2177 4
2178 3
2179 0
2180 1
2181 1
2182 1
2183 4
2184 3
2185 3
2186 3
2187 3
2188 3
2189 0
2190 1
2191 0
2192 1
2193 3
2194 3
2195 1
2196 1
2197 1
2198 1
2199 0
2200 4
2201 1
2202 0
2203 0
2204 1
2205 1
2206 3
2207 0
2208 1
2209 3
2210 3
2211 0
2212 1
2213 0
2214 3
2215 3
2216 1
2217 1
2218 0
2219 1
2220 0
2221 0
2222 3
2223 3
2224 3
2225 3
2226 3
2227 3
2228 1
2229 4
2230 1
2231 1
2232 3
2233 3
2234 0
2235 3
2236 0
2237 3
2238 1
2239 3
2240 1
2241 1
2242 1
2243 0
2244 1
2245 3
2246 0
2247 0
2248 1
2249 1
2250 3
2251 3
2252 3
2253 3
2254 1
2255 3
2256 3
2257 1
2258 1
2259 3
2260 3
2261 0
2262 3
2263 1
2264 1
2265 4
2266 0
2267 3
2268 0
2269 3
2270 0
2271 0
2272 0
2273 3
2274 3
2275 3
2276 0
2277 3
2278 3
2279 3
2280 3
2281 0
2282 0
2283 3
2284 1
2285 3
2286 1
2287 1
2288 0
2289 1
2290 1
2291 1
2292 0
2293 0
2294 3
2295 0
2296 3
2297 3
2298 4
2299 3
2300 0
2301 1
2302 1
2303 3
2304 1
2305 1
2306 3
2307 3
2308 0
2309 0
2310 0
2311 3
2312 3
2313 3
2314 3
2315 1
2316 1
2317 3
2318 0
2319 0
2320 4
2321 3
2322 3
2323 1
2324 0
2325 3
2326 0
2327 1
2328 3
2329 0
2330 1
2331 1
2332 1
2333 0
2334 1
2335 1
2336 1
2337 1
2338 1
2339 1
2340 1
2341 3
2342 0
2343 1
2344 3
2345 0
2346 1
2347 1
2348 4
2349 1
2350 1
2351 0
2352 1
2353 1
2354 3
2355 1
2356 3
2357 0
2358 3
2359 0
2360 3
2361 3
2362 3
2363 3
2364 3
2365 3
2366 3
2367 0
2368 3
2369 3
2370 3
2371 3
2372 3
2373 3
2374 3
2375 3
2376 3
2377 3
2378 3
2379 3
2380 3
2381 3
2382 4
2383 3
2384 3
2385 3
2386 3
2387 3
2388 3
2389 3
2390 3
2391 3
2392 3
2393 3
2394 3
2395 3
2396 0
2397 0
2398 0
2399 3
2400 0
2401 3
2402 3
2403 3
2404 3
2405 3
2406 3
2407 3
2408 3
2409 3
2410 3
2411 3
2412 3
2413 3
2414 3
2415 3
2416 3
2417 3
2418 3
2419 3
2420 3
2421 3
2422 3
2423 3
2424 3
2425 3
2426 3
2427 3
2428 3
2429 3
2430 3
2431 3
2432 0
2433 3
2434 3
2435 3
2436 0
2437 0
2438 3
2439 3
2440 3
2441 1
2442 4
2443 3
2444 0
2445 4
2446 3
2447 3
2448 0
2449 3
2450 3
2451 3
2452 3
2453 3
2454 3
2455 3
2456 3
2457 1
2458 3
2459 3
2460 0
2461 3
2462 3
2463 3
2464 3
2465 0
2466 3
2467 3
2468 3
2469 3
2470 3
2471 0
2472 3
2473 3
2474 0
2475 3
2476 3
2477 3
2478 3
2479 3
2480 3
2481 3
2482 3
2483 3
2484 0
2485 3
2486 3
2487 3
2488 0
2489 0
2490 0
2491 3
2492 3
2493 0
2494 3
2495 3
2496 3
2497 3
2498 3
2499 0
2500 3
2501 3
2502 3
2503 3
2504 3
2505 3
2506 0
2507 3
2508 3
2509 3
2510 3
2511 0
2512 3
2513 1
2514 3
2515 3
2516 3
2517 3
2518 4
2519 3
2520 3
2521 3
2522 3
2523 3
2524 0
2525 1
2526 3
2527 4
2528 4
2529 3
2530 3
2531 3
2532 3
2533 3
2534 3
2535 3
2536 3
2537 3
2538 3
2539 3
2540 0
2541 3
2542 3
2543 3
2544 0
2545 3
2546 3
2547 0
2548 0
2549 3
2550 4
2551 1
2552 3
2553 1
2554 3
2555 3
2556 3
2557 3
2558 3
2559 1
2560 0
2561 1
2562 3
2563 0
2564 3
2565 3
2566 3
2567 3
2568 3
2569 3
2570 3
2571 0
2572 3
2573 3
2574 4
2575 3
2576 0
2577 3
2578 3
2579 3
2580 3
2581 3
2582 3
2583 3
2584 3
2585 4
2586 3
2587 3
2588 1
2589 1
2590 3
2591 3
2592 1
2593 1
2594 0
2595 3
2596 3
2597 3
2598 0
2599 3
2600 3
2601 0
2602 3
2603 4
2604 0
2605 3
2606 3
2607 3
2608 0
2609 3
2610 3
2611 3
2612 0
2613 1
2614 0
2615 0
2616 0
2617 1
2618 0
2619 3
2620 1
2621 0
2622 0
2623 1
2624 1
2625 1
2626 1
2627 0
2628 1
2629 1
2630 3
2631 1
2632 1
2633 1
2634 1
2635 1
2636 1
2637 1
2638 1
2639 1
2640 3
2641 1
2642 1
2643 1
2644 1
2645 1
2646 1
2647 1
2648 1
2649 1
2650 1
2651 1
2652 1
2653 1
2654 1
2655 1
2656 1
2657 1
2658 1
2659 1
2660 1
2661 1
2662 1
2663 1
2664 1
2665 1
2666 1
2667 1
2668 1
2669 1
2670 3
2671 3
2672 1
2673 0
2674 3
2675 3
2676 3
2677 3
2678 3
2679 0
2680 1
2681 0
2682 1
2683 1
2684 1
2685 1
2686 4
2687 3
2688 4
2689 1
2690 1
2691 1
2692 3
2693 3
2694 0
2695 1
2696 3
2697 1
2698 0
2699 0
2700 1
2701 1
2702 0
2703 0
2704 3
2705 3
2706 1
2707 3
2708 0
2709 1
2710 1
2711 0
2712 0
2713 4
2714 3
2715 3
2716 0
2717 0
2718 0
2719 4
2720 3
2721 4
2722 0
2723 1
2724 1
2725 1
2726 3
2727 3
2728 0
2729 1
2730 0
2731 1
2732 0
2733 0
2734 3
2735 4
2736 0
2737 0
2738 1
2739 3
2740 0
2741 0
2742 4
2743 1
2744 3
2745 1
2746 0
2747 4
2748 0
2749 0
2750 3
2751 4
2752 3
2753 3
2754 0
2755 3
2756 1
2757 1
2758 0
2759 0
2760 1
2761 3
2762 4
2763 1
2764 3
2765 3
2766 1
2767 0
2768 3
2769 3
2770 0
2771 3
2772 0
2773 3
2774 1
2775 3
2776 1
2777 0
2778 1
2779 1
2780 0
2781 1
2782 3
2783 0
2784 1
2785 0
2786 1
2787 1
2788 3
2789 3
2790 0
2791 3
2792 0
2793 3
2794 1
2795 3
2796 1
2797 0
2798 0
2799 1
2800 3
2801 1
2802 1
2803 0
2804 0
2805 3
2806 1
2807 1
2808 3
2809 1
2810 1
2811 0
2812 0
2813 0
2814 1
2815 4
2816 3
2817 0
2818 3
2819 0
2820 0
2821 0
2822 3
2823 3
2824 1
2825 0
2826 1
2827 0
2828 4
2829 4
2830 1
2831 3
2832 0
2833 1
2834 1
2835 0
2836 3
2837 3
2838 0
2839 3
2840 3
2841 1
2842 3
2843 3
2844 1
2845 3
2846 0
2847 1
2848 0
2849 0
2850 1
2851 1
2852 0
2853 0
2854 4
2855 0
2856 3
2857 3
2858 0
2859 3
2860 0
2861 0
2862 0
2863 3
2864 1
2865 0
2866 1
2867 3
2868 1
2869 3
2870 3
2871 4
2872 0
2873 4
2874 1
2875 4
2876 4
2877 3
2878 1
2879 1
2880 0
2881 3
2882 0
2883 0
2884 0
2885 3
2886 0
2887 3
2888 1
2889 0
2890 4
2891 1
2892 0
2893 0
2894 1
2895 0
2896 1
2897 1
2898 1
2899 3
2900 3
2901 3
2902 3
2903 0
2904 1
2905 0
2906 0
2907 3
2908 4
2909 4
2910 1
2911 0
2912 3
2913 0
2914 1
2915 3
2916 0
2917 1
2918 0
2919 1
2920 3
2921 3
2922 0
2923 1
2924 0
2925 0
2926 3
2927 0
2928 1
2929 0
2930 0
2931 0
2932 0
2933 3
2934 4
2935 4
2936 1
2937 3
2938 0
2939 0
2940 1
2941 1
2942 3
2943 3
2944 1
2945 3
2946 1
2947 3
2948 3
2949 3
2950 0
2951 0
2952 0
2953 0
2954 1
2955 1
2956 3
2957 1
2958 1
2959 0
2960 0
2961 0
2962 1
2963 1
2964 0
2965 3
2966 0
2967 1
2968 3
2969 1
2970 1
2971 1
2972 0
2973 0
2974 0
2975 0
2976 3
2977 1
2978 0
2979 0
2980 1
2981 0
2982 1
2983 3
2984 0
2985 0
2986 3
2987 3
2988 3
2989 1
2990 1
2991 0
2992 3
2993 0
2994 3
2995 1
2996 0
2997 0
2998 3
2999 1
3000 4
3001 1
3002 0
3003 1
3004 1
3005 1
3006 1
3007 0
3008 3
3009 4
3010 1
3011 0
3012 1
3013 1
3014 3
3015 0
3016 4
3017 4
3018 4
3019 3
3020 3
3021 0
3022 1
3023 0
3024 0
3025 0
3026 3
3027 0
3028 3
3029 0
3030 3
3031 4
3032 1
3033 0
3034 1
3035 4
3036 1
3037 3
3038 0
3039 3
3040 0
3041 4
3042 1
3043 0
3044 0
3045 1
3046 0
3047 0
3048 4
3049 3
3050 0
3051 4
3052 4
3053 4
3054 3
3055 3
3056 0
3057 1
3058 0
3059 0
3060 3
3061 0
3062 0
3063 0
3064 0
3065 0
3066 3
3067 1
3068 0
3069 1
3070 0
3071 0
3072 3
3073 1
3074 0
3075 3
3076 4
3077 3
3078 0
3079 3
3080 0
3081 0
3082 0
3083 3
3084 1
3085 3
3086 0
3087 3
3088 3
3089 1
3090 0
3091 0
3092 0
3093 1
3094 3
3095 0
3096 4
3097 1
3098 0
3099 3
3100 1
3101 0
3102 1
3103 1
3104 0
3105 0
3106 1
3107 3
3108 0
3109 0
3110 3
3111 3
3112 0
3113 3
3114 3
3115 3
3116 0
3117 4
3118 1
3119 0
3120 0
3121 1
3122 3
3123 0
3124 3
3125 4
3126 1
3127 3
3128 1
3129 0
3130 0
3131 1
3132 1
3133 0
3134 3
3135 1
3136 1
3137 3
3138 0
3139 3
3140 3
3141 0
3142 1
3143 0
3144 0
3145 3
3146 1
3147 1
3148 0
3149 0
3150 1
3151 1
3152 1
3153 0
3154 0
3155 0
3156 3
3157 0
3158 1
3159 4
3160 1
3161 1
3162 3
3163 0
3164 0
3165 0
3166 3
3167 3
3168 3
3169 0
3170 0
3171 0
3172 0
3173 1
3174 3
3175 1
3176 0
3177 1
3178 0
3179 3
3180 1
3181 0
3182 3
3183 0
3184 3
3185 1
3186 1
3187 4
3188 1
3189 0
3190 1
3191 1
3192 1
3193 1
3194 3
3195 0
3196 3
3197 1
3198 3
3199 0
3200 3
3201 3
3202 3
3203 3
3204 1
3205 0
3206 3
3207 0
3208 0
3209 3
3210 0
3211 3
3212 0
3213 0
3214 0
3215 0
3216 0
3217 3
3218 1
3219 3
3220 1
3221 0
3222 3
3223 0
3224 1
3225 3
3226 4
3227 3
3228 3
3229 1
3230 3
3231 4
3232 0
3233 0
3234 1
3235 1
3236 1
3237 0
3238 0
3239 3
3240 1
3241 3
3242 0
3243 4
3244 0
3245 0
3246 3
3247 3
3248 3
3249 0
3250 3
3251 1
3252 3
3253 1
3254 3
3255 0
3256 0
3257 3
3258 3
3259 0
3260 3
3261 4
3262 4
3263 0
3264 1
3265 3
3266 1
3267 0
3268 1
3269 0
3270 3
3271 0
3272 3
3273 1
3274 0
3275 0
3276 0
3277 0
3278 0
3279 0
3280 1
3281 0
3282 0
3283 0
3284 3
3285 0
3286 0
3287 3
3288 4
3289 0
3290 0
3291 0
3292 1
3293 0
3294 4
3295 3
3296 1
3297 1
3298 3
3299 0
3300 0
3301 0
3302 3
3303 0
3304 4
3305 1
3306 0
3307 0
3308 0
3309 3
3310 0
3311 0
3312 0
3313 1
3314 1
3315 3
3316 1
3317 1
3318 4
3319 4
3320 0
3321 1
3322 1
3323 3
3324 1
3325 1
3326 0
3327 1
3328 0
3329 1
3330 0
3331 1
3332 1
3333 3
3334 1
3335 0
3336 0
3337 0
3338 0
3339 3
3340 3
3341 3
3342 0
3343 0
3344 3
3345 0
3346 0
3347 3
3348 3
3349 0
3350 3
3351 0
3352 0
3353 3
3354 3
3355 0
3356 1
3357 1
3358 1
3359 3
3360 0
3361 3
3362 1
3363 3
3364 4
3365 4
3366 1
3367 1
3368 0
3369 3
3370 1
3371 3
3372 0
3373 1
3374 0
3375 3
3376 4
3377 3
3378 0
3379 1
3380 3
3381 3
3382 3
3383 3
3384 4
3385 4
3386 0
3387 0
3388 0
3389 1
3390 0
3391 0
3392 3
3393 0
3394 1
3395 3
3396 1
3397 3
3398 1
3399 0
3400 0
3401 3
3402 0
3403 1
3404 0
3405 3
3406 0
3407 3
3408 0
3409 0
3410 0
3411 3
3412 3
3413 3
3414 4
3415 0
3416 1
3417 3
3418 4
3419 0
3420 0
3421 0
3422 0
3423 1
3424 0
3425 3
3426 0
3427 3
3428 0
3429 0
3430 3
3431 3
3432 1
3433 3
3434 0
3435 3
3436 3
3437 0
3438 1
3439 3
3440 3
3441 0
3442 3
3443 3
3444 3
3445 0
3446 0
3447 0
3448 1
3449 0
3450 1
3451 3
3452 1
3453 1
3454 0
3455 1
3456 3
3457 0
3458 0
3459 3
3460 3
3461 3
3462 0
3463 0
3464 3
3465 0
3466 0
3467 0
3468 1
3469 0
3470 0
3471 0
3472 4
3473 1
3474 0
3475 0
3476 4
3477 0
3478 0
3479 0
3480 3
3481 1
3482 0
3483 0
3484 0
3485 0
3486 1
3487 3
3488 4
3489 0
3490 1
3491 4
3492 1
3493 3
3494 0
3495 0
3496 0
3497 4
3498 1
3499 1
3500 0
3501 0
3502 1
3503 1
3504 0
3505 3
3506 3
3507 0
3508 3
3509 0
3510 0
3511 0
3512 3
3513 0
3514 0
3515 0
3516 0
3517 4
3518 0
3519 3
3520 0
3521 0
3522 4
3523 3
3524 3
3525 0
3526 3
3527 0
3528 0
3529 0
3530 3
3531 3
3532 0
3533 1
3534 3
3535 0
3536 0
3537 3
3538 1
3539 0
3540 0
3541 0
3542 3
3543 0
3544 3
3545 0
3546 1
3547 0
3548 0
3549 0
3550 4
3551 3
3552 1
3553 0
3554 1
3555 3
3556 0
3557 0
3558 3
3559 0
3560 0
3561 0
3562 3
3563 3
3564 1
3565 0
3566 3
3567 0
3568 0
3569 1
3570 0
3571 0
3572 3
3573 0
3574 0
3575 3
3576 0
3577 0
3578 1
3579 1
3580 1
3581 4
3582 0
3583 1
3584 0
3585 0
3586 3
3587 0
3588 0
3589 0
3590 1
3591 0
3592 3
3593 0
3594 3
3595 3
3596 0
3597 1
3598 1
3599 0
3600 3
3601 3
3602 3
3603 1
3604 0
3605 3
3606 3
3607 1
3608 3
3609 1
3610 1
3611 3
3612 1
3613 3
3614 1
3615 4
3616 3
3617 0
3618 0
3619 1
3620 1
3621 1
3622 4
3623 0
3624 1
3625 0
3626 0
3627 3
3628 0
3629 3
3630 0
3631 0
3632 1
3633 3
3634 0
3635 1
3636 3
3637 0
3638 0
3639 4
3640 1
3641 3
3642 0
3643 1
3644 0
3645 1
3646 1
3647 1
3648 3
3649 3
3650 1
3651 0
3652 3
3653 1
3654 0
3655 4
3656 0
3657 0
3658 1
3659 0
3660 3
3661 3
3662 1
3663 4
3664 0
3665 0
3666 0
3667 0
3668 4
3669 0
3670 1
3671 1
3672 0
3673 3
3674 3
3675 0
3676 3
3677 4
3678 0
3679 0
3680 0
3681 0
3682 0
3683 3
3684 3
3685 3
3686 3
3687 3
3688 1
3689 0
3690 0
3691 0
3692 4
3693 4
3694 4
3695 3
3696 3
3697 0
3698 3
3699 0
3700 0
3701 3
3702 0
3703 4
3704 0
3705 3
3706 1
3707 0
3708 3
3709 1
3710 3
3711 3
3712 1
3713 0
3714 0
3715 0
3716 0
3717 4
3718 0
3719 0
3720 4
3721 1
3722 1
3723 3
3724 0
3725 0
3726 1
3727 1
3728 1
3729 0
3730 1
3731 4
3732 4
3733 1
3734 4
3735 1
3736 4
3737 4
3738 0
3739 4
3740 0
3741 0
3742 1
3743 1
3744 4
3745 1
3746 1
3747 4
3748 4
3749 4
3750 0
3751 4
3752 1
3753 0
3754 1
3755 1
3756 1
3757 1
3758 1
3759 1
3760 1
3761 1
3762 1
3763 0
3764 1
3765 1
3766 1
3767 4
3768 0
3769 3
3770 1
3771 3
3772 0
3773 1
3774 1
3775 1
3776 1
3777 1
3778 1
3779 0
3780 1
3781 1
3782 1
3783 4
3784 3
3785 1
3786 0
3787 0
3788 0
3789 0
3790 1
3791 0
3792 1
3793 0
3794 0
3795 1
3796 0
3797 0
3798 1
3799 0
3800 1
3801 1
3802 0
3803 1
3804 0
3805 1
3806 4
3807 4
3808 0
3809 0
3810 0
3811 0
3812 3
3813 1
3814 0
3815 1
3816 1
3817 0
3818 1
3819 4
3820 1
3821 1
3822 1
3823 4
3824 4
3825 4
3826 1
3827 1
3828 1
3829 1
3830 1
3831 1
3832 1
3833 4
3834 0
3835 1
3836 1
3837 0
3838 1
3839 0
3840 0
3841 0
3842 0
3843 1
3844 1
3845 0
3846 1
3847 0
3848 1
3849 0
3850 1
3851 0
3852 1
3853 0
3854 1
3855 1
3856 4
3857 0
3858 1
3859 3
3860 0
3861 0
3862 0
3863 0
3864 1
3865 0
3866 0
3867 1
3868 1
3869 1
3870 1
3871 1
3872 1
3873 1
3874 1
3875 1
3876 4
3877 4
3878 4
3879 0
3880 3
3881 1
3882 1
3883 1
3884 4
3885 4
3886 1
3887 1
3888 1
3889 4
3890 1
3891 1
3892 0
3893 1
3894 1
3895 0
3896 0
3897 0
3898 3
3899 0
3900 0
3901 1
3902 0
3903 0
3904 4
3905 0
3906 1
3907 0
3908 1
3909 1
3910 0
3911 1
3912 1
3913 1
3914 0
3915 1
3916 3
3917 1
3918 4
3919 4
3920 0
3921 1
3922 0
3923 6
3924 6
3925 6
3926 0
3927 6
3928 0
3929 6
3930 6
3931 6
3932 6
3933 1
3934 0
3935 1
3936 1
3937 0
3938 1
3939 4
3940 0
3941 0
3942 1
3943 0
3944 1
3945 0
3946 1
3947 1
3948 1
3949 1
3950 3
3951 1
3952 1
3953 0
3954 0
3955 1
3956 1
3957 3
3958 1
3959 4
3960 4
3961 1
3962 1
3963 1
3964 1
3965 3
3966 1
3967 4
3968 1
3969 1
3970 1
3971 1
3972 1
3973 1
3974 1
3975 1
3976 1
3977 3
3978 1
3979 4
3980 1
3981 1
3982 1
3983 1
3984 3
3985 1
3986 0
3987 4
3988 1
3989 4
3990 0
3991 1
3992 4
3993 0
3994 0
3995 1
3996 0
3997 1
3998 1
3999 3
4000 1
4001 1
4002 0
4003 1
4004 0
4005 1
4006 1
4007 1
4008 4
4009 1
4010 1
4011 0
4012 1
4013 1
4014 4
4015 4
4016 1
4017 1
4018 1
4019 1
4020 1
4021 1
4022 1
4023 1
4024 3
4025 1
4026 1
4027 1
4028 3
4029 1
4030 1
4031 1
4032 0
4033 1
4034 1
4035 1
4036 0
4037 0
4038 0
4039 1
4040 1
4041 1
4042 0
4043 0
4044 1
4045 0
4046 0
4047 0
4048 1
4049 1
4050 1
4051 4
4052 1
4053 0
4054 4
4055 0
4056 0
4057 4
4058 0
4059 1
4060 0
4061 1
4062 1
4063 1
4064 1
4065 1
4066 1
4067 1
4068 1
4069 1
4070 0
4071 1
4072 3
4073 0
4074 1
4075 1
4076 1
4077 0
4078 1
4079 0
4080 1
4081 0
4082 0
4083 0
4084 0
4085 3
4086 0
4087 0
4088 0
4089 0
4090 0
4091 0
4092 0
4093 0
4094 0
4095 0
4096 0
4097 0
4098 0
4099 0
4100 1
4101 0
4102 1
4103 0
4104 1
4105 0
4106 0
4107 0
4108 0
4109 0
4110 0
4111 0
4112 0
4113 0
4114 0
4115 3
4116 0
4117 0
4118 0
4119 0
4120 0
4121 1
4122 0
4123 0
4124 1
4125 0
4126 0
4127 0
4128 1
4129 0
4130 0
4131 0
4132 0
4133 0
4134 0
4135 0
4136 0
4137 0
4138 0
4139 0
4140 1
4141 0
4142 0
4143 1
4144 0
4145 0
4146 0
4147 0
4148 0
4149 0
4150 0
4151 0
4152 0
4153 0
4154 0
4155 0
4156 0
4157 0
4158 0
4159 0
4160 0
4161 0
4162 4
4163 0
4164 0
4165 0
4166 1
4167 0
4168 1
4169 0
4170 0
4171 0
4172 0
4173 0
4174 0
4175 3
4176 4
4177 3
4178 0
4179 0
4180 0
4181 0
4182 0
4183 0
4184 0
4185 0
4186 0
4187 0
4188 0
4189 0
4190 0
4191 0
4192 0
4193 0
4194 1
4195 0
4196 1
4197 0
4198 1
4199 1
4200 0
4201 0
4202 0
4203 1
4204 0
4205 0
4206 0
4207 0
4208 0
4209 3
4210 0
4211 1
4212 0
4213 0
4214 0
4215 0
4216 0
4217 0
4218 1
4219 0
4220 0
4221 0
4222 0
4223 0
4224 0
4225 3
4226 0
4227 0
4228 0
4229 0
4230 1
4231 0
4232 1
4233 0
4234 0
4235 4
4236 1
4237 0
4238 1
4239 0
4240 1
4241 0
4242 0
4243 0
4244 0
4245 4
4246 0
4247 0
4248 0
4249 0
4250 0
4251 1
4252 0
4253 0
4254 1
4255 1
4256 0
4257 0
4258 0
4259 0
4260 0
4261 0
4262 1
4263 1
4264 1
4265 1
4266 0
4267 1
4268 4
4269 1
4270 1
4271 0
4272 0
4273 0
4274 1
4275 1
4276 1
4277 1
4278 1
4279 3
4280 1
4281 4
4282 3
4283 1
4284 3
4285 4
4286 4
4287 0
4288 0
4289 1
4290 1
4291 1
4292 1
4293 1
4294 1
4295 3
4296 1
4297 1
4298 1
4299 1
4300 1
4301 0
4302 1
4303 1
4304 1
4305 1
4306 0
4307 0
4308 1
4309 0
4310 1
4311 1
4312 1
4313 1
4314 0
4315 0
4316 4
4317 4
4318 1
4319 0
4320 1
4321 0
4322 1
4323 1
4324 0
4325 4
4326 0
4327 1
4328 1
4329 1
4330 1
4331 1
4332 4
4333 1
4334 4
4335 0
4336 1
4337 3
4338 1
4339 1
4340 1
4341 1
4342 1
4343 1
4344 1
4345 1
4346 3
4347 1
4348 1
4349 1
4350 1
4351 3
4352 1
4353 1
4354 1
4355 1
4356 0
4357 0
4358 1
4359 0
4360 1
4361 4
4362 1
4363 1
4364 1
4365 4
4366 1
4367 1
4368 1
4369 1
4370 4
4371 1
4372 1
4373 1
4374 1
4375 1
4376 1
4377 1
4378 1
4379 1
4380 1
4381 1
4382 1
4383 1
4384 1
4385 1
4386 1
4387 1
4388 1
4389 1
4390 1
4391 4
4392 1
4393 1
4394 1
4395 1
4396 1
4397 1
4398 1
4399 1
4400 1
4401 1
4402 1
4403 0
4404 1
4405 1
4406 1
4407 1
4408 1
4409 1
4410 1
4411 1
4412 0
4413 1
4414 1
4415 1
4416 0
4417 1
4418 1
4419 1
4420 1
4421 1
4422 1
4423 1
4424 1
4425 1
4426 1
4427 1
4428 1
4429 4
4430 1
4431 1
4432 1
4433 1
4434 1
4435 1
4436 1
4437 1
4438 1
4439 1
4440 7
4441 1
4442 4
4443 1
4444 1
4445 4
4446 1
4447 1
4448 1
4449 1
4450 1
4451 0
4452 1
4453 1
4454 0
4455 1
4456 1
4457 1
4458 1
4459 1
4460 1
4461 4
4462 4
4463 3
4464 4
4465 3
4466 1
4467 1
4468 4
4469 4
4470 0
4471 0
4472 1
4473 1
4474 4
4475 1
4476 0
4477 0
4478 0
4479 4
4480 1
4481 0
4482 3
4483 0
4484 0
4485 0
4486 0
4487 1
4488 1
4489 1
4490 1
4491 1
4492 1
4493 1
4494 1
4495 1
4496 1
4497 4
4498 1
4499 1
4500 0
4501 4
4502 0
4503 0
4504 3
4505 0
4506 1
4507 0
4508 0
4509 4
4510 4
4511 1
4512 1
4513 1
4514 4
4515 0
4516 1
4517 1
4518 1
4519 1
4520 0
4521 1
4522 0
4523 0
4524 4
4525 0
4526 1
4527 0
4528 1
4529 0
4530 1
4531 0
4532 0
4533 1
4534 1
4535 1
4536 0
4537 4
4538 1
4539 1
4540 0
4541 1
4542 1
4543 4
4544 1
4545 4
4546 1
4547 1
4548 1
4549 1
4550 0
4551 3
4552 1
4553 0
4554 1
4555 0
4556 0
4557 1
4558 3
4559 3
4560 0
4561 0
4562 0
4563 0
4564 0
4565 0
4566 0
4567 0
4568 0
4569 0
4570 0
4571 1
4572 1
4573 1
4574 1
4575 3
4576 3
4577 0
4578 0
4579 0
4580 0
4581 0
4582 0
4583 1
4584 0
4585 1
4586 0
4587 0
4588 0
4589 0
4590 0
4591 0
4592 0
4593 0
4594 0
4595 1
4596 0
4597 1
4598 0
4599 0
4600 0
4601 0
4602 1
4603 0
4604 1
4605 0
4606 0
4607 0
4608 0
4609 0
4610 1
4611 1
4612 1
4613 1
4614 0
4615 1
4616 1
4617 1
4618 0
4619 1
4620 0
4621 0
4622 1
4623 1
4624 1
4625 1
4626 1
4627 1
4628 1
4629 0
4630 0
4631 4
4632 0
4633 1
4634 1
4635 1
4636 1
4637 1
4638 1
4639 1
4640 1
4641 1
4642 1
4643 1
4644 0
4645 1
4646 0
4647 0
4648 1
4649 1
4650 1
4651 1
4652 3
4653 0
4654 0
4655 0
4656 3
4657 1
4658 4
4659 0
4660 3
4661 0
4662 1
4663 1
4664 1
4665 0
4666 1
4667 1
4668 1
4669 1
4670 1
4671 1
4672 1
4673 1
4674 3
4675 3
4676 1
4677 1
4678 1
4679 0
4680 0
4681 0
4682 3
4683 0
4684 0
4685 1
4686 1
4687 1
4688 0
4689 0
4690 1
4691 1
4692 0
4693 0
4694 0
4695 1
4696 0
4697 0
4698 0
4699 0
4700 1
4701 0
4702 0
4703 0
4704 1
4705 0
4706 0
4707 0
4708 0
4709 0
4710 1
4711 1
4712 1
4713 0
4714 0
4715 1
4716 0
4717 0
4718 0
4719 0
4720 1
4721 1
4722 0
4723 1
4724 0
4725 4
4726 0
4727 0
4728 1
4729 1
4730 0
4731 0
4732 1
4733 0
4734 0
4735 0
4736 1
4737 0
4738 0
4739 0
4740 1
4741 0
4742 3
4743 0
4744 0
4745 3
4746 0
4747 0
4748 0
4749 0
4750 4
4751 0
4752 0
4753 0
4754 0
4755 0
4756 0
4757 0
4758 0
4759 0
4760 0
4761 0
4762 0
4763 0
4764 0
4765 0
4766 0
4767 0
4768 0
4769 0
4770 0
4771 0
4772 4
4773 0
4774 0
4775 0
4776 0
4777 0
4778 1
4779 0
4780 0
4781 0
4782 0
4783 1
4784 0
4785 0
4786 0
4787 0
4788 0
4789 0
4790 0
4791 0
4792 0
4793 0
4794 0
4795 0
4796 0
4797 0
4798 0
4799 1
4800 0
4801 0
4802 1
4803 0
4804 0
4805 0
4806 0
4807 4
4808 0
4809 1
4810 4
4811 1
4812 1
4813 1
4814 1
4815 1
4816 1
4817 1
4818 1
4819 1
4820 3
4821 1
4822 4
4823 0
4824 1
4825 1
4826 3
4827 0
4828 0
4829 1
4830 0
4831 1
4832 1
4833 0
4834 1
4835 3
4836 0
4837 4
4838 4
4839 0
4840 0
4841 0
4842 1
4843 0
4844 1
4845 0
4846 3
4847 0
4848 0
4849 1
4850 0
4851 0
4852 1
4853 0
4854 0
4855 0
4856 1
4857 1
4858 1
4859 0
4860 1
4861 1
4862 0
4863 0
4864 1
4865 1
4866 1
4867 3
4868 0
4869 1
4870 0
4871 1
4872 0
4873 3
4874 0
4875 4
4876 0
4877 3
4878 1
4879 4
4880 1
4881 0
4882 4
4883 1
4884 1
4885 4
4886 0
4887 1
4888 1
4889 4
4890 0
4891 4
4892 0
4893 4
4894 0
4895 1
4896 0
4897 4
4898 0
4899 0
4900 0
4901 0
4902 1
4903 0
4904 0
4905 0
4906 0
4907 1
4908 0
4909 0
4910 1
4911 3
4912 0
4913 4
4914 3
4915 3
4916 1
4917 4
4918 0
4919 0
4920 2
4921 2
4922 2
4923 4
4924 1
4925 0
4926 1
4927 0
4928 1
4929 1
4930 0
4931 1
4932 1
4933 1
4934 4
4935 1
4936 1
4937 1
4938 1
4939 0
4940 1
4941 0
4942 1
4943 4
4944 0
4945 4
4946 1
4947 1
4948 1
4949 1
4950 4
4951 1
4952 4
4953 1
4954 4
4955 0
4956 4
4957 1
4958 1
4959 1
4960 1
4961 4
4962 1
4963 1
4964 4
4965 1
4966 1
4967 1
4968 1
4969 0
4970 3
4971 0
4972 4
4973 0
4974 1
4975 0
4976 1
4977 0
4978 1
4979 0
4980 0
4981 3
4982 3
4983 0
4984 1
4985 1
4986 1
4987 1
4988 0
4989 1
4990 4
4991 1
4992 1
4993 1
4994 1
4995 1
4996 0
4997 4
4998 0
4999 4
5000 0
5001 0
5002 4
5003 0
5004 1
5005 1
5006 4
5007 1
5008 1
5009 3
5010 1
5011 1
5012 3
5013 1
5014 0
5015 1
5016 1
5017 1
5018 0
5019 1
5020 1
5021 1
5022 0
5023 0
5024 0
5025 1
5026 0
5027 0
5028 1
5029 0
5030 1
5031 0
5032 3
5033 1
5034 0
5035 0
5036 1
5037 3
5038 1
5039 1
5040 0
5041 1
5042 1
5043 7
5044 4
5045 7
5046 7
5047 7
5048 1
5049 0
5050 1
5051 1
5052 0
5053 0
5054 1
5055 0
5056 0
5057 1
5058 1
5059 0
5060 4
5061 1
5062 4
5063 9
5064 0
5065 1
5066 8
5067 8
5068 1
5069 8
5070 1
5071 8
5072 0
5073 1
5074 0
5075 8
5076 3
5077 1
5078 8
5079 0
5080 1
5081 8
5082 8
5083 1
5084 0
5085 1
5086 0
5087 8
5088 8
5089 9
5090 1
5091 1
5092 1
5093 0
5094 0
5095 1
5096 1
5097 1
5098 3
5099 1
5100 1
5101 1
5102 1
5103 1
5104 0
5105 1
5106 1
5107 4
5108 4
5109 1
5110 1
5111 1
5112 1
5113 1
5114 1
5115 3
5116 1
5117 1
5118 0
5119 0
5120 1
5121 0
5122 1
5123 4
5124 1
5125 0
5126 1
5127 1
5128 1
5129 1
5130 1
5131 1
5132 1
5133 1
5134 1
5135 1
5136 0
5137 0
5138 1
5139 1
5140 1
5141 1
5142 1
5143 1
5144 1
5145 0
5146 1
5147 1
5148 1
5149 1
5150 1
5151 1
5152 0
5153 1
5154 1
5155 1
5156 1
5157 1
5158 0
5159 1
5160 1
5161 4
5162 1
5163 1
5164 1
5165 4
5166 1
5167 1
5168 1
5169 1
5170 1
5171 4
5172 4
5173 1
5174 1
5175 1
5176 0
5177 1
5178 0
5179 1
5180 0
5181 0
5182 1
5183 1
5184 4
5185 0
5186 3
5187 1
5188 1
5189 4
5190 1
5191 1
5192 4
5193 4
5194 0
5195 4
5196 1
5197 3
5198 0
5199 1
5200 1
5201 1
5202 1
5203 1
5204 0
5205 1
5206 1
5207 1
5208 1
5209 1
5210 1
5211 1
5212 1
5213 1
5214 0
5215 0
5216 1
5217 1
5218 1
5219 4
5220 0
5221 1
5222 1
5223 1
5224 1
5225 1
5226 1
5227 1
5228 0
5229 1
5230 4
5231 1
5232 1
5233 0
5234 0
5235 1
5236 1
5237 1
5238 1
5239 0
5240 1
5241 1
5242 1
5243 4
5244 0
5245 1
5246 1
5247 1
5248 1
5249 1
5250 1
5251 0
5252 4
5253 3
5254 1
5255 0
5256 1
5257 0
5258 4
5259 1
5260 1
5261 1
5262 1
5263 3
5264 4
5265 4
5266 0
5267 3
5268 0
5269 0
5270 0
5271 0
5272 1
5273 1
5274 1
5275 0
5276 0
5277 0
5278 0
5279 0
5280 1
5281 0
5282 0
5283 0
5284 3
5285 0
5286 4
5287 0
5288 4
5289 4
5290 0
5291 1
5292 0
5293 0
5294 0
5295 0
5296 3
5297 4
5298 0
5299 0
5300 3
5301 4
5302 4
5303 1
5304 3
5305 4
5306 4
5307 4
5308 4
5309 4
5310 4
5311 4
5312 1
5313 4
5314 4
5315 4
5316 4
5317 0
5318 4
5319 0
5320 0
5321 4
5322 4
5323 4
5324 1
5325 4
5326 4
5327 4
5328 4
5329 4
5330 4
5331 0
5332 4
5333 4
5334 0
5335 3
5336 0
5337 1
5338 1
5339 0
5340 0
5341 0
5342 4
5343 0
5344 0
5345 1
5346 0
5347 0
5348 1
5349 1
5350 0
5351 1
5352 0
5353 0
5354 0
5355 1
5356 1
5357 0
5358 0
5359 1
5360 0
5361 1
5362 1
5363 1
5364 0
5365 1
5366 1
5367 0
5368 0
5369 1
5370 1
5371 1
5372 0
5373 1
5374 0
5375 0
5376 0
5377 1
5378 0
5379 4
5380 1
5381 0
5382 3
5383 0
5384 1
5385 1
5386 1
5387 0
5388 0
5389 0
5390 0
5391 1
5392 1
5393 0
5394 0
5395 0
5396 0
5397 0
5398 3
5399 1
5400 0
5401 1
5402 0
5403 0
5404 0
5405 1
5406 0
5407 0
5408 0
5409 1
5410 0
5411 4
5412 1
5413 1
5414 1
5415 0
5416 1
5417 0
5418 4
5419 0
5420 0
5421 0
5422 0
5423 1
5424 0
5425 0
5426 1
5427 4
5428 1
5429 4
5430 1
5431 0
5432 1
5433 0
5434 0
5435 0
5436 0
5437 1
5438 0
5439 3
5440 0
5441 0
5442 0
5443 0
5444 1
5445 0
5446 1
5447 0
5448 0
5449 1
5450 0
5451 1
5452 1
5453 0
5454 0
5455 0
5456 0
5457 0
5458 0
5459 0
5460 0
5461 0
5462 0
5463 0
5464 1
5465 12
5466 0
5467 0
5468 1
5469 0
5470 0
5471 1
5472 0
5473 0
5474 3
5475 0
5476 0
5477 0
5478 4
5479 0
5480 3
5481 1
5482 0
5483 0
5484 3
5485 4
5486 0
5487 4
5488 0
5489 0
5490 3
5491 0
5492 0
5493 0
5494 1
5495 3
5496 3
5497 0
5498 0
5499 0
5500 1
5501 0
5502 1
5503 0
5504 1
5505 1
5506 0
5507 0
5508 0
5509 0
5510 0
5511 0
5512 0
5513 0
5514 3
5515 4
5516 4
5517 10
5518 0
5519 0
5520 0
5521 0
5522 0
5523 0
5524 1
5525 1
5526 0
5527 4
5528 1
5529 3
5530 0
5531 0
5532 0
5533 0
5534 1
5535 0
5536 0
5537 0
5538 0
5539 0
5540 0
5541 4
5542 3
5543 4
5544 0
5545 0
5546 0
5547 0
5548 0
5549 0
5550 0
5551 4
5552 1
5553 0
5554 0
5555 1
5556 4
5557 0
5558 0
5559 0
5560 1
5561 0
5562 0
5563 1
5564 0
5565 0
5566 0
5567 1
5568 1
5569 4
5570 1
5571 1
5572 3
5573 0
5574 1
5575 1
5576 4
5577 0
5578 1
5579 0
5580 0
5581 1
5582 0
5583 1
5584 0
5585 0
5586 0
5587 0
5588 0
5589 0
5590 0
5591 0
5592 0
5593 0
5594 0
5595 1
5596 1
5597 1
5598 3
5599 1
5600 0
5601 0
5602 4
5603 0
5604 0
5605 0
5606 0
5607 0
5608 4
5609 0
5610 0
5611 1
5612 1
5613 0
5614 0
5615 0
5616 3
5617 1
5618 0
5619 0
5620 4
5621 0
5622 1
5623 0
5624 0
5625 4
5626 0
5627 0
5628 3
5629 1
5630 1
5631 1
5632 1
5633 0
5634 0
5635 4
5636 1
5637 1
5638 0
5639 0
5640 1
5641 0
5642 1
5643 3
5644 4
5645 0
5646 1
5647 0
5648 4
5649 0
5650 1
5651 0
5652 4
5653 0
5654 0
5655 0
5656 0
5657 0
5658 0
5659 0
5660 1
5661 0
5662 1
5663 1
5664 0
5665 0
5666 3
5667 1
5668 0
5669 0
5670 0
5671 0
5672 0
5673 1
5674 0
5675 0
5676 0
5677 0
5678 1
5679 3
5680 1
5681 1
5682 0
5683 1
5684 4
5685 0
5686 0
5687 0
5688 3
5689 0
5690 1
5691 0
5692 1
5693 0
5694 0
5695 1
5696 3
5697 0
5698 4
5699 4
5700 0
5701 0
5702 1
5703 0
5704 1
5705 1
5706 0
5707 3
5708 0
5709 0
5710 0
5711 0
5712 0
5713 0
5714 1
5715 1
5716 0
5717 0
5718 0
5719 1
5720 0
5721 0
5722 0
5723 0
5724 0
5725 0
5726 3
5727 1
5728 0
5729 0
5730 3
5731 0
5732 0
5733 1
5734 1
5735 1
5736 0
5737 0
5738 0
5739 0
5740 0
5741 0
5742 0
5743 0
5744 0
5745 0
5746 0
5747 0
5748 4
5749 0
5750 0
5751 0
5752 1
5753 4
5754 1
5755 1
5756 0
5757 0
5758 1
5759 0
5760 0
5761 0
5762 0
5763 0
5764 0
5765 1
5766 0
5767 1
5768 1
5769 1
5770 1
5771 1
5772 1
5773 0
5774 0
5775 4
5776 1
5777 4
5778 3
5779 1
5780 1
5781 1
5782 0
5783 1
5784 1
5785 1
5786 1
5787 1
5788 1
5789 1
5790 1
5791 1
5792 0
5793 0
5794 0
5795 4
5796 0
5797 4
5798 1
5799 3
5800 0
5801 0
5802 1
5803 4
5804 0
5805 0
5806 4
5807 0
5808 0
5809 0
5810 3
5811 1
5812 0
5813 0
5814 0
5815 1
5816 1
5817 4
5818 0
5819 0
5820 3
5821 0
5822 3
5823 1
5824 1
5825 1
5826 1
5827 0
5828 1
5829 4
5830 0
5831 1
5832 1
5833 1
5834 1
5835 1
5836 1
5837 0
5838 4
5839 4
5840 4
5841 1
5842 1
5843 0
5844 4
5845 1
5846 1
5847 1
5848 1
5849 3
5850 1
5851 0
5852 0
5853 4
5854 1
5855 1
5856 1
5857 4
5858 0
5859 1
5860 0
5861 0
5862 1
5863 1
5864 1
5865 0
5866 0
5867 1
5868 0
5869 0
5870 0
5871 1
5872 1
5873 3
5874 0
5875 1
5876 4
5877 1
5878 4
5879 1
5880 1
5881 4
5882 1
5883 0
5884 0
5885 0
5886 0
5887 0
5888 1
5889 4
5890 0
5891 4
5892 4
5893 4
5894 1
5895 1
5896 4
5897 4
5898 0
5899 4
5900 0
5901 4
5902 1
5903 4
5904 4
5905 1
5906 4
5907 4
5908 4
5909 1
5910 1
5911 1
5912 1
5913 1
5914 1
5915 4
5916 3
5917 4
5918 0
5919 0
5920 1
5921 1
5922 1
5923 1
5924 1
5925 1
5926 1
5927 1
5928 1
5929 1
5930 1
5931 1
5932 1
5933 1
5934 4
5935 4
5936 1
5937 0
5938 4
5939 1
5940 1
5941 4
5942 1
5943 0
5944 4
5945 1
5946 0
5947 4
5948 1
5949 1
5950 1
5951 1
5952 0
5953 4
5954 1
5955 1
5956 0
5957 0
5958 0
5959 0
5960 1
5961 1
5962 0
5963 1
5964 0
5965 0
5966 1
5967 0
5968 1
5969 0
5970 1
5971 1
5972 4
5973 1
5974 0
5975 1
5976 1
5977 3
5978 0
5979 4
5980 1
5981 0
5982 1
5983 0
5984 0
5985 3
5986 0
5987 0
5988 0
5989 0
5990 0
5991 0
5992 0
5993 1
5994 0
5995 0
5996 0
5997 1
5998 1
5999 0
6000 1
6001 0
6002 1
6003 1
6004 0
6005 3
6006 1
6007 4
6008 0
6009 0
6010 4
6011 0
6012 3
6013 4
6014 1
6015 0
6016 1
6017 0
6018 11
6019 11
6020 11
6021 1
6022 11
6023 11
6024 11
6025 1
6026 11
6027 11
6028 1
6029 11
6030 0
6031 0
6032 0
6033 0
6034 1
6035 1
6036 4
6037 0
6038 1
6039 1
6040 1
6041 4
6042 0
6043 4
6044 1
6045 1
6046 1
6047 1
6048 1
6049 1
6050 1
6051 4
6052 1
6053 1
6054 1
6055 1
6056 1
6057 1
6058 1
6059 1
6060 1
6061 1
6062 1
6063 1
6064 1
6065 1
6066 1
6067 1
6068 1
6069 1
6070 1
6071 1
6072 1
6073 1
6074 1
6075 1
6076 1
6077 1
6078 3
6079 1
6080 1
6081 1
6082 1
6083 1
6084 1
6085 1
6086 1
6087 0
6088 4
6089 4
6090 1
6091 0
6092 0
6093 1
6094 4
6095 3
6096 0
6097 1
6098 0
6099 0
6100 1
6101 0
6102 4
6103 0
6104 1
6105 1
6106 1
6107 3
6108 1
6109 1
6110 0
6111 0
6112 0
6113 1
6114 0
6115 0
6116 0
6117 0
6118 0
6119 0
6120 1
6121 1
6122 1
6123 4
6124 4
6125 4
6126 1
6127 1
6128 4
6129 1
6130 4
6131 1
6132 0
6133 0
6134 0
6135 1
6136 1
6137 1
6138 1
6139 4
6140 1
6141 1
6142 3
6143 3
6144 1
6145 3
6146 1
6147 1
6148 0
6149 3
6150 0
6151 1
6152 1
6153 1
6154 0
6155 1
6156 1
6157 1
6158 1
6159 10
6160 10
6161 0
6162 10
6163 1
6164 1
6165 1
6166 4
6167 1
6168 1
6169 1
6170 1
6171 1
6172 4
6173 1
6174 1
6175 1
6176 1
6177 1
6178 1
6179 4
6180 1
6181 1
6182 4
6183 1
6184 1
6185 1
6186 3
6187 4
6188 4
6189 4
6190 0
6191 4
6192 1
6193 1
6194 1
6195 1
6196 1
6197 1
6198 1
6199 1
6200 0
6201 1
6202 1
6203 1
6204 4
6205 1
6206 4
6207 1
6208 1
6209 1
6210 3
6211 3
6212 0
6213 0
6214 1
6215 4
6216 1
6217 4
6218 1
6219 1
6220 1
6221 1
6222 0
6223 0
6224 1
6225 1
6226 4
6227 0
6228 1
6229 1
6230 0
6231 12
6232 12
6233 1
6234 0
6235 0
6236 0
6237 0
6238 3
6239 1
6240 1
6241 3
6242 3
6243 1
6244 4
6245 3
6246 1
6247 1
6248 1
6249 1
6250 4
6251 1
6252 1
6253 1
6254 1
6255 1
6256 1
6257 3
6258 1
6259 1
6260 1
6261 1
6262 1
6263 0
6264 1
6265 1
6266 1
6267 0
6268 3
6269 0
6270 0
6271 1
6272 0
6273 3
6274 1
6275 1
6276 4
6277 4
6278 4
6279 1
6280 1
6281 1
6282 0
6283 4
6284 4
6285 1
6286 0
6287 0
6288 0
6289 0
6290 0
6291 3
6292 3
6293 4
6294 4
6295 1
6296 1
6297 1
6298 0
6299 1
6300 0
6301 0
6302 1
6303 0
6304 0
6305 0
6306 0
6307 3
6308 4
6309 4
6310 3
6311 0
6312 0
6313 0
6314 0
6315 1
6316 0
6317 0
6318 0
6319 0
6320 1
6321 4
6322 1
6323 1
6324 0
6325 4
6326 1
6327 4
6328 1
6329 1
6330 1
6331 4
6332 1
6333 1
6334 0
6335 4
6336 1
6337 1
6338 1
6339 0
6340 4
6341 1
6342 0
6343 1
6344 1
6345 1
6346 1
6347 1
6348 1
6349 1
6350 1
6351 1
6352 4
6353 1
6354 0
6355 0
6356 0
6357 1
6358 4
6359 0
6360 1
6361 1
6362 0
6363 0
6364 1
6365 0
6366 1
6367 1
6368 1
6369 0
6370 1
6371 1
6372 1
6373 1
6374 3
6375 1
6376 3
6377 1
6378 3
6379 1
6380 1
6381 4
6382 1
6383 1
6384 1
6385 1
6386 1
6387 1
6388 1
6389 1
6390 1
6391 1
6392 1
6393 1
6394 0
6395 1
6396 1
6397 4
6398 1
6399 1
6400 1
6401 1
6402 4
6403 4
6404 4
6405 0
6406 1
6407 1
6408 0
6409 1
6410 0
6411 1
6412 0
6413 1
6414 1
6415 4
6416 4
6417 4
6418 4
6419 1
6420 1
6421 1
6422 1
6423 1
6424 1
6425 1
6426 1
6427 1
6428 1
6429 1
6430 3
6431 1
6432 0
6433 1
6434 1
6435 4
6436 4
6437 0
6438 4
6439 1
6440 1
6441 1
6442 1
6443 1
6444 1
6445 1
6446 1
6447 1
6448 1
6449 1
6450 1
6451 1
6452 1
6453 1
6454 1
6455 0
6456 0
6457 1
6458 1
6459 4
6460 4
6461 4
6462 1
6463 0
6464 1
6465 1
6466 4
6467 1
6468 1
6469 4
6470 4
6471 0
6472 0
6473 0
6474 0
6475 0
6476 0
6477 0
6478 0
6479 0
6480 1
6481 0
6482 1
6483 0
6484 1
6485 0
6486 1
6487 0
6488 0
6489 0
6490 0
6491 0
6492 0
6493 0
6494 0
6495 0
6496 0
6497 0
6498 0
6499 0
6500 4
6501 1
6502 0
6503 0
6504 0
6505 0
6506 1
6507 0
6508 0
6509 0
6510 0
6511 0
6512 3
6513 1
6514 3
6515 0
6516 0
6517 0
6518 4
6519 4
6520 0
6521 3
6522 0
6523 0
6524 0
6525 4
6526 0
6527 0
6528 3
6529 0
6530 0
6531 0
6532 0
6533 0
6534 1
6535 0
6536 0
6537 0
6538 0
6539 0
6540 0
6541 1
6542 0
6543 0
6544 1
6545 0
6546 0
6547 1
6548 0
6549 0
6550 0
6551 0
6552 0
6553 0
6554 2
6555 0
6556 0
6557 0
6558 0
6559 0
6560 0
6561 0
6562 0
6563 3
6564 0
6565 0
6566 0
6567 0
6568 0
6569 0
6570 0
6571 0
6572 4
6573 0
6574 0
6575 0
6576 1
6577 0
6578 0
6579 0
6580 1
6581 4
6582 4
6583 4
6584 0
6585 0
6586 1
6587 0
6588 0
6589 1
6590 0
6591 1
6592 4
6593 1
6594 1
6595 1
6596 0
6597 1
6598 0
6599 0
6600 4
6601 4
6602 4
6603 0
6604 4
6605 0
6606 0
6607 0
6608 1
6609 0
6610 0
6611 0
6612 1
6613 0
6614 0
6615 1
6616 0
6617 4
6618 1
6619 4
6620 4
6621 0
6622 0
6623 4
6624 4
6625 0
6626 0
6627 4
6628 0
6629 1
6630 4
6631 0
6632 4
6633 0
6634 0
6635 0
6636 3
6637 3
6638 3
6639 1
6640 4
6641 4
6642 1
6643 1
6644 1
6645 1
6646 0
6647 1
6648 1
6649 0
6650 1
6651 1
6652 1
6653 4
6654 4
6655 4
6656 4
6657 4
6658 3
6659 1
6660 1
6661 1
6662 1
6663 1
6664 1
6665 1
6666 4
6667 4
6668 4
6669 4
6670 1
6671 4
6672 4
6673 4
6674 4
6675 1
6676 1
6677 3
6678 1
6679 1
6680 4
6681 1
6682 1
6683 1
6684 1
6685 1
6686 4
6687 1
6688 1
6689 1
6690 1
6691 1
6692 1
6693 1
6694 1
6695 1
6696 1
6697 1
6698 1
6699 4
6700 0
6701 1
6702 1
6703 1
6704 1
6705 1
6706 1
6707 4
6708 1
6709 4
6710 4
6711 0
6712 3
6713 0
6714 4
6715 0
6716 0
6717 0
6718 0
6719 4
6720 1
6721 3
6722 4
6723 0
6724 0
6725 0
6726 0
6727 0
6728 0
6729 0
6730 0
6731 0
6732 0
6733 4
6734 0
6735 0
6736 4
6737 0
6738 0
6739 0
6740 3
6741 0
6742 1
6743 3
6744 0
6745 0
6746 4
6747 4
6748 1
6749 1
6750 0
6751 1
6752 0
6753 0
6754 3
6755 13
6756 13
6757 1
6758 1
6759 1
6760 3
6761 4
6762 4
6763 3
6764 1
6765 4
6766 1
6767 0
6768 4
6769 1
6770 0
6771 0
6772 1
6773 0
6774 0
6775 0
6776 1
6777 0
6778 0
6779 1
6780 0
6781 1
6782 0
6783 0
6784 0
6785 0
6786 0
6787 4
6788 4
6789 3
6790 1
6791 0
6792 0
6793 3
6794 4
6795 4
6796 1
6797 1
6798 0
6799 1
6800 4
6801 1
6802 4
6803 0
6804 4
6805 4
6806 1
6807 4
6808 1
6809 1
6810 4
6811 4
6812 4
6813 4
6814 1
6815 1
6816 4
6817 4
6818 3
6819 4
6820 4
6821 4
6822 3
6823 1
6824 1
6825 0
6826 0
6827 0
6828 3
6829 3
6830 0
6831 0
6832 4
6833 0
6834 0
6835 0
6836 1
6837 1
6838 0
6839 4
6840 0
6841 4
6842 0
6843 0
6844 0
6845 0
6846 0
6847 1
6848 0
6849 0
6850 0
6851 1
6852 3
6853 3
6854 3
6855 3
6856 3
6857 3
6858 3
6859 1
6860 1
6861 1
6862 4
6863 1
6864 1
6865 1
6866 1
6867 1
6868 1
6869 1
6870 1
6871 1
6872 1
6873 1
6874 4
6875 1
6876 1
6877 1
6878 1
6879 1
6880 3
6881 0
6882 4
6883 4
6884 0
6885 0
6886 0
6887 3
6888 3
6889 0
6890 1
6891 0
6892 0
6893 3
6894 0
6895 0
6896 0
6897 4
6898 3
6899 3
6900 4
6901 1
6902 0
6903 3
6904 1
6905 0
6906 0
6907 1
6908 3
6909 1
6910 1
6911 0
6912 0
6913 3
6914 3
6915 3
6916 3
6917 3
6918 3
6919 3
6920 3
6921 3
6922 1
6923 4
6924 1
6925 1
6926 0
6927 1
6928 0
6929 0
6930 3
6931 3
6932 3
6933 3
6934 3
6935 3
6936 1
6937 3
6938 3
6939 3
6940 3
6941 3
6942 0
6943 0
6944 0
6945 0
6946 0
6947 0
6948 0
6949 1
6950 1
6951 4
6952 4
6953 1
6954 4
6955 4
6956 1
6957 3
6958 1
6959 4
6960 1
6961 1
6962 0
6963 0
6964 4
6965 3
6966 4
6967 4
6968 4
6969 0
6970 1
6971 1
6972 1
6973 1
6974 1
6975 9
6976 9
6977 9
6978 9
6979 4
6980 0
6981 0
6982 3
6983 4
6984 0
6985 4
6986 4
6987 1
6988 1
6989 4
6990 4
6991 1
6992 3
6993 1
6994 1
6995 0
6996 1
6997 0
6998 1
6999 0
7000 4
7001 4
7002 4
7003 4
7004 4
7005 1
7006 3
7007 0
7008 0
7009 4
7010 1
7011 1
7012 1
7013 4
7014 4
7015 1
7016 1
7017 0
7018 4
7019 1
7020 1
7021 0
7022 4
7023 1
7024 0
7025 0
7026 0
7027 0
7028 0
7029 0
7030 0
7031 0
7032 0
7033 0
7034 0
7035 0
7036 0
7037 0
7038 0
7039 0
7040 0
7041 0
7042 0
7043 0
7044 0
7045 0
7046 0
7047 0
7048 0
7049 0
7050 0
7051 0
7052 0
7053 0
7054 0
7055 0
7056 0
7057 0
7058 0
7059 1
7060 0
7061 0
7062 0
7063 0
7064 0
7065 0
7066 0
7067 0
7068 0
7069 0
7070 0
7071 0
7072 0
7073 0
7074 4
7075 0
7076 0
7077 0
7078 0
7079 0
7080 0
7081 0
7082 0
7083 0
7084 0
7085 0
7086 0
7087 0
7088 0
7089 0
7090 0
7091 0
7092 3
7093 0
7094 0
7095 0
7096 0
7097 0
7098 0
7099 0
7100 0
7101 3
7102 0
7103 1
7104 1
7105 3
7106 0
7107 4
7108 4
7109 4
7110 4
7111 4
7112 4
7113 4
7114 4
7115 1
7116 4
7117 4
7118 4
7119 4
7120 4
7121 1
7122 3
7123 3
7124 3
7125 3
7126 3
7127 0
7128 3
7129 4
7130 3
7131 3
7132 3
7133 3
7134 3
7135 3
7136 3
7137 3
7138 0
7139 3
7140 3
7141 1
7142 1
7143 3
7144 1
7145 3
7146 3
7147 4
7148 1
7149 1
7150 1
7151 1
7152 1
7153 1
7154 1
7155 1
7156 4
7157 1
7158 1
7159 1
7160 0
7161 4
7162 4
7163 3
7164 1
7165 1
7166 3
7167 4
7168 3
7169 3
7170 0
7171 0
7172 4
7173 4
7174 14
7175 14
7176 4
7177 4
7178 4
7179 4
7180 4
7181 3
7182 3
7183 4
7184 4
7185 4
7186 4
7187 4
7188 4
7189 4
7190 4
7191 1
7192 1
7193 1
7194 0
7195 1
7196 4
7197 0
7198 1
7199 1
7200 1
7201 1
7202 1
7203 1
7204 1
7205 1
7206 0
7207 0
7208 0
7209 0
7210 1
7211 3
7212 3
7213 3
7214 0
7215 0
7216 0
7217 0
7218 4
7219 3
7220 4
7221 1
7222 1
7223 1
7224 1
7225 3
7226 3
7227 0
7228 1
7229 1
7230 4
7231 4
7232 4
7233 1
7234 1
7235 4
7236 4
7237 4
7238 4
7239 1
7240 0
7241 4
7242 3
7243 3
7244 1
7245 1
7246 0
7247 4
7248 0
7249 0
7250 3
7251 1
7252 1
7253 1
7254 1
7255 4
7256 4
7257 4
7258 0
7259 1
7260 1
7261 1
7262 1
7263 1
7264 0
7265 0
7266 0
7267 4
7268 4
7269 4
7270 1
7271 4
7272 4
7273 4
7274 1
7275 1
7276 1
7277 1
7278 1
7279 0
7280 4
7281 4
7282 1
7283 3
7284 1
7285 1
7286 1
7287 3
7288 1
7289 1
7290 3
7291 3
7292 3
7293 1
7294 4
7295 4
7296 0
7297 0
7298 2
7299 0
7300 4
7301 1
7302 4
7303 0
7304 4
7305 0
7306 4
7307 3
7308 3
7309 3
7310 4
7311 1
7312 2
7313 2
7314 2
7315 2
7316 1
7317 1
7318 1
7319 1
7320 1
7321 1
7322 1
7323 1
7324 1
7325 1
7326 1
7327 1
7328 1
7329 0
7330 0
7331 1
7332 1
7333 0
7334 1
7335 1
7336 1
7337 1
7338 1
7339 1
7340 0
7341 1
7342 1
7343 1
7344 1
7345 0
7346 1
7347 1
7348 1
7349 1
7350 0
7351 0
7352 0
7353 3
7354 4
7355 4
0 1
1 3
2 0
3 4
4 0
5 1
6 2
7 0
8 1
9 3
10 1
11 1
12 3
13 4
14 3
0 0
1 1
2 2
3 3
4 4
1e-06 0.121138 152
