0 0
1 4
2 5
3 0
4 4
5 0
6 0
7 0
8 0
9 0
10 3
11 5
12 0
13 1
14 0
15 0
16 0
17 0
18 0
19 0
20 0
21 0
22 0
23 1
24 0
25 0
26 0
27 5
28 0
29 0
30 0
31 0
32 0
33 3
34 1
35 0
36 0
37 3
38 5
39 0
40 0
41 0
42 1
43 0
44 1
45 5
46 0
47 1
48 0
49 0
50 0
51 0
52 0
53 0
54 5
55 5
56 0
57 0
58 1
59 0
60 0
61 0
62 0
63 5
64 0
65 1
66 0
67 0
68 0
69 1
70 0
71 0
72 5
73 0
74 0
75 0
76 3
77 0
78 1
79 0
80 0
81 0
82 0
83 0
84 0
85 0
86 0
87 0
88 0
89 3
90 3
91 5
92 5
93 5
94 3
95 4
96 3
97 4
98 5
99 4
100 5
101 3
102 3
103 5
104 3
105 0
106 3
107 5
108 3
109 3
110 4
111 0
112 3
113 1
114 5
115 5
116 0
117 3
118 3
119 3
120 3
121 0
122 3
123 3
124 3
125 3
126 3
127 3
128 0
129 0
130 3
131 0
132 3
133 3
134 5
135 3
136 0
137 5
138 0
139 5
140 1
141 0
142 3
143 3
144 3
145 0
146 0
147 0
148 0
149 3
150 0
151 3
152 3
153 0
154 5
155 0
156 3
157 3
158 3
159 3
160 3
161 0
162 3
163 5
164 0
165 0
166 0
167 3
168 3
169 0
170 0
171 0
172 5
173 3
174 0
175 3
176 3
177 3
178 0
179 1
180 3
181 4
182 3
183 3
184 3
185 5
186 4
187 3
188 3
189 0
190 3
191 0
192 1
193 0
194 3
195 3
196 0
197 3
198 0
199 0
200 0
201 1
202 0
203 0
204 0
205 0
206 3
207 0
208 0
209 0
210 3
211 0
212 3
213 0
214 0
215 0
216 3
217 3
218 0
219 0
220 0
221 3
222 0
223 3
224 3
225 0
226 3
227 1
228 3
229 3
230 0
231 0
232 0
233 1
234 3
235 3
236 3
237 0
238 0
239 3
240 3
241 3
242 0
243 3
244 3
245 3
246 5
247 4
248 1
249 0
250 5
251 5
252 1
253 0
254 3
255 0
256 3
257 0
258 3
259 5
260 1
261 3
262 3
263 1
264 0
265 0
266 3
267 3
268 1
269 4
270 3
271 3
272 3
273 3
274 3
275 3
276 3
277 3
278 0
279 3
280 3
281 3
282 0
283 3
284 3
285 0
286 0
287 3
288 0
289 0
290 3
291 0
292 5
293 3
294 3
295 5
296 0
297 3
298 1
299 0
300 3
301 3
302 3
303 1
304 3
305 0
306 0
307 0
308 0
309 3
310 0
311 3
312 4
313 3
314 0
315 3
316 3
317 0
318 3
319 1
320 0
321 3
322 4
323 0
324 0
325 1
326 3
327 3
328 1
329 3
330 3
331 0
332 4
333 5
334 3
335 3
336 3
337 3
338 3
339 3
340 3
341 3
342 3
343 0
344 3
345 4
346 3
347 3
348 0
349 3
350 1
351 0
352 3
353 5
354 3
355 0
356 0
357 3
358 0
359 0
360 3
361 5
362 0
363 0
364 0
365 3
366 3
367 0
368 3
369 0
370 3
371 3
372 1
373 0
374 0
375 3
376 0
377 3
378 0
379 3
380 0
381 0
382 3
383 3
384 3
385 3
386 3
387 3
388 3
389 3
390 0
391 1
392 3
393 3
394 1
395 0
396 1
397 0
398 3
399 0
400 3
401 3
402 3
403 3
404 5
405 3
406 1
407 0
408 1
409 3
410 0
411 3
412 3
413 0
414 1
415 0
416 4
417 5
418 0
419 0
420 0
421 3
422 4
423 3
424 0
425 3
426 0
427 0
428 0
429 3
430 1
431 5
432 3
433 0
434 5
435 0
436 1
437 0
438 3
439 4
440 0
441 0
442 5
443 3
444 0
445 1
446 3
447 3
448 5
449 0
450 0
451 5
452 3
453 0
454 3
455 3
456 3
457 0
458 3
459 0
460 3
461 3
462 0
463 0
464 3
465 0
466 3
467 0
468 5
469 0
470 0
471 1
472 3
473 3
474 1
475 0
476 3
477 5
478 1
479 3
480 0
481 0
482 3
483 0
484 1
485 1
486 3
487 3
488 0
489 3
490 3
491 0
492 0
493 3
494 0
495 5
496 3
497 5
498 3
499 3
500 5
501 3
502 1
503 3
504 3
505 3
506 0
507 3
508 3
509 5
510 0
511 3
512 3
513 3
514 5
515 0
516 3
517 3
518 3
519 3
520 0
521 5
522 5
523 5
524 5
525 5
526 3
527 3
528 0
529 0
530 4
531 3
532 3
533 3
534 0
535 3
536 0
537 0
538 4
539 5
540 0
541 3
542 4
543 3
544 1
545 1
546 0
547 4
548 5
549 3
550 3
551 0
552 4
553 0
554 3
555 3
556 0
557 0
558 0
559 3
560 5
561 3
562 3
563 0
564 0
565 3
566 3
567 0
568 3
569 3
570 1
571 0
572 1
573 3
574 0
575 3
576 0
577 5
578 0
579 3
580 0
581 3
582 3
583 0
584 3
585 3
586 3
587 3
588 3
589 4
590 3
591 3
592 1
593 1
594 3
595 3
596 5
597 3
598 3
599 0
600 3
601 4
602 3
603 0
604 0
605 3
606 3
607 3
608 3
609 0
610 3
611 3
612 0
613 0
614 0
615 0
616 3
617 0
618 0
619 0
620 3
621 3
622 3
623 3
624 0
625 1
626 0
627 0
628 3
629 3
630 3
631 5
632 0
633 5
634 3
635 0
636 1
637 3
638 3
639 0
640 0
641 0
642 0
643 0
644 0
645 3
646 0
647 3
648 3
649 3
650 0
651 0
652 0
653 1
654 3
655 3
656 3
657 0
658 3
659 5
660 1
661 3
662 0
663 0
664 0
665 5
666 0
667 3
668 0
669 0
670 5
671 0
672 0
673 0
674 3
675 5
676 0
677 0
678 3
679 0
680 0
681 5
682 0
683 0
684 3
685 0
686 3
687 0
688 3
689 3
690 0
691 5
692 3
693 3
694 3
695 3
696 0
697 3
698 0
699 0
700 0
701 3
702 3
703 5
704 5
705 1
706 3
707 3
708 0
709 0
710 1
711 5
712 3
713 3
714 0
715 5
716 3
717 0
718 1
719 3
720 4
721 3
722 0
723 0
724 3
725 3
726 3
727 0
728 3
729 3
730 4
731 3
732 5
733 3
734 3
735 3
736 3
737 3
738 0
739 3
740 3
741 3
742 1
743 3
744 0
745 3
746 5
747 3
748 1
749 0
750 3
751 0
752 0
753 0
754 0
755 3
756 0
757 0
758 3
759 0
760 0
761 4
762 0
763 3
764 3
765 3
766 5
767 0
768 3
769 3
770 3
771 3
772 5
773 3
774 3
775 3
776 0
777 4
778 1
779 1
780 5
781 3
782 1
783 3
784 3
785 4
786 3
787 3
788 5
789 3
790 0
791 5
792 0
793 0
794 0
795 3
796 3
797 0
798 3
799 3
800 3
801 1
802 5
803 3
804 0
805 0
806 3
807 3
808 0
809 3
810 5
811 3
812 0
813 0
814 0
815 4
816 0
817 3
818 3
819 3
820 0
821 1
822 3
823 3
824 0
825 3
826 1
827 0
828 3
829 3
830 3
831 0
832 4
833 3
834 3
835 3
836 3
837 3
838 0
839 3
840 3
841 3
842 0
843 3
844 5
845 0
846 3
847 3
848 3
849 0
850 0
851 0
852 0
853 5
854 3
855 4
856 3
857 3
858 3
859 0
860 0
861 0
862 1
863 0
864 3
865 0
866 3
867 3
868 3
869 0
870 0
871 3
872 3
873 5
874 0
875 0
876 3
877 1
878 3
879 3
880 3
881 0
882 0
883 0
884 5
885 5
886 0
887 3
888 0
889 0
890 3
891 0
892 3
893 0
894 0
895 3
896 3
897 5
898 4
899 3
900 5
901 3
902 3
903 5
904 1
905 0
906 3
907 3
908 5
909 0
910 1
911 0
912 0
913 3
914 0
915 0
916 3
917 0
918 0
919 0
920 3
921 5
922 3
923 3
924 0
925 5
926 5
927 3
928 3
929 3
930 1
931 3
932 0
933 3
934 4
935 3
936 4
937 3
938 3
939 3
940 5
941 5
942 1
943 3
944 3
945 0
946 0
947 3
948 3
949 3
950 1
951 3
952 0
953 0
954 3
955 5
956 3
957 0
958 1
959 3
960 0
961 0
962 3
963 3
964 3
965 0
966 3
967 0
968 3
969 3
970 1
971 3
972 3
973 3
974 3
975 3
976 0
977 0
978 3
979 1
980 0
981 0
982 0
983 0
984 3
985 3
986 3
987 0
988 5
989 3
990 0
991 0
992 3
993 3
994 3
995 5
996 1
997 0
998 3
999 1
1000 1
1001 1
1002 1
1003 1
1004 1
1005 5
1006 1
1007 1
1008 1
1009 5
1010 1
1011 1
1012 3
1013 5
1014 5
1015 0
1016 4
1017 5
1018 3
1019 4
1020 3
1021 3
1022 0
1023 4
1024 3
1025 5
1026 3
1027 5
1028 3
1029 3
1030 0
1031 3
1032 5
1033 5
1034 3
1035 5
1036 5
1037 3
1038 3
1039 5
1040 4
1041 3
1042 0
1043 5
1044 4
1045 4
1046 0
1047 5
1048 5
1049 5
1050 0
1051 0
1052 3
1053 5
1054 0
1055 4
1056 3
1057 5
1058 5
1059 5
1060 5
1061 5
1062 0
1063 5
1064 0
1065 0
1066 5
1067 5
1068 0
1069 3
1070 3
1071 5
1072 4
1073 5
1074 3
1075 5
1076 4
1077 5
1078 4
1079 5
1080 4
1081 5
1082 5
1083 5
1084 3
1085 3
1086 4
1087 3
1088 4
1089 5
1090 5
1091 4
1092 5
1093 3
1094 4
1095 4
1096 4
1097 5
1098 3
1099 5
1100 0
1101 3
1102 0
1103 5
1104 1
1105 3
1106 4
1107 3
1108 3
1109 5
1110 0
1111 0
1112 4
1113 0
1114 5
1115 0
1116 5
1117 4
1118 3
1119 4
1120 0
1121 3
1122 5
1123 5
1124 0
1125 5
1126 4
1127 3
1128 5
1129 0
1130 5
1131 5
1132 5
1133 0
1134 5
1135 5
1136 3
1137 4
1138 0
1139 4
1140 4
1141 4
1142 4
1143 5
1144 5
1145 3
1146 3
1147 4
1148 1
1149 5
1150 5
1151 4
1152 5
1153 0
1154 4
1155 5
1156 5
1157 0
1158 4
1159 3
1160 0
1161 5
1162 5
1163 3
1164 3
1165 0
1166 5
1167 5
1168 4
1169 5
1170 3
1171 0
1172 0
1173 5
1174 3
1175 3
1176 3
1177 0
1178 3
1179 5
1180 0
1181 3
1182 3
1183 3
1184 5
1185 5
1186 3
1187 3
1188 3
1189 3
1190 5
1191 3
1192 5
1193 5
1194 5
1195 3
1196 0
1197 3
1198 3
1199 5
1200 5
1201 5
1202 4
1203 3
1204 3
1205 3
1206 3
1207 5
1208 3
1209 3
1210 5
1211 3
1212 3
1213 3
1214 5
1215 3
1216 4
1217 3
1218 3
1219 3
1220 3
1221 3
1222 3
1223 3
1224 3
1225 4
1226 3
1227 0
1228 3
1229 3
1230 3
1231 4
1232 5
1233 4
1234 4
1235 3
1236 3
1237 3
1238 4
1239 0
1240 4
1241 3
1242 3
1243 3
1244 3
1245 3
1246 3
1247 3
1248 3
1249 1
1250 1
1251 5
1252 0
1253 5
1254 4
1255 4
1256 5
1257 4
1258 5
1259 3
1260 3
1261 5
1262 2
1263 3
1264 5
1265 4
1266 4
1267 5
1268 3
1269 5
1270 4
1271 4
1272 4
1273 3
1274 5
1275 3
1276 4
1277 5
1278 4
1279 5
1280 3
1281 3
1282 5
1283 3
1284 4
1285 2
1286 4
1287 4
1288 4
1289 5
1290 4
1291 5
1292 2
1293 4
1294 5
1295 2
1296 0
1297 3
1298 3
1299 5
1300 3
1301 4
1302 3
1303 4
1304 4
1305 4
1306 5
1307 4
1308 4
1309 3
1310 4
1311 5
1312 4
1313 4
1314 3
1315 3
1316 4
1317 3
1318 4
1319 4
1320 3
1321 5
1322 2
1323 5
1324 4
1325 4
1326 5
1327 0
1328 0
1329 4
1330 5
1331 5
1332 2
1333 2
1334 4
1335 5
1336 3
1337 4
1338 5
1339 4
1340 5
1341 4
1342 3
1343 3
1344 4
1345 5
1346 4
1347 4
1348 5
1349 3
1350 4
1351 2
1352 0
1353 5
1354 4
1355 5
1356 4
1357 3
1358 5
1359 2
1360 3
1361 2
1362 3
1363 4
1364 4
1365 5
1366 0
1367 3
1368 0
1369 0
1370 0
1371 0
1372 0
1373 0
1374 0
1375 0
1376 0
1377 0
1378 0
1379 4
1380 0
1381 0
1382 0
1383 0
1384 0
1385 3
1386 0
1387 0
1388 0
1389 5
1390 0
1391 4
1392 0
1393 5
1394 0
1395 0
1396 0
1397 0
1398 0
1399 0
1400 0
1401 0
1402 0
1403 0
1404 0
1405 0
1406 0
1407 0
1408 0
1409 0
1410 0
1411 0
1412 0
1413 0
1414 0
1415 3
1416 0
1417 0
1418 0
1419 0
1420 0
1421 0
1422 5
1423 0
1424 0
1425 3
1426 0
1427 0
1428 5
1429 0
1430 0
1431 0
1432 0
1433 0
1434 0
1435 0
1436 0
1437 0
1438 0
1439 0
1440 0
1441 5
1442 0
1443 0
1444 5
1445 5
1446 5
1447 5
1448 5
1449 5
1450 5
1451 5
1452 5
1453 0
1454 0
1455 0
1456 0
1457 0
1458 0
1459 0
1460 0
1461 0
1462 0
1463 0
1464 5
1465 0
1466 0
1467 0
1468 0
1469 5
1470 0
1471 3
1472 0
1473 0
1474 5
1475 0
1476 0
1477 0
1478 0
1479 0
1480 0
1481 0
1482 5
1483 0
1484 0
1485 0
1486 0
1487 0
1488 0
1489 0
1490 5
1491 0
1492 0
1493 0
1494 0
1495 3
1496 3
1497 0
1498 5
1499 5
1500 5
1501 0
1502 0
1503 5
1504 5
1505 0
1506 5
1507 0
1508 0
1509 5
1510 0
1511 0
1512 0
1513 0
1514 0
1515 0
1516 0
1517 0
1518 4
1519 0
1520 0
1521 0
1522 0
1523 0
1524 4
1525 5
1526 0
1527 0
1528 3
1529 3
1530 3
1531 0
1532 5
1533 5
1534 5
1535 3
1536 3
1537 0
1538 5
1539 4
1540 0
1541 5
1542 5
1543 3
1544 0
1545 5
1546 0
1547 5
1548 0
1549 5
1550 3
1551 0
1552 4
1553 5
1554 3
1555 5
1556 4
1557 0
1558 0
1559 0
1560 0
1561 3
1562 3
1563 3
1564 3
1565 3
1566 3
1567 4
1568 3
1569 3
1570 4
1571 3
1572 3
1573 4
1574 3
1575 3
1576 3
1577 3
1578 3
1579 3
1580 3
1581 3
1582 4
1583 3
1584 3
1585 3
1586 5
1587 3
1588 3
1589 4
1590 3
1591 3
1592 3
1593 3
1594 5
1595 3
1596 3
1597 4
1598 5
1599 5
1600 3
1601 3
1602 4
1603 3
1604 4
1605 4
1606 5
1607 3
1608 4
1609 3
1610 3
1611 3
1612 3
1613 3
1614 3
1615 5
1616 5
1617 3
1618 4
1619 3
1620 0
1621 4
1622 3
1623 3
1624 3
1625 3
1626 4
1627 5
1628 3
1629 3
1630 4
1631 3
1632 4
1633 3
1634 3
1635 4
1636 3
1637 5
1638 4
1639 3
1640 3
1641 5
1642 3
1643 5
1644 3
1645 4
1646 3
1647 4
1648 3
1649 4
1650 3
1651 3
1652 3
1653 5
1654 4
1655 3
1656 3
1657 3
1658 3
1659 0
1660 3
1661 5
1662 3
1663 5
1664 3
1665 5
1666 5
1667 3
1668 0
1669 0
1670 4
1671 5
1672 3
1673 4
1674 3
1675 1
1676 4
1677 5
1678 3
1679 3
1680 5
1681 3
1682 4
1683 3
1684 3
1685 3
1686 4
1687 5
1688 3
1689 3
1690 3
1691 4
1692 5
1693 0
1694 5
1695 5
1696 3
1697 4
1698 3
1699 5
1700 5
1701 3
1702 3
1703 3
1704 4
1705 3
1706 3
1707 3
1708 0
1709 5
1710 5
1711 3
1712 3
1713 3
1714 5
1715 3
1716 5
1717 3
1718 3
1719 4
1720 5
1721 5
1722 4
1723 5
1724 4
1725 3
1726 4
1727 3
1728 3
1729 5
1730 3
1731 4
1732 3
1733 3
1734 5
1735 3
1736 4
1737 5
1738 3
1739 3
1740 3
1741 3
1742 5
1743 5
1744 5
1745 5
1746 4
1747 3
1748 3
1749 4
1750 3
1751 4
1752 4
1753 5
1754 3
1755 3
1756 3
1757 3
1758 5
1759 5
1760 4
1761 4
1762 4
1763 3
1764 3
1765 3
1766 3
1767 3
1768 5
1769 3
1770 3
1771 0
1772 3
1773 4
1774 5
1775 3
1776 3
1777 5
1778 4
1779 4
1780 4
1781 0
1782 0
1783 4
1784 4
1785 4
1786 4
1787 4
1788 4
1789 3
1790 4
1791 4
1792 4
1793 3
1794 4
1795 4
1796 3
1797 4
1798 5
1799 4
1800 4
1801 4
1802 4
1803 4
1804 4
1805 0
1806 4
1807 4
1808 4
1809 5
1810 5
1811 3
1812 4
1813 4
1814 4
1815 4
1816 3
1817 4
1818 3
1819 4
1820 4
1821 3
1822 4
1823 4
1824 5
1825 4
1826 3
1827 3
1828 4
1829 4
1830 4
1831 4
1832 4
1833 4
1834 4
1835 4
1836 4
1837 5
1838 4
1839 5
1840 4
1841 4
1842 4
1843 4
1844 3
1845 4
1846 4
1847 4
1848 3
1849 4
1850 3
1851 0
1852 4
1853 4
1854 5
1855 4
1856 4
1857 5
1858 4
1859 4
1860 4
1861 4
1862 3
1863 4
1864 4
1865 5
1866 4
1867 5
1868 4
1869 5
1870 4
1871 3
1872 4
1873 4
1874 4
1875 4
1876 4
1877 4
1878 5
1879 4
1880 4
1881 5
1882 5
1883 4
1884 4
1885 5
1886 4
1887 4
1888 4
1889 4
1890 4
1891 4
1892 4
1893 4
1894 5
1895 4
1896 4
1897 4
1898 3
1899 4
1900 5
1901 4
1902 4
1903 4
1904 3
1905 4
1906 4
1907 3
1908 3
1909 3
1910 5
1911 4
1912 4
1913 4
1914 3
1915 5
1916 3
1917 3
1918 5
1919 4
1920 3
1921 3
1922 4
1923 3
1924 4
1925 3
1926 3
1927 5
1928 3
1929 3
1930 4
1931 3
1932 5
1933 3
1934 3
1935 4
1936 4
1937 4
1938 3
1939 3
1940 3
1941 4
1942 4
1943 3
1944 3
1945 4
1946 3
1947 5
1948 3
1949 5
1950 4
1951 1
1952 4
1953 3
1954 3
1955 3
1956 3
1957 3
1958 3
1959 3
1960 3
1961 4
1962 3
1963 3
1964 4
1965 1
1966 3
1967 4
1968 3
1969 3
1970 4
1971 3
1972 3
1973 3
1974 1
1975 4
1976 3
1977 3
1978 4
1979 3
1980 4
1981 4
1982 4
1983 4
1984 4
1985 4
1986 3
1987 3
1988 4
1989 3
1990 3
1991 4
1992 3
1993 3
1994 3
1995 4
1996 4
1997 4
1998 3
1999 3
2000 4
2001 0
2002 4
2003 4
2004 5
2005 3
2006 3
2007 4
2008 3
2009 4
2010 3
2011 3
2012 3
2013 4
2014 3
2015 3
2016 5
2017 4
2018 3
2019 4
2020 4
2021 3
2022 3
2023 3
2024 4
2025 1
2026 5
2027 5
2028 3
2029 4
2030 3
2031 3
2032 3
2033 3
2034 4
2035 4
2036 3
2037 3
2038 4
2039 3
2040 3
2041 3
2042 5
2043 3
2044 4
2045 3
2046 3
2047 3
2048 4
2049 4
2050 3
2051 3
2052 4
2053 5
2054 3
2055 3
2056 4
2057 3
2058 3
2059 3
2060 3
2061 5
2062 1
2063 4
2064 4
2065 1
2066 3
2067 3
2068 5
2069 3
2070 3
2071 3
2072 3
2073 3
2074 3
2075 3
2076 3
2077 3
2078 3
2079 3
2080 3
2081 3
2082 4
2083 3
2084 4
2085 3
2086 5
2087 3
2088 3
2089 3
2090 3
2091 4
2092 3
2093 5
2094 5
2095 5
2096 3
2097 4
2098 4
2099 5
2100 3
2101 4
2102 4
2103 3
2104 3
2105 3
2106 3
2107 3
2108 4
2109 3
2110 4
2111 3
2112 3
2113 3
2114 5
2115 5
2116 3
2117 4
2118 3
2119 3
2120 1
2121 3
2122 3
2123 3
2124 0
2125 3
2126 3
2127 4
2128 3
2129 1
2130 4
2131 3
2132 3
2133 0
2134 3
2135 4
2136 3
2137 3
2138 4
2139 3
2140 4
2141 3
2142 4
2143 4
2144 3
2145 3
2146 4
2147 3
2148 3
2149 3
2150 4
2151 4
2152 1
2153 3
2154 3
2155 4
2156 4
2157 3
2158 3
2159 3
2160 3
2161 4
2162 3
2163 3
2164 3
2165 4
2166 3
2167 3
2168 4
2169 4
2170 4
2171 3
2172 3
2173 0
2174 3
2175 3
2176 3
2177 3
2178 4
2179 4
2180 3
2181 4
2182 3
2183 4
2184 3
2185 3
2186 4
2187 5
2188 4
2189 3
2190 3
2191 3
2192 3
2193 3
2194 4
2195 0
2196 3
2197 0
2198 3
2199 4
2200 3
2201 3
2202 4
2203 3
2204 3
2205 4
2206 3
2207 3
2208 4
2209 3
2210 3
2211 5
2212 3
2213 4
2214 3
2215 4
2216 4
2217 3
2218 3
2219 4
2220 3
2221 3
2222 3
2223 3
2224 3
2225 4
2226 3
2227 3
2228 4
2229 4
2230 3
2231 4
2232 0
2233 3
2234 4
2235 4
2236 4
2237 3
2238 4
2239 3
2240 4
2241 5
2242 3
2243 3
2244 3
2245 3
2246 4
2247 3
2248 3
2249 3
2250 3
2251 4
2252 3
2253 4
2254 4
2255 4
2256 3
2257 3
2258 5
2259 4
2260 4
2261 4
2262 4
2263 3
2264 3
2265 3
2266 0
2267 3
2268 3
2269 4
2270 3
2271 4
2272 4
2273 4
2274 4
2275 4
2276 5
2277 4
2278 3
2279 0
2280 3
2281 1
2282 4
2283 4
2284 3
2285 3
2286 4
2287 4
2288 4
2289 3
2290 4
2291 3
2292 3
2293 3
2294 4
2295 4
2296 5
2297 4
2298 3
2299 4
2300 3
2301 3
2302 3
2303 3
2304 3
2305 5
2306 3
2307 4
2308 3
2309 4
2310 3
2311 3
2312 1
2313 4
2314 4
2315 3
2316 3
2317 3
2318 3
2319 3
2320 0
2321 4
2322 4
2323 3
2324 3
2325 1
2326 3
2327 4
2328 0
2329 0
2330 4
2331 0
2332 3
2333 3
2334 3
2335 4
2336 3
2337 3
2338 0
2339 3
2340 3
2341 3
2342 3
2343 4
2344 3
2345 3
2346 3
2347 4
2348 3
2349 3
2350 4
2351 5
2352 3
2353 4
2354 4
2355 3
2356 3
2357 3
2358 3
2359 5
2360 5
2361 5
2362 3
2363 5
2364 5
2365 4
2366 4
2367 5
2368 5
2369 3
2370 5
2371 5
2372 5
2373 5
2374 5
2375 1
2376 4
2377 5
2378 5
2379 5
2380 5
2381 4
2382 3
2383 5
2384 1
2385 0
2386 4
2387 5
2388 5
2389 3
2390 3
2391 5
2392 3
2393 5
2394 3
2395 3
2396 4
2397 0
2398 5
2399 5
2400 4
2401 5
2402 3
2403 0
2404 4
2405 5
2406 5
2407 5
2408 5
2409 5
2410 5
2411 5
2412 5
2413 5
2414 5
2415 5
2416 5
2417 3
2418 5
2419 4
2420 0
2421 5
2422 1
2423 5
2424 4
2425 5
2426 5
2427 3
2428 5
2429 4
2430 5
2431 5
2432 5
2433 5
2434 4
2435 3
2436 4
2437 0
2438 5
2439 0
2440 5
2441 5
2442 5
2443 5
2444 3
2445 3
2446 4
2447 5
2448 5
2449 0
2450 5
2451 5
2452 5
2453 4
2454 5
2455 0
2456 5
2457 3
2458 4
2459 3
2460 4
2461 3
2462 0
2463 3
2464 5
2465 5
2466 4
2467 5
2468 5
2469 5
2470 3
2471 4
2472 3
2473 4
2474 3
2475 3
2476 4
2477 0
2478 5
2479 3
2480 3
2481 3
2482 5
2483 5
2484 5
2485 5
2486 5
2487 0
2488 5
2489 5
2490 5
2491 5
2492 5
2493 3
2494 5
2495 5
2496 5
2497 3
2498 5
2499 5
2500 3
2501 4
2502 5
2503 3
2504 3
2505 4
2506 3
2507 3
2508 5
2509 5
2510 3
2511 5
2512 3
2513 3
2514 3
2515 4
2516 3
2517 3
2518 3
2519 3
2520 5
2521 5
2522 5
2523 3
2524 3
2525 3
2526 5
2527 3
2528 4
2529 4
2530 3
2531 5
2532 3
2533 4
2534 0
2535 5
2536 4
2537 3
2538 4
2539 3
2540 0
2541 3
2542 5
2543 4
2544 3
2545 5
2546 3
2547 3
2548 4
2549 5
2550 5
2551 5
2552 5
2553 5
2554 5
2555 5
2556 4
2557 5
2558 5
2559 3
2560 5
2561 3
2562 5
2563 3
2564 3
2565 4
2566 5
2567 4
2568 3
2569 0
2570 0
2571 0
2572 4
2573 4
2574 4
2575 5
2576 3
2577 5
2578 3
2579 5
2580 0
2581 5
2582 3
2583 5
2584 4
2585 4
2586 5
2587 4
2588 4
2589 5
2590 0
2591 5
2592 5
2593 5
2594 5
2595 5
2596 5
2597 4
2598 5
2599 5
2600 3
2601 5
2602 3
2603 5
2604 3
2605 5
2606 1
2607 0
2608 4
2609 4
2610 3
2611 3
2612 3
2613 3
2614 3
2615 3
2616 3
2617 3
2618 3
2619 3
2620 3
2621 3
2622 3
2623 3
2624 3
2625 3
2626 3
2627 3
2628 3
2629 3
2630 0
2631 4
2632 3
2633 5
2634 3
2635 3
2636 3
2637 3
2638 3
2639 3
2640 4
2641 3
2642 4
2643 0
2644 4
2645 5
2646 5
2647 4
2648 3
2649 3
2650 5
2651 5
2652 5
2653 5
2654 5
2655 5
2656 4
2657 5
2658 5
2659 5
2660 5
2661 5
2662 5
2663 5
2664 5
2665 5
2666 5
2667 5
2668 5
2669 3
2670 5
2671 5
2672 5
2673 5
2674 5
2675 5
2676 5
2677 5
2678 0
2679 0
2680 0
2681 0
2682 4
2683 0
2684 0
2685 4
2686 0
2687 0
2688 4
2689 0
2690 0
2691 0
2692 4
2693 5
2694 5
2695 5
2696 5
2697 5
2698 5
2699 5
2700 5
2701 5
2702 5
2703 5
2704 5
2705 5
2706 5
2707 3
2708 5
2709 5
2710 4
2711 5
2712 3
2713 4
2714 3
2715 3
2716 5
2717 4
2718 4
2719 5
2720 4
2721 3
2722 4
2723 4
2724 3
2725 3
2726 3
2727 4
2728 5
2729 5
2730 4
2731 0
2732 3
2733 3
2734 5
2735 3
2736 0
2737 5
2738 3
2739 5
2740 3
2741 4
2742 3
2743 5
2744 5
2745 3
2746 5
2747 3
2748 4
2749 3
2750 5
2751 3
2752 3
2753 4
2754 0
2755 4
2756 5
2757 3
2758 4
2759 5
2760 5
2761 5
2762 5
2763 0
2764 4
2765 3
2766 4
2767 1
2768 3
2769 3
2770 1
2771 4
2772 4
2773 5
2774 5
2775 3
2776 3
2777 5
2778 5
2779 4
2780 5
2781 5
2782 5
2783 3
2784 3
2785 3
2786 1
2787 4
2788 4
2789 4
2790 5
2791 0
2792 3
2793 5
2794 4
2795 3
2796 4
2797 5
2798 5
2799 4
2800 3
2801 5
2802 3
2803 5
2804 5
2805 4
2806 5
2807 5
2808 5
2809 3
2810 5
2811 4
2812 4
2813 4
2814 4
2815 4
2816 4
2817 5
2818 5
2819 3
2820 5
2821 4
2822 5
2823 5
2824 5
2825 3
2826 5
2827 4
2828 4
2829 5
2830 4
2831 0
2832 5
2833 5
2834 5
2835 5
2836 1
2837 3
2838 3
2839 0
2840 4
2841 4
2842 4
2843 4
2844 3
2845 3
2846 3
2847 3
2848 5
2849 5
2850 3
2851 4
2852 5
2853 4
2854 3
2855 3
2856 4
2857 4
2858 0
2859 0
2860 3
2861 5
2862 4
2863 3
2864 4
2865 4
2866 5
2867 0
2868 5
2869 3
2870 3
2871 0
2872 3
2873 4
2874 5
2875 4
2876 5
2877 5
2878 0
2879 5
2880 3
2881 3
2882 3
2883 4
2884 4
2885 3
2886 5
2887 0
2888 4
2889 3
2890 4
2891 4
2892 3
2893 4
2894 4
2895 3
2896 5
2897 4
2898 3
2899 4
2900 3
2901 5
2902 3
2903 5
2904 0
2905 4
2906 3
2907 0
2908 5
2909 4
2910 3
2911 4
2912 0
2913 0
2914 5
2915 5
2916 5
2917 3
2918 3
2919 5
2920 5
2921 4
2922 5
2923 3
2924 4
2925 4
2926 4
2927 4
2928 4
2929 3
2930 4
2931 3
2932 5
2933 5
2934 0
2935 3
2936 5
2937 5
2938 4
2939 5
2940 4
2941 4
2942 3
2943 4
2944 5
2945 4
2946 4
2947 4
2948 3
2949 5
2950 3
2951 3
2952 4
2953 3
2954 4
2955 5
2956 4
2957 5
2958 5
2959 4
2960 4
2961 3
2962 5
2963 5
2964 5
2965 3
2966 3
2967 4
2968 3
2969 3
2970 5
2971 5
2972 3
2973 3
2974 3
2975 5
2976 3
2977 4
2978 4
2979 5
2980 3
2981 4
2982 3
2983 5
2984 5
2985 3
2986 5
2987 4
2988 4
2989 5
2990 4
2991 4
2992 3
2993 1
2994 5
2995 4
2996 3
2997 3
2998 0
2999 4
3000 5
3001 3
3002 4
3003 5
3004 5
3005 3
3006 4
3007 3
3008 3
3009 3
3010 0
3011 5
3012 3
3013 0
3014 3
3015 3
3016 3
3017 4
3018 5
3019 4
3020 3
3021 4
3022 0
3023 4
3024 4
3025 4
3026 3
3027 5
3028 0
3029 3
3030 4
3031 3
3032 4
3033 3
3034 5
3035 3
3036 5
3037 3
3038 4
3039 0
3040 4
3041 0
3042 0
3043 0
3044 3
3045 3
3046 4
3047 5
3048 3
3049 5
3050 4
3051 4
3052 4
3053 5
3054 3
3055 4
3056 3
3057 4
3058 3
3059 3
3060 3
3061 0
3062 4
3063 3
3064 4
3065 4
3066 3
3067 3
3068 3
3069 3
3070 5
3071 3
3072 3
3073 0
3074 0
3075 4
3076 3
3077 5
3078 3
3079 3
3080 5
3081 0
3082 0
3083 3
3084 4
3085 4
3086 5
3087 3
3088 3
3089 4
3090 5
3091 4
3092 5
3093 4
3094 4
3095 4
3096 4
3097 5
3098 4
3099 3
3100 4
3101 0
3102 5
3103 4
3104 5
3105 3
3106 3
3107 0
3108 3
3109 4
3110 4
3111 5
3112 4
3113 5
3114 4
3115 5
3116 4
3117 4
3118 3
3119 3
3120 4
3121 5
3122 3
3123 5
3124 4
3125 3
3126 3
3127 4
3128 4
3129 3
3130 3
3131 0
3132 3
3133 5
3134 0
3135 5
3136 3
3137 0
3138 3
3139 4
3140 3
3141 4
3142 0
3143 4
3144 5
3145 5
3146 5
3147 1
3148 0
3149 4
3150 4
3151 4
3152 3
3153 5
3154 3
3155 3
3156 3
3157 5
3158 0
3159 3
3160 3
3161 5
3162 5
3163 3
3164 5
3165 5
3166 5
3167 5
3168 5
3169 5
3170 3
3171 5
3172 5
3173 3
3174 3
3175 4
3176 3
3177 3
3178 0
3179 3
3180 3
3181 0
3182 5
3183 5
3184 3
3185 4
3186 1
3187 5
3188 3
3189 5
3190 5
3191 3
3192 4
3193 4
3194 5
3195 0
3196 5
3197 0
3198 0
3199 4
3200 4
3201 5
3202 5
3203 3
3204 4
3205 5
3206 5
3207 3
3208 4
3209 4
3210 3
3211 3
3212 5
3213 3
3214 4
3215 3
3216 3
3217 5
3218 4
3219 3
3220 3
3221 4
3222 5
3223 0
3224 0
3225 4
3226 5
3227 3
3228 3
3229 4
3230 5
3231 5
3232 3
3233 4
3234 3
3235 5
3236 3
3237 4
3238 4
3239 3
3240 3
3241 3
3242 3
3243 5
3244 4
3245 3
3246 4
3247 3
3248 3
3249 3
3250 4
3251 3
3252 0
3253 0
3254 4
3255 3
3256 5
3257 0
3258 3
3259 4
3260 4
3261 3
3262 3
3263 5
3264 5
3265 3
3266 4
3267 3
3268 3
3269 5
3270 4
3271 3
3272 4
3273 4
3274 3
3275 5
3276 4
3277 0
3278 3
3279 3
3280 0
3281 0
3282 5
3283 4
3284 5
3285 5
3286 5
3287 3
3288 3
3289 5
3290 0
3291 4
3292 5
3293 0
3294 5
3295 3
3296 3
3297 5
3298 5
3299 3
3300 4
3301 4
3302 3
3303 5
3304 4
3305 1
3306 5
3307 1
3308 0
3309 4
3310 4
3311 4
3312 5
3313 3
3314 4
3315 3
3316 4
3317 5
3318 4
3319 3
3320 3
3321 4
3322 3
3323 5
3324 5
3325 3
3326 5
3327 4
3328 5
3329 3
3330 5
3331 1
3332 0
3333 5
3334 3
3335 5
3336 4
3337 4
3338 4
3339 4
3340 3
3341 0
3342 3
3343 4
3344 4
3345 3
3346 3
3347 3
3348 0
3349 0
3350 4
3351 4
3352 3
3353 4
3354 3
3355 3
3356 5
3357 3
3358 0
3359 4
3360 5
3361 3
3362 5
3363 3
3364 4
3365 4
3366 3
3367 4
3368 1
3369 4
3370 5
3371 4
3372 3
3373 3
3374 3
3375 4
3376 4
3377 1
3378 4
3379 5
3380 4
3381 3
3382 4
3383 3
3384 3
3385 0
3386 3
3387 5
3388 5
3389 4
3390 5
3391 4
3392 4
3393 4
3394 3
3395 3
3396 5
3397 5
3398 5
3399 3
3400 5
3401 3
3402 4
3403 3
3404 3
3405 3
3406 3
3407 4
3408 5
3409 3
3410 4
3411 5
3412 4
3413 3
3414 3
3415 3
3416 3
3417 4
3418 5
3419 4
3420 3
3421 4
3422 3
3423 3
3424 4
3425 3
3426 3
3427 3
3428 4
3429 3
3430 5
3431 3
3432 4
3433 5
3434 5
3435 4
3436 3
3437 3
3438 4
3439 3
3440 5
3441 4
3442 3
3443 3
3444 4
3445 3
3446 3
3447 4
3448 4
3449 4
3450 3
3451 3
3452 3
3453 4
3454 0
3455 4
3456 5
3457 4
3458 5
3459 3
3460 0
3461 4
3462 3
3463 4
3464 5
3465 3
3466 4
3467 5
3468 4
3469 5
3470 0
3471 5
3472 5
3473 3
3474 3
3475 4
3476 3
3477 4
3478 5
3479 3
3480 5
3481 4
3482 3
3483 3
3484 3
3485 4
3486 4
3487 3
3488 4
3489 0
3490 4
3491 4
3492 5
3493 4
3494 4
3495 1
3496 4
3497 5
3498 5
3499 4
3500 5
3501 4
3502 5
3503 3
3504 4
3505 3
3506 3
3507 3
3508 5
3509 3
3510 3
3511 4
3512 4
3513 3
3514 4
3515 4
3516 3
3517 4
3518 5
3519 4
3520 3
3521 4
3522 4
3523 4
3524 4
3525 4
3526 3
3527 4
3528 3
3529 4
3530 3
3531 5
3532 5
3533 5
3534 5
3535 3
3536 4
3537 4
3538 3
3539 4
3540 5
3541 4
3542 4
3543 3
3544 4
3545 3
3546 3
3547 5
3548 5
3549 5
3550 4
3551 3
3552 0
3553 4
3554 3
3555 4
3556 3
3557 3
3558 3
3559 4
3560 4
3561 4
3562 5
3563 5
3564 4
3565 0
3566 5
3567 4
3568 5
3569 4
3570 3
3571 5
3572 3
3573 5
3574 3
3575 4
3576 5
3577 3
3578 4
3579 3
3580 3
3581 5
3582 3
3583 3
3584 3
3585 5
3586 3
3587 4
3588 4
3589 3
3590 4
3591 3
3592 3
3593 4
3594 4
3595 4
3596 4
3597 0
3598 4
3599 5
3600 4
3601 5
3602 3
3603 4
3604 3
3605 4
3606 3
3607 5
3608 5
3609 3
3610 5
3611 5
3612 0
3613 5
3614 3
3615 5
3616 4
3617 5
3618 5
3619 5
3620 3
3621 4
3622 5
3623 4
3624 3
3625 3
3626 0
3627 4
3628 4
3629 4
3630 5
3631 3
3632 3
3633 3
3634 3
3635 4
3636 3
3637 4
3638 4
3639 5
3640 5
3641 0
3642 4
3643 3
3644 4
3645 5
3646 3
3647 3
3648 4
3649 5
3650 4
3651 4
3652 0
3653 3
3654 3
3655 0
3656 4
3657 3
3658 3
3659 4
3660 3
3661 3
3662 3
3663 5
3664 5
3665 5
3666 5
3667 5
3668 5
3669 5
3670 5
3671 4
3672 3
3673 0
3674 0
3675 0
3676 4
3677 0
3678 5
3679 5
3680 5
3681 5
3682 0
3683 0
3684 5
3685 5
3686 5
3687 0
3688 5
3689 5
3690 4
3691 5
3692 5
3693 5
3694 5
3695 5
3696 5
3697 5
3698 4
3699 5
3700 0
3701 5
3702 5
3703 5
3704 0
3705 5
3706 5
3707 4
3708 0
3709 5
3710 4
3711 4
3712 0
3713 0
3714 5
3715 5
3716 5
3717 5
3718 5
3719 5
3720 0
3721 5
3722 1
3723 5
3724 3
3725 4
3726 4
3727 3
3728 5
3729 4
3730 5
3731 3
3732 4
3733 4
3734 5
3735 5
3736 5
3737 4
3738 4
3739 5
3740 4
3741 4
3742 4
3743 0
3744 4
3745 4
3746 3
3747 5
3748 3
3749 4
3750 5
3751 5
3752 0
3753 0
3754 0
3755 5
3756 5
3757 5
3758 5
3759 5
3760 5
3761 5
3762 5
3763 4
3764 5
3765 4
3766 3
3767 4
3768 0
3769 3
3770 5
3771 4
3772 5
3773 4
3774 0
3775 5
3776 5
3777 5
3778 5
3779 4
3780 5
3781 5
3782 4
3783 5
3784 4
3785 5
3786 4
3787 5
3788 0
3789 4
3790 5
3791 3
3792 4
3793 4
3794 4
3795 4
3796 5
3797 5
3798 5
3799 5
3800 4
3801 5
3802 0
3803 0
3804 0
3805 4
3806 4
3807 0
3808 0
3809 5
3810 5
3811 0
3812 5
3813 3
3814 5
3815 5
3816 5
3817 5
3818 4
3819 5
3820 0
3821 4
3822 5
3823 5
3824 5
3825 4
3826 3
3827 5
3828 5
3829 4
3830 5
3831 4
3832 5
3833 5
3834 5
3835 4
3836 5
3837 5
3838 5
3839 5
3840 3
3841 3
3842 3
3843 0
3844 0
3845 5
3846 5
3847 4
3848 5
3849 4
3850 5
3851 0
3852 5
3853 5
3854 4
3855 3
3856 4
3857 5
3858 4
3859 3
3860 4
3861 5
3862 5
3863 5
3864 3
3865 5
3866 5
3867 3
3868 4
3869 4
3870 5
3871 5
3872 3
3873 4
3874 3
3875 5
3876 3
3877 0
3878 5
3879 5
3880 5
3881 5
3882 3
3883 5
3884 5
3885 5
3886 5
3887 4
3888 5
3889 5
3890 4
3891 5
3892 4
3893 5
3894 3
3895 5
3896 5
3897 5
3898 0
3899 4
3900 5
3901 5
3902 4
3903 5
3904 5
3905 4
3906 5
3907 5
3908 4
3909 3
3910 3
3911 0
3912 5
3913 5
3914 0
3915 5
3916 5
3917 5
3918 5
3919 5
3920 5
3921 5
3922 5
3923 5
3924 3
3925 5
3926 5
3927 5
3928 3
3929 0
3930 5
3931 5
3932 5
3933 4
3934 5
3935 5
3936 4
3937 4
3938 4
3939 5
3940 4
3941 5
3942 4
3943 4
3944 4
3945 5
3946 4
3947 4
3948 0
3949 0
3950 5
3951 5
3952 4
3953 4
3954 4
3955 4
3956 5
3957 4
3958 4
3959 5
3960 4
3961 4
3962 5
3963 5
3964 0
3965 0
3966 5
3967 6
3968 6
3969 5
3970 5
3971 4
3972 5
3973 4
3974 4
3975 4
3976 3
3977 4
3978 3
3979 4
3980 5
3981 4
3982 4
3983 5
3984 4
3985 4
3986 4
3987 4
3988 4
3989 4
3990 0
3991 3
3992 4
3993 5
3994 4
3995 4
3996 4
3997 5
3998 4
3999 4
4000 4
4001 4
4002 4
4003 4
4004 4
4005 3
4006 4
4007 4
4008 4
4009 3
4010 4
4011 4
4012 4
4013 4
4014 4
4015 4
4016 4
4017 4
4018 4
4019 4
4020 4
4021 4
4022 4
4023 5
4024 3
4025 5
4026 5
4027 4
4028 4
4029 0
4030 4
4031 4
4032 4
4033 4
4034 4
4035 4
4036 4
4037 4
4038 4
4039 4
4040 4
4041 4
4042 4
4043 0
4044 4
4045 4
4046 4
4047 4
4048 5
4049 4
4050 5
4051 4
4052 4
4053 4
4054 4
4055 4
4056 4
4057 4
4058 4
4059 3
4060 4
4061 4
4062 3
4063 4
4064 5
4065 4
4066 4
4067 4
4068 4
4069 4
4070 4
4071 3
4072 4
4073 4
4074 4
4075 4
4076 4
4077 5
4078 4
4079 4
4080 4
4081 4
4082 4
4083 4
4084 3
4085 4
4086 4
4087 4
4088 4
4089 5
4090 4
4091 4
4092 5
4093 4
4094 4
4095 4
4096 4
4097 4
4098 4
4099 4
4100 3
4101 4
4102 5
4103 4
4104 4
4105 4
4106 4
4107 4
4108 0
4109 4
4110 4
4111 5
4112 5
4113 3
4114 4
4115 4
4116 4
4117 4
4118 4
4119 4
4120 4
4121 5
4122 4
4123 4
4124 4
4125 4
4126 4
4127 4
4128 4
4129 4
4130 4
4131 5
4132 4
4133 4
4134 3
4135 4
4136 4
4137 0
4138 4
4139 3
4140 5
4141 3
4142 5
4143 0
4144 5
4145 3
4146 5
4147 3
4148 5
4149 5
4150 5
4151 5
4152 0
4153 5
4154 5
4155 5
4156 5
4157 5
4158 5
4159 5
4160 5
4161 1
4162 5
4163 5
4164 1
4165 1
4166 4
4167 3
4168 5
4169 4
4170 5
4171 5
4172 5
4173 5
4174 5
4175 0
4176 5
4177 5
4178 5
4179 5
4180 5
4181 4
4182 0
4183 5
4184 0
4185 5
4186 5
4187 5
4188 0
4189 5
4190 0
4191 0
4192 0
4193 5
4194 5
4195 5
4196 5
4197 5
4198 5
4199 5
4200 4
4201 0
4202 0
4203 5
4204 3
4205 5
4206 3
4207 5
4208 4
4209 5
4210 0
4211 5
4212 3
4213 4
4214 4
4215 5
4216 5
4217 5
4218 5
4219 4
4220 5
4221 4
4222 5
4223 3
4224 5
4225 4
4226 0
4227 0
4228 5
4229 0
4230 0
4231 3
4232 3
4233 0
4234 5
4235 5
4236 5
4237 5
4238 5
4239 5
4240 4
4241 5
4242 5
4243 5
4244 5
4245 5
4246 4
4247 5
4248 5
4249 5
4250 5
4251 5
4252 5
4253 5
4254 0
4255 5
4256 5
4257 5
4258 5
4259 0
4260 5
4261 5
4262 5
4263 0
4264 5
4265 5
4266 5
4267 5
4268 5
4269 5
4270 5
4271 5
4272 5
4273 5
4274 5
4275 5
4276 5
4277 5
4278 5
4279 5
4280 5
4281 5
4282 0
4283 5
4284 5
4285 0
4286 5
4287 5
4288 5
4289 5
4290 5
4291 5
4292 5
4293 5
4294 5
4295 3
4296 5
4297 5
4298 5
4299 5
4300 5
4301 5
4302 5
4303 0
4304 5
4305 5
4306 5
4307 5
4308 5
4309 5
4310 3
4311 5
4312 0
4313 5
4314 5
4315 4
4316 0
4317 0
4318 5
4319 4
4320 5
4321 0
4322 4
4323 3
4324 0
4325 0
4326 4
4327 5
4328 4
4329 4
4330 4
4331 5
4332 3
4333 5
4334 5
4335 0
4336 5
4337 5
4338 5
4339 5
4340 5
4341 5
4342 5
4343 5
4344 5
4345 5
4346 5
4347 5
4348 5
4349 5
4350 4
4351 5
4352 5
4353 5
4354 5
4355 5
4356 5
4357 5
4358 5
4359 0
4360 0
4361 0
4362 5
4363 0
4364 5
4365 5
4366 5
4367 4
4368 5
4369 5
4370 0
4371 5
4372 5
4373 5
4374 5
4375 5
4376 5
4377 3
4378 4
4379 5
4380 0
4381 5
4382 3
4383 3
4384 4
4385 3
4386 3
4387 0
4388 0
4389 0
4390 5
4391 3
4392 0
4393 0
4394 4
4395 4
4396 5
4397 3
4398 3
4399 0
4400 3
4401 5
4402 5
4403 5
4404 5
4405 0
4406 4
4407 3
4408 4
4409 5
4410 5
4411 4
4412 3
4413 5
4414 5
4415 5
4416 0
4417 0
4418 5
4419 5
4420 5
4421 5
4422 3
4423 0
4424 4
4425 3
4426 0
4427 4
4428 4
4429 4
4430 5
4431 4
4432 5
4433 5
4434 5
4435 3
4436 3
4437 5
4438 5
4439 3
4440 4
4441 5
4442 4
4443 4
4444 4
4445 3
4446 4
4447 5
4448 4
4449 4
4450 4
4451 4
4452 1
4453 5
4454 4
4455 5
4456 5
4457 4
4458 4
4459 5
4460 4
4461 5
4462 5
4463 5
4464 5
4465 5
4466 5
4467 4
4468 5
4469 4
4470 5
4471 0
4472 5
4473 5
4474 5
4475 5
4476 5
4477 3
4478 5
4479 1
4480 5
4481 4
4482 5
4483 5
4484 3
4485 4
4486 5
4487 4
4488 4
4489 5
4490 5
4491 5
4492 5
4493 5
4494 5
4495 5
4496 5
4497 0
4498 3
4499 4
4500 0
4501 5
4502 5
4503 5
4504 5
4505 5
4506 5
4507 4
4508 5
4509 5
4510 4
4511 4
4512 5
4513 4
4514 4
4515 4
4516 3
4517 4
4518 5
4519 5
4520 5
4521 5
4522 3
4523 4
4524 5
4525 5
4526 4
4527 3
4528 4
4529 3
4530 5
4531 5
4532 4
4533 3
4534 5
4535 4
4536 4
4537 4
4538 4
4539 4
4540 4
4541 4
4542 4
4543 3
4544 5
4545 4
4546 4
4547 4
4548 5
4549 3
4550 4
4551 5
4552 4
4553 4
4554 0
4555 4
4556 5
4557 4
4558 4
4559 4
4560 4
4561 3
4562 4
4563 5
4564 3
4565 3
4566 4
4567 4
4568 4
4569 5
4570 5
4571 4
4572 4
4573 4
4574 4
4575 4
4576 3
4577 4
4578 5
4579 4
4580 4
4581 5
4582 4
4583 4
4584 5
4585 5
4586 4
4587 4
4588 4
4589 4
4590 3
4591 4
4592 4
4593 4
4594 4
4595 4
4596 4
4597 4
4598 5
4599 4
4600 4
4601 4
4602 0
4603 4
4604 4
4605 4
4606 4
4607 5
4608 4
4609 4
4610 3
4611 4
4612 4
4613 4
4614 4
4615 4
4616 4
4617 4
4618 4
4619 4
4620 4
4621 4
4622 4
4623 4
4624 4
4625 4
4626 4
4627 3
4628 4
4629 4
4630 4
4631 4
4632 5
4633 3
4634 4
4635 5
4636 4
4637 4
4638 4
4639 5
4640 5
4641 3
4642 5
4643 5
4644 5
4645 4
4646 5
4647 3
4648 3
4649 5
4650 5
4651 5
4652 5
4653 5
4654 5
4655 5
4656 0
4657 4
4658 5
4659 4
4660 4
4661 3
4662 5
4663 4
4664 5
4665 5
4666 4
4667 5
4668 4
4669 5
4670 0
4671 3
4672 5
4673 5
4674 5
4675 5
4676 5
4677 5
4678 5
4679 0
4680 0
4681 5
4682 4
4683 0
4684 1
4685 4
4686 4
4687 5
4688 5
4689 0
4690 5
4691 4
4692 5
4693 5
4694 5
4695 4
4696 3
4697 4
4698 5
4699 5
4700 5
4701 5
4702 5
4703 5
4704 5
4705 4
4706 5
4707 4
4708 0
4709 4
4710 3
4711 4
4712 5
4713 4
4714 5
4715 4
4716 0
4717 3
4718 5
4719 0
4720 5
4721 4
4722 5
4723 4
4724 5
4725 5
4726 4
4727 5
4728 3
4729 5
4730 5
4731 4
4732 4
4733 4
4734 4
4735 4
4736 0
4737 4
4738 5
4739 5
4740 4
4741 0
4742 4
4743 5
4744 4
4745 4
4746 4
4747 4
4748 5
4749 5
4750 5
4751 4
4752 5
4753 0
4754 4
4755 5
4756 4
4757 0
4758 5
4759 4
4760 5
4761 5
4762 5
4763 5
4764 4
4765 5
4766 5
4767 4
4768 5
4769 0
4770 5
4771 0
4772 4
4773 0
4774 5
4775 0
4776 0
4777 4
4778 4
4779 4
4780 5
4781 4
4782 4
4783 0
4784 0
4785 0
4786 0
4787 0
4788 0
4789 0
4790 0
4791 0
4792 0
4793 5
4794 5
4795 0
4796 5
4797 0
4798 0
4799 0
4800 5
4801 4
4802 5
4803 5
4804 4
4805 4
4806 0
4807 4
4808 4
4809 3
4810 5
4811 5
4812 0
4813 4
4814 4
4815 4
4816 4
4817 5
4818 5
4819 0
4820 5
4821 5
4822 5
4823 0
4824 4
4825 0
4826 4
4827 4
4828 5
4829 4
4830 4
4831 0
4832 5
4833 4
4834 5
4835 5
4836 4
4837 0
4838 4
4839 4
4840 4
4841 5
4842 5
4843 0
4844 5
4845 5
4846 5
4847 5
4848 0
4849 4
4850 4
4851 4
4852 5
4853 5
4854 5
4855 4
4856 5
4857 5
4858 0
4859 4
4860 4
4861 5
4862 5
4863 4
4864 3
4865 0
4866 5
4867 4
4868 4
4869 5
4870 4
4871 3
4872 4
4873 3
4874 5
4875 5
4876 4
4877 5
4878 5
4879 0
4880 0
4881 5
4882 5
4883 4
4884 0
4885 5
4886 4
4887 5
4888 4
4889 5
4890 4
4891 3
4892 4
4893 5
4894 5
4895 4
4896 5
4897 5
4898 5
4899 5
4900 4
4901 4
4902 3
4903 5
4904 4
4905 0
4906 5
4907 5
4908 4
4909 1
4910 1
4911 5
4912 5
4913 4
4914 0
4915 5
4916 5
4917 5
4918 5
4919 5
4920 4
4921 5
4922 5
4923 5
4924 5
4925 5
4926 3
4927 4
4928 5
4929 0
4930 5
4931 5
4932 0
4933 5
4934 0
4935 5
4936 5
4937 0
4938 0
4939 0
4940 0
4941 5
4942 4
4943 4
4944 0
4945 4
4946 0
4947 5
4948 5
4949 4
4950 5
4951 5
4952 1
4953 5
4954 5
4955 5
4956 4
4957 5
4958 5
4959 4
4960 5
4961 4
4962 5
4963 0
4964 3
4965 4
4966 3
4967 3
4968 4
4969 0
4970 5
4971 4
4972 3
4973 4
4974 0
4975 5
4976 0
4977 3
4978 4
4979 3
4980 5
4981 4
4982 4
4983 4
4984 0
4985 3
4986 5
4987 4
4988 5
4989 5
4990 5
4991 0
4992 3
4993 4
4994 1
4995 5
4996 5
4997 5
4998 4
4999 3
5000 4
5001 4
5002 5
5003 5
5004 5
5005 5
5006 5
5007 4
5008 3
5009 4
5010 4
5011 5
5012 4
5013 0
5014 0
5015 0
5016 3
5017 7
5018 7
5019 4
5020 7
5021 4
5022 4
5023 4
5024 7
5025 7
5026 3
5027 5
5028 7
5029 3
5030 7
5031 5
5032 4
5033 5
5034 7
5035 3
5036 0
5037 7
5038 7
5039 4
5040 5
5041 5
5042 3
5043 5
5044 5
5045 0
5046 5
5047 3
5048 5
5049 5
5050 5
5051 4
5052 0
5053 3
5054 0
5055 0
5056 5
5057 5
5058 5
5059 5
5060 5
5061 5
5062 5
5063 5
5064 5
5065 5
5066 5
5067 4
5068 5
5069 5
5070 5
5071 0
5072 5
5073 5
5074 5
5075 5
5076 5
5077 3
5078 5
5079 5
5080 5
5081 5
5082 5
5083 3
5084 3
5085 5
5086 0
5087 4
5088 5
5089 5
5090 5
5091 0
5092 5
5093 4
5094 5
5095 5
5096 4
5097 4
5098 5
5099 5
5100 5
5101 5
5102 5
5103 5
5104 5
5105 5
5106 4
5107 5
5108 0
5109 5
5110 5
5111 5
5112 5
5113 4
5114 0
5115 0
5116 5
5117 5
5118 0
5119 0
5120 5
5121 5
5122 5
5123 4
5124 4
5125 5
5126 5
5127 5
5128 5
5129 5
5130 5
5131 4
5132 5
5133 5
5134 4
5135 5
5136 5
5137 5
5138 0
5139 0
5140 5
5141 5
5142 0
5143 5
5144 5
5145 3
5146 5
5147 4
5148 5
5149 0
5150 5
5151 5
5152 5
5153 0
5154 0
5155 0
5156 0
5157 5
5158 5
5159 5
5160 5
5161 5
5162 5
5163 5
5164 5
5165 0
5166 5
5167 4
5168 5
5169 5
5170 0
5171 5
5172 5
5173 0
5174 5
5175 5
5176 5
5177 5
5178 5
5179 5
5180 5
5181 5
5182 0
5183 5
5184 0
5185 5
5186 5
5187 5
5188 5
5189 5
5190 5
5191 5
5192 5
5193 5
5194 5
5195 5
5196 5
5197 5
5198 5
5199 5
5200 0
5201 5
5202 5
5203 5
5204 4
5205 4
5206 5
5207 4
5208 3
5209 5
5210 4
5211 5
5212 5
5213 5
5214 5
5215 5
5216 3
5217 0
5218 5
5219 5
5220 4
5221 4
5222 5
5223 5
5224 3
5225 5
5226 4
5227 0
5228 5
5229 4
5230 4
5231 0
5232 0
5233 5
5234 5
5235 0
5236 5
5237 5
5238 5
5239 5
5240 5
5241 5
5242 5
5243 0
5244 5
5245 5
5246 5
5247 3
5248 3
5249 4
5250 4
5251 0
5252 5
5253 0
5254 4
5255 3
5256 4
5257 3
5258 5
5259 3
5260 3
5261 3
5262 3
5263 4
5264 3
5265 4
5266 0
5267 5
5268 3
5269 4
5270 5
5271 0
5272 4
5273 3
5274 0
5275 3
5276 0
5277 3
5278 0
5279 0
5280 3
5281 0
5282 3
5283 5
5284 5
5285 5
5286 3
5287 5
5288 5
5289 4
5290 5
5291 5
5292 3
5293 5
5294 5
5295 0
5296 4
5297 4
5298 4
5299 4
5300 0
5301 4
5302 0
5303 4
5304 4
5305 4
5306 4
5307 5
5308 4
5309 4
5310 4
5311 4
5312 4
5313 4
5314 4
5315 4
5316 3
5317 0
5318 0
5319 0
5320 5
5321 0
5322 5
5323 0
5324 0
5325 0
5326 0
5327 4
5328 3
5329 0
5330 0
5331 4
5332 0
5333 5
5334 0
5335 0
5336 0
5337 0
5338 0
5339 0
5340 0
5341 5
5342 5
5343 4
5344 4
5345 5
5346 5
5347 4
5348 5
5349 4
5350 0
5351 4
5352 4
5353 5
5354 4
5355 4
5356 4
5357 5
5358 4
5359 4
5360 3
5361 4
5362 4
5363 5
5364 4
5365 4
5366 4
5367 4
5368 4
5369 5
5370 4
5371 5
5372 4
5373 4
5374 5
5375 4
5376 5
5377 5
5378 5
5379 5
5380 5
5381 5
5382 5
5383 5
5384 4
5385 5
5386 0
5387 3
5388 4
5389 5
5390 0
5391 4
5392 5
5393 5
5394 5
5395 4
5396 5
5397 4
5398 4
5399 4
5400 4
5401 4
5402 4
5403 0
5404 3
5405 4
5406 5
5407 5
5408 3
5409 4
5410 5
5411 4
5412 5
5413 4
5414 5
5415 4
5416 4
5417 3
5418 3
5419 5
5420 4
5421 4
5422 4
5423 4
5424 5
5425 3
5426 5
5427 5
5428 4
5429 4
5430 4
5431 0
5432 5
5433 4
5434 4
5435 4
5436 4
5437 5
5438 4
5439 5
5440 1
5441 5
5442 4
5443 9
5444 3
5445 0
5446 4
5447 4
5448 4
5449 0
5450 4
5451 4
5452 4
5453 5
5454 4
5455 4
5456 4
5457 5
5458 5
5459 4
5460 5
5461 4
5462 4
5463 5
5464 0
5465 3
5466 4
5467 4
5468 5
5469 4
5470 3
5471 5
5472 4
5473 3
5474 5
5475 4
5476 3
5477 3
5478 3
5479 5
5480 4
5481 5
5482 0
5483 4
5484 3
5485 4
5486 5
5487 4
5488 3
5489 4
5490 5
5491 4
5492 0
5493 3
5494 4
5495 4
5496 4
5497 4
5498 1
5499 4
5500 4
5501 4
5502 5
5503 3
5504 4
5505 5
5506 4
5507 5
5508 4
5509 4
5510 4
5511 4
5512 4
5513 4
5514 4
5515 4
5516 5
5517 4
5518 4
5519 4
5520 0
5521 4
5522 0
5523 5
5524 4
5525 4
5526 5
5527 5
5528 0
5529 3
5530 4
5531 0
5532 4
5533 4
5534 5
5535 4
5536 3
5537 0
5538 4
5539 4
5540 4
5541 4
5542 4
5543 5
5544 5
5545 5
5546 5
5547 5
5548 4
5549 0
5550 3
5551 4
5552 4
5553 4
5554 5
5555 1
5556 4
5557 0
5558 4
5559 5
5560 5
5561 5
5562 5
5563 4
5564 5
5565 4
5566 5
5567 4
5568 5
5569 3
5570 4
5571 5
5572 3
5573 0
5574 5
5575 4
5576 5
5577 5
5578 4
5579 5
5580 4
5581 4
5582 3
5583 4
5584 0
5585 4
5586 5
5587 4
5588 4
5589 4
5590 0
5591 4
5592 0
5593 4
5594 4
5595 4
5596 4
5597 5
5598 4
5599 4
5600 3
5601 4
5602 0
5603 5
5604 3
5605 4
5606 5
5607 4
5608 4
5609 5
5610 5
5611 3
5612 3
5613 4
5614 4
5615 4
5616 4
5617 4
5618 5
5619 4
5620 4
5621 5
5622 4
5623 4
5624 5
5625 4
5626 4
5627 3
5628 4
5629 4
5630 0
5631 5
5632 4
5633 5
5634 4
5635 4
5636 0
5637 0
5638 3
5639 5
5640 3
5641 4
5642 4
5643 4
5644 4
5645 4
5646 5
5647 4
5648 4
5649 5
5650 4
5651 4
5652 5
5653 4
5654 4
5655 4
5656 4
5657 3
5658 3
5659 4
5660 4
5661 4
5662 0
5663 3
5664 4
5665 4
5666 4
5667 4
5668 0
5669 5
5670 5
5671 4
5672 4
5673 4
5674 0
5675 4
5676 5
5677 0
5678 0
5679 4
5680 4
5681 3
5682 5
5683 4
5684 5
5685 5
5686 4
5687 5
5688 4
5689 3
5690 4
5691 5
5692 0
5693 4
5694 3
5695 4
5696 5
5697 5
5698 5
5699 3
5700 0
5701 5
5702 5
5703 5
5704 5
5705 5
5706 5
5707 4
5708 5
5709 5
5710 4
5711 5
5712 4
5713 5
5714 5
5715 4
5716 4
5717 4
5718 4
5719 0
5720 4
5721 5
5722 5
5723 5
5724 5
5725 5
5726 4
5727 5
5728 4
5729 4
5730 4
5731 5
5732 4
5733 5
5734 4
5735 4
5736 5
5737 5
5738 4
5739 0
5740 0
5741 0
5742 0
5743 5
5744 5
5745 4
5746 5
5747 3
5748 5
5749 0
5750 5
5751 5
5752 5
5753 3
5754 5
5755 5
5756 5
5757 5
5758 5
5759 5
5760 5
5761 5
5762 5
5763 5
5764 5
5765 5
5766 5
5767 5
5768 5
5769 5
5770 5
5771 5
5772 4
5773 5
5774 4
5775 4
5776 5
5777 5
5778 5
5779 5
5780 5
5781 5
5782 5
5783 5
5784 5
5785 0
5786 5
5787 5
5788 5
5789 5
5790 5
5791 0
5792 5
5793 5
5794 4
5795 3
5796 5
5797 5
5798 5
5799 5
5800 5
5801 5
5802 5
5803 5
5804 5
5805 5
5806 5
5807 5
5808 5
5809 5
5810 0
5811 4
5812 5
5813 5
5814 4
5815 5
5816 3
5817 5
5818 4
5819 0
5820 0
5821 5
5822 3
5823 3
5824 3
5825 3
5826 4
5827 5
5828 0
5829 5
5830 4
5831 4
5832 5
5833 4
5834 4
5835 5
5836 3
5837 0
5838 3
5839 5
5840 5
5841 5
5842 5
5843 3
5844 4
5845 0
5846 5
5847 4
5848 0
5849 5
5850 5
5851 0
5852 4
5853 3
5854 5
5855 4
5856 5
5857 5
5858 0
5859 0
5860 0
5861 5
5862 0
5863 0
5864 0
5865 0
5866 0
5867 0
5868 5
5869 4
5870 4
5871 5
5872 5
5873 5
5874 5
5875 5
5876 5
5877 5
5878 5
5879 5
5880 5
5881 5
5882 4
5883 4
5884 4
5885 5
5886 4
5887 5
5888 5
5889 3
5890 5
5891 0
5892 5
5893 5
5894 4
5895 4
5896 4
5897 5
5898 4
5899 4
5900 4
5901 4
5902 4
5903 5
5904 3
5905 4
5906 4
5907 5
5908 4
5909 3
5910 4
5911 4
5912 5
5913 4
5914 5
5915 3
5916 4
5917 0
5918 5
5919 5
5920 5
5921 4
5922 4
5923 5
5924 4
5925 3
5926 4
5927 4
5928 4
5929 4
5930 3
5931 5
5932 5
5933 5
5934 5
5935 3
5936 4
5937 3
5938 5
5939 5
5940 1
5941 4
5942 4
5943 4
5944 4
5945 1
5946 5
5947 5
5948 5
5949 5
5950 3
5951 5
5952 5
5953 5
5954 5
5955 5
5956 4
5957 5
5958 5
5959 4
5960 5
5961 4
5962 5
5963 5
5964 5
5965 5
5966 4
5967 5
5968 4
5969 3
5970 4
5971 5
5972 5
5973 3
5974 5
5975 5
5976 5
5977 5
5978 5
5979 5
5980 5
5981 5
5982 5
5983 5
5984 5
5985 5
5986 5
5987 5
5988 5
5989 5
5990 5
5991 5
5992 5
5993 4
5994 5
5995 5
5996 5
5997 5
5998 5
5999 3
6000 0
6001 5
6002 3
6003 5
6004 4
6005 5
6006 4
6007 3
6008 0
6009 4
6010 5
6011 4
6012 4
6013 4
6014 5
6015 4
6016 4
6017 1
6018 5
6019 5
6020 4
6021 5
6022 5
6023 5
6024 5
6025 4
6026 5
6027 5
6028 0
6029 5
6030 5
6031 3
6032 4
6033 4
6034 5
6035 4
6036 4
6037 5
6038 4
6039 4
6040 5
6041 0
6042 5
6043 5
6044 3
6045 0
6046 3
6047 3
6048 5
6049 5
6050 8
6051 8
6052 8
6053 8
6054 5
6055 5
6056 4
6057 4
6058 4
6059 0
6060 4
6061 5
6062 4
6063 0
6064 5
6065 0
6066 5
6067 5
6068 5
6069 5
6070 5
6071 5
6072 5
6073 4
6074 0
6075 0
6076 4
6077 0
6078 0
6079 5
6080 5
6081 0
6082 5
6083 0
6084 0
6085 0
6086 0
6087 0
6088 0
6089 3
6090 5
6091 3
6092 0
6093 3
6094 5
6095 5
6096 5
6097 5
6098 5
6099 5
6100 5
6101 5
6102 4
6103 5
6104 4
6105 4
6106 4
6107 4
6108 5
6109 5
6110 5
6111 4
6112 3
6113 4
6114 4
6115 4
6116 3
6117 4
6118 5
6119 5
6120 5
6121 5
6122 5
6123 3
6124 5
6125 5
6126 0
6127 5
6128 3
6129 0
6130 0
6131 5
6132 4
6133 5
6134 5
6135 5
6136 5
6137 5
6138 5
6139 5
6140 5
6141 3
6142 4
6143 4
6144 4
6145 4
6146 4
6147 5
6148 5
6149 5
6150 4
6151 4
6152 4
6153 4
6154 5
6155 3
6156 3
6157 3
6158 0
6159 4
6160 4
6161 4
6162 5
6163 0
6164 0
6165 0
6166 4
6167 3
6168 0
6169 4
6170 3
6171 4
6172 5
6173 4
6174 4
6175 4
6176 5
6177 5
6178 1
6179 3
6180 4
6181 4
6182 4
6183 4
6184 4
6185 5
6186 5
6187 5
6188 3
6189 3
6190 5
6191 5
6192 5
6193 5
6194 5
6195 5
6196 5
6197 5
6198 5
6199 5
6200 0
6201 5
6202 4
6203 5
6204 4
6205 4
6206 5
6207 5
6208 5
6209 4
6210 5
6211 5
6212 5
6213 4
6214 4
6215 5
6216 5
6217 5
6218 5
6219 5
6220 5
6221 4
6222 4
6223 5
6224 4
6225 5
6226 5
6227 5
6228 5
6229 5
6230 5
6231 3
6232 5
6233 5
6234 5
6235 5
6236 5
6237 5
6238 5
6239 3
6240 3
6241 5
6242 5
6243 5
6244 4
6245 4
6246 0
6247 4
6248 0
6249 4
6250 3
6251 5
6252 3
6253 5
6254 3
6255 5
6256 3
6257 4
6258 4
6259 3
6260 5
6261 4
6262 4
6263 4
6264 4
6265 4
6266 5
6267 0
6268 3
6269 4
6270 5
6271 4
6272 5
6273 4
6274 5
6275 4
6276 0
6277 4
6278 3
6279 4
6280 3
6281 4
6282 4
6283 4
6284 0
6285 0
6286 4
6287 0
6288 4
6289 0
6290 5
6291 3
6292 3
6293 3
6294 5
6295 5
6296 0
6297 3
6298 4
6299 4
6300 0
6301 4
6302 4
6303 0
6304 3
6305 0
6306 0
6307 4
6308 5
6309 4
6310 3
6311 5
6312 4
6313 3
6314 3
6315 5
6316 4
6317 4
6318 3
6319 5
6320 4
6321 4
6322 1
6323 5
6324 4
6325 4
6326 5
6327 4
6328 3
6329 5
6330 3
6331 4
6332 3
6333 3
6334 0
6335 5
6336 4
6337 3
6338 4
6339 4
6340 4
6341 4
6342 4
6343 4
6344 4
6345 5
6346 1
6347 5
6348 4
6349 4
6350 3
6351 4
6352 4
6353 3
6354 3
6355 4
6356 3
6357 4
6358 4
6359 4
6360 4
6361 5
6362 4
6363 4
6364 4
6365 5
6366 3
6367 3
6368 4
6369 4
6370 5
6371 0
6372 4
6373 3
6374 4
6375 0
6376 4
6377 0
6378 4
6379 4
6380 4
6381 5
6382 4
6383 1
6384 3
6385 0
6386 5
6387 5
6388 5
6389 5
6390 4
6391 5
6392 5
6393 4
6394 0
6395 0
6396 0
6397 0
6398 5
6399 4
6400 0
6401 4
6402 3
6403 4
6404 4
6405 5
6406 4
6407 4
6408 4
6409 0
6410 4
6411 5
6412 4
6413 4
6414 0
6415 4
6416 5
6417 0
6418 5
6419 4
6420 4
6421 5
6422 5
6423 0
6424 3
6425 3
6426 5
6427 0
6428 0
6429 0
6430 4
6431 5
6432 5
6433 4
6434 4
6435 5
6436 5
6437 0
6438 0
6439 5
6440 5
6441 5
6442 0
6443 4
6444 5
6445 5
6446 5
6447 1
6448 1
6449 1
6450 3
6451 0
6452 0
6453 5
6454 5
6455 5
6456 5
6457 5
6458 0
6459 5
6460 5
6461 0
6462 0
6463 5
6464 5
6465 5
6466 5
6467 0
6468 3
6469 5
6470 5
6471 5
6472 5
6473 5
6474 5
6475 5
6476 5
6477 5
6478 5
6479 5
6480 5
6481 5
6482 5
6483 1
6484 4
6485 0
6486 4
6487 4
6488 0
6489 0
6490 4
6491 3
6492 4
6493 5
6494 4
6495 5
6496 4
6497 0
6498 4
6499 0
6500 4
6501 0
6502 4
6503 4
6504 5
6505 0
6506 3
6507 4
6508 4
6509 4
6510 5
6511 4
6512 4
6513 4
6514 5
6515 4
6516 9
6517 5
6518 0
6519 0
6520 5
6521 5
6522 5
6523 5
6524 5
6525 5
6526 5
6527 5
6528 5
6529 5
6530 5
6531 5
6532 3
6533 3
6534 5
6535 5
6536 0
6537 0
6538 5
6539 0
6540 0
6541 3
6542 3
6543 5
6544 5
6545 4
6546 5
6547 5
6548 5
6549 3
6550 5
6551 4
6552 4
6553 4
6554 1
6555 4
6556 4
6557 5
6558 4
6559 4
6560 5
6561 4
6562 4
6563 0
6564 4
6565 4
6566 4
6567 3
6568 3
6569 3
6570 3
6571 0
6572 5
6573 0
6574 4
6575 5
6576 4
6577 4
6578 0
6579 5
6580 5
6581 0
6582 0
6583 5
6584 5
6585 5
6586 0
6587 5
6588 0
6589 0
6590 0
6591 0
6592 5
6593 5
6594 5
6595 0
6596 4
6597 4
6598 5
6599 5
6600 0
6601 0
6602 4
6603 3
6604 4
6605 0
6606 4
6607 5
6608 4
6609 4
6610 4
6611 1
6612 0
6613 4
6614 4
6615 4
6616 5
6617 0
6618 0
6619 0
6620 4
6621 4
6622 4
6623 4
6624 4
6625 4
6626 4
6627 5
6628 4
6629 4
6630 4
6631 4
6632 4
6633 4
6634 4
6635 4
6636 4
6637 3
6638 3
6639 3
6640 4
6641 5
6642 5
6643 5
6644 5
6645 5
6646 5
6647 4
6648 0
6649 0
6650 4
6651 5
6652 4
6653 3
6654 4
6655 3
6656 0
6657 3
6658 3
6659 3
6660 0
6661 5
6662 5
6663 0
6664 4
6665 5
6666 5
6667 4
6668 4
6669 4
6670 4
6671 0
6672 0
6673 0
6674 4
6675 3
6676 1
6677 4
6678 4
6679 1
6680 5
6681 5
6682 5
6683 0
6684 3
6685 4
6686 5
6687 5
6688 0
6689 3
6690 3
6691 3
6692 3
6693 3
6694 4
6695 3
6696 3
6697 3
6698 3
6699 5
6700 3
6701 0
6702 5
6703 5
6704 4
6705 0
6706 4
6707 1
6708 9
6709 9
6710 9
6711 9
6712 9
6713 9
6714 9
6715 9
6716 5
6717 9
6718 9
6719 9
6720 9
6721 3
6722 4
6723 5
6724 4
6725 4
6726 4
6727 4
6728 4
6729 4
6730 4
6731 4
6732 5
6733 0
6734 0
6735 5
6736 0
6737 5
6738 3
6739 5
6740 5
6741 3
6742 4
6743 1
6744 0
6745 0
6746 3
6747 0
6748 0
6749 0
6750 4
6751 5
6752 0
6753 0
6754 5
6755 1
6756 4
6757 4
6758 4
6759 4
6760 4
6761 5
6762 4
6763 5
6764 5
6765 5
6766 0
6767 1
6768 1
6769 5
6770 0
6771 0
6772 0
6773 0
6774 4
6775 4
6776 4
6777 0
6778 0
6779 5
6780 5
6781 0
6782 0
6783 0
6784 0
6785 0
6786 0
6787 3
6788 0
6789 5
6790 4
6791 0
6792 0
6793 0
6794 0
6795 0
6796 0
6797 5
6798 5
6799 5
6800 5
6801 0
6802 4
6803 5
6804 5
6805 5
6806 5
6807 5
6808 5
6809 5
6810 5
6811 5
6812 5
6813 5
6814 5
6815 5
6816 5
6817 5
6818 5
6819 5
6820 5
6821 5
6822 5
6823 5
6824 5
6825 5
6826 5
6827 5
6828 5
6829 5
6830 5
6831 5
6832 5
6833 5
6834 5
6835 5
6836 5
6837 5
6838 5
6839 5
6840 5
6841 5
6842 5
6843 5
6844 5
6845 5
6846 5
6847 5
6848 5
6849 5
6850 5
6851 5
6852 5
6853 5
6854 5
6855 5
6856 5
6857 5
6858 5
6859 5
6860 5
6861 5
6862 5
6863 5
6864 5
6865 5
6866 5
6867 5
6868 5
6869 5
6870 5
6871 5
6872 5
6873 5
6874 5
6875 5
6876 5
6877 5
6878 5
6879 5
6880 5
6881 5
6882 5
6883 3
6884 5
6885 5
6886 4
6887 5
6888 4
6889 4
6890 4
6891 4
6892 4
6893 5
6894 5
6895 0
6896 0
6897 0
6898 0
6899 4
6900 5
6901 5
6902 5
6903 3
6904 3
6905 0
6906 0
6907 0
6908 5
6909 4
6910 4
6911 0
6912 4
6913 5
6914 0
6915 0
6916 0
6917 1
6918 5
6919 0
6920 5
6921 5
6922 1
6923 5
6924 5
6925 5
6926 5
6927 5
6928 0
6929 0
6930 5
6931 5
6932 0
6933 1
6934 5
6935 3
6936 0
6937 0
6938 0
6939 0
6940 0
6941 0
6942 0
6943 3
6944 0
6945 3
6946 3
6947 5
6948 4
6949 0
6950 3
6951 0
6952 0
6953 3
6954 0
6955 0
6956 0
6957 0
6958 0
6959 0
6960 0
6961 5
6962 5
6963 5
6964 5
6965 5
6966 5
6967 5
6968 5
6969 3
6970 0
6971 0
6972 0
6973 5
6974 5
6975 5
6976 4
6977 4
6978 3
6979 5
6980 5
6981 5
6982 3
6983 3
6984 3
6985 3
6986 0
6987 4
6988 0
6989 0
6990 0
6991 3
6992 3
6993 4
6994 4
6995 4
6996 0
6997 0
6998 0
6999 0
7000 3
7001 0
7002 0
7003 0
7004 1
7005 1
7006 1
7007 5
7008 3
7009 3
7010 5
7011 4
7012 4
7013 5
7014 0
7015 0
7016 0
7017 0
7018 0
7019 0
7020 0
7021 0
7022 0
7023 1
7024 5
7025 0
7026 0
7027 5
7028 5
7029 0
7030 5
7031 0
7032 0
7033 3
7034 5
7035 5
7036 5
7037 3
7038 0
7039 4
7040 5
7041 3
7042 5
7043 5
7044 5
7045 5
7046 4
7047 4
7048 4
7049 5
7050 0
7051 0
7052 0
7053 0
7054 0
7055 0
7056 0
7057 5
7058 5
7059 5
7060 5
7061 5
7062 5
7063 5
7064 5
7065 5
7066 0
7067 0
7068 0
7069 4
7070 4
7071 1
7072 0
7073 5
7074 5
7075 0
7076 0
7077 1
7078 4
7079 0
7080 4
7081 4
7082 4
7083 4
7084 1
7085 1
7086 5
7087 5
7088 5
7089 5
7090 5
7091 4
7092 5
7093 5
7094 5
7095 5
7096 5
7097 3
7098 5
7099 0
7100 5
7101 5
7102 5
7103 5
7104 5
7105 1
7106 5
7107 5
7108 4
7109 5
7110 5
7111 5
7112 5
7113 5
7114 4
7115 4
7116 5
7117 0
7118 0
7119 0
0 0
1 0
2 2
3 4
4 2
5 1
6 1
7 2
8 3
9 4
0 0
1 1
2 2
3 3
4 4
1e-06 0.12604 94
