0 0
1 0
2 0
3 0
4 0
5 0
6 0
7 0
8 1
9 0
10 0
11 1
12 0
13 0
14 0
15 0
16 0
17 7
18 7
19 0
20 0
21 0
22 0
23 2
24 0
25 0
26 0
27 0
28 0
29 7
30 0
31 7
32 0
33 0
34 0
35 0
36 0
37 7
38 0
39 0
40 0
41 0
42 0
43 0
44 0
45 0
46 7
47 0
48 0
49 0
50 0
51 1
52 0
53 0
54 0
55 1
56 0
57 7
58 0
59 0
60 0
61 0
62 2
63 7
64 7
65 2
66 0
67 2
68 2
69 1
70 7
71 2
72 3
73 7
74 7
75 7
76 2
77 2
78 2
79 0
80 7
81 0
82 0
83 1
84 2
85 0
86 3
87 0
88 2
89 0
90 0
91 1
92 2
93 1
94 2
95 2
96 2
97 1
98 2
99 0
100 1
101 1
102 2
103 1
104 2
105 2
106 2
107 2
108 0
109 1
110 2
111 1
112 0
113 1
114 2
115 3
116 0
117 2
118 1
119 0
120 0
121 0
122 2
123 2
124 2
125 2
126 2
127 0
128 2
129 2
130 0
131 0
132 0
133 2
134 0
135 2
136 0
137 2
138 1
139 1
140 0
141 2
142 2
143 2
144 1
145 0
146 0
147 2
148 2
149 0
150 0
151 0
152 2
153 2
154 0
155 0
156 0
157 2
158 0
159 1
160 1
161 0
162 1
163 1
164 2
165 1
166 2
167 2
168 2
169 2
170 1
171 2
172 0
173 0
174 2
175 1
176 2
177 0
178 1
179 0
180 0
181 0
182 0
183 0
184 1
185 2
186 1
187 1
188 2
189 0
190 1
191 0
192 0
193 1
194 2
195 1
196 0
197 0
198 0
199 3
200 2
201 2
202 0
203 0
204 1
205 2
206 2
207 1
208 0
209 2
210 0
211 1
212 1
213 2
214 2
215 1
216 0
217 0
218 1
219 2
220 0
221 2
222 7
223 2
224 1
225 2
226 1
227 2
228 1
229 2
230 0
231 2
232 0
233 0
234 1
235 1
236 2
237 0
238 2
239 1
240 0
241 0
242 2
243 1
244 2
245 1
246 0
247 2
248 1
249 1
250 2
251 1
252 0
253 1
254 2
255 1
256 2
257 0
258 1
259 7
260 0
261 0
262 0
263 1
264 0
265 1
266 2
267 2
268 2
269 3
270 2
271 0
272 2
273 0
274 0
275 1
276 2
277 1
278 2
279 1
280 0
281 0
282 0
283 2
284 0
285 0
286 2
287 1
288 1
289 2
290 1
291 1
292 2
293 0
294 2
295 2
296 2
297 0
298 2
299 0
300 1
301 1
302 0
303 2
304 1
305 1
306 7
307 2
308 2
309 2
310 1
311 1
312 1
313 1
314 1
315 2
316 0
317 0
318 2
319 2
320 1
321 7
322 3
323 0
324 0
325 2
326 1
327 0
328 1
329 1
330 7
331 2
332 2
333 0
334 2
335 2
336 1
337 0
338 3
339 1
340 2
341 0
342 0
343 2
344 0
345 1
346 0
347 7
348 1
349 0
350 2
351 1
352 2
353 0
354 1
355 0
356 1
357 0
358 2
359 1
360 1
361 1
362 2
363 0
364 2
365 2
366 2
367 1
368 2
369 2
370 2
371 1
372 0
373 0
374 1
375 0
376 2
377 2
378 2
379 0
380 1
381 1
382 1
383 2
384 2
385 1
386 0
387 1
388 0
389 1
390 0
391 0
392 2
393 2
394 0
395 2
396 2
397 2
398 1
399 0
400 0
401 2
402 2
403 0
404 2
405 2
406 2
407 2
408 1
409 0
410 2
411 2
412 2
413 0
414 1
415 0
416 0
417 2
418 1
419 0
420 2
421 1
422 2
423 2
424 0
425 1
426 1
427 1
428 1
429 1
430 2
431 2
432 1
433 0
434 1
435 2
436 7
437 0
438 2
439 0
440 1
441 0
442 0
443 0
444 1
445 0
446 2
447 2
448 0
449 0
450 2
451 0
452 1
453 0
454 1
455 0
456 1
457 2
458 2
459 1
460 2
461 2
462 2
463 1
464 0
465 2
466 2
467 0
468 2
469 2
470 0
471 2
472 2
473 2
474 2
475 1
476 1
477 2
478 1
479 2
480 0
481 1
482 1
483 1
484 1
485 2
486 0
487 0
488 1
489 2
490 1
491 1
492 0
493 7
494 2
495 1
496 0
497 2
498 2
499 0
500 1
501 2
502 0
503 2
504 0
505 2
506 7
507 0
508 0
509 0
510 2
511 0
512 1
513 0
514 2
515 2
516 1
517 1
518 1
519 3
520 1
521 2
522 2
523 2
524 1
525 1
526 1
527 1
528 1
529 0
530 1
531 0
532 0
533 1
534 1
535 0
536 0
537 2
538 2
539 0
540 2
541 0
542 2
543 0
544 0
545 1
546 1
547 2
548 0
549 2
550 1
551 0
552 2
553 2
554 2
555 2
556 2
557 1
558 1
559 2
560 2
561 2
562 0
563 1
564 2
565 2
566 0
567 2
568 0
569 0
570 2
571 2
572 1
573 0
574 2
575 2
576 0
577 0
578 2
579 2
580 0
581 0
582 0
583 2
584 3
585 2
586 0
587 1
588 0
589 2
590 1
591 0
592 2
593 7
594 1
595 1
596 0
597 1
598 2
599 1
600 2
601 2
602 0
603 0
604 0
605 2
606 1
607 1
608 2
609 2
610 2
611 2
612 7
613 2
614 2
615 7
616 7
617 0
618 1
619 1
620 1
621 1
622 0
623 1
624 2
625 2
626 0
627 1
628 2
629 1
630 0
631 2
632 0
633 0
634 1
635 7
636 1
637 0
638 3
639 0
640 0
641 0
642 2
643 3
644 0
645 0
646 2
647 1
648 0
649 2
650 2
651 2
652 0
653 1
654 1
655 0
656 2
657 1
658 3
659 2
660 7
661 0
662 2
663 2
664 1
665 1
666 1
667 2
668 0
669 0
670 2
671 1
672 2
673 0
674 2
675 2
676 0
677 1
678 0
679 1
680 1
681 0
682 1
683 2
684 2
685 2
686 0
687 1
688 0
689 2
690 0
691 1
692 1
693 2
694 0
695 1
696 2
697 2
698 3
699 1
700 1
701 0
702 2
703 7
704 2
705 1
706 7
707 1
708 1
709 1
710 2
711 2
712 0
713 3
714 1
715 2
716 2
717 2
718 2
719 1
720 1
721 2
722 0
723 0
724 1
725 0
726 0
727 1
728 0
729 2
730 2
731 2
732 1
733 1
734 2
735 2
736 2
737 2
738 2
739 2
740 2
741 1
742 0
743 1
744 2
745 0
746 2
747 2
748 2
749 3
750 7
751 2
752 1
753 3
754 2
755 2
756 2
757 2
758 0
759 2
760 1
761 2
762 2
763 1
764 2
765 2
766 1
767 1
768 0
769 2
770 0
771 2
772 0
773 0
774 2
775 2
776 1
777 1
778 0
779 0
780 0
781 2
782 0
783 3
784 0
785 2
786 1
787 2
788 0
789 7
790 2
791 1
792 0
793 1
794 2
795 0
796 2
797 2
798 2
799 1
800 1
801 2
802 0
803 2
804 2
805 2
806 0
807 0
808 0
809 0
810 0
811 1
812 2
813 1
814 1
815 2
816 2
817 0
818 2
819 1
820 2
821 0
822 0
823 0
824 2
825 2
826 2
827 1
828 2
829 0
830 0
831 1
832 0
833 1
834 2
835 0
836 0
837 2
838 2
839 0
840 1
841 2
842 2
843 0
844 1
845 0
846 2
847 0
848 2
849 2
850 0
851 2
852 2
853 1
854 0
855 2
856 1
857 0
858 1
859 2
860 1
861 2
862 2
863 7
864 0
865 2
866 0
867 0
868 1
869 2
870 0
871 2
872 2
873 2
874 7
875 0
876 1
877 2
878 2
879 2
880 0
881 0
882 2
883 0
884 2
885 2
886 2
887 2
888 0
889 7
890 0
891 2
892 0
893 0
894 1
895 0
896 2
897 1
898 1
899 1
900 2
901 1
902 1
903 2
904 2
905 0
906 2
907 2
908 2
909 0
910 0
911 1
912 1
913 2
914 0
915 0
916 1
917 1
918 2
919 0
920 2
921 1
922 2
923 2
924 1
925 1
926 0
927 0
928 1
929 2
930 7
931 1
932 2
933 0
934 1
935 1
936 2
937 2
938 2
939 1
940 2
941 2
942 2
943 0
944 1
945 0
946 0
947 1
948 0
949 2
950 2
951 0
952 2
953 2
954 1
955 3
956 2
957 1
958 2
959 0
960 0
961 2
962 3
963 2
964 2
965 1
966 2
967 0
968 2
969 3
970 7
971 2
972 2
973 2
974 1
975 0
976 7
977 0
978 0
979 1
980 3
981 0
982 7
983 0
984 7
985 2
986 0
987 0
988 3
989 1
990 0
991 0
992 1
993 1
994 1
995 1
996 1
997 1
998 1
999 1
1000 7
1001 1
1002 0
1003 0
1004 0
1005 0
1006 0
1007 1
1008 0
1009 0
1010 2
1011 0
1012 0
1013 0
1014 2
1015 2
1016 0
1017 7
1018 0
1019 0
1020 1
1021 0
1022 1
1023 1
1024 1
1025 1
1026 1
1027 2
1028 1
1029 0
1030 1
1031 1
1032 1
1033 1
1034 0
1035 1
1036 1
1037 1
1038 0
1039 1
1040 1
1041 0
1042 1
1043 1
1044 1
1045 2
1046 0
1047 2
1048 2
1049 1
1050 0
1051 1
1052 0
1053 2
1054 2
1055 7
1056 2
1057 0
1058 2
1059 2
1060 7
1061 7
1062 1
1063 2
1064 0
1065 7
1066 7
1067 0
1068 0
1069 1
1070 0
1071 7
1072 1
1073 2
1074 2
1075 0
1076 1
1077 0
1078 7
1079 7
1080 7
1081 7
1082 2
1083 0
1084 2
1085 2
1086 7
1087 2
1088 2
1089 7
1090 0
1091 0
1092 3
1093 0
1094 0
1095 1
1096 0
1097 7
1098 2
1099 0
1100 2
1101 3
1102 1
1103 7
1104 0
1105 7
1106 7
1107 3
1108 2
1109 3
1110 2
1111 0
1112 7
1113 0
1114 0
1115 0
1116 1
1117 2
1118 7
1119 0
1120 7
1121 7
1122 2
1123 3
1124 2
1125 3
1126 3
1127 1
1128 2
1129 0
1130 1
1131 3
1132 3
1133 3
1134 0
1135 0
1136 3
1137 3
1138 3
1139 3
1140 7
1141 3
1142 2
1143 3
1144 2
1145 0
1146 3
1147 0
1148 2
1149 3
1150 3
1151 3
1152 0
1153 3
1154 0
1155 1
1156 7
1157 1
1158 3
1159 2
1160 3
1161 3
1162 3
1163 3
1164 0
1165 0
1166 2
1167 0
1168 1
1169 0
1170 1
1171 3
1172 0
1173 3
1174 1
1175 0
1176 2
1177 3
1178 0
1179 2
1180 2
1181 0
1182 2
1183 7
1184 3
1185 2
1186 3
1187 0
1188 0
1189 3
1190 0
1191 7
1192 0
1193 0
1194 3
1195 2
1196 0
1197 0
1198 3
1199 0
1200 2
1201 2
1202 3
1203 3
1204 1
1205 3
1206 3
1207 2
1208 3
1209 3
1210 1
1211 0
1212 1
1213 2
1214 0
1215 0
1216 3
1217 3
1218 0
1219 7
1220 3
1221 1
1222 7
1223 1
1224 2
1225 2
1226 0
1227 1
1228 0
1229 1
1230 2
1231 2
1232 2
1233 1
1234 7
1235 2
1236 0
1237 1
1238 2
1239 2
1240 2
1241 2
1242 7
1243 0
1244 2
1245 2
1246 2
1247 0
1248 2
1249 1
1250 2
1251 2
1252 0
1253 0
1254 3
1255 0
1256 3
1257 7
1258 0
1259 0
1260 0
1261 0
1262 0
1263 7
1264 2
1265 2
1266 0
1267 1
1268 2
1269 2
1270 1
1271 3
1272 1
1273 7
1274 0
1275 1
1276 3
1277 0
1278 2
1279 8
1280 1
1281 7
1282 0
1283 3
1284 0
1285 7
1286 1
1287 0
1288 2
1289 3
1290 7
1291 0
1292 2
1293 2
1294 2
1295 0
1296 1
1297 1
1298 1
1299 2
1300 2
1301 0
1302 2
1303 2
1304 0
1305 2
1306 0
1307 0
1308 2
1309 0
1310 1
1311 0
1312 2
1313 2
1314 0
1315 2
1316 2
1317 0
1318 2
1319 0
1320 0
1321 7
1322 0
1323 2
1324 7
1325 7
1326 2
1327 2
1328 2
1329 0
1330 2
1331 0
1332 2
1333 7
1334 0
1335 2
1336 1
1337 3
1338 2
1339 2
1340 1
1341 0
1342 2
1343 2
1344 2
1345 2
1346 2
1347 1
1348 2
1349 2
1350 2
1351 2
1352 0
1353 0
1354 2
1355 3
1356 1
1357 2
1358 7
1359 2
1360 2
1361 2
1362 2
1363 7
1364 1
1365 7
1366 2
1367 2
1368 0
1369 7
1370 2
1371 2
1372 0
1373 2
1374 0
1375 1
1376 1
1377 0
1378 0
1379 7
1380 2
1381 2
1382 2
1383 0
1384 2
1385 0
1386 1
1387 2
1388 2
1389 2
1390 2
1391 2
1392 2
1393 0
1394 0
1395 1
1396 7
1397 7
1398 2
1399 7
1400 2
1401 0
1402 0
1403 7
1404 2
1405 2
1406 0
1407 2
1408 2
1409 7
1410 1
1411 2
1412 1
1413 2
1414 2
1415 1
1416 2
1417 2
1418 1
1419 2
1420 2
1421 0
1422 1
1423 7
1424 2
1425 0
1426 2
1427 2
1428 2
1429 0
1430 0
1431 7
1432 0
1433 7
1434 3
1435 7
1436 0
1437 7
1438 7
1439 7
1440 2
1441 2
1442 0
1443 2
1444 2
1445 2
1446 0
1447 2
1448 1
1449 7
1450 1
1451 0
1452 2
1453 0
1454 1
1455 1
1456 0
1457 7
1458 7
1459 1
1460 7
1461 2
1462 2
1463 2
1464 2
1465 1
1466 2
1467 0
1468 1
1469 2
1470 0
1471 0
1472 2
1473 2
1474 0
1475 0
1476 2
1477 1
1478 0
1479 2
1480 2
1481 2
1482 7
1483 2
1484 2
1485 2
1486 0
1487 0
1488 2
1489 2
1490 2
1491 2
1492 3
1493 0
1494 2
1495 7
1496 7
1497 0
1498 0
1499 1
1500 2
1501 2
1502 2
1503 1
1504 1
1505 7
1506 2
1507 2
1508 2
1509 1
1510 2
1511 0
1512 2
1513 1
1514 2
1515 2
1516 1
1517 1
1518 0
1519 2
1520 2
1521 2
1522 0
1523 2
1524 0
1525 0
1526 0
1527 2
1528 1
1529 0
1530 0
1531 2
1532 2
1533 0
1534 3
1535 1
1536 1
1537 2
1538 2
1539 1
1540 2
1541 2
1542 2
1543 7
1544 2
1545 0
1546 0
1547 1
1548 2
1549 0
1550 3
1551 0
1552 2
1553 0
1554 1
1555 0
1556 2
1557 0
1558 1
1559 3
1560 0
1561 2
1562 2
1563 1
1564 0
1565 2
1566 7
1567 0
1568 2
1569 1
1570 2
1571 1
1572 0
1573 1
1574 0
1575 7
1576 1
1577 1
1578 0
1579 0
1580 0
1581 2
1582 2
1583 2
1584 1
1585 2
1586 2
1587 7
1588 0
1589 1
1590 2
1591 0
1592 2
1593 0
1594 0
1595 0
1596 3
1597 0
1598 0
1599 2
1600 2
1601 2
1602 0
1603 6
1604 3
1605 2
1606 2
1607 2
1608 2
1609 2
1610 2
1611 2
1612 1
1613 2
1614 2
1615 2
1616 2
1617 0
1618 1
1619 1
1620 3
1621 1
1622 2
1623 2
1624 2
1625 2
1626 2
1627 2
1628 1
1629 0
1630 0
1631 1
1632 1
1633 2
1634 2
1635 0
1636 0
1637 2
1638 1
1639 0
1640 1
1641 7
1642 2
1643 2
1644 2
1645 0
1646 0
1647 2
1648 1
1649 7
1650 2
1651 2
1652 0
1653 3
1654 7
1655 2
1656 3
1657 2
1658 2
1659 2
1660 2
1661 2
1662 2
1663 0
1664 1
1665 7
1666 2
1667 2
1668 2
1669 7
1670 2
1671 2
1672 0
1673 2
1674 2
1675 2
1676 1
1677 2
1678 1
1679 3
1680 7
1681 2
1682 2
1683 1
1684 0
1685 1
1686 0
1687 1
1688 7
1689 1
1690 1
1691 1
1692 1
1693 1
1694 1
1695 2
1696 0
1697 0
1698 7
1699 3
1700 7
1701 2
1702 7
1703 7
1704 7
1705 7
1706 2
1707 0
1708 7
1709 3
1710 7
1711 0
1712 7
1713 7
1714 2
1715 7
1716 7
1717 7
1718 7
1719 7
1720 7
1721 0
1722 2
1723 7
1724 0
1725 7
1726 3
1727 7
1728 7
1729 2
1730 7
1731 7
1732 1
1733 7
1734 7
1735 7
1736 7
1737 7
1738 2
1739 7
1740 7
1741 0
1742 7
1743 7
1744 7
1745 7
1746 2
1747 2
1748 7
1749 7
1750 7
1751 7
1752 7
1753 2
1754 7
1755 7
1756 7
1757 0
1758 7
1759 7
1760 0
1761 7
1762 7
1763 0
1764 0
1765 2
1766 7
1767 7
1768 2
1769 7
1770 7
1771 7
1772 7
1773 7
1774 7
1775 7
1776 7
1777 7
1778 7
1779 2
1780 7
1781 2
1782 2
1783 7
1784 7
1785 7
1786 7
1787 2
1788 2
1789 0
1790 0
1791 0
1792 0
1793 0
1794 0
1795 2
1796 0
1797 0
1798 2
1799 0
1800 0
1801 2
1802 0
1803 1
1804 0
1805 0
1806 0
1807 0
1808 0
1809 0
1810 7
1811 7
1812 0
1813 0
1814 0
1815 0
1816 2
1817 2
1818 0
1819 0
1820 0
1821 1
1822 0
1823 0
1824 0
1825 0
1826 0
1827 0
1828 0
1829 0
1830 7
1831 1
1832 0
1833 0
1834 0
1835 0
1836 0
1837 0
1838 3
1839 0
1840 2
1841 7
1842 0
1843 1
1844 2
1845 0
1846 0
1847 0
1848 2
1849 7
1850 0
1851 7
1852 7
1853 0
1854 0
1855 0
1856 7
1857 0
1858 0
1859 0
1860 0
1861 2
1862 0
1863 1
1864 1
1865 7
1866 0
1867 2
1868 7
1869 7
1870 0
1871 0
1872 7
1873 0
1874 0
1875 0
1876 7
1877 7
1878 0
1879 0
1880 0
1881 0
1882 2
1883 7
1884 0
1885 1
1886 7
1887 7
1888 7
1889 1
1890 0
1891 2
1892 0
1893 0
1894 7
1895 2
1896 7
1897 0
1898 0
1899 0
1900 0
1901 0
1902 0
1903 0
1904 2
1905 0
1906 0
1907 0
1908 0
1909 0
1910 7
1911 0
1912 0
1913 0
1914 1
1915 1
1916 1
1917 0
1918 0
1919 0
1920 0
1921 0
1922 2
1923 0
1924 7
1925 0
1926 2
1927 0
1928 0
1929 2
1930 3
1931 1
1932 0
1933 0
1934 2
1935 1
1936 2
1937 0
1938 0
1939 0
1940 2
1941 1
1942 1
1943 0
1944 0
1945 7
1946 1
1947 0
1948 2
1949 1
1950 0
1951 0
1952 0
1953 1
1954 3
1955 7
1956 0
1957 2
1958 2
1959 0
1960 0
1961 0
1962 0
1963 0
1964 0
1965 0
1966 0
1967 0
1968 4
1969 7
1970 4
1971 0
1972 4
1973 1
1974 4
1975 4
1976 2
1977 2
1978 1
1979 2
1980 7
1981 1
1982 1
1983 2
1984 2
1985 2
1986 2
1987 7
1988 2
1989 2
1990 1
1991 2
1992 7
1993 2
1994 2
1995 1
1996 2
1997 7
1998 7
1999 2
2000 7
2001 1
2002 2
2003 2
2004 2
2005 2
2006 0
2007 3
2008 7
2009 2
2010 7
2011 3
2012 7
2013 7
2014 1
2015 7
2016 2
2017 2
2018 1
2019 1
2020 2
2021 1
2022 0
2023 1
2024 7
2025 3
2026 2
2027 7
2028 1
2029 2
2030 7
2031 7
2032 2
2033 2
2034 0
2035 0
2036 0
2037 1
2038 7
2039 1
2040 1
2041 2
2042 1
2043 2
2044 2
2045 2
2046 2
2047 2
2048 2
2049 2
2050 2
2051 1
2052 2
2053 2
2054 2
2055 0
2056 2
2057 0
2058 1
2059 2
2060 2
2061 1
2062 2
2063 2
2064 2
2065 2
2066 2
2067 1
2068 2
2069 1
2070 7
2071 2
2072 2
2073 2
2074 7
2075 7
2076 1
2077 7
2078 7
2079 3
2080 0
2081 7
2082 2
2083 1
2084 2
2085 1
2086 2
2087 2
2088 0
2089 7
2090 0
2091 7
2092 7
2093 7
2094 2
2095 7
2096 1
2097 7
2098 7
2099 2
2100 7
2101 0
2102 7
2103 2
2104 2
2105 1
2106 7
2107 0
2108 1
2109 7
2110 2
2111 7
2112 2
2113 7
2114 7
2115 7
2116 0
2117 7
2118 7
2119 0
2120 1
2121 0
2122 7
2123 1
2124 7
2125 2
2126 2
2127 7
2128 7
2129 1
2130 1
2131 7
2132 7
2133 2
2134 7
2135 7
2136 7
2137 7
2138 7
2139 7
2140 7
2141 7
2142 7
2143 0
2144 7
2145 7
2146 7
2147 7
2148 7
2149 7
2150 7
2151 7
2152 7
2153 7
2154 7
2155 7
2156 7
2157 7
2158 0
2159 7
2160 7
2161 2
2162 7
2163 0
2164 2
2165 0
2166 7
2167 0
2168 0
2169 1
2170 7
2171 7
2172 1
2173 0
2174 0
2175 2
2176 2
2177 2
2178 7
2179 1
2180 7
2181 2
2182 0
2183 2
2184 2
2185 1
2186 7
2187 7
2188 7
2189 7
2190 0
2191 1
2192 7
2193 7
2194 7
2195 7
2196 7
2197 2
2198 7
2199 7
2200 1
2201 7
2202 7
2203 2
2204 7
2205 7
2206 7
2207 7
2208 7
2209 7
2210 7
2211 2
2212 0
2213 7
2214 0
2215 7
2216 7
2217 2
2218 0
2219 2
2220 7
2221 2
2222 2
2223 7
2224 7
2225 7
2226 0
2227 0
2228 0
2229 7
2230 2
2231 2
2232 2
2233 7
2234 7
2235 0
2236 1
2237 7
2238 7
2239 7
2240 2
2241 7
2242 7
2243 7
2244 7
2245 0
2246 7
2247 3
2248 0
2249 7
2250 0
2251 7
2252 0
2253 1
2254 7
2255 7
2256 2
2257 2
2258 2
2259 7
2260 7
2261 7
2262 7
2263 0
2264 7
2265 0
2266 1
2267 2
2268 7
2269 7
2270 7
2271 1
2272 7
2273 2
2274 7
2275 2
2276 7
2277 7
2278 7
2279 7
2280 2
2281 1
2282 1
2283 7
2284 1
2285 2
2286 7
2287 0
2288 1
2289 1
2290 1
2291 7
2292 7
2293 1
2294 7
2295 7
2296 2
2297 2
2298 2
2299 3
2300 7
2301 2
2302 0
2303 7
2304 0
2305 7
2306 7
2307 7
2308 7
2309 2
2310 7
2311 7
2312 1
2313 7
2314 2
2315 7
2316 2
2317 2
2318 2
2319 1
2320 0
2321 0
2322 0
2323 0
2324 0
2325 7
2326 7
2327 2
2328 7
2329 2
2330 2
2331 0
2332 7
2333 1
2334 0
2335 7
2336 7
2337 7
2338 7
2339 1
2340 2
2341 0
2342 2
2343 2
2344 2
2345 2
2346 7
2347 7
2348 2
2349 2
2350 1
2351 7
2352 7
2353 7
2354 7
2355 0
2356 2
2357 2
2358 7
2359 7
2360 2
2361 7
2362 7
2363 7
2364 7
2365 7
2366 7
2367 7
2368 7
2369 7
2370 7
2371 7
2372 2
2373 7
2374 7
2375 0
2376 7
2377 7
2378 7
2379 2
2380 7
2381 7
2382 2
2383 0
2384 7
2385 0
2386 7
2387 3
2388 7
2389 0
2390 2
2391 2
2392 7
2393 2
2394 7
2395 7
2396 7
2397 7
2398 7
2399 7
2400 7
2401 7
2402 7
2403 7
2404 7
2405 0
2406 2
2407 7
2408 7
2409 2
2410 7
2411 7
2412 7
2413 2
2414 1
2415 1
2416 7
2417 2
2418 2
2419 7
2420 7
2421 7
2422 7
2423 7
2424 7
2425 7
2426 2
2427 7
2428 7
2429 7
2430 2
2431 2
2432 7
2433 0
2434 7
2435 7
2436 7
2437 7
2438 2
2439 2
2440 7
2441 7
2442 7
2443 2
2444 2
2445 7
2446 7
2447 7
2448 7
2449 7
2450 1
2451 2
2452 7
2453 7
2454 2
2455 2
2456 1
2457 2
2458 0
2459 7
2460 2
2461 7
2462 2
2463 1
2464 7
2465 7
2466 2
2467 2
2468 0
2469 2
2470 1
2471 1
2472 2
2473 2
2474 2
2475 0
2476 3
2477 0
2478 2
2479 7
2480 2
2481 2
2482 2
2483 2
2484 2
2485 2
2486 7
2487 2
2488 7
2489 1
2490 2
2491 2
2492 2
2493 0
2494 2
2495 1
2496 7
2497 2
2498 2
2499 1
2500 2
2501 7
2502 2
2503 1
2504 2
2505 2
2506 1
2507 1
2508 1
2509 1
2510 2
2511 2
2512 2
2513 2
2514 2
2515 7
2516 1
2517 7
2518 2
2519 2
2520 7
2521 7
2522 2
2523 7
2524 7
2525 2
2526 2
2527 2
2528 7
2529 2
2530 7
2531 2
2532 2
2533 7
2534 2
2535 1
2536 1
2537 1
2538 1
2539 2
2540 2
2541 2
2542 0
2543 7
2544 2
2545 2
2546 2
2547 2
2548 2
2549 7
2550 2
2551 2
2552 2
2553 7
2554 2
2555 7
2556 1
2557 7
2558 2
2559 2
2560 2
2561 2
2562 2
2563 2
2564 2
2565 2
2566 2
2567 2
2568 7
2569 2
2570 2
2571 2
2572 2
2573 2
2574 2
2575 7
2576 1
2577 7
2578 2
2579 2
2580 7
2581 0
2582 1
2583 2
2584 2
2585 1
2586 1
2587 2
2588 2
2589 2
2590 7
2591 1
2592 2
2593 7
2594 1
2595 7
2596 2
2597 2
2598 7
2599 2
2600 2
2601 2
2602 2
2603 2
2604 2
2605 1
2606 1
2607 1
2608 1
2609 2
2610 1
2611 2
2612 2
2613 7
2614 1
2615 0
2616 1
2617 2
2618 7
2619 7
2620 2
2621 7
2622 2
2623 1
2624 2
2625 7
2626 2
2627 7
2628 2
2629 2
2630 2
2631 1
2632 2
2633 2
2634 1
2635 7
2636 2
2637 2
2638 2
2639 1
2640 2
2641 1
2642 7
2643 2
2644 2
2645 2
2646 2
2647 2
2648 1
2649 1
2650 2
2651 7
2652 2
2653 7
2654 2
2655 0
2656 0
2657 2
2658 1
2659 2
2660 2
2661 2
2662 2
2663 7
2664 1
2665 7
2666 2
2667 2
2668 2
2669 0
2670 7
2671 2
2672 7
2673 2
2674 2
2675 1
2676 7
2677 2
2678 7
2679 2
2680 2
2681 2
2682 2
2683 2
2684 7
2685 7
2686 2
2687 1
2688 1
2689 7
2690 2
2691 2
2692 1
2693 2
2694 7
2695 2
2696 2
2697 7
2698 1
2699 1
2700 1
2701 3
2702 2
2703 2
2704 7
2705 2
2706 7
2707 0
2708 1
2709 2
2710 2
2711 1
2712 1
2713 0
2714 2
2715 1
2716 2
2717 2
2718 2
2719 2
2720 2
2721 2
2722 2
2723 2
2724 2
2725 1
2726 1
2727 1
2728 2
2729 2
2730 2
2731 7
2732 7
2733 7
2734 7
2735 7
2736 1
2737 7
2738 2
2739 7
2740 2
2741 1
2742 2
2743 2
2744 1
2745 1
2746 2
2747 1
2748 2
2749 7
2750 2
2751 2
2752 2
2753 2
2754 7
2755 2
2756 7
2757 2
2758 2
2759 2
2760 2
2761 2
2762 2
2763 2
2764 2
2765 2
2766 7
2767 2
2768 2
2769 2
2770 2
2771 1
2772 2
2773 7
2774 7
2775 1
2776 2
2777 1
2778 1
2779 1
2780 1
2781 1
2782 0
2783 2
2784 2
2785 7
2786 2
2787 1
2788 1
2789 2
2790 2
2791 2
2792 0
2793 2
2794 2
2795 2
2796 2
2797 7
2798 2
2799 2
2800 2
2801 2
2802 2
2803 2
2804 0
2805 1
2806 1
2807 2
2808 7
2809 2
2810 1
2811 2
2812 2
2813 2
2814 7
2815 7
2816 1
2817 2
2818 7
2819 7
2820 2
2821 7
2822 7
2823 0
2824 2
2825 2
2826 2
2827 7
2828 2
2829 7
2830 2
2831 7
2832 7
2833 7
2834 7
2835 0
2836 2
2837 2
2838 2
2839 7
2840 7
2841 0
2842 7
2843 2
2844 0
2845 2
2846 0
2847 7
2848 7
2849 2
2850 2
2851 3
2852 1
2853 1
2854 0
2855 0
2856 7
2857 2
2858 5
2859 7
2860 2
2861 5
2862 7
2863 7
2864 5
2865 2
2866 2
2867 7
2868 7
2869 7
2870 5
2871 2
2872 7
2873 2
2874 2
2875 0
2876 2
2877 2
2878 1
2879 5
2880 2
2881 5
2882 5
2883 0
2884 7
2885 2
2886 2
2887 5
2888 7
2889 5
2890 0
2891 7
2892 2
2893 7
2894 5
2895 5
2896 2
2897 2
2898 1
2899 2
2900 2
2901 2
2902 7
2903 7
2904 2
2905 1
2906 0
2907 2
2908 1
2909 3
2910 2
2911 2
2912 1
2913 2
2914 2
2915 7
2916 2
2917 2
2918 0
2919 2
2920 2
2921 7
2922 3
2923 3
2924 7
2925 7
2926 7
2927 2
2928 2
2929 7
2930 7
2931 7
2932 1
2933 0
2934 7
2935 0
2936 2
2937 2
2938 1
2939 1
2940 2
2941 0
2942 0
2943 0
2944 7
2945 7
2946 7
2947 7
2948 7
2949 2
2950 1
2951 7
2952 3
2953 0
2954 7
2955 7
2956 7
2957 2
2958 0
2959 7
2960 3
2961 7
2962 2
2963 7
2964 7
2965 7
2966 7
2967 7
2968 2
2969 7
2970 7
2971 7
2972 7
2973 1
2974 0
2975 1
2976 1
2977 0
2978 1
2979 2
2980 1
2981 0
2982 1
2983 1
2984 0
2985 1
2986 2
2987 0
2988 2
2989 7
2990 7
2991 7
2992 7
2993 2
2994 7
2995 1
2996 7
2997 7
2998 7
2999 2
3000 3
3001 7
3002 0
3003 0
3004 0
3005 7
3006 2
3007 2
3008 1
3009 7
3010 7
3011 7
3012 7
3013 7
3014 0
3015 1
3016 0
3017 7
3018 7
3019 1
3020 0
3021 7
3022 2
3023 2
3024 7
3025 7
3026 7
3027 1
3028 2
3029 1
3030 2
3031 7
3032 7
3033 7
3034 7
3035 2
3036 7
3037 7
3038 7
3039 2
3040 1
3041 2
3042 7
3043 7
3044 0
3045 0
3046 2
3047 0
3048 7
3049 1
3050 0
3051 2
3052 7
3053 2
3054 2
3055 2
3056 7
3057 2
3058 3
3059 2
3060 2
3061 2
3062 2
3063 2
3064 2
3065 7
3066 7
3067 7
3068 0
3069 7
3070 2
3071 0
3072 2
3073 7
3074 1
3075 2
3076 7
3077 2
3078 7
3079 7
3080 7
3081 0
3082 2
3083 2
3084 1
3085 2
3086 2
3087 2
3088 0
3089 2
3090 2
3091 2
3092 7
3093 2
3094 7
3095 2
3096 1
3097 7
3098 2
3099 1
3100 7
3101 2
3102 2
3103 1
3104 7
3105 7
3106 7
3107 1
3108 2
3109 2
3110 2
3111 2
3112 7
3113 7
3114 2
3115 7
3116 2
3117 7
3118 2
3119 1
3120 2
3121 7
3122 7
3123 1
3124 7
3125 7
3126 2
3127 2
3128 2
3129 7
3130 3
3131 2
3132 0
3133 7
3134 2
3135 0
3136 7
3137 2
3138 2
3139 2
3140 7
3141 0
3142 7
3143 2
3144 1
3145 1
3146 0
3147 2
3148 0
3149 7
3150 2
3151 7
3152 1
3153 2
3154 2
3155 7
3156 2
3157 7
3158 2
3159 2
3160 7
3161 2
3162 2
3163 1
3164 2
3165 0
3166 2
3167 2
3168 2
3169 2
3170 2
3171 0
3172 7
3173 7
3174 2
3175 7
3176 7
3177 1
3178 7
3179 0
3180 2
3181 0
3182 7
3183 0
3184 2
3185 2
3186 0
3187 7
3188 2
3189 0
3190 7
3191 7
3192 2
3193 7
3194 2
3195 7
3196 7
3197 7
3198 2
3199 7
3200 7
3201 7
3202 2
3203 2
3204 2
3205 2
3206 2
3207 7
3208 7
3209 2
3210 7
3211 7
3212 7
3213 2
3214 2
3215 2
3216 7
3217 2
3218 7
3219 2
3220 2
3221 7
3222 2
3223 2
3224 2
3225 7
3226 1
3227 0
3228 7
3229 1
3230 2
3231 0
3232 2
3233 7
3234 2
3235 1
3236 2
3237 7
3238 7
3239 2
3240 2
3241 7
3242 7
3243 7
3244 2
3245 1
3246 7
3247 0
3248 7
3249 3
3250 0
3251 2
3252 2
3253 2
3254 7
3255 2
3256 7
3257 0
3258 7
3259 2
3260 2
3261 0
3262 7
3263 0
3264 7
3265 1
3266 2
3267 2
3268 7
3269 1
3270 0
3271 0
3272 2
3273 7
3274 7
3275 2
3276 2
3277 1
3278 0
3279 2
3280 1
3281 2
3282 2
3283 0
3284 2
3285 7
3286 2
3287 3
3288 2
3289 7
3290 7
3291 2
3292 0
3293 2
3294 2
3295 1
3296 7
3297 0
3298 2
3299 7
3300 1
3301 7
3302 2
3303 2
3304 2
3305 2
3306 0
3307 0
3308 3
3309 7
3310 0
3311 2
3312 7
3313 1
3314 7
3315 2
3316 0
3317 2
3318 2
3319 2
3320 7
3321 2
3322 1
3323 2
3324 2
3325 2
3326 7
3327 2
3328 7
3329 2
3330 2
3331 2
3332 7
3333 3
3334 1
3335 2
3336 2
3337 7
3338 1
3339 2
3340 7
3341 2
3342 7
3343 7
3344 7
3345 2
3346 7
3347 1
3348 2
3349 7
3350 2
3351 0
3352 7
3353 7
3354 2
3355 7
3356 2
3357 2
3358 2
3359 7
3360 2
3361 0
3362 2
3363 2
3364 2
3365 2
3366 2
3367 2
3368 7
3369 7
3370 0
3371 1
3372 1
3373 7
3374 2
3375 7
3376 2
3377 7
3378 7
3379 7
3380 7
3381 2
3382 0
3383 7
3384 2
3385 2
3386 1
3387 2
3388 7
3389 0
3390 7
3391 7
3392 2
3393 2
3394 7
3395 2
3396 2
3397 2
3398 2
3399 7
3400 7
3401 7
3402 2
3403 2
3404 2
3405 2
3406 2
3407 0
3408 7
3409 7
3410 0
3411 0
3412 2
3413 1
3414 2
3415 2
3416 1
3417 0
3418 0
3419 2
3420 0
3421 7
3422 2
3423 2
3424 1
3425 0
3426 7
3427 2
3428 2
3429 2
3430 2
3431 2
3432 2
3433 2
3434 2
3435 3
3436 7
3437 7
3438 1
3439 2
3440 2
3441 2
3442 2
3443 7
3444 7
3445 7
3446 7
3447 2
3448 2
3449 7
3450 2
3451 2
3452 7
3453 2
3454 7
3455 7
3456 2
3457 2
3458 3
3459 2
3460 2
3461 7
3462 2
3463 2
3464 1
3465 7
3466 7
3467 7
3468 1
3469 2
3470 0
3471 1
3472 0
3473 0
3474 7
3475 7
3476 1
3477 2
3478 2
3479 1
3480 2
3481 0
3482 1
3483 2
3484 7
3485 0
3486 2
3487 7
3488 7
3489 2
3490 1
3491 1
3492 2
3493 1
3494 2
3495 2
3496 2
3497 2
3498 7
3499 2
3500 2
3501 2
3502 2
3503 1
3504 7
3505 0
3506 0
3507 1
3508 7
3509 2
3510 1
3511 7
3512 7
3513 2
3514 2
3515 0
3516 2
3517 0
3518 7
3519 2
3520 7
3521 2
3522 2
3523 2
3524 2
3525 2
3526 2
3527 2
3528 2
3529 2
3530 0
3531 0
3532 2
3533 7
3534 2
3535 7
3536 2
3537 2
3538 7
3539 2
3540 7
3541 1
3542 2
3543 7
3544 2
3545 7
3546 0
3547 7
3548 7
3549 2
3550 2
3551 2
3552 0
3553 2
3554 0
3555 0
3556 7
3557 7
3558 7
3559 7
3560 7
3561 0
3562 2
3563 2
3564 2
3565 2
3566 2
3567 1
3568 7
3569 2
3570 0
3571 7
3572 3
3573 2
3574 7
3575 2
3576 1
3577 1
3578 7
3579 2
3580 2
3581 1
3582 2
3583 1
3584 2
3585 7
3586 2
3587 7
3588 2
3589 2
3590 2
3591 7
3592 1
3593 2
3594 7
3595 7
3596 7
3597 2
3598 2
3599 7
3600 0
3601 7
3602 1
3603 0
3604 7
3605 0
3606 7
3607 7
3608 7
3609 1
3610 7
3611 7
3612 0
3613 3
3614 2
3615 7
3616 0
3617 2
3618 7
3619 2
3620 7
3621 2
3622 2
3623 7
3624 2
3625 2
3626 2
3627 2
3628 7
3629 7
3630 7
3631 7
3632 2
3633 7
3634 2
3635 7
3636 7
3637 7
3638 2
3639 7
3640 0
3641 2
3642 7
3643 2
3644 2
3645 2
3646 2
3647 7
3648 1
3649 3
3650 2
3651 7
3652 2
3653 7
3654 0
3655 1
3656 1
3657 1
3658 2
3659 2
3660 2
3661 7
3662 2
3663 2
3664 1
3665 7
3666 2
3667 7
3668 7
3669 7
3670 2
3671 7
3672 7
3673 2
3674 7
3675 0
3676 7
3677 2
3678 1
3679 2
3680 0
3681 7
3682 7
3683 2
3684 2
3685 2
3686 2
3687 2
3688 2
3689 7
3690 1
3691 2
3692 7
3693 0
3694 2
3695 7
3696 3
3697 2
3698 2
3699 7
3700 7
3701 2
3702 2
3703 2
3704 2
3705 0
3706 7
3707 2
3708 7
3709 2
3710 2
3711 7
3712 1
3713 2
3714 2
3715 2
3716 0
3717 1
3718 2
3719 1
3720 7
3721 2
3722 0
3723 2
3724 7
3725 0
3726 7
3727 0
3728 2
3729 7
3730 2
3731 0
3732 2
3733 2
3734 2
3735 2
3736 7
3737 7
3738 2
3739 2
3740 7
3741 2
3742 7
3743 2
3744 2
3745 2
3746 2
3747 7
3748 2
3749 1
3750 1
3751 7
3752 2
3753 0
3754 0
3755 2
3756 2
3757 1
3758 7
3759 2
3760 2
3761 7
3762 7
3763 0
3764 7
3765 1
3766 0
3767 7
3768 2
3769 2
3770 2
3771 2
3772 3
3773 1
3774 1
3775 7
3776 7
3777 7
3778 7
3779 7
3780 0
3781 7
3782 2
3783 2
3784 7
3785 7
3786 7
3787 1
3788 7
3789 0
3790 7
3791 7
3792 7
3793 0
3794 0
3795 7
3796 0
3797 1
3798 7
3799 0
3800 0
3801 0
3802 0
3803 0
3804 7
3805 7
3806 7
3807 2
3808 0
3809 7
3810 0
3811 0
3812 7
3813 0
3814 2
3815 0
3816 1
3817 7
3818 7
3819 3
3820 7
3821 0
3822 2
3823 7
3824 7
3825 7
3826 0
3827 2
3828 7
3829 3
3830 1
3831 2
3832 7
3833 1
3834 7
3835 7
3836 7
3837 7
3838 2
3839 3
3840 7
3841 7
3842 7
3843 7
3844 7
3845 7
3846 7
3847 0
3848 0
3849 7
3850 2
3851 7
3852 0
3853 0
3854 7
3855 1
3856 2
3857 0
3858 2
3859 0
3860 7
3861 2
3862 2
3863 0
3864 2
3865 2
3866 0
3867 0
3868 1
3869 7
3870 0
3871 3
3872 2
3873 2
3874 2
3875 2
3876 0
3877 7
3878 1
3879 7
3880 2
3881 7
3882 7
3883 7
3884 2
3885 7
3886 2
3887 7
3888 7
3889 7
3890 7
3891 0
3892 2
3893 7
3894 2
3895 2
3896 7
3897 7
3898 7
3899 2
3900 2
3901 7
3902 7
3903 0
3904 7
3905 7
3906 0
3907 7
3908 0
3909 0
3910 3
3911 7
3912 7
3913 0
3914 0
3915 1
3916 2
3917 2
3918 0
3919 0
3920 1
3921 7
3922 7
3923 2
3924 0
3925 2
3926 7
3927 7
3928 7
3929 2
3930 7
3931 7
3932 7
3933 0
3934 7
3935 0
3936 7
3937 0
3938 7
3939 3
3940 2
3941 7
3942 2
3943 7
3944 7
3945 7
3946 7
3947 7
3948 7
3949 7
3950 7
3951 7
3952 7
3953 7
3954 7
3955 2
3956 7
3957 2
3958 7
3959 0
3960 7
3961 7
3962 2
3963 7
3964 3
3965 0
3966 7
3967 2
3968 7
3969 0
3970 2
3971 2
3972 2
3973 7
3974 0
3975 7
3976 7
3977 3
3978 7
3979 2
3980 1
3981 7
3982 7
3983 7
3984 7
3985 7
3986 0
3987 7
3988 0
3989 7
3990 7
3991 7
3992 2
3993 7
3994 2
3995 7
3996 7
3997 1
3998 2
3999 7
4000 7
4001 1
4002 2
4003 7
4004 7
4005 2
4006 0
4007 0
4008 7
4009 7
4010 7
4011 0
4012 1
4013 7
4014 7
4015 2
4016 0
4017 7
4018 2
4019 7
4020 0
4021 7
4022 0
4023 0
4024 7
4025 2
4026 7
4027 7
4028 0
4029 7
4030 2
4031 7
4032 2
4033 0
4034 7
4035 0
4036 7
4037 2
4038 7
4039 1
4040 2
4041 7
4042 7
4043 7
4044 2
4045 2
4046 1
4047 7
4048 7
4049 7
4050 1
4051 2
4052 7
4053 7
4054 0
4055 0
4056 7
4057 2
4058 7
4059 3
4060 0
4061 7
4062 7
4063 7
4064 2
4065 7
4066 7
4067 0
4068 7
4069 1
4070 7
4071 7
4072 7
4073 7
4074 2
4075 7
4076 7
4077 7
4078 7
4079 7
4080 7
4081 2
4082 7
4083 0
4084 7
4085 2
4086 7
4087 7
4088 2
4089 7
4090 2
4091 2
4092 7
4093 7
4094 7
4095 7
4096 0
4097 7
4098 7
4099 7
4100 7
4101 7
4102 2
4103 7
4104 7
4105 7
4106 7
4107 7
4108 7
4109 7
4110 7
4111 7
4112 7
4113 1
4114 2
4115 7
4116 7
4117 2
4118 7
4119 7
4120 7
4121 7
4122 7
4123 2
4124 0
4125 7
4126 7
4127 2
4128 7
4129 0
4130 7
4131 7
4132 7
4133 7
4134 7
4135 2
4136 7
4137 2
4138 2
4139 2
4140 7
4141 2
4142 7
4143 2
4144 7
4145 7
4146 2
4147 7
4148 2
4149 7
4150 0
4151 7
4152 7
4153 0
4154 0
4155 2
4156 2
4157 7
4158 2
4159 7
4160 7
4161 3
4162 7
4163 7
4164 7
4165 7
4166 7
4167 1
4168 7
4169 2
4170 7
4171 7
4172 7
4173 1
4174 3
4175 0
4176 2
4177 7
4178 2
4179 2
4180 7
4181 0
4182 0
4183 7
4184 0
4185 7
4186 7
4187 3
4188 3
4189 3
4190 7
4191 7
4192 0
4193 0
4194 7
4195 7
4196 7
4197 2
4198 2
4199 7
4200 7
4201 7
4202 7
4203 7
4204 7
4205 0
4206 7
4207 7
4208 0
4209 7
4210 7
4211 7
4212 7
4213 7
4214 7
4215 7
4216 7
4217 7
4218 1
4219 6
4220 7
4221 7
4222 7
4223 7
4224 7
4225 7
4226 2
4227 0
4228 0
4229 7
4230 7
4231 7
4232 7
4233 7
4234 7
4235 7
4236 7
4237 7
4238 7
4239 7
4240 7
4241 7
4242 7
4243 7
4244 6
4245 7
4246 7
4247 7
4248 0
4249 0
4250 0
4251 7
4252 1
4253 7
4254 7
4255 2
4256 7
4257 7
4258 7
4259 0
4260 7
4261 3
4262 0
4263 7
4264 7
4265 7
4266 7
4267 1
4268 7
4269 7
4270 7
4271 7
4272 0
4273 1
4274 0
4275 7
4276 0
4277 1
4278 7
4279 0
4280 7
4281 7
4282 3
4283 1
4284 7
4285 0
4286 0
4287 3
4288 3
4289 7
4290 7
4291 7
4292 7
4293 0
4294 7
4295 2
4296 7
4297 0
4298 7
4299 0
4300 2
4301 7
4302 0
4303 0
4304 1
4305 2
4306 7
4307 7
4308 7
4309 0
4310 7
4311 7
4312 3
4313 7
4314 0
4315 2
4316 0
4317 7
4318 7
4319 7
4320 7
4321 1
4322 7
4323 1
4324 1
4325 7
4326 7
4327 7
4328 2
4329 0
4330 7
4331 0
4332 2
4333 0
4334 0
4335 0
4336 7
4337 7
4338 7
4339 7
4340 7
4341 3
4342 3
4343 7
4344 1
4345 7
4346 7
4347 7
4348 0
4349 7
4350 0
4351 0
4352 0
4353 0
4354 7
4355 0
4356 7
4357 1
4358 3
4359 7
4360 2
4361 3
4362 2
4363 1
4364 0
4365 7
4366 0
4367 7
4368 7
4369 7
4370 0
4371 7
4372 1
4373 0
4374 7
4375 1
4376 7
4377 7
4378 7
4379 1
4380 7
4381 2
4382 7
4383 7
4384 7
4385 1
4386 7
4387 7
4388 7
4389 0
4390 7
4391 7
4392 7
4393 7
4394 7
4395 7
4396 7
4397 7
4398 3
4399 7
4400 0
4401 7
4402 7
4403 7
4404 1
4405 7
4406 1
4407 0
4408 7
4409 7
4410 3
4411 7
4412 7
4413 7
4414 1
4415 7
4416 7
4417 7
4418 7
4419 0
4420 0
4421 7
4422 7
4423 0
4424 0
4425 7
4426 7
4427 7
4428 7
4429 1
4430 2
4431 0
4432 7
4433 2
4434 0
4435 7
4436 0
4437 2
4438 2
4439 7
4440 7
4441 7
4442 0
4443 0
4444 0
4445 0
4446 2
4447 7
4448 7
4449 7
4450 7
4451 7
4452 7
4453 0
4454 0
4455 7
4456 0
4457 0
4458 0
4459 0
4460 0
4461 0
4462 1
4463 7
4464 0
4465 7
4466 7
4467 7
4468 7
4469 7
4470 7
4471 7
4472 7
4473 7
4474 2
4475 7
4476 7
4477 7
4478 7
4479 7
4480 7
4481 7
4482 7
4483 7
4484 7
4485 7
4486 0
4487 0
4488 7
4489 7
4490 7
4491 7
4492 7
4493 2
4494 0
4495 3
4496 3
4497 7
4498 3
4499 3
4500 0
4501 3
4502 0
4503 3
4504 3
4505 3
4506 7
4507 0
4508 0
4509 7
4510 7
4511 0
4512 7
4513 7
4514 0
4515 7
4516 3
4517 1
4518 7
4519 0
4520 0
4521 0
4522 0
4523 1
4524 1
4525 7
4526 7
4527 2
4528 2
4529 2
4530 7
4531 7
4532 3
4533 7
4534 7
4535 7
4536 0
4537 7
4538 2
4539 7
4540 7
4541 7
4542 0
4543 6
4544 7
4545 0
4546 0
4547 0
4548 0
4549 7
4550 7
4551 7
4552 7
4553 7
4554 7
4555 2
4556 7
4557 7
4558 7
4559 7
4560 2
4561 7
4562 2
4563 0
4564 2
4565 7
4566 7
4567 2
4568 7
4569 2
4570 2
4571 7
4572 7
4573 1
4574 7
4575 3
4576 1
4577 2
4578 7
4579 2
4580 7
4581 7
4582 2
4583 7
4584 7
4585 7
4586 3
4587 1
4588 2
4589 7
4590 7
4591 2
4592 7
4593 7
4594 2
4595 7
4596 7
4597 0
4598 7
4599 0
4600 3
4601 2
4602 1
4603 7
4604 7
4605 7
4606 7
4607 7
4608 7
4609 3
4610 3
4611 7
4612 3
4613 3
4614 3
4615 7
4616 1
4617 7
4618 7
4619 7
4620 3
4621 7
4622 7
4623 0
4624 0
4625 7
4626 0
4627 7
4628 7
4629 7
4630 7
4631 7
4632 7
4633 7
4634 7
4635 7
4636 7
4637 7
4638 7
4639 0
4640 1
4641 7
4642 0
4643 7
4644 2
4645 3
4646 1
4647 1
4648 7
4649 1
4650 0
4651 7
4652 0
4653 7
4654 7
4655 2
4656 2
4657 7
4658 0
4659 7
4660 7
4661 7
4662 7
4663 7
4664 7
4665 1
4666 2
4667 7
4668 2
4669 7
4670 1
4671 7
4672 2
4673 7
4674 7
4675 7
4676 7
4677 7
4678 7
4679 7
4680 7
4681 7
4682 7
4683 7
4684 7
4685 7
4686 2
4687 7
4688 7
4689 7
4690 7
4691 7
4692 2
4693 7
4694 7
4695 7
4696 7
4697 7
4698 7
4699 7
4700 7
4701 7
4702 7
4703 7
4704 7
4705 7
4706 7
4707 7
4708 7
4709 7
4710 7
4711 7
4712 7
4713 2
4714 7
4715 7
4716 7
4717 7
4718 7
4719 7
4720 1
4721 2
4722 7
4723 2
4724 7
4725 3
4726 1
4727 3
4728 7
4729 7
4730 2
4731 7
4732 7
4733 7
4734 2
4735 0
4736 7
4737 7
4738 3
4739 2
4740 2
4741 1
4742 0
4743 0
4744 1
4745 0
4746 0
4747 0
4748 0
4749 0
4750 0
4751 7
4752 7
4753 0
4754 0
4755 0
4756 7
4757 7
4758 7
4759 7
4760 0
4761 7
4762 7
4763 7
4764 0
4765 7
4766 7
4767 7
4768 2
4769 0
4770 0
4771 7
4772 0
4773 2
4774 6
4775 0
4776 7
4777 0
4778 7
4779 7
4780 1
4781 7
4782 7
4783 7
4784 0
4785 0
4786 7
4787 7
4788 7
4789 7
4790 7
4791 7
4792 0
4793 0
4794 7
4795 7
4796 7
4797 2
4798 7
4799 7
4800 7
4801 2
4802 3
4803 0
4804 6
4805 0
4806 3
4807 7
4808 2
4809 7
4810 7
4811 3
4812 0
4813 7
4814 2
4815 3
4816 2
4817 7
4818 0
4819 7
4820 2
4821 1
4822 3
4823 2
4824 7
4825 7
4826 7
4827 1
4828 0
4829 7
4830 2
4831 2
4832 0
4833 6
4834 0
4835 2
4836 7
4837 7
4838 7
4839 7
4840 0
4841 7
4842 0
4843 3
4844 3
4845 7
4846 0
4847 0
4848 7
4849 7
4850 7
4851 7
4852 2
4853 2
4854 2
4855 2
4856 0
4857 0
4858 0
4859 0
4860 0
4861 7
4862 0
4863 7
4864 2
4865 0
4866 0
4867 0
4868 7
4869 0
4870 7
4871 7
4872 2
4873 0
4874 0
4875 0
4876 7
4877 0
4878 0
4879 0
4880 3
4881 7
4882 0
4883 7
4884 0
4885 0
4886 7
4887 0
4888 0
4889 0
4890 0
4891 1
4892 0
4893 0
4894 0
4895 7
4896 7
4897 7
4898 2
4899 7
4900 7
4901 0
4902 2
4903 1
4904 0
4905 0
4906 0
4907 0
4908 7
4909 2
4910 7
4911 7
4912 7
4913 0
4914 7
4915 8
4916 7
4917 7
4918 7
4919 7
4920 7
4921 7
4922 7
4923 7
4924 0
4925 7
4926 7
4927 0
4928 0
4929 1
4930 0
4931 2
4932 0
4933 2
4934 1
4935 7
4936 0
4937 7
4938 7
4939 1
4940 2
4941 0
4942 0
4943 0
4944 2
4945 7
4946 7
4947 7
4948 2
4949 7
4950 0
4951 7
4952 7
4953 0
4954 2
4955 7
4956 0
4957 7
4958 6
4959 7
4960 7
4961 7
4962 7
4963 7
4964 2
4965 0
4966 7
4967 7
4968 0
4969 7
4970 7
4971 7
4972 7
4973 7
4974 7
4975 7
4976 7
4977 7
4978 7
4979 2
4980 7
4981 2
4982 7
4983 7
4984 0
4985 7
4986 0
4987 7
4988 7
4989 7
4990 7
4991 1
4992 2
4993 7
4994 2
4995 7
4996 7
4997 7
4998 0
4999 7
5000 0
5001 2
5002 0
5003 7
5004 7
5005 7
5006 7
5007 7
5008 3
5009 1
5010 2
5011 7
5012 1
5013 0
5014 7
5015 2
5016 2
5017 2
5018 0
5019 1
5020 0
5021 0
5022 0
5023 1
5024 7
5025 1
5026 2
5027 7
5028 7
5029 7
5030 2
5031 7
5032 7
5033 0
5034 7
5035 7
5036 7
5037 7
5038 2
5039 7
5040 7
5041 0
5042 7
5043 7
5044 0
5045 7
5046 1
5047 2
5048 2
5049 2
5050 7
5051 7
5052 0
5053 1
5054 7
5055 7
5056 7
5057 7
5058 0
5059 7
5060 7
5061 0
5062 3
5063 7
5064 2
5065 7
5066 0
5067 7
5068 7
5069 7
5070 7
5071 1
5072 7
5073 7
5074 7
5075 2
5076 7
5077 2
5078 7
5079 7
5080 7
5081 7
5082 7
5083 7
5084 2
5085 7
5086 7
5087 7
5088 7
5089 2
5090 2
5091 2
5092 0
5093 0
5094 2
5095 7
5096 7
5097 7
5098 0
5099 1
5100 7
5101 1
5102 7
5103 0
5104 7
5105 7
5106 7
5107 7
5108 7
5109 7
5110 1
5111 2
5112 7
5113 2
5114 1
5115 7
5116 7
5117 7
5118 7
5119 2
5120 3
5121 0
5122 0
5123 3
5124 0
5125 0
5126 7
5127 2
5128 7
5129 7
5130 7
5131 2
5132 0
5133 2
5134 7
5135 7
5136 0
5137 0
5138 7
5139 2
5140 0
5141 1
5142 7
5143 2
5144 7
5145 7
5146 7
5147 0
5148 7
5149 7
5150 7
5151 1
5152 0
5153 2
5154 2
5155 2
5156 7
5157 3
5158 2
5159 7
5160 0
5161 7
5162 1
5163 2
5164 7
5165 7
5166 7
5167 0
5168 0
5169 7
5170 0
5171 0
5172 1
5173 2
5174 2
5175 7
5176 7
5177 0
5178 1
5179 0
5180 7
5181 7
5182 1
5183 1
5184 7
5185 0
5186 0
5187 7
5188 7
5189 7
5190 0
5191 7
5192 7
5193 7
5194 2
5195 7
5196 7
5197 0
5198 7
5199 0
5200 7
5201 2
5202 7
5203 0
5204 7
5205 7
5206 7
5207 7
5208 0
5209 0
5210 3
5211 7
5212 7
5213 0
5214 0
5215 2
5216 2
5217 0
5218 0
5219 7
5220 7
5221 7
5222 7
5223 3
5224 7
5225 1
5226 7
5227 7
5228 2
5229 2
5230 1
5231 7
5232 0
5233 1
5234 7
5235 0
5236 0
5237 3
5238 3
5239 7
5240 7
5241 7
5242 3
5243 7
5244 7
5245 7
5246 2
5247 3
5248 1
5249 7
5250 1
5251 7
5252 7
5253 7
5254 7
5255 7
5256 2
5257 7
5258 7
5259 7
5260 1
5261 7
5262 3
5263 7
5264 7
5265 7
5266 0
5267 0
5268 7
5269 7
5270 7
5271 7
5272 7
5273 7
5274 0
5275 0
5276 7
5277 7
5278 2
5279 7
5280 2
5281 7
5282 7
5283 2
5284 7
5285 3
5286 7
5287 2
5288 2
5289 0
5290 0
5291 0
5292 0
5293 7
5294 7
5295 0
5296 7
5297 7
5298 0
5299 7
5300 2
5301 0
5302 7
5303 2
5304 7
5305 7
5306 0
5307 7
5308 7
5309 2
5310 7
5311 0
5312 0
5313 0
5314 7
5315 7
5316 7
5317 2
5318 7
5319 2
5320 7
5321 2
5322 7
5323 0
5324 0
5325 3
5326 0
5327 7
5328 0
5329 3
5330 0
5331 7
5332 7
5333 7
5334 7
5335 7
5336 7
5337 0
5338 3
5339 0
5340 7
5341 1
5342 7
5343 2
5344 7
5345 7
5346 2
5347 7
5348 7
5349 7
5350 0
5351 7
5352 8
5353 0
5354 7
5355 0
5356 7
5357 1
5358 2
5359 0
5360 7
5361 2
5362 7
5363 2
5364 2
5365 2
5366 7
5367 0
5368 0
5369 7
5370 7
5371 0
5372 7
5373 2
5374 2
5375 0
5376 7
5377 2
5378 2
5379 2
5380 2
5381 7
5382 7
5383 7
5384 0
5385 2
5386 7
5387 0
5388 7
5389 7
5390 2
5391 7
5392 7
5393 7
5394 7
5395 2
5396 2
5397 0
5398 7
5399 7
5400 7
5401 0
5402 0
5403 0
5404 7
5405 7
5406 7
5407 1
5408 7
5409 3
5410 7
5411 7
5412 7
5413 7
5414 0
5415 7
5416 7
5417 7
5418 7
5419 0
5420 7
5421 7
5422 3
5423 7
5424 7
5425 7
5426 0
5427 7
5428 7
5429 7
5430 0
5431 0
5432 0
5433 0
5434 2
5435 7
5436 1
5437 0
5438 2
5439 7
5440 7
5441 0
5442 7
5443 7
5444 7
5445 7
5446 0
5447 7
5448 0
5449 7
5450 7
5451 7
5452 0
5453 0
5454 7
5455 7
5456 7
5457 7
5458 2
5459 7
5460 7
5461 0
5462 7
5463 7
5464 3
5465 2
5466 2
5467 7
5468 7
5469 0
5470 7
5471 0
5472 7
5473 7
5474 7
5475 7
5476 2
5477 2
5478 7
5479 2
5480 7
5481 7
5482 7
5483 2
5484 7
5485 0
5486 1
5487 7
5488 7
5489 0
5490 7
5491 2
5492 7
5493 0
5494 0
5495 2
5496 7
5497 7
5498 7
5499 7
5500 7
5501 2
5502 7
5503 7
5504 2
5505 0
5506 7
5507 7
5508 7
5509 7
5510 7
5511 3
5512 0
5513 2
5514 2
5515 7
5516 2
5517 3
5518 7
5519 7
5520 7
5521 7
5522 7
5523 7
5524 7
5525 7
5526 7
5527 0
5528 7
5529 0
5530 7
5531 7
5532 2
5533 7
5534 7
5535 7
5536 7
5537 7
5538 7
5539 2
5540 7
5541 7
5542 7
5543 7
5544 7
5545 7
5546 2
5547 0
5548 7
5549 1
5550 1
5551 1
5552 1
5553 7
5554 7
5555 0
5556 0
5557 7
5558 7
5559 7
5560 7
5561 7
5562 7
5563 7
5564 0
5565 7
5566 2
5567 2
5568 7
5569 7
5570 7
5571 7
5572 7
5573 7
5574 7
5575 2
5576 7
5577 0
5578 0
5579 7
5580 7
5581 2
5582 7
5583 7
5584 2
5585 2
5586 1
5587 2
5588 7
5589 1
5590 7
5591 7
5592 7
5593 7
5594 2
5595 7
5596 1
5597 7
5598 7
5599 7
5600 2
5601 7
5602 2
5603 1
5604 7
5605 2
5606 7
5607 0
5608 7
5609 2
5610 7
5611 7
5612 0
5613 0
5614 2
5615 0
5616 0
5617 7
5618 1
5619 0
5620 7
5621 2
5622 0
5623 2
5624 7
5625 2
5626 7
5627 0
5628 7
5629 7
5630 7
5631 2
5632 0
5633 1
5634 7
5635 7
5636 7
5637 7
5638 7
5639 2
5640 7
5641 2
5642 7
5643 1
5644 7
5645 7
5646 7
5647 7
5648 1
5649 2
5650 7
5651 7
5652 2
5653 0
5654 1
5655 7
5656 7
5657 0
5658 2
5659 7
5660 7
5661 7
5662 0
5663 7
5664 7
5665 7
5666 7
5667 7
5668 2
5669 7
5670 7
5671 1
5672 7
5673 7
5674 3
5675 7
5676 1
5677 7
5678 7
5679 7
5680 7
5681 7
5682 7
5683 7
5684 7
5685 7
5686 7
5687 7
5688 7
5689 7
5690 7
5691 7
5692 7
5693 7
5694 7
5695 7
5696 7
5697 7
5698 7
5699 7
5700 7
5701 7
5702 0
5703 7
5704 2
5705 0
5706 7
5707 7
5708 7
5709 7
5710 1
5711 7
5712 1
5713 0
5714 7
5715 7
5716 7
5717 2
5718 7
5719 7
5720 7
5721 7
5722 7
5723 2
5724 0
5725 7
5726 7
5727 7
5728 7
5729 7
5730 7
5731 0
5732 7
5733 7
5734 7
5735 7
5736 7
5737 7
5738 7
5739 7
5740 7
5741 7
5742 0
5743 0
5744 2
5745 1
5746 7
5747 7
5748 7
5749 7
5750 0
5751 7
5752 1
5753 1
5754 7
5755 7
5756 7
5757 7
5758 2
5759 7
5760 7
5761 2
5762 7
5763 7
5764 7
5765 0
5766 0
5767 7
5768 0
5769 3
5770 0
5771 3
5772 2
5773 2
5774 2
5775 2
5776 7
5777 1
5778 1
5779 7
5780 7
5781 7
5782 0
5783 0
5784 0
5785 0
5786 0
5787 0
5788 0
5789 0
5790 0
5791 0
5792 2
5793 1
5794 0
5795 2
5796 0
5797 7
5798 7
5799 7
5800 7
5801 0
5802 0
5803 7
5804 7
5805 8
5806 0
5807 0
5808 0
5809 2
5810 7
5811 7
5812 7
5813 7
5814 7
5815 7
5816 7
5817 7
5818 1
5819 7
5820 7
5821 7
5822 7
5823 7
5824 7
5825 7
5826 0
5827 7
5828 7
5829 7
5830 0
5831 7
5832 7
5833 7
5834 7
5835 7
5836 7
5837 2
5838 0
5839 2
5840 7
5841 2
5842 7
5843 0
5844 0
5845 0
5846 7
5847 0
5848 0
5849 0
5850 0
5851 7
5852 2
5853 0
5854 7
5855 1
5856 7
5857 0
5858 2
5859 0
5860 0
5861 0
5862 7
5863 7
5864 0
5865 7
5866 0
5867 7
5868 7
5869 7
5870 7
5871 0
5872 7
5873 7
5874 2
5875 7
5876 7
5877 7
5878 0
5879 7
5880 7
5881 7
5882 7
5883 0
5884 1
5885 0
5886 2
5887 7
5888 2
5889 2
5890 2
5891 2
5892 7
5893 7
5894 7
5895 0
5896 1
5897 7
5898 0
5899 7
5900 0
5901 7
5902 7
5903 0
5904 1
5905 1
5906 7
5907 2
5908 7
5909 7
5910 7
5911 7
5912 7
5913 7
5914 7
5915 2
5916 7
5917 7
5918 7
5919 0
5920 7
5921 7
5922 7
5923 7
5924 0
5925 2
5926 7
5927 7
5928 7
5929 3
5930 3
5931 0
5932 0
5933 0
5934 0
5935 7
5936 0
5937 0
5938 7
5939 7
5940 2
5941 1
5942 0
5943 2
5944 2
5945 7
5946 7
5947 7
5948 0
5949 0
5950 7
5951 7
5952 1
5953 0
5954 1
5955 0
5956 3
5957 7
5958 7
5959 7
5960 0
5961 3
5962 1
5963 7
5964 0
5965 2
5966 0
5967 0
5968 7
5969 0
5970 2
5971 7
5972 7
5973 2
5974 2
5975 3
5976 0
5977 0
5978 7
5979 7
5980 7
5981 7
5982 2
5983 7
5984 7
5985 0
5986 7
5987 0
5988 2
5989 0
5990 0
5991 7
5992 7
5993 0
5994 0
5995 0
5996 0
5997 0
5998 7
5999 7
6000 0
6001 0
6002 0
6003 1
6004 7
6005 2
6006 2
6007 7
6008 1
6009 2
6010 7
6011 7
6012 0
6013 0
6014 0
6015 7
6016 2
6017 0
6018 7
6019 7
6020 7
6021 7
6022 7
6023 7
6024 7
6025 7
6026 7
6027 7
6028 0
6029 7
6030 7
6031 7
6032 0
6033 7
6034 7
6035 2
6036 7
6037 7
6038 7
6039 7
6040 7
6041 7
6042 9
6043 7
6044 7
6045 7
6046 7
6047 7
6048 7
6049 7
6050 7
6051 0
6052 7
6053 2
6054 7
6055 2
6056 2
6057 7
6058 7
6059 7
6060 2
6061 7
6062 7
6063 7
6064 7
6065 7
6066 1
6067 1
6068 1
6069 7
6070 1
6071 11
6072 2
6073 2
6074 0
6075 2
6076 2
6077 7
6078 7
6079 7
6080 7
6081 7
6082 2
6083 7
6084 7
6085 3
6086 2
6087 2
6088 1
6089 7
6090 0
6091 7
6092 7
6093 1
6094 7
6095 7
6096 7
6097 2
6098 0
6099 7
6100 7
6101 7
6102 7
6103 0
6104 7
6105 3
6106 7
6107 7
6108 2
6109 7
6110 2
6111 7
6112 7
6113 7
6114 7
6115 7
6116 7
6117 7
6118 7
6119 7
6120 2
6121 7
6122 2
6123 7
6124 7
6125 7
6126 0
6127 7
6128 7
6129 0
6130 7
6131 0
6132 1
6133 2
6134 0
6135 7
6136 7
6137 2
6138 1
6139 7
6140 7
6141 1
6142 2
6143 7
6144 1
6145 7
6146 7
6147 7
6148 7
6149 0
6150 7
6151 2
6152 0
6153 2
6154 0
6155 7
6156 7
6157 2
6158 7
6159 7
6160 7
6161 7
6162 7
6163 7
6164 7
6165 7
6166 7
6167 2
6168 1
6169 7
6170 7
6171 7
6172 7
6173 7
6174 7
6175 7
6176 7
6177 7
6178 7
6179 7
6180 7
6181 7
6182 7
6183 2
6184 7
6185 0
6186 0
6187 7
6188 7
6189 7
6190 7
6191 7
6192 0
6193 7
6194 7
6195 7
6196 7
6197 7
6198 7
6199 0
6200 0
6201 7
6202 7
6203 7
6204 2
6205 7
6206 7
6207 7
6208 2
6209 7
6210 7
6211 7
6212 7
6213 2
6214 0
6215 7
6216 0
6217 2
6218 7
6219 8
6220 7
6221 7
6222 2
6223 1
6224 7
6225 1
6226 7
6227 1
6228 7
6229 7
6230 7
6231 7
6232 0
6233 7
6234 2
6235 7
6236 2
6237 7
6238 0
6239 7
6240 7
6241 7
6242 1
6243 1
6244 2
6245 1
6246 1
6247 7
6248 0
6249 9
6250 7
6251 7
6252 7
6253 7
6254 7
6255 7
6256 7
6257 7
6258 0
6259 10
6260 10
6261 0
6262 7
6263 3
6264 1
6265 1
6266 0
6267 1
6268 7
6269 7
6270 0
6271 0
6272 0
6273 0
6274 0
6275 2
6276 7
6277 2
6278 0
6279 2
6280 0
6281 1
6282 7
6283 7
6284 2
6285 0
6286 2
6287 7
6288 0
6289 0
6290 2
6291 3
6292 0
6293 3
6294 7
6295 0
6296 0
6297 7
6298 7
6299 2
6300 7
6301 0
6302 7
6303 0
6304 0
6305 7
6306 7
6307 7
6308 7
6309 2
6310 7
6311 0
6312 0
6313 7
6314 7
6315 7
6316 3
6317 0
6318 7
6319 7
6320 7
6321 7
6322 7
6323 7
6324 2
6325 1
6326 7
6327 2
6328 7
6329 0
6330 7
6331 1
6332 7
6333 0
6334 7
6335 7
6336 7
6337 2
6338 7
6339 0
6340 7
6341 7
6342 0
6343 0
6344 13
6345 3
6346 0
6347 7
6348 0
6349 7
6350 7
6351 2
6352 0
6353 2
6354 7
6355 2
6356 7
6357 7
6358 3
6359 3
6360 0
6361 2
6362 2
6363 0
6364 7
6365 7
6366 7
6367 7
6368 1
6369 0
6370 0
6371 0
6372 0
6373 2
6374 0
6375 0
6376 0
6377 7
6378 7
6379 7
6380 2
6381 0
6382 0
6383 7
6384 7
6385 7
6386 1
6387 1
6388 7
6389 1
6390 1
6391 0
6392 2
6393 0
6394 1
6395 0
6396 0
6397 1
6398 1
6399 3
6400 7
6401 7
6402 1
6403 7
6404 1
6405 7
6406 1
6407 1
6408 1
6409 1
6410 1
6411 1
6412 7
6413 7
6414 7
6415 7
6416 7
6417 7
6418 2
6419 7
6420 7
6421 0
6422 0
6423 0
6424 7
6425 1
6426 7
6427 7
6428 7
6429 7
6430 7
6431 7
6432 7
6433 7
6434 7
6435 7
6436 7
6437 0
6438 0
6439 0
6440 0
6441 7
6442 7
6443 7
6444 7
6445 7
6446 2
6447 2
6448 2
6449 0
6450 7
6451 7
6452 0
6453 0
6454 0
6455 0
6456 1
6457 11
6458 2
6459 0
6460 1
6461 0
6462 2
6463 7
6464 7
6465 0
6466 9
6467 0
6468 7
6469 0
6470 2
6471 7
6472 7
6473 0
6474 0
6475 1
6476 1
6477 2
6478 0
6479 7
6480 3
6481 3
6482 3
6483 7
6484 3
6485 7
6486 7
6487 11
6488 7
6489 7
6490 0
6491 0
6492 0
6493 2
6494 1
6495 7
6496 0
6497 7
6498 7
6499 7
6500 7
6501 7
6502 7
6503 0
6504 0
6505 3
6506 0
6507 7
6508 7
6509 7
6510 0
6511 0
6512 0
6513 0
6514 0
6515 0
6516 7
6517 7
6518 0
6519 3
6520 7
6521 7
6522 7
6523 7
6524 7
6525 7
6526 7
6527 0
6528 1
6529 7
6530 7
6531 7
6532 7
6533 7
6534 7
6535 7
6536 8
6537 8
6538 8
6539 0
6540 8
6541 8
6542 7
6543 8
6544 8
6545 8
6546 8
6547 8
6548 8
6549 8
6550 8
6551 8
6552 8
6553 8
6554 8
6555 8
6556 0
6557 0
6558 12
6559 7
6560 0
6561 7
6562 7
6563 7
6564 7
6565 7
6566 12
6567 12
6568 7
6569 3
6570 1
6571 1
6572 1
6573 7
6574 7
6575 2
6576 2
6577 2
6578 2
6579 2
6580 0
6581 0
6582 7
6583 0
6584 3
6585 3
6586 3
6587 0
6588 0
6589 7
6590 2
6591 1
6592 1
6593 0
6594 2
6595 0
6596 0
6597 7
6598 0
6599 0
6600 0
6601 0
6602 0
6603 0
6604 0
6605 1
6606 2
6607 2
6608 2
6609 2
6610 7
6611 7
6612 7
6613 0
6614 7
6615 7
6616 2
6617 7
6618 3
6619 7
6620 0
6621 2
6622 7
6623 7
6624 1
6625 7
6626 7
6627 7
6628 0
6629 0
6630 0
6631 7
6632 0
6633 0
6634 7
6635 0
6636 7
6637 0
6638 2
6639 1
6640 2
6641 7
6642 0
6643 7
6644 2
6645 7
6646 7
6647 0
6648 0
6649 7
6650 2
6651 0
6652 7
6653 7
6654 0
6655 2
6656 0
6657 7
6658 7
6659 2
6660 0
6661 7
6662 7
6663 0
6664 7
6665 7
6666 7
6667 7
6668 7
6669 7
6670 7
6671 7
6672 7
6673 7
6674 7
6675 7
6676 7
6677 7
6678 7
6679 7
6680 7
6681 1
6682 7
6683 7
6684 7
6685 7
6686 7
6687 7
6688 7
6689 7
6690 7
6691 7
6692 7
6693 7
6694 7
6695 7
6696 7
6697 7
6698 7
6699 7
6700 7
6701 7
6702 7
6703 7
6704 7
6705 7
6706 7
6707 7
6708 7
6709 7
6710 7
6711 7
6712 7
6713 7
6714 3
6715 7
6716 7
6717 7
6718 2
6719 7
6720 7
6721 7
6722 7
6723 7
6724 7
6725 7
6726 7
6727 7
6728 7
6729 7
6730 7
6731 7
6732 7
6733 7
6734 7
6735 7
6736 7
6737 7
6738 7
6739 7
6740 7
6741 7
6742 7
6743 7
6744 7
6745 7
6746 7
6747 7
6748 0
6749 7
6750 7
6751 7
6752 7
6753 7
6754 7
6755 7
6756 7
6757 7
6758 7
6759 7
6760 7
6761 7
6762 2
6763 2
6764 0
6765 0
6766 0
6767 0
6768 0
6769 0
6770 0
6771 0
6772 0
6773 0
6774 0
6775 0
6776 1
6777 0
6778 0
6779 7
6780 7
6781 0
6782 0
6783 0
6784 0
6785 0
6786 0
6787 0
6788 0
6789 0
6790 7
6791 0
6792 0
6793 0
6794 0
6795 0
6796 0
6797 0
6798 0
6799 0
6800 0
6801 1
6802 0
6803 7
6804 7
6805 7
6806 0
6807 7
6808 0
6809 1
6810 7
6811 7
6812 1
6813 7
6814 0
6815 7
6816 7
6817 7
6818 7
6819 7
6820 7
6821 7
6822 2
6823 0
6824 0
6825 7
6826 7
6827 7
6828 7
6829 7
6830 7
6831 7
6832 7
6833 7
6834 7
6835 7
6836 7
6837 7
6838 7
6839 7
6840 7
6841 7
6842 7
6843 7
6844 7
6845 7
6846 2
6847 2
6848 2
6849 3
6850 3
6851 2
6852 2
6853 0
6854 0
6855 0
6856 1
6857 2
6858 0
6859 7
6860 0
6861 0
6862 1
6863 2
6864 0
6865 0
6866 13
6867 0
6868 0
6869 0
6870 7
6871 0
6872 1
6873 0
6874 2
6875 7
6876 7
6877 1
6878 0
6879 0
6880 0
6881 7
6882 2
6883 0
6884 0
6885 0
6886 7
6887 0
6888 0
6889 0
6890 7
6891 7
6892 0
6893 1
6894 1
6895 7
6896 7
6897 7
6898 7
6899 7
6900 7
6901 7
6902 7
6903 7
6904 7
6905 7
6906 7
6907 7
6908 7
6909 7
6910 2
6911 3
6912 1
6913 1
6914 2
6915 0
6916 0
6917 7
6918 7
6919 7
6920 7
6921 7
6922 7
6923 7
6924 7
6925 7
6926 7
6927 7
6928 7
6929 1
6930 2
6931 2
6932 7
6933 7
6934 1
6935 1
6936 7
6937 7
6938 7
6939 7
6940 7
6941 0
6942 0
6943 7
6944 7
6945 7
6946 7
6947 3
6948 1
6949 1
6950 7
6951 0
6952 9
6953 9
6954 9
6955 9
6956 9
6957 7
6958 7
6959 2
6960 2
6961 7
6962 2
6963 7
6964 7
6965 2
6966 2
6967 7
6968 7
6969 7
6970 7
6971 7
6972 7
6973 0
6974 7
6975 0
6976 2
6977 0
6978 7
6979 1
6980 0
6981 7
6982 7
6983 7
6984 7
6985 1
6986 7
6987 7
6988 7
6989 7
6990 7
6991 2
6992 1
6993 2
6994 0
6995 0
6996 0
6997 0
6998 0
6999 3
7000 7
7001 0
7002 1
7003 0
7004 0
7005 2
7006 2
7007 7
7008 0
7009 2
7010 2
7011 2
7012 0
7013 7
7014 7
7015 0
7016 0
7017 0
7018 0
7019 0
7020 0
7021 0
7022 0
7023 0
7024 0
7025 1
7026 1
7027 0
7028 2
7029 7
7030 0
7031 0
7032 7
7033 0
7034 7
7035 0
7036 0
7037 2
7038 7
7039 7
7040 7
7041 0
7042 7
7043 7
7044 7
7045 0
7046 0
7047 2
7048 1
7049 7
7050 0
7051 1
7052 7
7053 7
7054 7
7055 7
7056 7
7057 7
0 4
1 0
2 5
3 1
4 4
5 2
6 4
7 2
8 3
9 4
10 5
11 5
12 1
13 2
0 0
1 1
2 2
3 3
4 4
5 5
1e-06 0.122322 47
0 0
1 0
2 0
3 0
4 0
5 0
6 0
7 0
8 1
9 0
10 0
11 1
12 0
13 0
14 0
15 0
16 0
17 7
18 7
19 0
20 0
21 0
22 0
23 2
24 0
25 0
26 0
27 0
28 0
29 7
30 0
31 7
32 0
33 0
34 0
35 0
36 0
37 7
38 0
39 0
40 0
41 0
42 0
43 0
44 0
45 0
46 7
47 0
48 0
49 0
50 0
51 1
52 0
53 0
54 0
55 1
56 0
57 7
58 0
59 0
60 0
61 0
62 2
63 7
64 7
65 2
66 0
67 2
68 2
69 1
70 7
71 2
72 3
73 7
74 7
75 7
76 2
77 2
78 2
79 0
80 7
81 0
82 0
83 1
84 2
85 0
86 3
87 0
88 2
89 0
90 0
91 1
92 2
93 1
94 2
95 2
96 2
97 1
98 2
99 0
100 1
101 1
102 2
103 1
104 2
105 2
106 2
107 2
108 0
109 1
110 2
111 1
112 0
113 1
114 2
115 3
116 0
117 2
118 1
119 0
120 0
121 0
122 2
123 2
124 2
125 2
126 2
127 0
128 2
129 2
130 0
131 0
132 0
133 2
134 0
135 2
136 0
137 2
138 1
139 1
140 0
141 2
142 2
143 2
144 1
145 0
146 0
147 2
148 2
149 0
150 0
151 0
152 2
153 2
154 0
155 0
156 0
157 2
158 0
159 1
160 1
161 0
162 1
163 1
164 2
165 1
166 2
167 2
168 2
169 2
170 1
171 2
172 0
173 0
174 2
175 1
176 2
177 0
178 1
179 0
180 0
181 0
182 0
183 0
184 1
185 2
186 1
187 1
188 2
189 0
190 1
191 0
192 0
193 1
194 2
195 1
196 0
197 0
198 0
199 3
200 2
201 2
202 0
203 0
204 1
205 2
206 2
207 1
208 0
209 2
210 0
211 1
212 1
213 2
214 2
215 1
216 0
217 0
218 1
219 2
220 0
221 2
222 7
223 2
224 1
225 2
226 1
227 2
228 1
229 2
230 0
231 2
232 0
233 0
234 1
235 1
236 2
237 0
238 2
239 1
240 0
241 0
242 2
243 1
244 2
245 1
246 0
247 2
248 1
249 1
250 2
251 1
252 0
253 1
254 2
255 1
256 2
257 0
258 1
259 7
260 0
261 0
262 0
263 1
264 0
265 1
266 2
267 2
268 2
269 3
270 2
271 0
272 2
273 0
274 0
275 1
276 2
277 1
278 2
279 1
280 0
281 0
282 0
283 2
284 0
285 0
286 2
287 1
288 1
289 2
290 1
291 1
292 2
293 0
294 2
295 2
296 2
297 0
298 2
299 0
300 1
301 1
302 0
303 2
304 1
305 1
306 7
307 2
308 2
309 2
310 1
311 1
312 1
313 1
314 1
315 2
316 0
317 0
318 2
319 2
320 1
321 7
322 3
323 0
324 0
325 2
326 1
327 0
328 1
329 1
330 7
331 2
332 2
333 0
334 2
335 2
336 1
337 0
338 3
339 1
340 2
341 0
342 0
343 2
344 0
345 1
346 0
347 7
348 1
349 0
350 2
351 1
352 2
353 0
354 1
355 0
356 1
357 0
358 2
359 1
360 1
361 1
362 2
363 0
364 2
365 2
366 2
367 1
368 2
369 2
370 2
371 1
372 0
373 0
374 1
375 0
376 2
377 2
378 2
379 0
380 1
381 1
382 1
383 2
384 2
385 1
386 0
387 1
388 0
389 1
390 0
391 0
392 2
393 2
394 0
395 2
396 2
397 2
398 1
399 0
400 0
401 2
402 2
403 0
404 2
405 2
406 2
407 2
408 1
409 0
410 2
411 2
412 2
413 0
414 1
415 0
416 0
417 2
418 1
419 0
420 2
421 1
422 2
423 2
424 0
425 1
426 1
427 1
428 1
429 1
430 2
431 2
432 1
433 0
434 1
435 2
436 7
437 0
438 2
439 0
440 1
441 0
442 0
443 0
444 1
445 0
446 2
447 2
448 0
449 0
450 2
451 0
452 1
453 0
454 1
455 0
456 1
457 2
458 2
459 1
460 2
461 2
462 2
463 1
464 0
465 2
466 2
467 0
468 2
469 2
470 0
471 2
472 2
473 2
474 2
475 1
476 1
477 2
478 1
479 2
480 0
481 1
482 1
483 1
484 1
485 2
486 0
487 0
488 1
489 2
490 1
491 1
492 0
493 7
494 2
495 1
496 0
497 2
498 2
499 0
500 1
501 2
502 0
503 2
504 0
505 2
506 7
507 0
508 0
509 0
510 2
511 0
512 1
513 0
514 2
515 2
516 1
517 1
518 1
519 3
520 1
521 2
522 2
523 2
524 1
525 1
526 1
527 1
528 1
529 0
530 1
531 0
532 0
533 1
534 1
535 0
536 0
537 2
538 2
539 0
540 2
541 0
542 2
543 0
544 0
545 1
546 1
547 2
548 0
549 2
550 1
551 0
552 2
553 2
554 2
555 2
556 2
557 1
558 1
559 2
560 2
561 2
562 0
563 1
564 2
565 2
566 0
567 2
568 0
569 0
570 2
571 2
572 1
573 0
574 2
575 2
576 0
577 0
578 2
579 2
580 0
581 0
582 0
583 2
584 3
585 2
586 0
587 1
588 0
589 2
590 1
591 0
592 2
593 7
594 1
595 1
596 0
597 1
598 2
599 1
600 2
601 2
602 0
603 0
604 0
605 2
606 1
607 1
608 2
609 2
610 2
611 2
612 7
613 2
614 2
615 7
616 7
617 0
618 1
619 1
620 1
621 1
622 0
623 1
624 2
625 2
626 0
627 1
628 2
629 1
630 0
631 2
632 0
633 0
634 1
635 7
636 1
637 0
638 3
639 0
640 0
641 0
642 2
643 3
644 0
645 0
646 2
647 1
648 0
649 2
650 2
651 2
652 0
653 1
654 1
655 0
656 2
657 1
658 3
659 2
660 7
661 0
662 2
663 2
664 1
665 1
666 1
667 2
668 0
669 0
670 2
671 1
672 2
673 0
674 2
675 2
676 0
677 1
678 0
679 1
680 1
681 0
682 1
683 2
684 2
685 2
686 0
687 1
688 0
689 2
690 0
691 1
692 1
693 2
694 0
695 1
696 2
697 2
698 3
699 1
700 1
701 0
702 2
703 7
704 2
705 1
706 7
707 1
708 1
709 1
710 2
711 2
712 0
713 3
714 1
715 2
716 2
717 2
718 2
719 1
720 1
721 2
722 0
723 0
724 1
725 0
726 0
727 1
728 0
729 2
730 2
731 2
732 1
733 1
734 2
735 2
736 2
737 2
738 2
739 2
740 2
741 1
742 0
743 1
744 2
745 0
746 2
747 2
748 2
749 3
750 7
751 2
752 1
753 3
754 2
755 2
756 2
757 2
758 0
759 2
760 1
761 2
762 2
763 1
764 2
765 2
766 1
767 1
768 0
769 2
770 0
771 2
772 0
773 0
774 2
775 2
776 1
777 1
778 0
779 0
780 0
781 2
782 0
783 3
784 0
785 2
786 1
787 2
788 0
789 7
790 2
791 1
792 0
793 1
794 2
795 0
796 2
797 2
798 2
799 1
800 1
801 2
802 0
803 2
804 2
805 2
806 0
807 0
808 0
809 0
810 0
811 1
812 2
813 1
814 1
815 2
816 2
817 0
818 2
819 1
820 2
821 0
822 0
823 0
824 2
825 2
826 2
827 1
828 2
829 0
830 0
831 1
832 0
833 1
834 2
835 0
836 0
837 2
838 2
839 0
840 1
841 2
842 2
843 0
844 1
845 0
846 2
847 0
848 2
849 2
850 0
851 2
852 2
853 1
854 0
855 2
856 1
857 0
858 1
859 2
860 1
861 2
862 2
863 7
864 0
865 2
866 0
867 0
868 1
869 2
870 0
871 2
872 2
873 2
874 7
875 0
876 1
877 2
878 2
879 2
880 0
881 0
882 2
883 0
884 2
885 2
886 2
887 2
888 0
889 7
890 0
891 2
892 0
893 0
894 1
895 0
896 2
897 1
898 1
899 1
900 2
901 1
902 1
903 2
904 2
905 0
906 2
907 2
908 2
909 0
910 0
911 1
912 1
913 2
914 0
915 0
916 1
917 1
918 2
919 0
920 2
921 1
922 2
923 2
924 1
925 1
926 0
927 0
928 1
929 2
930 7
931 1
932 2
933 0
934 1
935 1
936 2
937 2
938 2
939 1
940 2
941 2
942 2
943 0
944 1
945 0
946 0
947 1
948 0
949 2
950 2
951 0
952 2
953 2
954 1
955 3
956 2
957 1
958 2
959 0
960 0
961 2
962 3
963 2
964 2
965 1
966 2
967 0
968 2
969 3
970 7
971 2
972 2
973 2
974 1
975 0
976 7
977 0
978 0
979 1
980 3
981 0
982 7
983 0
984 7
985 2
986 0
987 0
988 3
989 1
990 0
991 0
992 1
993 1
994 1
995 1
996 1
997 1
998 1
999 1
1000 7
1001 1
1002 0
1003 0
1004 0
1005 0
1006 0
1007 1
1008 0
1009 0
1010 2
1011 0
1012 0
1013 0
1014 2
1015 2
1016 0
1017 7
1018 0
1019 0
1020 1
1021 0
1022 1
1023 1
1024 1
1025 1
1026 1
1027 2
1028 1
1029 0
1030 1
1031 1
1032 1
1033 1
1034 0
1035 1
1036 1
1037 1
1038 0
1039 1
1040 1
1041 0
1042 1
1043 1
1044 1
1045 2
1046 0
1047 2
1048 2
1049 1
1050 0
1051 1
1052 0
1053 2
1054 2
1055 7
1056 2
1057 0
1058 2
1059 2
1060 7
1061 7
1062 1
1063 2
1064 0
1065 7
1066 7
1067 0
1068 0
1069 1
1070 0
1071 7
1072 1
1073 2
1074 2
1075 0
1076 1
1077 0
1078 7
1079 7
1080 7
1081 7
1082 2
1083 0
1084 2
1085 2
1086 7
1087 2
1088 2
1089 7
1090 0
1091 0
1092 3
1093 0
1094 0
1095 1
1096 0
1097 7
1098 2
1099 0
1100 2
1101 3
1102 1
1103 7
1104 0
1105 7
1106 7
1107 3
1108 2
1109 3
1110 2
1111 0
1112 7
1113 0
1114 0
1115 0
1116 1
1117 2
1118 7
1119 0
1120 7
1121 7
1122 2
1123 3
1124 2
1125 3
1126 3
1127 1
1128 2
1129 0
1130 1
1131 3
1132 3
1133 3
1134 0
1135 0
1136 3
1137 3
1138 3
1139 3
1140 7
1141 3
1142 2
1143 3
1144 2
1145 0
1146 3
1147 0
1148 2
1149 3
1150 3
1151 3
1152 0
1153 3
1154 0
1155 1
1156 7
1157 1
1158 3
1159 2
1160 3
1161 3
1162 3
1163 3
1164 0
1165 0
1166 2
1167 0
1168 1
1169 0
1170 1
1171 3
1172 0
1173 3
1174 1
1175 0
1176 2
1177 3
1178 0
1179 2
1180 2
1181 0
1182 2
1183 7
1184 3
1185 2
1186 3
1187 0
1188 0
1189 3
1190 0
1191 7
1192 0
1193 0
1194 3
1195 2
1196 0
1197 0
1198 3
1199 0
1200 2
1201 2
1202 3
1203 3
1204 1
1205 3
1206 3
1207 2
1208 3
1209 3
1210 1
1211 0
1212 1
1213 2
1214 0
1215 0
1216 3
1217 3
1218 0
1219 7
1220 3
1221 1
1222 7
1223 1
1224 2
1225 2
1226 0
1227 1
1228 0
1229 1
1230 2
1231 2
1232 2
1233 1
1234 7
1235 2
1236 0
1237 1
1238 2
1239 2
1240 2
1241 2
1242 7
1243 0
1244 2
1245 2
1246 2
1247 0
1248 2
1249 1
1250 2
1251 2
1252 0
1253 0
1254 3
1255 0
1256 3
1257 7
1258 0
1259 0
1260 0
1261 0
1262 0
1263 7
1264 2
1265 2
1266 0
1267 1
1268 2
1269 2
1270 1
1271 3
1272 1
1273 7
1274 0
1275 1
1276 3
1277 0
1278 2
1279 8
1280 1
1281 7
1282 0
1283 3
1284 0
1285 7
1286 1
1287 0
1288 2
1289 3
1290 7
1291 0
1292 2
1293 2
1294 2
1295 0
1296 1
1297 1
1298 1
1299 2
1300 2
1301 0
1302 2
1303 2
1304 0
1305 2
1306 0
1307 0
1308 2
1309 0
1310 1
1311 0
1312 2
1313 2
1314 0
1315 2
1316 2
1317 0
1318 2
1319 0
1320 0
1321 7
1322 0
1323 2
1324 7
1325 7
1326 2
1327 2
1328 2
1329 0
1330 2
1331 0
1332 2
1333 7
1334 0
1335 2
1336 1
1337 3
1338 2
1339 2
1340 1
1341 0
1342 2
1343 2
1344 2
1345 2
1346 2
1347 1
1348 2
1349 2
1350 2
1351 2
1352 0
1353 0
1354 2
1355 3
1356 1
1357 2
1358 7
1359 2
1360 2
1361 2
1362 2
1363 7
1364 1
1365 7
1366 2
1367 2
1368 0
1369 7
1370 2
1371 2
1372 0
1373 2
1374 0
1375 1
1376 1
1377 0
1378 0
1379 7
1380 2
1381 2
1382 2
1383 0
1384 2
1385 0
1386 1
1387 2
1388 2
1389 2
1390 2
1391 2
1392 2
1393 0
1394 0
1395 1
1396 7
1397 7
1398 2
1399 7
1400 2
1401 0
1402 0
1403 7
1404 2
1405 2
1406 0
1407 2
1408 2
1409 7
1410 1
1411 2
1412 1
1413 2
1414 2
1415 1
1416 2
1417 2
1418 1
1419 2
1420 2
1421 0
1422 1
1423 7
1424 2
1425 0
1426 2
1427 2
1428 2
1429 0
1430 0
1431 7
1432 0
1433 7
1434 3
1435 7
1436 0
1437 7
1438 7
1439 7
1440 2
1441 2
1442 0
1443 2
1444 2
1445 2
1446 0
1447 2
1448 1
1449 7
1450 1
1451 0
1452 2
1453 0
1454 1
1455 1
1456 0
1457 7
1458 7
1459 1
1460 7
1461 2
1462 2
1463 2
1464 2
1465 1
1466 2
1467 0
1468 1
1469 2
1470 0
1471 0
1472 2
1473 2
1474 0
1475 0
1476 2
1477 1
1478 0
1479 2
1480 2
1481 2
1482 7
1483 2
1484 2
1485 2
1486 0
1487 0
1488 2
1489 2
1490 2
1491 2
1492 3
1493 0
1494 2
1495 7
1496 7
1497 0
1498 0
1499 1
1500 2
1501 2
1502 2
1503 1
1504 1
1505 7
1506 2
1507 2
1508 2
1509 1
1510 2
1511 0
1512 2
1513 1
1514 2
1515 2
1516 1
1517 1
1518 0
1519 2
1520 2
1521 2
1522 0
1523 2
1524 0
1525 0
1526 0
1527 2
1528 1
1529 0
1530 0
1531 2
1532 2
1533 0
1534 3
1535 1
1536 1
1537 2
1538 2
1539 1
1540 2
1541 2
1542 2
1543 7
1544 2
1545 0
1546 0
1547 1
1548 2
1549 0
1550 3
1551 0
1552 2
1553 0
1554 1
1555 0
1556 2
1557 0
1558 1
1559 3
1560 0
1561 2
1562 2
1563 1
1564 0
1565 2
1566 7
1567 0
1568 2
1569 1
1570 2
1571 1
1572 0
1573 1
1574 0
1575 7
1576 1
1577 1
1578 0
1579 0
1580 0
1581 2
1582 2
1583 2
1584 1
1585 2
1586 2
1587 7
1588 0
1589 1
1590 2
1591 0
1592 2
1593 0
1594 0
1595 0
1596 3
1597 0
1598 0
1599 2
1600 2
1601 2
1602 0
1603 6
1604 3
1605 2
1606 2
1607 2
1608 2
1609 2
1610 2
1611 2
1612 1
1613 2
1614 2
1615 2
1616 2
1617 0
1618 1
1619 1
1620 3
1621 1
1622 2
1623 2
1624 2
1625 2
1626 2
1627 2
1628 1
1629 0
1630 0
1631 1
1632 1
1633 2
1634 2
1635 0
1636 0
1637 2
1638 1
1639 0
1640 1
1641 7
1642 2
1643 2
1644 2
1645 0
1646 0
1647 2
1648 1
1649 7
1650 2
1651 2
1652 0
1653 3
1654 7
1655 2
1656 3
1657 2
1658 2
1659 2
1660 2
1661 2
1662 2
1663 0
1664 1
1665 7
1666 2
1667 2
1668 2
1669 7
1670 2
1671 2
1672 0
1673 2
1674 2
1675 2
1676 1
1677 2
1678 1
1679 3
1680 7
1681 2
1682 2
1683 1
1684 0
1685 1
1686 0
1687 1
1688 7
1689 1
1690 1
1691 1
1692 1
1693 1
1694 1
1695 2
1696 0
1697 0
1698 7
1699 3
1700 7
1701 2
1702 7
1703 7
1704 7
1705 7
1706 2
1707 0
1708 7
1709 3
1710 7
1711 0
1712 7
1713 7
1714 2
1715 7
1716 7
1717 7
1718 7
1719 7
1720 7
1721 0
1722 2
1723 7
1724 0
1725 7
1726 3
1727 7
1728 7
1729 2
1730 7
1731 7
1732 1
1733 7
1734 7
1735 7
1736 7
1737 7
1738 2
1739 7
1740 7
1741 0
1742 7
1743 7
1744 7
1745 7
1746 2
1747 2
1748 7
1749 7
1750 7
1751 7
1752 7
1753 2
1754 7
1755 7
1756 7
1757 0
1758 7
1759 7
1760 0
1761 7
1762 7
1763 0
1764 0
1765 2
1766 7
1767 7
1768 2
1769 7
1770 7
1771 7
1772 7
1773 7
1774 7
1775 7
1776 7
1777 7
1778 7
1779 2
1780 7
1781 2
1782 2
1783 7
1784 7
1785 7
1786 7
1787 2
1788 2
1789 0
1790 0
1791 0
1792 0
1793 0
1794 0
1795 2
1796 0
1797 0
1798 2
1799 0
1800 0
1801 2
1802 0
1803 1
1804 0
1805 0
1806 0
1807 0
1808 0
1809 0
1810 7
1811 7
1812 0
1813 0
1814 0
1815 0
1816 2
1817 2
1818 0
1819 0
1820 0
1821 1
1822 0
1823 0
1824 0
1825 0
1826 0
1827 0
1828 0
1829 0
1830 7
1831 1
1832 0
1833 0
1834 0
1835 0
1836 0
1837 0
1838 3
1839 0
1840 2
1841 7
1842 0
1843 1
1844 2
1845 0
1846 0
1847 0
1848 2
1849 7
1850 0
1851 7
1852 7
1853 0
1854 0
1855 0
1856 7
1857 0
1858 0
1859 0
1860 0
1861 2
1862 0
1863 1
1864 1
1865 7
1866 0
1867 2
1868 7
1869 7
1870 0
1871 0
1872 7
1873 0
1874 0
1875 0
1876 7
1877 7
1878 0
1879 0
1880 0
1881 0
1882 2
1883 7
1884 0
1885 1
1886 7
1887 7
1888 7
1889 1
1890 0
1891 2
1892 0
1893 0
1894 7
1895 2
1896 7
1897 0
1898 0
1899 0
1900 0
1901 0
1902 0
1903 0
1904 2
1905 0
1906 0
1907 0
1908 0
1909 0
1910 7
1911 0
1912 0
1913 0
1914 1
1915 1
1916 1
1917 0
1918 0
1919 0
1920 0
1921 0
1922 2
1923 0
1924 7
1925 0
1926 2
1927 0
1928 0
1929 2
1930 3
1931 1
1932 0
1933 0
1934 2
1935 1
1936 2
1937 0
1938 0
1939 0
1940 2
1941 1
1942 1
1943 0
1944 0
1945 7
1946 1
1947 0
1948 2
1949 1
1950 0
1951 0
1952 0
1953 1
1954 3
1955 7
1956 0
1957 2
1958 2
1959 0
1960 0
1961 0
1962 0
1963 0
1964 0
1965 0
1966 0
1967 0
1968 4
1969 7
1970 4
1971 0
1972 4
1973 1
1974 4
1975 4
1976 2
1977 2
1978 1
1979 2
1980 7
1981 1
1982 1
1983 2
1984 2
1985 2
1986 2
1987 7
1988 2
1989 2
1990 1
1991 2
1992 7
1993 2
1994 2
1995 1
1996 2
1997 7
1998 7
1999 2
2000 7
2001 1
2002 2
2003 2
2004 2
2005 2
2006 0
2007 3
2008 7
2009 2
2010 7
2011 3
2012 7
2013 7
2014 1
2015 7
2016 2
2017 2
2018 1
2019 1
2020 2
2021 1
2022 0
2023 1
2024 7
2025 3
2026 2
2027 7
2028 1
2029 2
2030 7
2031 7
2032 2
2033 2
2034 0
2035 0
2036 0
2037 1
2038 7
2039 1
2040 1
2041 2
2042 1
2043 2
2044 2
2045 2
2046 2
2047 2
2048 2
2049 2
2050 2
2051 1
2052 2
2053 2
2054 2
2055 0
2056 2
2057 0
2058 1
2059 2
2060 2
2061 1
2062 2
2063 2
2064 2
2065 2
2066 2
2067 1
2068 2
2069 1
2070 7
2071 2
2072 2
2073 2
2074 7
2075 7
2076 1
2077 7
2078 7
2079 3
2080 0
2081 7
2082 2
2083 1
2084 2
2085 1
2086 2
2087 2
2088 0
2089 7
2090 0
2091 7
2092 7
2093 7
2094 2
2095 7
2096 1
2097 7
2098 7
2099 2
2100 7
2101 0
2102 7
2103 2
2104 2
2105 1
2106 7
2107 0
2108 1
2109 7
2110 2
2111 7
2112 2
2113 7
2114 7
2115 7
2116 0
2117 7
2118 7
2119 0
2120 1
2121 0
2122 7
2123 1
2124 7
2125 2
2126 2
2127 7
2128 7
2129 1
2130 1
2131 7
2132 7
2133 2
2134 7
2135 7
2136 7
2137 7
2138 7
2139 7
2140 7
2141 7
2142 7
2143 0
2144 7
2145 7
2146 7
2147 7
2148 7
2149 7
2150 7
2151 7
2152 7
2153 7
2154 7
2155 7
2156 7
2157 7
2158 0
2159 7
2160 7
2161 2
2162 7
2163 0
2164 2
2165 0
2166 7
2167 0
2168 0
2169 1
2170 7
2171 7
2172 1
2173 0
2174 0
2175 2
2176 2
2177 2
2178 7
2179 1
2180 7
2181 2
2182 0
2183 2
2184 2
2185 1
2186 7
2187 7
2188 7
2189 7
2190 0
2191 1
2192 7
2193 7
2194 7
2195 7
2196 7
2197 2
2198 7
2199 7
2200 1
2201 7
2202 7
2203 2
2204 7
2205 7
2206 7
2207 7
2208 7
2209 7
2210 7
2211 2
2212 0
2213 7
2214 0
2215 7
2216 7
2217 2
2218 0
2219 2
2220 7
2221 2
2222 2
2223 7
2224 7
2225 7
2226 0
2227 0
2228 0
2229 7
2230 2
2231 2
2232 2
2233 7
2234 7
2235 0
2236 1
2237 7
2238 7
2239 7
2240 2
2241 7
2242 7
2243 7
2244 7
2245 0
2246 7
2247 3
2248 0
2249 7
2250 0
2251 7
2252 0
2253 1
2254 7
2255 7
2256 2
2257 2
2258 2
2259 7
2260 7
2261 7
2262 7
2263 0
2264 7
2265 0
2266 1
2267 2
2268 7
2269 7
2270 7
2271 1
2272 7
2273 2
2274 7
2275 2
2276 7
2277 7
2278 7
2279 7
2280 2
2281 1
2282 1
2283 7
2284 1
2285 2
2286 7
2287 0
2288 1
2289 1
2290 1
2291 7
2292 7
2293 1
2294 7
2295 7
2296 2
2297 2
2298 2
2299 3
2300 7
2301 2
2302 0
2303 7
2304 0
2305 7
2306 7
2307 7
2308 7
2309 2
2310 7
2311 7
2312 1
2313 7
2314 2
2315 7
2316 2
2317 2
2318 2
2319 1
2320 0
2321 0
2322 0
2323 0
2324 0
2325 7
2326 7
2327 2
2328 7
2329 2
2330 2
2331 0
2332 7
2333 1
2334 0
2335 7
2336 7
2337 7
2338 7
2339 1
2340 2
2341 0
2342 2
2343 2
2344 2
2345 2
2346 7
2347 7
2348 2
2349 2
2350 1
2351 7
2352 7
2353 7
2354 7
2355 0
2356 2
2357 2
2358 7
2359 7
2360 2
2361 7
2362 7
2363 7
2364 7
2365 7
2366 7
2367 7
2368 7
2369 7
2370 7
2371 7
2372 2
2373 7
2374 7
2375 0
2376 7
2377 7
2378 7
2379 2
2380 7
2381 7
2382 2
2383 0
2384 7
2385 0
2386 7
2387 3
2388 7
2389 0
2390 2
2391 2
2392 7
2393 2
2394 7
2395 7
2396 7
2397 7
2398 7
2399 7
2400 7
2401 7
2402 7
2403 7
2404 7
2405 0
2406 2
2407 7
2408 7
2409 2
2410 7
2411 7
2412 7
2413 2
2414 1
2415 1
2416 7
2417 2
2418 2
2419 7
2420 7
2421 7
2422 7
2423 7
2424 7
2425 7
2426 2
2427 7
2428 7
2429 7
2430 2
2431 2
2432 7
2433 0
2434 7
2435 7
2436 7
2437 7
2438 2
2439 2
2440 7
2441 7
2442 7
2443 2
2444 2
2445 7
2446 7
2447 7
2448 7
2449 7
2450 1
2451 2
2452 7
2453 7
2454 2
2455 2
2456 1
2457 2
2458 0
2459 7
2460 2
2461 7
2462 2
2463 1
2464 7
2465 7
2466 2
2467 2
2468 0
2469 2
2470 1
2471 1
2472 2
2473 2
2474 2
2475 0
2476 3
2477 0
2478 2
2479 7
2480 2
2481 2
2482 2
2483 2
2484 2
2485 2
2486 7
2487 2
2488 7
2489 1
2490 2
2491 2
2492 2
2493 0
2494 2
2495 1
2496 7
2497 2
2498 2
2499 1
2500 2
2501 7
2502 2
2503 1
2504 2
2505 2
2506 1
2507 1
2508 1
2509 1
2510 2
2511 2
2512 2
2513 2
2514 2
2515 7
2516 1
2517 7
2518 2
2519 2
2520 7
2521 7
2522 2
2523 7
2524 7
2525 2
2526 2
2527 2
2528 7
2529 2
2530 7
2531 2
2532 2
2533 7
2534 2
2535 1
2536 1
2537 1
2538 1
2539 2
2540 2
2541 2
2542 0
2543 7
2544 2
2545 2
2546 2
2547 2
2548 2
2549 7
2550 2
2551 2
2552 2
2553 7
2554 2
2555 7
2556 1
2557 7
2558 2
2559 2
2560 2
2561 2
2562 2
2563 2
2564 2
2565 2
2566 2
2567 2
2568 7
2569 2
2570 2
2571 2
2572 2
2573 2
2574 2
2575 7
2576 1
2577 7
2578 2
2579 2
2580 7
2581 0
2582 1
2583 2
2584 2
2585 1
2586 1
2587 2
2588 2
2589 2
2590 7
2591 1
2592 2
2593 7
2594 1
2595 7
2596 2
2597 2
2598 7
2599 2
2600 2
2601 2
2602 2
2603 2
2604 2
2605 1
2606 1
2607 1
2608 1
2609 2
2610 1
2611 2
2612 2
2613 7
2614 1
2615 0
2616 1
2617 2
2618 7
2619 7
2620 2
2621 7
2622 2
2623 1
2624 2
2625 7
2626 2
2627 7
2628 2
2629 2
2630 2
2631 1
2632 2
2633 2
2634 1
2635 7
2636 2
2637 2
2638 2
2639 1
2640 2
2641 1
2642 7
2643 2
2644 2
2645 2
2646 2
2647 2
2648 1
2649 1
2650 2
2651 7
2652 2
2653 7
2654 2
2655 0
2656 0
2657 2
2658 1
2659 2
2660 2
2661 2
2662 2
2663 7
2664 1
2665 7
2666 2
2667 2
2668 2
2669 0
2670 7
2671 2
2672 7
2673 2
2674 2
2675 1
2676 7
2677 2
2678 7
2679 2
2680 2
2681 2
2682 2
2683 2
2684 7
2685 7
2686 2
2687 1
2688 1
2689 7
2690 2
2691 2
2692 1
2693 2
2694 7
2695 2
2696 2
2697 7
2698 1
2699 1
2700 1
2701 3
2702 2
2703 2
2704 7
2705 2
2706 7
2707 0
2708 1
2709 2
2710 2
2711 1
2712 1
2713 0
2714 2
2715 1
2716 2
2717 2
2718 2
2719 2
2720 2
2721 2
2722 2
2723 2
2724 2
2725 1
2726 1
2727 1
2728 2
2729 2
2730 2
2731 7
2732 7
2733 7
2734 7
2735 7
2736 1
2737 7
2738 2
2739 7
2740 2
2741 1
2742 2
2743 2
2744 1
2745 1
2746 2
2747 1
2748 2
2749 7
2750 2
2751 2
2752 2
2753 2
2754 7
2755 2
2756 7
2757 2
2758 2
2759 2
2760 2
2761 2
2762 2
2763 2
2764 2
2765 2
2766 7
2767 2
2768 2
2769 2
2770 2
2771 1
2772 2
2773 7
2774 7
2775 1
2776 2
2777 1
2778 1
2779 1
2780 1
2781 1
2782 0
2783 2
2784 2
2785 7
2786 2
2787 1
2788 1
2789 2
2790 2
2791 2
2792 0
2793 2
2794 2
2795 2
2796 2
2797 7
2798 2
2799 2
2800 2
2801 2
2802 2
2803 2
2804 0
2805 1
2806 1
2807 2
2808 7
2809 2
2810 1
2811 2
2812 2
2813 2
2814 7
2815 7
2816 1
2817 2
2818 7
2819 7
2820 2
2821 7
2822 7
2823 0
2824 2
2825 2
2826 2
2827 7
2828 2
2829 7
2830 2
2831 7
2832 7
2833 7
2834 7
2835 0
2836 2
2837 2
2838 2
2839 7
2840 7
2841 0
2842 7
2843 2
2844 0
2845 2
2846 0
2847 7
2848 7
2849 2
2850 2
2851 3
2852 1
2853 1
2854 0
2855 0
2856 7
2857 2
2858 5
2859 7
2860 2
2861 5
2862 7
2863 7
2864 5
2865 2
2866 2
2867 7
2868 7
2869 7
2870 5
2871 2
2872 7
2873 2
2874 2
2875 0
2876 2
2877 2
2878 1
2879 5
2880 2
2881 5
2882 5
2883 0
2884 7
2885 2
2886 2
2887 5
2888 7
2889 5
2890 0
2891 7
2892 2
2893 7
2894 5
2895 5
2896 2
2897 2
2898 1
2899 2
2900 2
2901 2
2902 7
2903 7
2904 2
2905 1
2906 0
2907 2
2908 1
2909 3
2910 2
2911 2
2912 1
2913 2
2914 2
2915 7
2916 2
2917 2
2918 0
2919 2
2920 2
2921 7
2922 3
2923 3
2924 7
2925 7
2926 7
2927 2
2928 2
2929 7
2930 7
2931 7
2932 1
2933 0
2934 7
2935 0
2936 2
2937 2
2938 1
2939 1
2940 2
2941 0
2942 0
2943 0
2944 7
2945 7
2946 7
2947 7
2948 7
2949 2
2950 1
2951 7
2952 3
2953 0
2954 7
2955 7
2956 7
2957 2
2958 0
2959 7
2960 3
2961 7
2962 2
2963 7
2964 7
2965 7
2966 7
2967 7
2968 2
2969 7
2970 7
2971 7
2972 7
2973 1
2974 0
2975 1
2976 1
2977 0
2978 1
2979 2
2980 1
2981 0
2982 1
2983 1
2984 0
2985 1
2986 2
2987 0
2988 2
2989 7
2990 7
2991 7
2992 7
2993 2
2994 7
2995 1
2996 7
2997 7
2998 7
2999 2
3000 3
3001 7
3002 0
3003 0
3004 0
3005 7
3006 2
3007 2
3008 1
3009 7
3010 7
3011 7
3012 7
3013 7
3014 0
3015 1
3016 0
3017 7
3018 7
3019 1
3020 0
3021 7
3022 2
3023 2
3024 7
3025 7
3026 7
3027 1
3028 2
3029 1
3030 2
3031 7
3032 7
3033 7
3034 7
3035 2
3036 7
3037 7
3038 7
3039 2
3040 1
3041 2
3042 7
3043 7
3044 0
3045 0
3046 2
3047 0
3048 7
3049 1
3050 0
3051 2
3052 7
3053 2
3054 2
3055 2
3056 7
3057 2
3058 3
3059 2
3060 2
3061 2
3062 2
3063 2
3064 2
3065 7
3066 7
3067 7
3068 0
3069 7
3070 2
3071 0
3072 2
3073 7
3074 1
3075 2
3076 7
3077 2
3078 7
3079 7
3080 7
3081 0
3082 2
3083 2
3084 1
3085 2
3086 2
3087 2
3088 0
3089 2
3090 2
3091 2
3092 7
3093 2
3094 7
3095 2
3096 1
3097 7
3098 2
3099 1
3100 7
3101 2
3102 2
3103 1
3104 7
3105 7
3106 7
3107 1
3108 2
3109 2
3110 2
3111 2
3112 7
3113 7
3114 2
3115 7
3116 2
3117 7
3118 2
3119 1
3120 2
3121 7
3122 7
3123 1
3124 7
3125 7
3126 2
3127 2
3128 2
3129 7
3130 3
3131 2
3132 0
3133 7
3134 2
3135 0
3136 7
3137 2
3138 2
3139 2
3140 7
3141 0
3142 7
3143 2
3144 1
3145 1
3146 0
3147 2
3148 0
3149 7
3150 2
3151 7
3152 1
3153 2
3154 2
3155 7
3156 2
3157 7
3158 2
3159 2
3160 7
3161 2
3162 2
3163 1
3164 2
3165 0
3166 2
3167 2
3168 2
3169 2
3170 2
3171 0
3172 7
3173 7
3174 2
3175 7
3176 7
3177 1
3178 7
3179 0
3180 2
3181 0
3182 7
3183 0
3184 2
3185 2
3186 0
3187 7
3188 2
3189 0
3190 7
3191 7
3192 2
3193 7
3194 2
3195 7
3196 7
3197 7
3198 2
3199 7
3200 7
3201 7
3202 2
3203 2
3204 2
3205 2
3206 2
3207 7
3208 7
3209 2
3210 7
3211 7
3212 7
3213 2
3214 2
3215 2
3216 7
3217 2
3218 7
3219 2
3220 2
3221 7
3222 2
3223 2
3224 2
3225 7
3226 1
3227 0
3228 7
3229 1
3230 2
3231 0
3232 2
3233 7
3234 2
3235 1
3236 2
3237 7
3238 7
3239 2
3240 2
3241 7
3242 7
3243 7
3244 2
3245 1
3246 7
3247 0
3248 7
3249 3
3250 0
3251 2
3252 2
3253 2
3254 7
3255 2
3256 7
3257 0
3258 7
3259 2
3260 2
3261 0
3262 7
3263 0
3264 7
3265 1
3266 2
3267 2
3268 7
3269 1
3270 0
3271 0
3272 2
3273 7
3274 7
3275 2
3276 2
3277 1
3278 0
3279 2
3280 1
3281 2
3282 2
3283 0
3284 2
3285 7
3286 2
3287 3
3288 2
3289 7
3290 7
3291 2
3292 0
3293 2
3294 2
3295 1
3296 7
3297 0
3298 2
3299 7
3300 1
3301 7
3302 2
3303 2
3304 2
3305 2
3306 0
3307 0
3308 3
3309 7
3310 0
3311 2
3312 7
3313 1
3314 7
3315 2
3316 0
3317 2
3318 2
3319 2
3320 7
3321 2
3322 1
3323 2
3324 2
3325 2
3326 7
3327 2
3328 7
3329 2
3330 2
3331 2
3332 7
3333 3
3334 1
3335 2
3336 2
3337 7
3338 1
3339 2
3340 7
3341 2
3342 7
3343 7
3344 7
3345 2
3346 7
3347 1
3348 2
3349 7
3350 2
3351 0
3352 7
3353 7
3354 2
3355 7
3356 2
3357 2
3358 2
3359 7
3360 2
3361 0
3362 2
3363 2
3364 2
3365 2
3366 2
3367 2
3368 7
3369 7
3370 0
3371 1
3372 1
3373 7
3374 2
3375 7
3376 2
3377 7
3378 7
3379 7
3380 7
3381 2
3382 0
3383 7
3384 2
3385 2
3386 1
3387 2
3388 7
3389 0
3390 7
3391 7
3392 2
3393 2
3394 7
3395 2
3396 2
3397 2
3398 2
3399 7
3400 7
3401 7
3402 2
3403 2
3404 2
3405 2
3406 2
3407 0
3408 7
3409 7
3410 0
3411 0
3412 2
3413 1
3414 2
3415 2
3416 1
3417 0
3418 0
3419 2
3420 0
3421 7
3422 2
3423 2
3424 1
3425 0
3426 7
3427 2
3428 2
3429 2
3430 2
3431 2
3432 2
3433 2
3434 2
3435 3
3436 7
3437 7
3438 1
3439 2
3440 2
3441 2
3442 2
3443 7
3444 7
3445 7
3446 7
3447 2
3448 2
3449 7
3450 2
3451 2
3452 7
3453 2
3454 7
3455 7
3456 2
3457 2
3458 3
3459 2
3460 2
3461 7
3462 2
3463 2
3464 1
3465 7
3466 7
3467 7
3468 1
3469 2
3470 0
3471 1
3472 0
3473 0
3474 7
3475 7
3476 1
3477 2
3478 2
3479 1
3480 2
3481 0
3482 1
3483 2
3484 7
3485 0
3486 2
3487 7
3488 7
3489 2
3490 1
3491 1
3492 2
3493 1
3494 2
3495 2
3496 2
3497 2
3498 7
3499 2
3500 2
3501 2
3502 2
3503 1
3504 7
3505 0
3506 0
3507 1
3508 7
3509 2
3510 1
3511 7
3512 7
3513 2
3514 2
3515 0
3516 2
3517 0
3518 7
3519 2
3520 7
3521 2
3522 2
3523 2
3524 2
3525 2
3526 2
3527 2
3528 2
3529 2
3530 0
3531 0
3532 2
3533 7
3534 2
3535 7
3536 2
3537 2
3538 7
3539 2
3540 7
3541 1
3542 2
3543 7
3544 2
3545 7
3546 0
3547 7
3548 7
3549 2
3550 2
3551 2
3552 0
3553 2
3554 0
3555 0
3556 7
3557 7
3558 7
3559 7
3560 7
3561 0
3562 2
3563 2
3564 2
3565 2
3566 2
3567 1
3568 7
3569 2
3570 0
3571 7
3572 3
3573 2
3574 7
3575 2
3576 1
3577 1
3578 7
3579 2
3580 2
3581 1
3582 2
3583 1
3584 2
3585 7
3586 2
3587 7
3588 2
3589 2
3590 2
3591 7
3592 1
3593 2
3594 7
3595 7
3596 7
3597 2
3598 2
3599 7
3600 0
3601 7
3602 1
3603 0
3604 7
3605 0
3606 7
3607 7
3608 7
3609 1
3610 7
3611 7
3612 0
3613 3
3614 2
3615 7
3616 0
3617 2
3618 7
3619 2
3620 7
3621 2
3622 2
3623 7
3624 2
3625 2
3626 2
3627 2
3628 7
3629 7
3630 7
3631 7
3632 2
3633 7
3634 2
3635 7
3636 7
3637 7
3638 2
3639 7
3640 0
3641 2
3642 7
3643 2
3644 2
3645 2
3646 2
3647 7
3648 1
3649 3
3650 2
3651 7
3652 2
3653 7
3654 0
3655 1
3656 1
3657 1
3658 2
3659 2
3660 2
3661 7
3662 2
3663 2
3664 1
3665 7
3666 2
3667 7
3668 7
3669 7
3670 2
3671 7
3672 7
3673 2
3674 7
3675 0
3676 7
3677 2
3678 1
3679 2
3680 0
3681 7
3682 7
3683 2
3684 2
3685 2
3686 2
3687 2
3688 2
3689 7
3690 1
3691 2
3692 7
3693 0
3694 2
3695 7
3696 3
3697 2
3698 2
3699 7
3700 7
3701 2
3702 2
3703 2
3704 2
3705 0
3706 7
3707 2
3708 7
3709 2
3710 2
3711 7
3712 1
3713 2
3714 2
3715 2
3716 0
3717 1
3718 2
3719 1
3720 7
3721 2
3722 0
3723 2
3724 7
3725 0
3726 7
3727 0
3728 2
3729 7
3730 2
3731 0
3732 2
3733 2
3734 2
3735 2
3736 7
3737 7
3738 2
3739 2
3740 7
3741 2
3742 7
3743 2
3744 2
3745 2
3746 2
3747 7
3748 2
3749 1
3750 1
3751 7
3752 2
3753 0
3754 0
3755 2
3756 2
3757 1
3758 7
3759 2
3760 2
3761 7
3762 7
3763 0
3764 7
3765 1
3766 0
3767 7
3768 2
3769 2
3770 2
3771 2
3772 3
3773 1
3774 1
3775 7
3776 7
3777 7
3778 7
3779 7
3780 0
3781 7
3782 2
3783 2
3784 7
3785 7
3786 7
3787 1
3788 7
3789 0
3790 7
3791 7
3792 7
3793 0
3794 0
3795 7
3796 0
3797 1
3798 7
3799 0
3800 0
3801 0
3802 0
3803 0
3804 7
3805 7
3806 7
3807 2
3808 0
3809 7
3810 0
3811 0
3812 7
3813 0
3814 2
3815 0
3816 1
3817 7
3818 7
3819 3
3820 7
3821 0
3822 2
3823 7
3824 7
3825 7
3826 0
3827 2
3828 7
3829 3
3830 1
3831 2
3832 7
3833 1
3834 7
3835 7
3836 7
3837 7
3838 2
3839 3
3840 7
3841 7
3842 7
3843 7
3844 7
3845 7
3846 7
3847 0
3848 0
3849 7
3850 2
3851 7
3852 0
3853 0
3854 7
3855 1
3856 2
3857 0
3858 2
3859 0
3860 7
3861 2
3862 2
3863 0
3864 2
3865 2
3866 0
3867 0
3868 1
3869 7
3870 0
3871 3
3872 2
3873 2
3874 2
3875 2
3876 0
3877 7
3878 1
3879 7
3880 2
3881 7
3882 7
3883 7
3884 2
3885 7
3886 2
3887 7
3888 7
3889 7
3890 7
3891 0
3892 2
3893 7
3894 2
3895 2
3896 7
3897 7
3898 7
3899 2
3900 2
3901 7
3902 7
3903 0
3904 7
3905 7
3906 0
3907 7
3908 0
3909 0
3910 3
3911 7
3912 7
3913 0
3914 0
3915 1
3916 2
3917 2
3918 0
3919 0
3920 1
3921 7
3922 7
3923 2
3924 0
3925 2
3926 7
3927 7
3928 7
3929 2
3930 7
3931 7
3932 7
3933 0
3934 7
3935 0
3936 7
3937 0
3938 7
3939 3
3940 2
3941 7
3942 2
3943 7
3944 7
3945 7
3946 7
3947 7
3948 7
3949 7
3950 7
3951 7
3952 7
3953 7
3954 7
3955 2
3956 7
3957 2
3958 7
3959 0
3960 7
3961 7
3962 2
3963 7
3964 3
3965 0
3966 7
3967 2
3968 7
3969 0
3970 2
3971 2
3972 2
3973 7
3974 0
3975 7
3976 7
3977 3
3978 7
3979 2
3980 1
3981 7
3982 7
3983 7
3984 7
3985 7
3986 0
3987 7
3988 0
3989 7
3990 7
3991 7
3992 2
3993 7
3994 2
3995 7
3996 7
3997 1
3998 2
3999 7
4000 7
4001 1
4002 2
4003 7
4004 7
4005 2
4006 0
4007 0
4008 7
4009 7
4010 7
4011 0
4012 1
4013 7
4014 7
4015 2
4016 0
4017 7
4018 2
4019 7
4020 0
4021 7
4022 0
4023 0
4024 7
4025 2
4026 7
4027 7
4028 0
4029 7
4030 2
4031 7
4032 2
4033 0
4034 7
4035 0
4036 7
4037 2
4038 7
4039 1
4040 2
4041 7
4042 7
4043 7
4044 2
4045 2
4046 1
4047 7
4048 7
4049 7
4050 1
4051 2
4052 7
4053 7
4054 0
4055 0
4056 7
4057 2
4058 7
4059 3
4060 0
4061 7
4062 7
4063 7
4064 2
4065 7
4066 7
4067 0
4068 7
4069 1
4070 7
4071 7
4072 7
4073 7
4074 2
4075 7
4076 7
4077 7
4078 7
4079 7
4080 7
4081 2
4082 7
4083 0
4084 7
4085 2
4086 7
4087 7
4088 2
4089 7
4090 2
4091 2
4092 7
4093 7
4094 7
4095 7
4096 0
4097 7
4098 7
4099 7
4100 7
4101 7
4102 2
4103 7
4104 7
4105 7
4106 7
4107 7
4108 7
4109 7
4110 7
4111 7
4112 7
4113 1
4114 2
4115 7
4116 7
4117 2
4118 7
4119 7
4120 7
4121 7
4122 7
4123 2
4124 0
4125 7
4126 7
4127 2
4128 7
4129 0
4130 7
4131 7
4132 7
4133 7
4134 7
4135 2
4136 7
4137 2
4138 2
4139 2
4140 7
4141 2
4142 7
4143 2
4144 7
4145 7
4146 2
4147 7
4148 2
4149 7
4150 0
4151 7
4152 7
4153 0
4154 0
4155 2
4156 2
4157 7
4158 2
4159 7
4160 7
4161 3
4162 7
4163 7
4164 7
4165 7
4166 7
4167 1
4168 7
4169 2
4170 7
4171 7
4172 7
4173 1
4174 3
4175 0
4176 2
4177 7
4178 2
4179 2
4180 7
4181 0
4182 0
4183 7
4184 0
4185 7
4186 7
4187 3
4188 3
4189 3
4190 7
4191 7
4192 0
4193 0
4194 7
4195 7
4196 7
4197 2
4198 2
4199 7
4200 7
4201 7
4202 7
4203 7
4204 7
4205 0
4206 7
4207 7
4208 0
4209 7
4210 7
4211 7
4212 7
4213 7
4214 7
4215 7
4216 7
4217 7
4218 1
4219 6
4220 7
4221 7
4222 7
4223 7
4224 7
4225 7
4226 2
4227 0
4228 0
4229 7
4230 7
4231 7
4232 7
4233 7
4234 7
4235 7
4236 7
4237 7
4238 7
4239 7
4240 7
4241 7
4242 7
4243 7
4244 6
4245 7
4246 7
4247 7
4248 0
4249 0
4250 0
4251 7
4252 1
4253 7
4254 7
4255 2
4256 7
4257 7
4258 7
4259 0
4260 7
4261 3
4262 0
4263 7
4264 7
4265 7
4266 7
4267 1
4268 7
4269 7
4270 7
4271 7
4272 0
4273 1
4274 0
4275 7
4276 0
4277 1
4278 7
4279 0
4280 7
4281 7
4282 3
4283 1
4284 7
4285 0
4286 0
4287 3
4288 3
4289 7
4290 7
4291 7
4292 7
4293 0
4294 7
4295 2
4296 7
4297 0
4298 7
4299 0
4300 2
4301 7
4302 0
4303 0
4304 1
4305 2
4306 7
4307 7
4308 7
4309 0
4310 7
4311 7
4312 3
4313 7
4314 0
4315 2
4316 0
4317 7
4318 7
4319 7
4320 7
4321 1
4322 7
4323 1
4324 1
4325 7
4326 7
4327 7
4328 2
4329 0
4330 7
4331 0
4332 2
4333 0
4334 0
4335 0
4336 7
4337 7
4338 7
4339 7
4340 7
4341 3
4342 3
4343 7
4344 1
4345 7
4346 7
4347 7
4348 0
4349 7
4350 0
4351 0
4352 0
4353 0
4354 7
4355 0
4356 7
4357 1
4358 3
4359 7
4360 2
4361 3
4362 2
4363 1
4364 0
4365 7
4366 0
4367 7
4368 7
4369 7
4370 0
4371 7
4372 1
4373 0
4374 7
4375 1
4376 7
4377 7
4378 7
4379 1
4380 7
4381 2
4382 7
4383 7
4384 7
4385 1
4386 7
4387 7
4388 7
4389 0
4390 7
4391 7
4392 7
4393 7
4394 7
4395 7
4396 7
4397 7
4398 3
4399 7
4400 0
4401 7
4402 7
4403 7
4404 1
4405 7
4406 1
4407 0
4408 7
4409 7
4410 3
4411 7
4412 7
4413 7
4414 1
4415 7
4416 7
4417 7
4418 7
4419 0
4420 0
4421 7
4422 7
4423 0
4424 0
4425 7
4426 7
4427 7
4428 7
4429 1
4430 2
4431 0
4432 7
4433 2
4434 0
4435 7
4436 0
4437 2
4438 2
4439 7
4440 7
4441 7
4442 0
4443 0
4444 0
4445 0
4446 2
4447 7
4448 7
4449 7
4450 7
4451 7
4452 7
4453 0
4454 0
4455 7
4456 0
4457 0
4458 0
4459 0
4460 0
4461 0
4462 1
4463 7
4464 0
4465 7
4466 7
4467 7
4468 7
4469 7
4470 7
4471 7
4472 7
4473 7
4474 2
4475 7
4476 7
4477 7
4478 7
4479 7
4480 7
4481 7
4482 7
4483 7
4484 7
4485 7
4486 0
4487 0
4488 7
4489 7
4490 7
4491 7
4492 7
4493 2
4494 0
4495 3
4496 3
4497 7
4498 3
4499 3
4500 0
4501 3
4502 0
4503 3
4504 3
4505 3
4506 7
4507 0
4508 0
4509 7
4510 7
4511 0
4512 7
4513 7
4514 0
4515 7
4516 3
4517 1
4518 7
4519 0
4520 0
4521 0
4522 0
4523 1
4524 1
4525 7
4526 7
4527 2
4528 2
4529 2
4530 7
4531 7
4532 3
4533 7
4534 7
4535 7
4536 0
4537 7
4538 2
4539 7
4540 7
4541 7
4542 0
4543 6
4544 7
4545 0
4546 0
4547 0
4548 0
4549 7
4550 7
4551 7
4552 7
4553 7
4554 7
4555 2
4556 7
4557 7
4558 7
4559 7
4560 2
4561 7
4562 2
4563 0
4564 2
4565 7
4566 7
4567 2
4568 7
4569 2
4570 2
4571 7
4572 7
4573 1
4574 7
4575 3
4576 1
4577 2
4578 7
4579 2
4580 7
4581 7
4582 2
4583 7
4584 7
4585 7
4586 3
4587 1
4588 2
4589 7
4590 7
4591 2
4592 7
4593 7
4594 2
4595 7
4596 7
4597 0
4598 7
4599 0
4600 3
4601 2
4602 1
4603 7
4604 7
4605 7
4606 7
4607 7
4608 7
4609 3
4610 3
4611 7
4612 3
4613 3
4614 3
4615 7
4616 1
4617 7
4618 7
4619 7
4620 3
4621 7
4622 7
4623 0
4624 0
4625 7
4626 0
4627 7
4628 7
4629 7
4630 7
4631 7
4632 7
4633 7
4634 7
4635 7
4636 7
4637 7
4638 7
4639 0
4640 1
4641 7
4642 0
4643 7
4644 2
4645 3
4646 1
4647 1
4648 7
4649 1
4650 0
4651 7
4652 0
4653 7
4654 7
4655 2
4656 2
4657 7
4658 0
4659 7
4660 7
4661 7
4662 7
4663 7
4664 7
4665 1
4666 2
4667 7
4668 2
4669 7
4670 1
4671 7
4672 2
4673 7
4674 7
4675 7
4676 7
4677 7
4678 7
4679 7
4680 7
4681 7
4682 7
4683 7
4684 7
4685 7
4686 2
4687 7
4688 7
4689 7
4690 7
4691 7
4692 2
4693 7
4694 7
4695 7
4696 7
4697 7
4698 7
4699 7
4700 7
4701 7
4702 7
4703 7
4704 7
4705 7
4706 7
4707 7
4708 7
4709 7
4710 7
4711 7
4712 7
4713 2
4714 7
4715 7
4716 7
4717 7
4718 7
4719 7
4720 1
4721 2
4722 7
4723 2
4724 7
4725 3
4726 1
4727 3
4728 7
4729 7
4730 2
4731 7
4732 7
4733 7
4734 2
4735 0
4736 7
4737 7
4738 3
4739 2
4740 2
4741 1
4742 0
4743 0
4744 1
4745 0
4746 0
4747 0
4748 0
4749 0
4750 0
4751 7
4752 7
4753 0
4754 0
4755 0
4756 7
4757 7
4758 7
4759 7
4760 0
4761 7
4762 7
4763 7
4764 0
4765 7
4766 7
4767 7
4768 2
4769 0
4770 0
4771 7
4772 0
4773 2
4774 6
4775 0
4776 7
4777 0
4778 7
4779 7
4780 1
4781 7
4782 7
4783 7
4784 0
4785 0
4786 7
4787 7
4788 7
4789 7
4790 7
4791 7
4792 0
4793 0
4794 7
4795 7
4796 7
4797 2
4798 7
4799 7
4800 7
4801 2
4802 3
4803 0
4804 6
4805 0
4806 3
4807 7
4808 2
4809 7
4810 7
4811 3
4812 0
4813 7
4814 2
4815 3
4816 2
4817 7
4818 0
4819 7
4820 2
4821 1
4822 3
4823 2
4824 7
4825 7
4826 7
4827 1
4828 0
4829 7
4830 2
4831 2
4832 0
4833 6
4834 0
4835 2
4836 7
4837 7
4838 7
4839 7
4840 0
4841 7
4842 0
4843 3
4844 3
4845 7
4846 0
4847 0
4848 7
4849 7
4850 7
4851 7
4852 2
4853 2
4854 2
4855 2
4856 0
4857 0
4858 0
4859 0
4860 0
4861 7
4862 0
4863 7
4864 2
4865 0
4866 0
4867 0
4868 7
4869 0
4870 7
4871 7
4872 2
4873 0
4874 0
4875 0
4876 7
4877 0
4878 0
4879 0
4880 3
4881 7
4882 0
4883 7
4884 0
4885 0
4886 7
4887 0
4888 0
4889 0
4890 0
4891 1
4892 0
4893 0
4894 0
4895 7
4896 7
4897 7
4898 2
4899 7
4900 7
4901 0
4902 2
4903 1
4904 0
4905 0
4906 0
4907 0
4908 7
4909 2
4910 7
4911 7
4912 7
4913 0
4914 7
4915 8
4916 7
4917 7
4918 7
4919 7
4920 7
4921 7
4922 7
4923 7
4924 0
4925 7
4926 7
4927 0
4928 0
4929 1
4930 0
4931 2
4932 0
4933 2
4934 1
4935 7
4936 0
4937 7
4938 7
4939 1
4940 2
4941 0
4942 0
4943 0
4944 2
4945 7
4946 7
4947 7
4948 2
4949 7
4950 0
4951 7
4952 7
4953 0
4954 2
4955 7
4956 0
4957 7
4958 6
4959 7
4960 7
4961 7
4962 7
4963 7
4964 2
4965 0
4966 7
4967 7
4968 0
4969 7
4970 7
4971 7
4972 7
4973 7
4974 7
4975 7
4976 7
4977 7
4978 7
4979 2
4980 7
4981 2
4982 7
4983 7
4984 0
4985 7
4986 0
4987 7
4988 7
4989 7
4990 7
4991 1
4992 2
4993 7
4994 2
4995 7
4996 7
4997 7
4998 0
4999 7
5000 0
5001 2
5002 0
5003 7
5004 7
5005 7
5006 7
5007 7
5008 3
5009 1
5010 2
5011 7
5012 1
5013 0
5014 7
5015 2
5016 2
5017 2
5018 0
5019 1
5020 0
5021 0
5022 0
5023 1
5024 7
5025 1
5026 2
5027 7
5028 7
5029 7
5030 2
5031 7
5032 7
5033 0
5034 7
5035 7
5036 7
5037 7
5038 2
5039 7
5040 7
5041 0
5042 7
5043 7
5044 0
5045 7
5046 1
5047 2
5048 2
5049 2
5050 7
5051 7
5052 0
5053 1
5054 7
5055 7
5056 7
5057 7
5058 0
5059 7
5060 7
5061 0
5062 3
5063 7
5064 2
5065 7
5066 0
5067 7
5068 7
5069 7
5070 7
5071 1
5072 7
5073 7
5074 7
5075 2
5076 7
5077 2
5078 7
5079 7
5080 7
5081 7
5082 7
5083 7
5084 2
5085 7
5086 7
5087 7
5088 7
5089 2
5090 2
5091 2
5092 0
5093 0
5094 2
5095 7
5096 7
5097 7
5098 0
5099 1
5100 7
5101 1
5102 7
5103 0
5104 7
5105 7
5106 7
5107 7
5108 7
5109 7
5110 1
5111 2
5112 7
5113 2
5114 1
5115 7
5116 7
5117 7
5118 7
5119 2
5120 3
5121 0
5122 0
5123 3
5124 0
5125 0
5126 7
5127 2
5128 7
5129 7
5130 7
5131 2
5132 0
5133 2
5134 7
5135 7
5136 0
5137 0
5138 7
5139 2
5140 0
5141 1
5142 7
5143 2
5144 7
5145 7
5146 7
5147 0
5148 7
5149 7
5150 7
5151 1
5152 0
5153 2
5154 2
5155 2
5156 7
5157 3
5158 2
5159 7
5160 0
5161 7
5162 1
5163 2
5164 7
5165 7
5166 7
5167 0
5168 0
5169 7
5170 0
5171 0
5172 1
5173 2
5174 2
5175 7
5176 7
5177 0
5178 1
5179 0
5180 7
5181 7
5182 1
5183 1
5184 7
5185 0
5186 0
5187 7
5188 7
5189 7
5190 0
5191 7
5192 7
5193 7
5194 2
5195 7
5196 7
5197 0
5198 7
5199 0
5200 7
5201 2
5202 7
5203 0
5204 7
5205 7
5206 7
5207 7
5208 0
5209 0
5210 3
5211 7
5212 7
5213 0
5214 0
5215 2
5216 2
5217 0
5218 0
5219 7
5220 7
5221 7
5222 7
5223 3
5224 7
5225 1
5226 7
5227 7
5228 2
5229 2
5230 1
5231 7
5232 0
5233 1
5234 7
5235 0
5236 0
5237 3
5238 3
5239 7
5240 7
5241 7
5242 3
5243 7
5244 7
5245 7
5246 2
5247 3
5248 1
5249 7
5250 1
5251 7
5252 7
5253 7
5254 7
5255 7
5256 2
5257 7
5258 7
5259 7
5260 1
5261 7
5262 3
5263 7
5264 7
5265 7
5266 0
5267 0
5268 7
5269 7
5270 7
5271 7
5272 7
5273 7
5274 0
5275 0
5276 7
5277 7
5278 2
5279 7
5280 2
5281 7
5282 7
5283 2
5284 7
5285 3
5286 7
5287 2
5288 2
5289 0
5290 0
5291 0
5292 0
5293 7
5294 7
5295 0
5296 7
5297 7
5298 0
5299 7
5300 2
5301 0
5302 7
5303 2
5304 7
5305 7
5306 0
5307 7
5308 7
5309 2
5310 7
5311 0
5312 0
5313 0
5314 7
5315 7
5316 7
5317 2
5318 7
5319 2
5320 7
5321 2
5322 7
5323 0
5324 0
5325 3
5326 0
5327 7
5328 0
5329 3
5330 0
5331 7
5332 7
5333 7
5334 7
5335 7
5336 7
5337 0
5338 3
5339 0
5340 7
5341 1
5342 7
5343 2
5344 7
5345 7
5346 2
5347 7
5348 7
5349 7
5350 0
5351 7
5352 8
5353 0
5354 7
5355 0
5356 7
5357 1
5358 2
5359 0
5360 7
5361 2
5362 7
5363 2
5364 2
5365 2
5366 7
5367 0
5368 0
5369 7
5370 7
5371 0
5372 7
5373 2
5374 2
5375 0
5376 7
5377 2
5378 2
5379 2
5380 2
5381 7
5382 7
5383 7
5384 0
5385 2
5386 7
5387 0
5388 7
5389 7
5390 2
5391 7
5392 7
5393 7
5394 7
5395 2
5396 2
5397 0
5398 7
5399 7
5400 7
5401 0
5402 0
5403 0
5404 7
5405 7
5406 7
5407 1
5408 7
5409 3
5410 7
5411 7
5412 7
5413 7
5414 0
5415 7
5416 7
5417 7
5418 7
5419 0
5420 7
5421 7
5422 3
5423 7
5424 7
5425 7
5426 0
5427 7
5428 7
5429 7
5430 0
5431 0
5432 0
5433 0
5434 2
5435 7
5436 1
5437 0
5438 2
5439 7
5440 7
5441 0
5442 7
5443 7
5444 7
5445 7
5446 0
5447 7
5448 0
5449 7
5450 7
5451 7
5452 0
5453 0
5454 7
5455 7
5456 7
5457 7
5458 2
5459 7
5460 7
5461 0
5462 7
5463 7
5464 3
5465 2
5466 2
5467 7
5468 7
5469 0
5470 7
5471 0
5472 7
5473 7
5474 7
5475 7
5476 2
5477 2
5478 7
5479 2
5480 7
5481 7
5482 7
5483 2
5484 7
5485 0
5486 1
5487 7
5488 7
5489 0
5490 7
5491 2
5492 7
5493 0
5494 0
5495 2
5496 7
5497 7
5498 7
5499 7
5500 7
5501 2
5502 7
5503 7
5504 2
5505 0
5506 7
5507 7
5508 7
5509 7
5510 7
5511 3
5512 0
5513 2
5514 2
5515 7
5516 2
5517 3
5518 7
5519 7
5520 7
5521 7
5522 7
5523 7
5524 7
5525 7
5526 7
5527 0
5528 7
5529 0
5530 7
5531 7
5532 2
5533 7
5534 7
5535 7
5536 7
5537 7
5538 7
5539 2
5540 7
5541 7
5542 7
5543 7
5544 7
5545 7
5546 2
5547 0
5548 7
5549 1
5550 1
5551 1
5552 1
5553 7
5554 7
5555 0
5556 0
5557 7
5558 7
5559 7
5560 7
5561 7
5562 7
5563 7
5564 0
5565 7
5566 2
5567 2
5568 7
5569 7
5570 7
5571 7
5572 7
5573 7
5574 7
5575 2
5576 7
5577 0
5578 0
5579 7
5580 7
5581 2
5582 7
5583 7
5584 2
5585 2
5586 1
5587 2
5588 7
5589 1
5590 7
5591 7
5592 7
5593 7
5594 2
5595 7
5596 1
5597 7
5598 7
5599 7
5600 2
5601 7
5602 2
5603 1
5604 7
5605 2
5606 7
5607 0
5608 7
5609 2
5610 7
5611 7
5612 0
5613 0
5614 2
5615 0
5616 0
5617 7
5618 1
5619 0
5620 7
5621 2
5622 0
5623 2
5624 7
5625 2
5626 7
5627 0
5628 7
5629 7
5630 7
5631 2
5632 0
5633 1
5634 7
5635 7
5636 7
5637 7
5638 7
5639 2
5640 7
5641 2
5642 7
5643 1
5644 7
5645 7
5646 7
5647 7
5648 1
5649 2
5650 7
5651 7
5652 2
5653 0
5654 1
5655 7
5656 7
5657 0
5658 2
5659 7
5660 7
5661 7
5662 0
5663 7
5664 7
5665 7
5666 7
5667 7
5668 2
5669 7
5670 7
5671 1
5672 7
5673 7
5674 3
5675 7
5676 1
5677 7
5678 7
5679 7
5680 7
5681 7
5682 7
5683 7
5684 7
5685 7
5686 7
5687 7
5688 7
5689 7
5690 7
5691 7
5692 7
5693 7
5694 7
5695 7
5696 7
5697 7
5698 7
5699 7
5700 7
5701 7
5702 0
5703 7
5704 2
5705 0
5706 7
5707 7
5708 7
5709 7
5710 1
5711 7
5712 1
5713 0
5714 7
5715 7
5716 7
5717 2
5718 7
5719 7
5720 7
5721 7
5722 7
5723 2
5724 0
5725 7
5726 7
5727 7
5728 7
5729 7
5730 7
5731 0
5732 7
5733 7
5734 7
5735 7
5736 7
5737 7
5738 7
5739 7
5740 7
5741 7
5742 0
5743 0
5744 2
5745 1
5746 7
5747 7
5748 7
5749 7
5750 0
5751 7
5752 1
5753 1
5754 7
5755 7
5756 7
5757 7
5758 2
5759 7
5760 7
5761 2
5762 7
5763 7
5764 7
5765 0
5766 0
5767 7
5768 0
5769 3
5770 0
5771 3
5772 2
5773 2
5774 2
5775 2
5776 7
5777 1
5778 1
5779 7
5780 7
5781 7
5782 0
5783 0
5784 0
5785 0
5786 0
5787 0
5788 0
5789 0
5790 0
5791 0
5792 2
5793 1
5794 0
5795 2
5796 0
5797 7
5798 7
5799 7
5800 7
5801 0
5802 0
5803 7
5804 7
5805 8
5806 0
5807 0
5808 0
5809 2
5810 7
5811 7
5812 7
5813 7
5814 7
5815 7
5816 7
5817 7
5818 1
5819 7
5820 7
5821 7
5822 7
5823 7
5824 7
5825 7
5826 0
5827 7
5828 7
5829 7
5830 0
5831 7
5832 7
5833 7
5834 7
5835 7
5836 7
5837 2
5838 0
5839 2
5840 7
5841 2
5842 7
5843 0
5844 0
5845 0
5846 7
5847 0
5848 0
5849 0
5850 0
5851 7
5852 2
5853 0
5854 7
5855 1
5856 7
5857 0
5858 2
5859 0
5860 0
5861 0
5862 7
5863 7
5864 0
5865 7
5866 0
5867 7
5868 7
5869 7
5870 7
5871 0
5872 7
5873 7
5874 2
5875 7
5876 7
5877 7
5878 0
5879 7
5880 7
5881 7
5882 7
5883 0
5884 1
5885 0
5886 2
5887 7
5888 2
5889 2
5890 2
5891 2
5892 7
5893 7
5894 7
5895 0
5896 1
5897 7
5898 0
5899 7
5900 0
5901 7
5902 7
5903 0
5904 1
5905 1
5906 7
5907 2
5908 7
5909 7
5910 7
5911 7
5912 7
5913 7
5914 7
5915 2
5916 7
5917 7
5918 7
5919 0
5920 7
5921 7
5922 7
5923 7
5924 0
5925 2
5926 7
5927 7
5928 7
5929 3
5930 3
5931 0
5932 0
5933 0
5934 0
5935 7
5936 0
5937 0
5938 7
5939 7
5940 2
5941 1
5942 0
5943 2
5944 2
5945 7
5946 7
5947 7
5948 0
5949 0
5950 7
5951 7
5952 1
5953 0
5954 1
5955 0
5956 3
5957 7
5958 7
5959 7
5960 0
5961 3
5962 1
5963 7
5964 0
5965 2
5966 0
5967 0
5968 7
5969 0
5970 2
5971 7
5972 7
5973 2
5974 2
5975 3
5976 0
5977 0
5978 7
5979 7
5980 7
5981 7
5982 2
5983 7
5984 7
5985 0
5986 7
5987 0
5988 2
5989 0
5990 0
5991 7
5992 7
5993 0
5994 0
5995 0
5996 0
5997 0
5998 7
5999 7
6000 0
6001 0
6002 0
6003 1
6004 7
6005 2
6006 2
6007 7
6008 1
6009 2
6010 7
6011 7
6012 0
6013 0
6014 0
6015 7
6016 2
6017 0
6018 7
6019 7
6020 7
6021 7
6022 7
6023 7
6024 7
6025 7
6026 7
6027 7
6028 0
6029 7
6030 7
6031 7
6032 0
6033 7
6034 7
6035 2
6036 7
6037 7
6038 7
6039 7
6040 7
6041 7
6042 9
6043 7
6044 7
6045 7
6046 7
6047 7
6048 7
6049 7
6050 7
6051 0
6052 7
6053 2
6054 7
6055 2
6056 2
6057 7
6058 7
6059 7
6060 2
6061 7
6062 7
6063 7
6064 7
6065 7
6066 1
6067 1
6068 1
6069 7
6070 1
6071 11
6072 2
6073 2
6074 0
6075 2
6076 2
6077 7
6078 7
6079 7
6080 7
6081 7
6082 2
6083 7
6084 7
6085 3
6086 2
6087 2
6088 1
6089 7
6090 0
6091 7
6092 7
6093 1
6094 7
6095 7
6096 7
6097 2
6098 0
6099 7
6100 7
6101 7
6102 7
6103 0
6104 7
6105 3
6106 7
6107 7
6108 2
6109 7
6110 2
6111 7
6112 7
6113 7
6114 7
6115 7
6116 7
6117 7
6118 7
6119 7
6120 2
6121 7
6122 2
6123 7
6124 7
6125 7
6126 0
6127 7
6128 7
6129 0
6130 7
6131 0
6132 1
6133 2
6134 0
6135 7
6136 7
6137 2
6138 1
6139 7
6140 7
6141 1
6142 2
6143 7
6144 1
6145 7
6146 7
6147 7
6148 7
6149 0
6150 7
6151 2
6152 0
6153 2
6154 0
6155 7
6156 7
6157 2
6158 7
6159 7
6160 7
6161 7
6162 7
6163 7
6164 7
6165 7
6166 7
6167 2
6168 1
6169 7
6170 7
6171 7
6172 7
6173 7
6174 7
6175 7
6176 7
6177 7
6178 7
6179 7
6180 7
6181 7
6182 7
6183 2
6184 7
6185 0
6186 0
6187 7
6188 7
6189 7
6190 7
6191 7
6192 0
6193 7
6194 7
6195 7
6196 7
6197 7
6198 7
6199 0
6200 0
6201 7
6202 7
6203 7
6204 2
6205 7
6206 7
6207 7
6208 2
6209 7
6210 7
6211 7
6212 7
6213 2
6214 0
6215 7
6216 0
6217 2
6218 7
6219 8
6220 7
6221 7
6222 2
6223 1
6224 7
6225 1
6226 7
6227 1
6228 7
6229 7
6230 7
6231 7
6232 0
6233 7
6234 2
6235 7
6236 2
6237 7
6238 0
6239 7
6240 7
6241 7
6242 1
6243 1
6244 2
6245 1
6246 1
6247 7
6248 0
6249 9
6250 7
6251 7
6252 7
6253 7
6254 7
6255 7
6256 7
6257 7
6258 0
6259 10
6260 10
6261 0
6262 7
6263 3
6264 1
6265 1
6266 0
6267 1
6268 7
6269 7
6270 0
6271 0
6272 0
6273 0
6274 0
6275 2
6276 7
6277 2
6278 0
6279 2
6280 0
6281 1
6282 7
6283 7
6284 2
6285 0
6286 2
6287 7
6288 0
6289 0
6290 2
6291 3
6292 0
6293 3
6294 7
6295 0
6296 0
6297 7
6298 7
6299 2
6300 7
6301 0
6302 7
6303 0
6304 0
6305 7
6306 7
6307 7
6308 7
6309 2
6310 7
6311 0
6312 0
6313 7
6314 7
6315 7
6316 3
6317 0
6318 7
6319 7
6320 7
6321 7
6322 7
6323 7
6324 2
6325 1
6326 7
6327 2
6328 7
6329 0
6330 7
6331 1
6332 7
6333 0
6334 7
6335 7
6336 7
6337 2
6338 7
6339 0
6340 7
6341 7
6342 0
6343 0
6344 13
6345 3
6346 0
6347 7
6348 0
6349 7
6350 7
6351 2
6352 0
6353 2
6354 7
6355 2
6356 7
6357 7
6358 3
6359 3
6360 0
6361 2
6362 2
6363 0
6364 7
6365 7
6366 7
6367 7
6368 1
6369 0
6370 0
6371 0
6372 0
6373 2
6374 0
6375 0
6376 0
6377 7
6378 7
6379 7
6380 2
6381 0
6382 0
6383 7
6384 7
6385 7
6386 1
6387 1
6388 7
6389 1
6390 1
6391 0
6392 2
6393 0
6394 1
6395 0
6396 0
6397 1
6398 1
6399 3
6400 7
6401 7
6402 1
6403 7
6404 1
6405 7
6406 1
6407 1
6408 1
6409 1
6410 1
6411 1
6412 7
6413 7
6414 7
6415 7
6416 7
6417 7
6418 2
6419 7
6420 7
6421 0
6422 0
6423 0
6424 7
6425 1
6426 7
6427 7
6428 7
6429 7
6430 7
6431 7
6432 7
6433 7
6434 7
6435 7
6436 7
6437 0
6438 0
6439 0
6440 0
6441 7
6442 7
6443 7
6444 7
6445 7
6446 2
6447 2
6448 2
6449 0
6450 7
6451 7
6452 0
6453 0
6454 0
6455 0
6456 1
6457 11
6458 2
6459 0
6460 1
6461 0
6462 2
6463 7
6464 7
6465 0
6466 9
6467 0
6468 7
6469 0
6470 2
6471 7
6472 7
6473 0
6474 0
6475 1
6476 1
6477 2
6478 0
6479 7
6480 3
6481 3
6482 3
6483 7
6484 3
6485 7
6486 7
6487 11
6488 7
6489 7
6490 0
6491 0
6492 0
6493 2
6494 1
6495 7
6496 0
6497 7
6498 7
6499 7
6500 7
6501 7
6502 7
6503 0
6504 0
6505 3
6506 0
6507 7
6508 7
6509 7
6510 0
6511 0
6512 0
6513 0
6514 0
6515 0
6516 7
6517 7
6518 0
6519 3
6520 7
6521 7
6522 7
6523 7
6524 7
6525 7
6526 7
6527 0
6528 1
6529 7
6530 7
6531 7
6532 7
6533 7
6534 7
6535 7
6536 8
6537 8
6538 8
6539 0
6540 8
6541 8
6542 7
6543 8
6544 8
6545 8
6546 8
6547 8
6548 8
6549 8
6550 8
6551 8
6552 8
6553 8
6554 8
6555 8
6556 0
6557 0
6558 12
6559 7
6560 0
6561 7
6562 7
6563 7
6564 7
6565 7
6566 12
6567 12
6568 7
6569 3
6570 1
6571 1
6572 1
6573 7
6574 7
6575 2
6576 2
6577 2
6578 2
6579 2
6580 0
6581 0
6582 7
6583 0
6584 3
6585 3
6586 3
6587 0
6588 0
6589 7
6590 2
6591 1
6592 1
6593 0
6594 2
6595 0
6596 0
6597 7
6598 0
6599 0
6600 0
6601 0
6602 0
6603 0
6604 0
6605 1
6606 2
6607 2
6608 2
6609 2
6610 7
6611 7
6612 7
6613 0
6614 7
6615 7
6616 2
6617 7
6618 3
6619 7
6620 0
6621 2
6622 7
6623 7
6624 1
6625 7
6626 7
6627 7
6628 0
6629 0
6630 0
6631 7
6632 0
6633 0
6634 7
6635 0
6636 7
6637 0
6638 2
6639 1
6640 2
6641 7
6642 0
6643 7
6644 2
6645 7
6646 7
6647 0
6648 0
6649 7
6650 2
6651 0
6652 7
6653 7
6654 0
6655 2
6656 0
6657 7
6658 7
6659 2
6660 0
6661 7
6662 7
6663 0
6664 7
6665 7
6666 7
6667 7
6668 7
6669 7
6670 7
6671 7
6672 7
6673 7
6674 7
6675 7
6676 7
6677 7
6678 7
6679 7
6680 7
6681 1
6682 7
6683 7
6684 7
6685 7
6686 7
6687 7
6688 7
6689 7
6690 7
6691 7
6692 7
6693 7
6694 7
6695 7
6696 7
6697 7
6698 7
6699 7
6700 7
6701 7
6702 7
6703 7
6704 7
6705 7
6706 7
6707 7
6708 7
6709 7
6710 7
6711 7
6712 7
6713 7
6714 3
6715 7
6716 7
6717 7
6718 2
6719 7
6720 7
6721 7
6722 7
6723 7
6724 7
6725 7
6726 7
6727 7
6728 7
6729 7
6730 7
6731 7
6732 7
6733 7
6734 7
6735 7
6736 7
6737 7
6738 7
6739 7
6740 7
6741 7
6742 7
6743 7
6744 7
6745 7
6746 7
6747 7
6748 0
6749 7
6750 7
6751 7
6752 7
6753 7
6754 7
6755 7
6756 7
6757 7
6758 7
6759 7
6760 7
6761 7
6762 2
6763 2
6764 0
6765 0
6766 0
6767 0
6768 0
6769 0
6770 0
6771 0
6772 0
6773 0
6774 0
6775 0
6776 1
6777 0
6778 0
6779 7
6780 7
6781 0
6782 0
6783 0
6784 0
6785 0
6786 0
6787 0
6788 0
6789 0
6790 7
6791 0
6792 0
6793 0
6794 0
6795 0
6796 0
6797 0
6798 0
6799 0
6800 0
6801 1
6802 0
6803 7
6804 7
6805 7
6806 0
6807 7
6808 0
6809 1
6810 7
6811 7
6812 1
6813 7
6814 0
6815 7
6816 7
6817 7
6818 7
6819 7
6820 7
6821 7
6822 2
6823 0
6824 0
6825 7
6826 7
6827 7
6828 7
6829 7
6830 7
6831 7
6832 7
6833 7
6834 7
6835 7
6836 7
6837 7
6838 7
6839 7
6840 7
6841 7
6842 7
6843 7
6844 7
6845 7
6846 2
6847 2
6848 2
6849 3
6850 3
6851 2
6852 2
6853 0
6854 0
6855 0
6856 1
6857 2
6858 0
6859 7
6860 0
6861 0
6862 1
6863 2
6864 0
6865 0
6866 13
6867 0
6868 0
6869 0
6870 7
6871 0
6872 1
6873 0
6874 2
6875 7
6876 7
6877 1
6878 0
6879 0
6880 0
6881 7
6882 2
6883 0
6884 0
6885 0
6886 7
6887 0
6888 0
6889 0
6890 7
6891 7
6892 0
6893 1
6894 1
6895 7
6896 7
6897 7
6898 7
6899 7
6900 7
6901 7
6902 7
6903 7
6904 7
6905 7
6906 7
6907 7
6908 7
6909 7
6910 2
6911 3
6912 1
6913 1
6914 2
6915 0
6916 0
6917 7
6918 7
6919 7
6920 7
6921 7
6922 7
6923 7
6924 7
6925 7
6926 7
6927 7
6928 7
6929 1
6930 2
6931 2
6932 7
6933 7
6934 1
6935 1
6936 7
6937 7
6938 7
6939 7
6940 7
6941 0
6942 0
6943 7
6944 7
6945 7
6946 7
6947 3
6948 1
6949 1
6950 7
6951 0
6952 9
6953 9
6954 9
6955 9
6956 9
6957 7
6958 7
6959 2
6960 2
6961 7
6962 2
6963 7
6964 7
6965 2
6966 2
6967 7
6968 7
6969 7
6970 7
6971 7
6972 7
6973 0
6974 7
6975 0
6976 2
6977 0
6978 7
6979 1
6980 0
6981 7
6982 7
6983 7
6984 7
6985 1
6986 7
6987 7
6988 7
6989 7
6990 7
6991 2
6992 1
6993 2
6994 0
6995 0
6996 0
6997 0
6998 0
6999 3
7000 7
7001 0
7002 1
7003 0
7004 0
7005 2
7006 2
7007 7
7008 0
7009 2
7010 2
7011 2
7012 0
7013 7
7014 7
7015 0
7016 0
7017 0
7018 0
7019 0
7020 0
7021 0
7022 0
7023 0
7024 0
7025 1
7026 1
7027 0
7028 2
7029 7
7030 0
7031 0
7032 7
7033 0
7034 7
7035 0
7036 0
7037 2
7038 7
7039 7
7040 7
7041 0
7042 7
7043 7
7044 7
7045 0
7046 0
7047 2
7048 1
7049 7
7050 0
7051 1
7052 7
7053 7
7054 7
7055 7
7056 7
7057 7
0 4
1 0
2 5
3 1
4 4
5 2
6 4
7 2
8 3
9 4
10 5
11 5
12 1
13 2
0 0
1 1
2 2
3 3
4 4
5 5
1e-06 0.122322 50
