0 3
1 16
2 16
3 3
4 3
5 3
6 3
7 16
8 3
9 3
10 3
11 16
12 3
13 16
14 3
15 3
16 3
17 3
18 3
19 3
20 16
21 3
22 3
23 3
24 3
25 3
26 3
27 3
28 3
29 16
30 3
31 3
32 3
33 3
34 3
35 3
36 3
37 3
38 3
39 3
40 3
41 16
42 3
43 3
44 3
45 3
46 3
47 3
48 3
49 16
50 3
51 16
52 3
53 16
54 3
55 16
56 3
57 16
58 3
59 3
60 3
61 3
62 3
63 3
64 3
65 3
66 3
67 3
68 3
69 3
70 3
71 16
72 16
73 3
74 3
75 3
76 3
77 3
78 3
79 3
80 3
81 3
82 3
83 3
84 3
85 3
86 3
87 3
88 16
89 3
90 16
91 16
92 16
93 16
94 3
95 3
96 3
97 3
98 16
99 3
100 3
101 16
102 3
103 16
104 3
105 3
106 3
107 3
108 0
109 3
110 16
111 3
112 16
113 3
114 3
115 3
116 16
117 3
118 16
119 3
120 3
121 3
122 3
123 16
124 3
125 16
126 3
127 3
128 16
129 16
130 16
131 16
132 3
133 3
134 16
135 16
136 16
137 16
138 16
139 3
140 3
141 3
142 3
143 0
144 3
145 3
146 3
147 16
148 0
149 0
150 3
151 3
152 16
153 0
154 16
155 3
156 0
157 3
158 0
159 0
160 3
161 3
162 0
163 0
164 0
165 3
166 3
167 0
168 0
169 0
170 16
171 3
172 0
173 0
174 16
175 3
176 3
177 3
178 0
179 0
180 3
181 3
182 0
183 0
184 3
185 3
186 3
187 16
188 3
189 3
190 3
191 3
192 0
193 3
194 3
195 3
196 3
197 3
198 3
199 3
200 3
201 3
202 3
203 3
204 3
205 3
206 3
207 3
208 3
209 16
210 16
211 3
212 3
213 3
214 16
215 3
216 3
217 3
218 3
219 3
220 3
221 0
222 3
223 16
224 3
225 3
226 3
227 16
228 3
229 16
230 3
231 3
232 3
233 3
234 3
235 0
236 3
237 3
238 3
239 3
240 0
241 16
242 16
243 3
244 3
245 3
246 3
247 3
248 3
249 3
250 3
251 3
252 3
253 0
254 16
255 3
256 3
257 3
258 3
259 3
260 3
261 3
262 3
263 3
264 3
265 3
266 16
267 3
268 16
269 3
270 3
271 3
272 3
273 3
274 3
275 3
276 16
277 3
278 16
279 3
280 3
281 16
282 16
283 0
284 0
285 3
286 16
287 3
288 3
289 3
290 0
291 3
292 0
293 3
294 3
295 3
296 3
297 16
298 3
299 3
300 3
301 3
302 3
303 16
304 3
305 3
306 3
307 3
308 3
309 16
310 3
311 16
312 0
313 3
314 3
315 3
316 3
317 3
318 16
319 3
320 3
321 16
322 0
323 3
324 0
325 3
326 3
327 3
328 3
329 3
330 3
331 3
332 3
333 3
334 3
335 0
336 3
337 3
338 16
339 3
340 16
341 3
342 3
343 3
344 16
345 3
346 16
347 3
348 3
349 16
350 3
351 16
352 0
353 3
354 3
355 3
356 0
357 0
358 0
359 0
360 0
361 0
362 0
363 0
364 0
365 3
366 0
367 0
368 3
369 3
370 0
371 0
372 0
373 16
374 0
375 0
376 0
377 0
378 0
379 3
380 0
381 0
382 0
383 0
384 3
385 0
386 0
387 0
388 0
389 0
390 0
391 3
392 0
393 0
394 0
395 0
396 0
397 0
398 0
399 0
400 0
401 0
402 3
403 0
404 0
405 0
406 0
407 0
408 0
409 0
410 0
411 0
412 0
413 0
414 3
415 0
416 0
417 0
418 0
419 0
420 0
421 3
422 0
423 0
424 3
425 3
426 0
427 0
428 0
429 0
430 3
431 0
432 0
433 0
434 3
435 0
436 0
437 0
438 3
439 0
440 0
441 0
442 0
443 0
444 0
445 0
446 0
447 0
448 0
449 3
450 0
451 0
452 0
453 0
454 0
455 0
456 0
457 0
458 0
459 0
460 0
461 0
462 0
463 0
464 0
465 0
466 0
467 16
468 0
469 0
470 16
471 3
472 0
473 0
474 0
475 0
476 0
477 0
478 0
479 3
480 0
481 0
482 0
483 0
484 0
485 0
486 0
487 3
488 0
489 0
490 0
491 0
492 0
493 0
494 0
495 16
496 0
497 0
498 0
499 0
500 3
501 0
502 0
503 0
504 0
505 0
506 0
507 16
508 3
509 3
510 16
511 3
512 3
513 3
514 3
515 16
516 3
517 3
518 3
519 3
520 3
521 3
522 3
523 3
524 3
525 3
526 3
527 16
528 3
529 16
530 3
531 16
532 3
533 3
534 3
535 0
536 3
537 3
538 3
539 3
540 3
541 3
542 3
543 0
544 3
545 3
546 3
547 3
548 0
549 3
550 0
551 3
552 3
553 3
554 3
555 3
556 3
557 3
558 3
559 3
560 3
561 3
562 0
563 16
564 3
565 3
566 3
567 3
568 3
569 16
570 3
571 16
572 16
573 0
574 3
575 3
576 3
577 3
578 3
579 3
580 3
581 3
582 3
583 3
584 3
585 3
586 3
587 3
588 16
589 16
590 3
591 3
592 3
593 3
594 3
595 3
596 3
597 0
598 3
599 3
600 3
601 3
602 3
603 3
604 16
605 16
606 3
607 3
608 3
609 3
610 0
611 3
612 3
613 3
614 3
615 3
616 3
617 3
618 3
619 3
620 3
621 3
622 3
623 0
624 3
625 16
626 3
627 3
628 3
629 3
630 3
631 3
632 3
633 16
634 3
635 16
636 3
637 3
638 0
639 3
640 3
641 3
642 3
643 3
644 3
645 16
646 3
647 3
648 3
649 3
650 3
651 3
652 0
653 3
654 3
655 3
656 3
657 3
658 3
659 3
660 3
661 16
662 3
663 3
664 3
665 3
666 16
667 3
668 3
669 3
670 3
671 3
672 16
673 3
674 16
675 3
676 3
677 3
678 3
679 3
680 3
681 3
682 3
683 3
684 3
685 16
686 3
687 3
688 3
689 3
690 3
691 3
692 16
693 3
694 3
695 3
696 3
697 3
698 3
699 3
700 3
701 3
702 3
703 3
704 3
705 3
706 3
707 3
708 3
709 3
710 3
711 3
712 3
713 3
714 3
715 3
716 16
717 3
718 3
719 16
720 16
721 16
722 16
723 16
724 16
725 16
726 16
727 16
728 16
729 16
730 16
731 16
732 16
733 16
734 16
735 16
736 16
737 16
738 16
739 16
740 16
741 3
742 0
743 3
744 3
745 3
746 3
747 3
748 0
749 3
750 16
751 3
752 3
753 16
754 3
755 3
756 16
757 3
758 3
759 3
760 16
761 3
762 3
763 3
764 3
765 3
766 3
767 3
768 3
769 3
770 3
771 3
772 3
773 16
774 3
775 3
776 3
777 16
778 3
779 3
780 16
781 3
782 16
783 3
784 3
785 3
786 3
787 3
788 3
789 3
790 3
791 3
792 3
793 3
794 16
795 3
796 3
797 3
798 3
799 16
800 16
801 3
802 3
803 3
804 3
805 3
806 3
807 3
808 3
809 3
810 3
811 3
812 3
813 3
814 3
815 3
816 3
817 3
818 3
819 3
820 3
821 3
822 0
823 16
824 3
825 3
826 3
827 16
828 3
829 16
830 3
831 3
832 3
833 3
834 3
835 3
836 3
837 3
838 3
839 3
840 3
841 3
842 16
843 3
844 3
845 3
846 3
847 3
848 3
849 3
850 3
851 3
852 3
853 16
854 3
855 3
856 3
857 3
858 0
859 3
860 3
861 3
862 16
863 3
864 3
865 3
866 3
867 3
868 3
869 3
870 3
871 3
872 3
873 3
874 3
875 3
876 3
877 3
878 16
879 3
880 3
881 3
882 3
883 16
884 16
885 16
886 16
887 16
888 3
889 3
890 3
891 3
892 3
893 3
894 3
895 3
896 3
897 3
898 3
899 3
900 3
901 3
902 16
903 16
904 16
905 16
906 16
907 3
908 3
909 3
910 3
911 3
912 3
913 3
914 3
915 3
916 3
917 3
918 3
919 3
920 3
921 3
922 16
923 3
924 3
925 3
926 3
927 3
928 3
929 3
930 3
931 3
932 3
933 3
934 3
935 3
936 3
937 16
938 3
939 3
940 3
941 3
942 3
943 3
944 3
945 16
946 3
947 16
948 16
949 16
950 3
951 3
952 3
953 16
954 3
955 3
956 16
957 16
958 3
959 3
960 3
961 3
962 3
963 3
964 3
965 3
966 16
967 16
968 3
969 3
970 16
971 3
972 3
973 3
974 3
975 3
976 3
977 3
978 16
979 3
980 3
981 16
982 3
983 3
984 3
985 3
986 3
987 3
988 3
989 3
990 16
991 3
992 3
993 3
994 3
995 3
996 3
997 3
998 3
999 3
1000 3
1001 3
1002 3
1003 3
1004 3
1005 16
1006 0
1007 3
1008 16
1009 16
1010 3
1011 3
1012 3
1013 16
1014 3
1015 3
1016 3
1017 3
1018 3
1019 3
1020 3
1021 3
1022 16
1023 0
1024 0
1025 0
1026 3
1027 0
1028 0
1029 0
1030 3
1031 3
1032 3
1033 3
1034 3
1035 3
1036 3
1037 3
1038 0
1039 16
1040 3
1041 3
1042 3
1043 0
1044 3
1045 16
1046 3
1047 0
1048 3
1049 0
1050 3
1051 0
1052 3
1053 0
1054 0
1055 3
1056 0
1057 3
1058 3
1059 3
1060 16
1061 0
1062 3
1063 0
1064 0
1065 3
1066 3
1067 0
1068 3
1069 3
1070 3
1071 3
1072 3
1073 3
1074 3
1075 3
1076 16
1077 3
1078 0
1079 3
1080 3
1081 3
1082 3
1083 3
1084 3
1085 0
1086 1
1087 0
1088 3
1089 3
1090 3
1091 16
1092 3
1093 0
1094 3
1095 3
1096 0
1097 16
1098 0
1099 3
1100 3
1101 3
1102 3
1103 3
1104 3
1105 0
1106 3
1107 3
1108 0
1109 0
1110 3
1111 3
1112 0
1113 3
1114 3
1115 16
1116 16
1117 3
1118 16
1119 3
1120 0
1121 0
1122 3
1123 16
1124 0
1125 3
1126 0
1127 0
1128 3
1129 3
1130 0
1131 0
1132 3
1133 3
1134 16
1135 3
1136 0
1137 0
1138 3
1139 0
1140 3
1141 3
1142 0
1143 0
1144 0
1145 3
1146 3
1147 3
1148 3
1149 0
1150 3
1151 3
1152 0
1153 3
1154 0
1155 3
1156 0
1157 16
1158 3
1159 3
1160 3
1161 0
1162 3
1163 0
1164 0
1165 0
1166 0
1167 16
1168 0
1169 3
1170 3
1171 3
1172 3
1173 0
1174 3
1175 3
1176 3
1177 0
1178 3
1179 16
1180 16
1181 16
1182 3
1183 16
1184 3
1185 0
1186 0
1187 0
1188 16
1189 0
1190 16
1191 3
1192 0
1193 0
1194 0
1195 3
1196 3
1197 1
1198 3
1199 0
1200 3
1201 0
1202 16
1203 3
1204 3
1205 3
1206 0
1207 3
1208 3
1209 3
1210 3
1211 3
1212 3
1213 3
1214 3
1215 3
1216 3
1217 3
1218 3
1219 3
1220 0
1221 3
1222 16
1223 3
1224 0
1225 3
1226 3
1227 3
1228 3
1229 0
1230 3
1231 3
1232 3
1233 3
1234 3
1235 3
1236 3
1237 3
1238 3
1239 3
1240 0
1241 3
1242 3
1243 0
1244 3
1245 16
1246 0
1247 3
1248 0
1249 0
1250 3
1251 3
1252 3
1253 3
1254 3
1255 3
1256 3
1257 3
1258 3
1259 3
1260 3
1261 3
1262 0
1263 3
1264 3
1265 3
1266 16
1267 3
1268 3
1269 0
1270 3
1271 0
1272 0
1273 0
1274 0
1275 0
1276 3
1277 3
1278 3
1279 0
1280 0
1281 0
1282 0
1283 0
1284 3
1285 3
1286 0
1287 3
1288 3
1289 0
1290 3
1291 0
1292 0
1293 16
1294 3
1295 3
1296 3
1297 3
1298 16
1299 3
1300 1
1301 16
1302 3
1303 16
1304 16
1305 16
1306 3
1307 3
1308 3
1309 3
1310 16
1311 0
1312 3
1313 3
1314 3
1315 3
1316 0
1317 3
1318 3
1319 0
1320 0
1321 16
1322 0
1323 0
1324 3
1325 0
1326 3
1327 3
1328 3
1329 0
1330 3
1331 3
1332 16
1333 0
1334 3
1335 0
1336 0
1337 3
1338 3
1339 3
1340 3
1341 3
1342 0
1343 16
1344 3
1345 0
1346 0
1347 3
1348 3
1349 3
1350 3
1351 3
1352 3
1353 0
1354 3
1355 0
1356 3
1357 3
1358 3
1359 0
1360 0
1361 0
1362 16
1363 16
1364 0
1365 3
1366 3
1367 0
1368 0
1369 3
1370 0
1371 0
1372 0
1373 3
1374 3
1375 0
1376 3
1377 0
1378 3
1379 3
1380 3
1381 0
1382 0
1383 0
1384 0
1385 0
1386 0
1387 3
1388 0
1389 0
1390 0
1391 3
1392 3
1393 3
1394 3
1395 0
1396 3
1397 0
1398 3
1399 0
1400 0
1401 0
1402 0
1403 3
1404 3
1405 3
1406 3
1407 3
1408 3
1409 3
1410 3
1411 3
1412 3
1413 3
1414 3
1415 0
1416 0
1417 0
1418 3
1419 0
1420 16
1421 0
1422 0
1423 0
1424 0
1425 0
1426 16
1427 3
1428 3
1429 16
1430 0
1431 0
1432 0
1433 3
1434 0
1435 3
1436 0
1437 0
1438 3
1439 3
1440 3
1441 0
1442 16
1443 3
1444 3
1445 3
1446 0
1447 3
1448 0
1449 0
1450 3
1451 0
1452 0
1453 3
1454 3
1455 3
1456 0
1457 16
1458 0
1459 0
1460 3
1461 3
1462 16
1463 0
1464 0
1465 3
1466 0
1467 0
1468 3
1469 3
1470 16
1471 16
1472 3
1473 3
1474 3
1475 3
1476 3
1477 0
1478 0
1479 3
1480 3
1481 16
1482 3
1483 3
1484 0
1485 0
1486 0
1487 0
1488 0
1489 16
1490 3
1491 0
1492 3
1493 0
1494 0
1495 3
1496 3
1497 3
1498 0
1499 3
1500 0
1501 3
1502 3
1503 0
1504 0
1505 3
1506 3
1507 16
1508 0
1509 3
1510 16
1511 3
1512 16
1513 16
1514 3
1515 3
1516 3
1517 0
1518 3
1519 0
1520 0
1521 3
1522 0
1523 0
1524 0
1525 3
1526 0
1527 3
1528 3
1529 3
1530 0
1531 0
1532 0
1533 3
1534 0
1535 0
1536 0
1537 3
1538 0
1539 0
1540 0
1541 16
1542 0
1543 3
1544 0
1545 0
1546 3
1547 3
1548 0
1549 0
1550 3
1551 0
1552 3
1553 3
1554 0
1555 3
1556 0
1557 0
1558 3
1559 3
1560 0
1561 3
1562 3
1563 16
1564 3
1565 3
1566 16
1567 3
1568 0
1569 0
1570 3
1571 0
1572 0
1573 0
1574 0
1575 16
1576 0
1577 0
1578 0
1579 16
1580 0
1581 0
1582 0
1583 3
1584 3
1585 0
1586 0
1587 0
1588 3
1589 3
1590 3
1591 3
1592 0
1593 3
1594 3
1595 0
1596 3
1597 0
1598 0
1599 0
1600 3
1601 0
1602 3
1603 0
1604 16
1605 0
1606 0
1607 3
1608 16
1609 3
1610 3
1611 16
1612 3
1613 3
1614 3
1615 0
1616 0
1617 0
1618 0
1619 3
1620 3
1621 0
1622 3
1623 0
1624 3
1625 3
1626 0
1627 0
1628 0
1629 0
1630 0
1631 0
1632 16
1633 16
1634 0
1635 3
1636 3
1637 3
1638 0
1639 0
1640 3
1641 3
1642 3
1643 0
1644 16
1645 3
1646 3
1647 0
1648 3
1649 0
1650 3
1651 0
1652 16
1653 3
1654 0
1655 3
1656 3
1657 16
1658 0
1659 0
1660 0
1661 0
1662 0
1663 3
1664 0
1665 3
1666 0
1667 3
1668 0
1669 0
1670 0
1671 3
1672 3
1673 0
1674 16
1675 3
1676 0
1677 0
1678 0
1679 3
1680 3
1681 0
1682 0
1683 0
1684 0
1685 3
1686 16
1687 3
1688 16
1689 3
1690 0
1691 0
1692 0
1693 16
1694 0
1695 16
1696 0
1697 3
1698 0
1699 0
1700 0
1701 0
1702 0
1703 3
1704 0
1705 3
1706 3
1707 3
1708 0
1709 3
1710 0
1711 3
1712 0
1713 0
1714 0
1715 0
1716 0
1717 0
1718 3
1719 16
1720 0
1721 0
1722 3
1723 0
1724 0
1725 3
1726 0
1727 3
1728 3
1729 0
1730 16
1731 0
1732 3
1733 16
1734 3
1735 0
1736 3
1737 0
1738 3
1739 3
1740 16
1741 0
1742 0
1743 3
1744 0
1745 3
1746 3
1747 3
1748 3
1749 3
1750 3
1751 0
1752 3
1753 3
1754 3
1755 0
1756 0
1757 3
1758 3
1759 0
1760 3
1761 0
1762 0
1763 0
1764 0
1765 3
1766 0
1767 0
1768 16
1769 3
1770 0
1771 0
1772 16
1773 0
1774 3
1775 0
1776 0
1777 0
1778 0
1779 3
1780 0
1781 0
1782 0
1783 0
1784 0
1785 0
1786 3
1787 3
1788 3
1789 3
1790 0
1791 3
1792 0
1793 3
1794 16
1795 0
1796 3
1797 0
1798 0
1799 0
1800 0
1801 3
1802 0
1803 0
1804 3
1805 3
1806 16
1807 3
1808 0
1809 3
1810 0
1811 16
1812 0
1813 16
1814 0
1815 16
1816 0
1817 0
1818 3
1819 0
1820 3
1821 0
1822 0
1823 0
1824 3
1825 0
1826 0
1827 3
1828 3
1829 3
1830 3
1831 3
1832 16
1833 16
1834 0
1835 0
1836 3
1837 0
1838 3
1839 3
1840 0
1841 3
1842 3
1843 0
1844 0
1845 3
1846 3
1847 0
1848 0
1849 0
1850 0
1851 0
1852 0
1853 0
1854 3
1855 0
1856 3
1857 3
1858 0
1859 0
1860 0
1861 0
1862 3
1863 3
1864 0
1865 0
1866 0
1867 0
1868 0
1869 0
1870 3
1871 3
1872 0
1873 0
1874 3
1875 0
1876 3
1877 3
1878 16
1879 16
1880 0
1881 16
1882 0
1883 3
1884 3
1885 16
1886 0
1887 0
1888 3
1889 16
1890 0
1891 0
1892 3
1893 3
1894 0
1895 3
1896 3
1897 3
1898 3
1899 16
1900 3
1901 3
1902 3
1903 3
1904 3
1905 3
1906 3
1907 3
1908 3
1909 3
1910 3
1911 3
1912 0
1913 3
1914 3
1915 3
1916 3
1917 3
1918 0
1919 16
1920 3
1921 16
1922 3
1923 16
1924 0
1925 3
1926 16
1927 3
1928 3
1929 3
1930 0
1931 3
1932 0
1933 3
1934 0
1935 3
1936 3
1937 3
1938 16
1939 0
1940 3
1941 0
1942 3
1943 3
1944 3
1945 16
1946 3
1947 0
1948 3
1949 16
1950 16
1951 16
1952 16
1953 16
1954 16
1955 16
1956 16
1957 16
1958 16
1959 16
1960 3
1961 16
1962 3
1963 0
1964 0
1965 3
1966 16
1967 16
1968 0
1969 0
1970 3
1971 3
1972 3
1973 3
1974 3
1975 16
1976 3
1977 0
1978 0
1979 0
1980 3
1981 3
1982 0
1983 0
1984 3
1985 3
1986 3
1987 3
1988 3
1989 0
1990 16
1991 3
1992 0
1993 3
1994 0
1995 0
1996 3
1997 0
1998 0
1999 3
2000 3
2001 3
2002 16
2003 16
2004 16
2005 3
2006 16
2007 3
2008 3
2009 3
2010 0
2011 0
2012 0
2013 0
2014 0
2015 0
2016 16
2017 0
2018 16
2019 0
2020 16
2021 0
2022 0
2023 0
2024 3
2025 0
2026 0
2027 3
2028 0
2029 16
2030 3
2031 0
2032 0
2033 0
2034 0
2035 3
2036 0
2037 0
2038 16
2039 16
2040 0
2041 0
2042 3
2043 3
2044 3
2045 0
2046 3
2047 0
2048 3
2049 3
2050 0
2051 0
2052 0
2053 0
2054 16
2055 0
2056 0
2057 0
2058 16
2059 0
2060 0
2061 0
2062 16
2063 16
2064 16
2065 0
2066 0
2067 0
2068 0
2069 16
2070 0
2071 0
2072 0
2073 0
2074 3
2075 0
2076 16
2077 0
2078 0
2079 0
2080 3
2081 0
2082 3
2083 0
2084 0
2085 16
2086 0
2087 0
2088 16
2089 0
2090 16
2091 3
2092 0
2093 0
2094 0
2095 0
2096 0
2097 16
2098 0
2099 0
2100 0
2101 3
2102 3
2103 3
2104 0
2105 0
2106 0
2107 0
2108 0
2109 0
2110 3
2111 3
2112 0
2113 0
2114 3
2115 0
2116 0
2117 3
2118 3
2119 0
2120 16
2121 16
2122 16
2123 0
2124 3
2125 3
2126 16
2127 16
2128 16
2129 16
2130 16
2131 16
2132 16
2133 16
2134 16
2135 16
2136 16
2137 0
2138 3
2139 0
2140 3
2141 3
2142 3
2143 16
2144 0
2145 0
2146 3
2147 0
2148 0
2149 3
2150 3
2151 16
2152 0
2153 3
2154 16
2155 3
2156 3
2157 0
2158 16
2159 0
2160 3
2161 3
2162 0
2163 3
2164 3
2165 3
2166 3
2167 0
2168 0
2169 0
2170 16
2171 0
2172 3
2173 0
2174 0
2175 3
2176 3
2177 0
2178 0
2179 3
2180 3
2181 0
2182 3
2183 3
2184 16
2185 3
2186 3
2187 0
2188 0
2189 3
2190 3
2191 3
2192 3
2193 16
2194 3
2195 3
2196 0
2197 3
2198 0
2199 3
2200 3
2201 0
2202 3
2203 0
2204 3
2205 0
2206 0
2207 0
2208 0
2209 0
2210 3
2211 0
2212 0
2213 3
2214 3
2215 3
2216 3
2217 3
2218 0
2219 16
2220 3
2221 0
2222 3
2223 0
2224 0
2225 0
2226 16
2227 3
2228 3
2229 3
2230 3
2231 3
2232 3
2233 0
2234 0
2235 3
2236 3
2237 3
2238 3
2239 3
2240 3
2241 0
2242 3
2243 3
2244 3
2245 0
2246 0
2247 0
2248 3
2249 3
2250 0
2251 3
2252 3
2253 0
2254 0
2255 3
2256 3
2257 0
2258 3
2259 3
2260 0
2261 3
2262 3
2263 3
2264 3
2265 16
2266 3
2267 0
2268 0
2269 3
2270 0
2271 0
2272 3
2273 3
2274 0
2275 3
2276 3
2277 3
2278 3
2279 3
2280 3
2281 3
2282 16
2283 16
2284 3
2285 0
2286 0
2287 3
2288 3
2289 16
2290 3
2291 3
2292 16
2293 3
2294 0
2295 3
2296 3
2297 3
2298 3
2299 0
2300 0
2301 3
2302 3
2303 0
2304 0
2305 16
2306 16
2307 0
2308 3
2309 3
2310 3
2311 0
2312 3
2313 3
2314 3
2315 3
2316 3
2317 3
2318 3
2319 0
2320 3
2321 3
2322 0
2323 3
2324 0
2325 3
2326 3
2327 0
2328 3
2329 0
2330 3
2331 3
2332 3
2333 3
2334 3
2335 3
2336 3
2337 3
2338 3
2339 0
2340 0
2341 3
2342 3
2343 0
2344 0
2345 3
2346 0
2347 0
2348 3
2349 0
2350 3
2351 0
2352 3
2353 0
2354 0
2355 0
2356 0
2357 3
2358 3
2359 16
2360 16
2361 3
2362 3
2363 3
2364 3
2365 0
2366 3
2367 16
2368 3
2369 0
2370 3
2371 3
2372 0
2373 3
2374 0
2375 0
2376 3
2377 0
2378 16
2379 0
2380 3
2381 3
2382 16
2383 0
2384 16
2385 0
2386 0
2387 3
2388 0
2389 0
2390 0
2391 3
2392 3
2393 0
2394 0
2395 3
2396 0
2397 0
2398 16
2399 0
2400 3
2401 3
2402 3
2403 3
2404 0
2405 0
2406 3
2407 3
2408 3
2409 16
2410 3
2411 0
2412 3
2413 16
2414 0
2415 16
2416 0
2417 3
2418 0
2419 3
2420 16
2421 0
2422 3
2423 3
2424 3
2425 0
2426 0
2427 3
2428 0
2429 3
2430 0
2431 0
2432 3
2433 0
2434 3
2435 3
2436 3
2437 16
2438 3
2439 3
2440 3
2441 3
2442 3
2443 3
2444 3
2445 0
2446 3
2447 3
2448 3
2449 0
2450 3
2451 3
2452 0
2453 3
2454 3
2455 3
2456 3
2457 3
2458 3
2459 3
2460 3
2461 3
2462 0
2463 0
2464 0
2465 3
2466 3
2467 0
2468 16
2469 3
2470 0
2471 3
2472 0
2473 3
2474 3
2475 3
2476 3
2477 3
2478 3
2479 0
2480 3
2481 3
2482 0
2483 0
2484 0
2485 16
2486 3
2487 0
2488 3
2489 0
2490 0
2491 0
2492 3
2493 3
2494 0
2495 0
2496 3
2497 0
2498 3
2499 3
2500 0
2501 16
2502 16
2503 16
2504 16
2505 0
2506 16
2507 3
2508 3
2509 0
2510 3
2511 16
2512 3
2513 3
2514 3
2515 3
2516 0
2517 3
2518 3
2519 3
2520 3
2521 0
2522 3
2523 3
2524 0
2525 0
2526 3
2527 16
2528 0
2529 0
2530 0
2531 0
2532 3
2533 0
2534 0
2535 0
2536 0
2537 0
2538 3
2539 0
2540 3
2541 0
2542 3
2543 3
2544 0
2545 0
2546 0
2547 0
2548 0
2549 0
2550 3
2551 3
2552 3
2553 3
2554 3
2555 3
2556 3
2557 16
2558 0
2559 3
2560 3
2561 16
2562 0
2563 3
2564 16
2565 3
2566 0
2567 0
2568 3
2569 3
2570 3
2571 0
2572 3
2573 0
2574 3
2575 3
2576 3
2577 3
2578 3
2579 3
2580 16
2581 3
2582 3
2583 3
2584 0
2585 3
2586 0
2587 0
2588 0
2589 3
2590 3
2591 0
2592 0
2593 3
2594 0
2595 3
2596 3
2597 3
2598 3
2599 0
2600 0
2601 16
2602 0
2603 16
2604 3
2605 3
2606 3
2607 3
2608 3
2609 0
2610 0
2611 0
2612 3
2613 0
2614 3
2615 3
2616 3
2617 0
2618 16
2619 3
2620 16
2621 16
2622 16
2623 16
2624 16
2625 16
2626 16
2627 16
2628 16
2629 3
2630 16
2631 0
2632 3
2633 3
2634 0
2635 3
2636 3
2637 16
2638 16
2639 3
2640 0
2641 16
2642 3
2643 3
2644 16
2645 3
2646 3
2647 16
2648 3
2649 3
2650 16
2651 16
2652 3
2653 3
2654 16
2655 16
2656 16
2657 3
2658 3
2659 3
2660 3
2661 3
2662 3
2663 16
2664 3
2665 3
2666 3
2667 0
2668 3
2669 16
2670 3
2671 3
2672 16
2673 3
2674 3
2675 3
2676 0
2677 0
2678 3
2679 16
2680 3
2681 0
2682 3
2683 16
2684 3
2685 3
2686 0
2687 0
2688 3
2689 3
2690 0
2691 3
2692 0
2693 16
2694 0
2695 3
2696 0
2697 0
2698 3
2699 16
2700 16
2701 16
2702 16
2703 16
2704 16
2705 0
2706 0
2707 16
2708 3
2709 3
2710 16
2711 3
2712 16
2713 16
2714 16
2715 3
2716 3
2717 16
2718 3
2719 0
2720 3
2721 0
2722 16
2723 3
2724 3
2725 16
2726 3
2727 16
2728 16
2729 3
2730 3
2731 16
2732 16
2733 3
2734 3
2735 16
2736 16
2737 16
2738 16
2739 3
2740 3
2741 0
2742 0
2743 3
2744 0
2745 0
2746 3
2747 0
2748 0
2749 3
2750 16
2751 0
2752 0
2753 16
2754 16
2755 16
2756 3
2757 16
2758 16
2759 16
2760 16
2761 16
2762 16
2763 16
2764 16
2765 16
2766 0
2767 16
2768 16
2769 16
2770 16
2771 16
2772 16
2773 16
2774 16
2775 16
2776 16
2777 0
2778 16
2779 0
2780 3
2781 3
2782 3
2783 0
2784 16
2785 3
2786 16
2787 0
2788 16
2789 16
2790 3
2791 16
2792 16
2793 16
2794 16
2795 16
2796 16
2797 3
2798 0
2799 16
2800 3
2801 0
2802 3
2803 0
2804 3
2805 16
2806 0
2807 0
2808 0
2809 3
2810 3
2811 0
2812 0
2813 3
2814 3
2815 16
2816 0
2817 16
2818 0
2819 3
2820 3
2821 16
2822 0
2823 16
2824 16
2825 3
2826 3
2827 3
2828 3
2829 3
2830 3
2831 3
2832 3
2833 3
2834 0
2835 3
2836 0
2837 16
2838 16
2839 16
2840 16
2841 3
2842 16
2843 0
2844 0
2845 16
2846 3
2847 0
2848 3
2849 16
2850 16
2851 16
2852 3
2853 16
2854 16
2855 3
2856 3
2857 16
2858 3
2859 3
2860 0
2861 0
2862 3
2863 3
2864 16
2865 0
2866 0
2867 3
2868 0
2869 0
2870 3
2871 3
2872 3
2873 0
2874 0
2875 16
2876 0
2877 0
2878 3
2879 3
2880 3
2881 3
2882 3
2883 3
2884 0
2885 3
2886 3
2887 0
2888 0
2889 3
2890 3
2891 0
2892 0
2893 0
2894 0
2895 3
2896 3
2897 3
2898 3
2899 3
2900 16
2901 0
2902 0
2903 3
2904 3
2905 3
2906 16
2907 0
2908 0
2909 0
2910 0
2911 3
2912 0
2913 3
2914 3
2915 3
2916 0
2917 3
2918 0
2919 16
2920 0
2921 0
2922 0
2923 0
2924 16
2925 3
2926 3
2927 3
2928 16
2929 16
2930 16
2931 16
2932 16
2933 0
2934 16
2935 3
2936 3
2937 0
2938 3
2939 3
2940 0
2941 3
2942 3
2943 16
2944 16
2945 16
2946 16
2947 16
2948 16
2949 16
2950 16
2951 16
2952 16
2953 16
2954 16
2955 16
2956 16
2957 16
2958 16
2959 16
2960 16
2961 16
2962 16
2963 16
2964 3
2965 16
2966 16
2967 16
2968 16
2969 16
2970 16
2971 16
2972 16
2973 16
2974 16
2975 16
2976 16
2977 16
2978 16
2979 16
2980 16
2981 16
2982 16
2983 16
2984 0
2985 3
2986 3
2987 0
2988 0
2989 16
2990 0
2991 0
2992 3
2993 16
2994 0
2995 0
2996 3
2997 0
2998 3
2999 0
3000 0
3001 0
3002 16
3003 0
3004 0
3005 3
3006 3
3007 0
3008 0
3009 0
3010 3
3011 3
3012 3
3013 3
3014 3
3015 0
3016 16
3017 0
3018 16
3019 16
3020 16
3021 16
3022 0
3023 3
3024 0
3025 0
3026 3
3027 0
3028 3
3029 0
3030 3
3031 0
3032 0
3033 3
3034 0
3035 0
3036 0
3037 0
3038 3
3039 0
3040 0
3041 16
3042 3
3043 3
3044 16
3045 16
3046 16
3047 0
3048 3
3049 16
3050 16
3051 3
3052 0
3053 0
3054 3
3055 3
3056 3
3057 3
3058 3
3059 3
3060 3
3061 3
3062 3
3063 0
3064 0
3065 3
3066 3
3067 3
3068 3
3069 0
3070 3
3071 0
3072 16
3073 16
3074 16
3075 3
3076 3
3077 0
3078 0
3079 0
3080 0
3081 3
3082 16
3083 3
3084 16
3085 16
3086 16
3087 16
3088 16
3089 16
3090 16
3091 16
3092 16
3093 0
3094 16
3095 0
3096 3
3097 0
3098 0
3099 0
3100 16
3101 16
3102 3
3103 3
3104 3
3105 0
3106 3
3107 0
3108 16
3109 16
3110 0
3111 0
3112 0
3113 16
3114 0
3115 16
3116 3
3117 0
3118 0
3119 0
3120 16
3121 3
3122 16
3123 3
3124 0
3125 0
3126 16
3127 0
3128 16
3129 16
3130 16
3131 16
3132 16
3133 16
3134 0
3135 3
3136 3
3137 0
3138 16
3139 0
3140 3
3141 16
3142 16
3143 16
3144 16
3145 3
3146 0
3147 16
3148 16
3149 16
3150 16
3151 0
3152 3
3153 3
3154 3
3155 16
3156 0
3157 0
3158 3
3159 16
3160 0
3161 16
3162 0
3163 3
3164 3
3165 16
3166 16
3167 16
3168 16
3169 16
3170 16
3171 0
3172 16
3173 3
3174 0
3175 16
3176 0
3177 0
3178 0
3179 0
3180 0
3181 0
3182 16
3183 16
3184 3
3185 16
3186 16
3187 0
3188 0
3189 16
3190 16
3191 0
3192 0
3193 0
3194 3
3195 16
3196 3
3197 16
3198 16
3199 16
3200 16
3201 16
3202 16
3203 16
3204 16
3205 16
3206 16
3207 16
3208 16
3209 16
3210 16
3211 16
3212 16
3213 16
3214 16
3215 3
3216 0
3217 0
3218 16
3219 3
3220 0
3221 0
3222 0
3223 0
3224 0
3225 3
3226 3
3227 16
3228 3
3229 16
3230 3
3231 3
3232 0
3233 3
3234 16
3235 16
3236 3
3237 3
3238 0
3239 0
3240 0
3241 0
3242 0
3243 0
3244 0
3245 16
3246 0
3247 0
3248 0
3249 16
3250 16
3251 16
3252 16
3253 3
3254 16
3255 0
3256 3
3257 0
3258 3
3259 0
3260 3
3261 0
3262 0
3263 0
3264 3
3265 3
3266 0
3267 0
3268 0
3269 0
3270 3
3271 0
3272 16
3273 3
3274 16
3275 3
3276 0
3277 0
3278 0
3279 0
3280 0
3281 0
3282 0
3283 3
3284 0
3285 0
3286 0
3287 0
3288 16
3289 16
3290 16
3291 16
3292 16
3293 16
3294 16
3295 0
3296 3
3297 0
3298 16
3299 16
3300 16
3301 0
3302 0
3303 0
3304 3
3305 16
3306 3
3307 0
3308 0
3309 0
3310 16
3311 16
3312 3
3313 0
3314 3
3315 0
3316 3
3317 16
3318 3
3319 0
3320 16
3321 16
3322 16
3323 3
3324 0
3325 16
3326 0
3327 3
3328 3
3329 16
3330 3
3331 0
3332 3
3333 0
3334 3
3335 0
3336 0
3337 3
3338 3
3339 3
3340 3
3341 16
3342 3
3343 16
3344 3
3345 3
3346 16
3347 3
3348 0
3349 0
3350 3
3351 3
3352 0
3353 0
3354 0
3355 16
3356 3
3357 0
3358 3
3359 3
3360 0
3361 0
3362 0
3363 0
3364 0
3365 16
3366 3
3367 0
3368 16
3369 3
3370 3
3371 16
3372 16
3373 16
3374 16
3375 3
3376 3
3377 3
3378 0
3379 0
3380 0
3381 0
3382 0
3383 0
3384 0
3385 0
3386 0
3387 0
3388 3
3389 0
3390 0
3391 16
3392 3
3393 16
3394 16
3395 0
3396 16
3397 3
3398 3
3399 0
3400 3
3401 3
3402 0
3403 3
3404 0
3405 16
3406 0
3407 0
3408 3
3409 3
3410 16
3411 0
3412 0
3413 0
3414 0
3415 0
3416 0
3417 16
3418 0
3419 0
3420 16
3421 16
3422 16
3423 0
3424 0
3425 3
3426 3
3427 0
3428 0
3429 0
3430 16
3431 3
3432 0
3433 3
3434 16
3435 3
3436 0
3437 16
3438 0
3439 0
3440 0
3441 0
3442 0
3443 3
3444 0
3445 3
3446 0
3447 3
3448 16
3449 16
3450 16
3451 16
3452 16
3453 16
3454 16
3455 16
3456 16
3457 16
3458 16
3459 16
3460 16
3461 16
3462 16
3463 16
3464 16
3465 16
3466 16
3467 16
3468 16
3469 16
3470 16
3471 16
3472 16
3473 16
3474 16
3475 16
3476 16
3477 16
3478 16
3479 16
3480 16
3481 16
3482 16
3483 16
3484 16
3485 16
3486 16
3487 16
3488 16
3489 3
3490 16
3491 16
3492 16
3493 16
3494 16
3495 16
3496 16
3497 16
3498 16
3499 16
3500 16
3501 16
3502 16
3503 16
3504 16
3505 16
3506 16
3507 16
3508 16
3509 16
3510 16
3511 16
3512 0
3513 3
3514 0
3515 3
3516 3
3517 0
3518 3
3519 3
3520 0
3521 3
3522 3
3523 0
3524 3
3525 3
3526 0
3527 0
3528 0
3529 0
3530 0
3531 16
3532 3
3533 0
3534 0
3535 3
3536 16
3537 0
3538 16
3539 0
3540 16
3541 0
3542 0
3543 3
3544 0
3545 0
3546 0
3547 0
3548 3
3549 0
3550 0
3551 0
3552 16
3553 0
3554 0
3555 0
3556 16
3557 3
3558 0
3559 0
3560 16
3561 3
3562 0
3563 3
3564 0
3565 0
3566 16
3567 0
3568 0
3569 3
3570 0
3571 0
3572 0
3573 0
3574 0
3575 16
3576 16
3577 16
3578 3
3579 0
3580 16
3581 0
3582 0
3583 16
3584 3
3585 16
3586 16
3587 16
3588 0
3589 3
3590 3
3591 0
3592 16
3593 16
3594 16
3595 16
3596 16
3597 16
3598 16
3599 0
3600 16
3601 3
3602 3
3603 0
3604 0
3605 3
3606 3
3607 3
3608 0
3609 3
3610 0
3611 3
3612 3
3613 3
3614 16
3615 0
3616 3
3617 0
3618 3
3619 0
3620 0
3621 0
3622 3
3623 16
3624 0
3625 0
3626 0
3627 0
3628 0
3629 0
3630 3
3631 0
3632 16
3633 0
3634 3
3635 16
3636 3
3637 16
3638 16
3639 16
3640 16
3641 16
3642 16
3643 16
3644 16
3645 16
3646 16
3647 3
3648 3
3649 3
3650 3
3651 0
3652 0
3653 16
3654 0
3655 3
3656 0
3657 0
3658 16
3659 3
3660 0
3661 3
3662 0
3663 3
3664 0
3665 3
3666 0
3667 16
3668 0
3669 3
3670 0
3671 0
3672 3
3673 0
3674 3
3675 16
3676 0
3677 3
3678 16
3679 3
3680 16
3681 0
3682 0
3683 16
3684 0
3685 16
3686 16
3687 16
3688 16
3689 3
3690 0
3691 3
3692 3
3693 3
3694 0
3695 0
3696 0
3697 3
3698 16
3699 16
3700 16
3701 16
3702 16
3703 16
3704 16
3705 16
3706 16
3707 16
3708 16
3709 16
3710 16
3711 16
3712 3
3713 0
3714 16
3715 16
3716 16
3717 16
3718 16
3719 16
3720 16
3721 16
3722 16
3723 16
3724 16
3725 16
3726 16
3727 16
3728 16
3729 16
3730 16
3731 16
3732 16
3733 16
3734 16
3735 16
3736 16
3737 16
3738 16
3739 16
3740 16
3741 16
3742 16
3743 16
3744 16
3745 16
3746 0
3747 0
3748 16
3749 0
3750 16
3751 0
3752 0
3753 0
3754 16
3755 3
3756 16
3757 3
3758 0
3759 0
3760 0
3761 3
3762 3
3763 0
3764 3
3765 0
3766 0
3767 3
3768 16
3769 0
3770 3
3771 3
3772 0
3773 16
3774 0
3775 0
3776 0
3777 0
3778 3
3779 16
3780 0
3781 0
3782 0
3783 0
3784 3
3785 0
3786 0
3787 16
3788 0
3789 0
3790 0
3791 3
3792 0
3793 3
3794 0
3795 0
3796 0
3797 0
3798 0
3799 16
3800 0
3801 0
3802 0
3803 3
3804 0
3805 0
3806 16
3807 16
3808 16
3809 16
3810 0
3811 0
3812 0
3813 16
3814 16
3815 16
3816 16
3817 16
3818 0
3819 16
3820 16
3821 16
3822 3
3823 0
3824 3
3825 0
3826 3
3827 0
3828 16
3829 16
3830 16
3831 16
3832 16
3833 16
3834 16
3835 16
3836 16
3837 16
3838 16
3839 16
3840 16
3841 16
3842 16
3843 16
3844 16
3845 16
3846 16
3847 16
3848 16
3849 16
3850 16
3851 16
3852 16
3853 16
3854 16
3855 16
3856 16
3857 16
3858 16
3859 16
3860 16
3861 16
3862 16
3863 16
3864 16
3865 16
3866 16
3867 16
3868 16
3869 16
3870 16
3871 16
3872 16
3873 16
3874 16
3875 16
3876 16
3877 16
3878 16
3879 16
3880 16
3881 16
3882 16
3883 16
3884 16
3885 0
3886 3
3887 16
3888 0
3889 3
3890 3
3891 16
3892 16
3893 16
3894 16
3895 16
3896 16
3897 16
3898 16
3899 16
3900 16
3901 16
3902 16
3903 16
3904 16
3905 16
3906 16
3907 16
3908 16
3909 16
3910 16
3911 16
3912 16
3913 16
3914 16
3915 0
3916 0
3917 0
3918 3
3919 16
3920 16
3921 16
3922 0
3923 3
3924 0
3925 0
3926 3
3927 0
3928 3
3929 3
3930 16
3931 0
3932 3
3933 3
3934 0
3935 3
3936 3
3937 0
3938 3
3939 3
3940 3
3941 0
3942 0
3943 16
3944 3
3945 0
3946 3
3947 3
3948 0
3949 3
3950 0
3951 3
3952 3
3953 16
3954 0
3955 0
3956 0
3957 0
3958 0
3959 0
3960 16
3961 3
3962 3
3963 16
3964 16
3965 16
3966 3
3967 16
3968 16
3969 16
3970 16
3971 16
3972 0
3973 0
3974 16
3975 16
3976 16
3977 16
3978 16
3979 16
3980 16
3981 16
3982 16
3983 16
3984 16
3985 16
3986 16
3987 16
3988 16
3989 16
3990 16
3991 16
3992 0
3993 0
3994 0
3995 16
3996 0
3997 0
3998 3
3999 3
4000 3
4001 0
4002 0
4003 3
4004 0
4005 3
4006 0
4007 0
4008 0
4009 0
4010 3
4011 0
4012 3
4013 0
4014 0
4015 0
4016 3
4017 0
4018 0
4019 3
4020 0
4021 0
4022 16
4023 3
4024 0
4025 0
4026 16
4027 0
4028 3
4029 0
4030 16
4031 3
4032 0
4033 0
4034 16
4035 3
4036 0
4037 0
4038 3
4039 3
4040 0
4041 0
4042 16
4043 3
4044 0
4045 0
4046 0
4047 0
4048 0
4049 0
4050 3
4051 3
4052 3
4053 0
4054 0
4055 0
4056 0
4057 0
4058 3
4059 16
4060 0
4061 3
4062 16
4063 0
4064 16
4065 16
4066 0
4067 0
4068 0
4069 0
4070 16
4071 0
4072 3
4073 3
4074 3
4075 3
4076 3
4077 3
4078 0
4079 0
4080 3
4081 0
4082 0
4083 0
4084 0
4085 3
4086 0
4087 16
4088 16
4089 3
4090 0
4091 16
4092 3
4093 3
4094 0
4095 3
4096 0
4097 3
4098 3
4099 0
4100 3
4101 3
4102 16
4103 16
4104 16
4105 0
4106 3
4107 3
4108 3
4109 0
4110 3
4111 3
4112 0
4113 3
4114 3
4115 3
4116 0
4117 3
4118 0
4119 3
4120 3
4121 0
4122 3
4123 3
4124 3
4125 3
4126 0
4127 0
4128 0
4129 3
4130 0
4131 0
4132 3
4133 3
4134 0
4135 3
4136 3
4137 0
4138 0
4139 3
4140 3
4141 3
4142 0
4143 0
4144 0
4145 0
4146 0
4147 0
4148 0
4149 0
4150 16
4151 0
4152 3
4153 0
4154 0
4155 3
4156 0
4157 0
4158 0
4159 0
4160 0
4161 3
4162 16
4163 16
4164 16
4165 16
4166 16
4167 16
4168 16
4169 16
4170 16
4171 16
4172 16
4173 16
4174 3
4175 3
4176 16
4177 16
4178 16
4179 3
4180 0
4181 0
4182 3
4183 3
4184 0
4185 3
4186 0
4187 3
4188 3
4189 3
4190 0
4191 3
4192 3
4193 3
4194 16
4195 0
4196 0
4197 3
4198 0
4199 0
4200 3
4201 0
4202 16
4203 0
4204 0
4205 0
4206 0
4207 0
4208 16
4209 16
4210 16
4211 16
4212 16
4213 16
4214 16
4215 16
4216 16
4217 16
4218 16
4219 16
4220 16
4221 16
4222 0
4223 0
4224 0
4225 0
4226 0
4227 16
4228 3
4229 16
4230 16
4231 16
4232 16
4233 16
4234 16
4235 16
4236 16
4237 3
4238 0
4239 16
4240 0
4241 0
4242 0
4243 0
4244 3
4245 3
4246 16
4247 0
4248 3
4249 16
4250 3
4251 3
4252 16
4253 0
4254 16
4255 3
4256 16
4257 3
4258 3
4259 3
4260 16
4261 0
4262 0
4263 3
4264 16
4265 16
4266 16
4267 16
4268 3
4269 3
4270 3
4271 16
4272 16
4273 0
4274 0
4275 0
4276 0
4277 0
4278 16
4279 0
4280 0
4281 16
4282 0
4283 0
4284 0
4285 0
4286 3
4287 3
4288 0
4289 0
4290 3
4291 3
4292 16
4293 3
4294 16
4295 3
4296 3
4297 3
4298 3
4299 0
4300 0
4301 0
4302 16
4303 0
4304 16
4305 0
4306 0
4307 3
4308 3
4309 3
4310 3
4311 0
4312 16
4313 0
4314 3
4315 0
4316 3
4317 3
4318 0
4319 3
4320 3
4321 0
4322 0
4323 0
4324 16
4325 3
4326 3
4327 16
4328 3
4329 3
4330 0
4331 16
4332 0
4333 3
4334 3
4335 3
4336 0
4337 0
4338 0
4339 16
4340 3
4341 3
4342 16
4343 3
4344 0
4345 3
4346 3
4347 16
4348 3
4349 3
4350 3
4351 3
4352 3
4353 0
4354 3
4355 0
4356 0
4357 16
4358 0
4359 16
4360 3
4361 3
4362 16
4363 16
4364 4
4365 16
4366 3
4367 16
4368 3
4369 0
4370 0
4371 16
4372 0
4373 0
4374 16
4375 16
4376 0
4377 16
4378 0
4379 16
4380 0
4381 0
4382 0
4383 16
4384 3
4385 3
4386 3
4387 16
4388 0
4389 3
4390 0
4391 3
4392 16
4393 3
4394 16
4395 16
4396 0
4397 0
4398 0
4399 0
4400 0
4401 0
4402 0
4403 16
4404 0
4405 0
4406 0
4407 0
4408 16
4409 3
4410 0
4411 0
4412 0
4413 3
4414 0
4415 0
4416 0
4417 0
4418 3
4419 3
4420 16
4421 3
4422 3
4423 0
4424 0
4425 3
4426 3
4427 3
4428 0
4429 16
4430 16
4431 3
4432 16
4433 0
4434 0
4435 16
4436 0
4437 16
4438 0
4439 0
4440 0
4441 3
4442 0
4443 16
4444 3
4445 0
4446 0
4447 0
4448 0
4449 3
4450 16
4451 0
4452 3
4453 3
4454 16
4455 0
4456 16
4457 0
4458 16
4459 0
4460 0
4461 0
4462 0
4463 16
4464 0
4465 3
4466 0
4467 16
4468 0
4469 3
4470 0
4471 0
4472 16
4473 0
4474 3
4475 3
4476 0
4477 3
4478 16
4479 16
4480 0
4481 0
4482 3
4483 0
4484 0
4485 3
4486 0
4487 0
4488 3
4489 3
4490 16
4491 0
4492 0
4493 0
4494 16
4495 0
4496 0
4497 16
4498 16
4499 16
4500 0
4501 0
4502 0
4503 0
4504 3
4505 3
4506 16
4507 3
4508 3
4509 0
4510 0
4511 16
4512 0
4513 0
4514 0
4515 0
4516 0
4517 3
4518 16
4519 0
4520 0
4521 16
4522 16
4523 0
4524 3
4525 0
4526 3
4527 3
4528 0
4529 0
4530 3
4531 16
4532 0
4533 3
4534 3
4535 16
4536 0
4537 3
4538 0
4539 0
4540 0
4541 16
4542 3
4543 0
4544 3
4545 0
4546 0
4547 0
4548 0
4549 3
4550 0
4551 16
4552 16
4553 3
4554 2
4555 16
4556 3
4557 3
4558 3
4559 0
4560 0
4561 0
4562 0
4563 0
4564 0
4565 16
4566 16
4567 16
4568 16
4569 3
4570 0
4571 3
4572 0
4573 3
4574 0
4575 0
4576 0
4577 0
4578 3
4579 0
4580 16
4581 0
4582 3
4583 16
4584 0
4585 16
4586 3
4587 3
4588 0
4589 0
4590 3
4591 3
4592 0
4593 16
4594 0
4595 0
4596 0
4597 0
4598 0
4599 3
4600 0
4601 0
4602 16
4603 0
4604 0
4605 0
4606 0
4607 0
4608 16
4609 3
4610 16
4611 0
4612 3
4613 0
4614 16
4615 16
4616 3
4617 16
4618 16
4619 0
4620 16
4621 0
4622 0
4623 0
4624 0
4625 0
4626 0
4627 0
4628 0
4629 0
4630 0
4631 3
4632 0
4633 3
4634 16
4635 0
4636 3
4637 0
4638 3
4639 0
4640 16
4641 0
4642 3
4643 0
4644 0
4645 0
4646 3
4647 16
4648 0
4649 0
4650 0
4651 0
4652 0
4653 16
4654 0
4655 0
4656 0
4657 0
4658 0
4659 0
4660 16
4661 0
4662 0
4663 16
4664 3
4665 16
4666 0
4667 0
4668 3
4669 3
4670 16
4671 0
4672 0
4673 0
4674 0
4675 0
4676 0
4677 0
4678 16
4679 0
4680 0
4681 0
4682 0
4683 3
4684 3
4685 3
4686 3
4687 0
4688 3
4689 0
4690 0
4691 0
4692 0
4693 0
4694 0
4695 0
4696 3
4697 0
4698 0
4699 16
4700 0
4701 0
4702 0
4703 0
4704 0
4705 0
4706 16
4707 16
4708 0
4709 0
4710 3
4711 0
4712 0
4713 0
4714 0
4715 0
4716 3
4717 0
4718 0
4719 0
4720 0
4721 0
4722 0
4723 16
4724 0
4725 16
4726 3
4727 0
4728 0
4729 16
4730 0
4731 16
4732 0
4733 0
4734 0
4735 0
4736 0
4737 0
4738 3
4739 0
4740 3
4741 16
4742 0
4743 3
4744 0
4745 16
4746 3
4747 3
4748 16
4749 3
4750 0
4751 0
4752 3
4753 16
4754 3
4755 3
4756 0
4757 0
4758 0
4759 0
4760 16
4761 0
4762 0
4763 0
4764 0
4765 0
4766 0
4767 0
4768 16
4769 0
4770 16
4771 3
4772 3
4773 0
4774 3
4775 0
4776 0
4777 3
4778 16
4779 3
4780 3
4781 0
4782 0
4783 3
4784 0
4785 16
4786 0
4787 0
4788 0
4789 16
4790 16
4791 0
4792 0
4793 16
4794 0
4795 0
4796 0
4797 3
4798 16
4799 0
4800 0
4801 0
4802 0
4803 0
4804 0
4805 16
4806 16
4807 16
4808 16
4809 0
4810 0
4811 0
4812 0
4813 0
4814 16
4815 3
4816 0
4817 0
4818 3
4819 3
4820 0
4821 0
4822 16
4823 0
4824 3
4825 16
4826 0
4827 0
4828 16
4829 0
4830 0
4831 0
4832 0
4833 0
4834 0
4835 0
4836 0
4837 3
4838 0
4839 0
4840 0
4841 16
4842 0
4843 0
4844 16
4845 16
4846 3
4847 16
4848 0
4849 0
4850 0
4851 0
4852 16
4853 3
4854 0
4855 16
4856 16
4857 16
4858 16
4859 16
4860 16
4861 16
4862 16
4863 16
4864 16
4865 16
4866 16
4867 16
4868 0
4869 3
4870 0
4871 0
4872 16
4873 3
4874 0
4875 0
4876 16
4877 16
4878 16
4879 0
4880 3
4881 0
4882 0
4883 0
4884 0
4885 0
4886 16
4887 16
4888 0
4889 3
4890 0
4891 0
4892 0
4893 0
4894 0
4895 0
4896 0
4897 16
4898 0
4899 0
4900 16
4901 0
4902 16
4903 0
4904 0
4905 0
4906 0
4907 16
4908 0
4909 16
4910 0
4911 0
4912 0
4913 0
4914 0
4915 0
4916 3
4917 3
4918 16
4919 16
4920 3
4921 0
4922 3
4923 3
4924 0
4925 0
4926 0
4927 16
4928 16
4929 16
4930 0
4931 0
4932 0
4933 16
4934 0
4935 16
4936 0
4937 0
4938 0
4939 0
4940 3
4941 0
4942 0
4943 0
4944 0
4945 0
4946 0
4947 3
4948 3
4949 0
4950 0
4951 0
4952 0
4953 0
4954 16
4955 3
4956 3
4957 16
4958 0
4959 16
4960 16
4961 0
4962 0
4963 0
4964 0
4965 0
4966 0
4967 0
4968 0
4969 16
4970 0
4971 0
4972 3
4973 3
4974 0
4975 0
4976 0
4977 3
4978 0
4979 3
4980 16
4981 0
4982 16
4983 3
4984 0
4985 16
4986 0
4987 0
4988 3
4989 0
4990 0
4991 16
4992 0
4993 0
4994 0
4995 3
4996 0
4997 0
4998 0
4999 0
5000 3
5001 3
5002 0
5003 3
5004 0
5005 0
5006 16
5007 0
5008 3
5009 3
5010 16
5011 16
5012 0
5013 3
5014 0
5015 0
5016 0
5017 16
5018 3
5019 0
5020 0
5021 0
5022 0
5023 0
5024 0
5025 3
5026 0
5027 0
5028 0
5029 3
5030 16
5031 3
5032 0
5033 0
5034 0
5035 16
5036 0
5037 16
5038 0
5039 0
5040 16
5041 0
5042 3
5043 0
5044 0
5045 3
5046 16
5047 16
5048 3
5049 0
5050 0
5051 3
5052 0
5053 0
5054 3
5055 3
5056 0
5057 0
5058 0
5059 16
5060 0
5061 0
5062 0
5063 3
5064 3
5065 0
5066 0
5067 3
5068 0
5069 16
5070 0
5071 0
5072 0
5073 0
5074 0
5075 0
5076 3
5077 16
5078 0
5079 16
5080 3
5081 0
5082 3
5083 0
5084 16
5085 3
5086 0
5087 3
5088 0
5089 0
5090 0
5091 0
5092 16
5093 3
5094 0
5095 0
5096 0
5097 0
5098 0
5099 0
5100 0
5101 0
5102 0
5103 16
5104 0
5105 3
5106 0
5107 0
5108 0
5109 3
5110 0
5111 3
5112 0
5113 0
5114 0
5115 0
5116 0
5117 0
5118 0
5119 0
5120 0
5121 0
5122 0
5123 0
5124 0
5125 4
5126 3
5127 0
5128 0
5129 0
5130 16
5131 0
5132 0
5133 0
5134 0
5135 16
5136 16
5137 0
5138 0
5139 0
5140 3
5141 0
5142 3
5143 3
5144 0
5145 0
5146 0
5147 3
5148 0
5149 3
5150 0
5151 16
5152 0
5153 3
5154 0
5155 0
5156 3
5157 3
5158 0
5159 0
5160 0
5161 3
5162 0
5163 0
5164 3
5165 16
5166 16
5167 16
5168 16
5169 16
5170 16
5171 0
5172 0
5173 16
5174 0
5175 0
5176 3
5177 16
5178 16
5179 16
5180 0
5181 0
5182 0
5183 0
5184 0
5185 0
5186 16
5187 0
5188 16
5189 3
5190 3
5191 0
5192 0
5193 0
5194 0
5195 0
5196 0
5197 0
5198 0
5199 0
5200 16
5201 0
5202 0
5203 0
5204 3
5205 0
5206 3
5207 0
5208 16
5209 16
5210 0
5211 3
5212 0
5213 3
5214 16
5215 0
5216 0
5217 16
5218 3
5219 0
5220 3
5221 3
5222 0
5223 16
5224 16
5225 0
5226 0
5227 0
5228 3
5229 0
5230 0
5231 16
5232 0
5233 0
5234 0
5235 16
5236 16
5237 16
5238 16
5239 16
5240 16
5241 0
5242 0
5243 0
5244 0
5245 0
5246 16
5247 0
5248 0
5249 0
5250 0
5251 0
5252 3
5253 16
5254 0
5255 16
5256 0
5257 0
5258 0
5259 0
5260 0
5261 0
5262 16
5263 3
5264 16
5265 0
5266 0
5267 0
5268 0
5269 16
5270 3
5271 16
5272 16
5273 16
5274 0
5275 0
5276 0
5277 0
5278 0
5279 0
5280 0
5281 16
5282 0
5283 0
5284 0
5285 0
5286 16
5287 0
5288 0
5289 0
5290 0
5291 0
5292 3
5293 0
5294 0
5295 3
5296 16
5297 16
5298 16
5299 0
5300 0
5301 3
5302 3
5303 3
5304 0
5305 0
5306 0
5307 3
5308 0
5309 0
5310 0
5311 3
5312 0
5313 0
5314 16
5315 0
5316 0
5317 0
5318 0
5319 16
5320 0
5321 3
5322 0
5323 0
5324 0
5325 0
5326 0
5327 0
5328 16
5329 0
5330 16
5331 3
5332 16
5333 16
5334 0
5335 0
5336 0
5337 0
5338 0
5339 3
5340 0
5341 0
5342 0
5343 0
5344 3
5345 0
5346 3
5347 0
5348 16
5349 0
5350 0
5351 0
5352 0
5353 0
5354 0
5355 0
5356 3
5357 16
5358 0
5359 16
5360 3
5361 16
5362 3
5363 3
5364 3
5365 0
5366 3
5367 16
5368 0
5369 16
5370 0
5371 3
5372 0
5373 3
5374 0
5375 0
5376 0
5377 3
5378 0
5379 0
5380 0
5381 0
5382 0
5383 0
5384 0
5385 0
5386 0
5387 0
5388 0
5389 16
5390 0
5391 0
5392 0
5393 0
5394 0
5395 16
5396 16
5397 0
5398 16
5399 0
5400 0
5401 0
5402 0
5403 0
5404 0
5405 16
5406 0
5407 3
5408 0
5409 0
5410 0
5411 0
5412 16
5413 3
5414 16
5415 0
5416 0
5417 3
5418 3
5419 16
5420 0
5421 0
5422 3
5423 0
5424 0
5425 0
5426 0
5427 0
5428 16
5429 0
5430 0
5431 0
5432 3
5433 0
5434 0
5435 0
5436 0
5437 0
5438 0
5439 0
5440 3
5441 0
5442 0
5443 0
5444 3
5445 0
5446 0
5447 0
5448 0
5449 0
5450 16
5451 0
5452 0
5453 3
5454 3
5455 0
5456 3
5457 3
5458 3
5459 3
5460 3
5461 0
5462 3
5463 0
5464 0
5465 0
5466 0
5467 3
5468 3
5469 3
5470 3
5471 0
5472 3
5473 0
5474 3
5475 0
5476 3
5477 0
5478 0
5479 16
5480 16
5481 0
5482 16
5483 0
5484 16
5485 0
5486 0
5487 0
5488 0
5489 16
5490 0
5491 0
5492 0
5493 0
5494 0
5495 0
5496 0
5497 0
5498 0
5499 0
5500 0
5501 16
5502 0
5503 3
5504 0
5505 3
5506 3
5507 3
5508 3
5509 16
5510 16
5511 0
5512 0
5513 16
5514 16
5515 3
5516 0
5517 3
5518 16
5519 16
5520 3
5521 16
5522 3
5523 16
5524 3
5525 0
5526 16
5527 16
5528 16
5529 16
5530 16
5531 16
5532 16
5533 16
5534 16
5535 16
5536 16
5537 16
5538 16
5539 16
5540 16
5541 16
5542 16
5543 16
5544 16
5545 16
5546 16
5547 16
5548 16
5549 3
5550 16
5551 16
5552 0
5553 16
5554 16
5555 16
5556 16
5557 16
5558 16
5559 16
5560 16
5561 16
5562 16
5563 16
5564 16
5565 16
5566 16
5567 16
5568 16
5569 16
5570 16
5571 16
5572 16
5573 16
5574 16
5575 16
5576 16
5577 16
5578 16
5579 16
5580 16
5581 16
5582 16
5583 16
5584 16
5585 16
5586 16
5587 16
5588 16
5589 16
5590 16
5591 16
5592 16
5593 16
5594 16
5595 16
5596 16
5597 16
5598 0
5599 16
5600 16
5601 16
5602 16
5603 16
5604 16
5605 3
5606 16
5607 16
5608 16
5609 16
5610 16
5611 16
5612 16
5613 0
5614 16
5615 20
5616 0
5617 16
5618 0
5619 16
5620 0
5621 0
5622 0
5623 0
5624 0
5625 0
5626 0
5627 0
5628 0
5629 0
5630 0
5631 0
5632 0
5633 0
5634 16
5635 16
5636 16
5637 0
5638 16
5639 16
5640 16
5641 16
5642 16
5643 16
5644 16
5645 16
5646 0
5647 0
5648 16
5649 16
5650 16
5651 16
5652 16
5653 16
5654 16
5655 16
5656 16
5657 16
5658 3
5659 16
5660 16
5661 16
5662 16
5663 16
5664 16
5665 16
5666 16
5667 16
5668 16
5669 0
5670 16
5671 16
5672 16
5673 16
5674 16
5675 16
5676 12
5677 3
5678 0
5679 16
5680 3
5681 3
5682 3
5683 3
5684 3
5685 3
5686 3
5687 3
5688 3
5689 3
5690 3
5691 3
5692 3
5693 3
5694 3
5695 3
5696 1
5697 0
5698 3
5699 0
5700 3
5701 3
5702 0
5703 0
5704 16
5705 0
5706 16
5707 0
5708 16
5709 0
5710 16
5711 16
5712 0
5713 2
5714 0
5715 2
5716 2
5717 2
5718 2
5719 2
5720 16
5721 2
5722 16
5723 0
5724 2
5725 0
5726 3
5727 0
5728 0
5729 0
5730 0
5731 3
5732 16
5733 3
5734 0
5735 3
5736 16
5737 16
5738 0
5739 16
5740 16
5741 0
5742 0
5743 16
5744 0
5745 0
5746 3
5747 16
5748 3
5749 16
5750 16
5751 16
5752 3
5753 16
5754 16
5755 3
5756 16
5757 16
5758 16
5759 0
5760 16
5761 0
5762 16
5763 16
5764 16
5765 16
5766 16
5767 16
5768 16
5769 0
5770 16
5771 16
5772 16
5773 3
5774 16
5775 16
5776 16
5777 16
5778 16
5779 16
5780 0
5781 0
5782 3
5783 0
5784 16
5785 3
5786 3
5787 3
5788 16
5789 3
5790 0
5791 16
5792 3
5793 21
5794 16
5795 16
5796 16
5797 16
5798 16
5799 16
5800 16
5801 3
5802 16
5803 3
5804 3
5805 0
5806 0
5807 0
5808 0
5809 0
5810 3
5811 0
5812 0
5813 16
5814 0
5815 3
5816 16
5817 0
5818 16
5819 16
5820 16
5821 16
5822 16
5823 16
5824 16
5825 16
5826 0
5827 0
5828 3
5829 3
5830 0
5831 0
5832 16
5833 16
5834 16
5835 3
5836 16
5837 16
5838 16
5839 0
5840 0
5841 3
5842 3
5843 0
5844 16
5845 16
5846 16
5847 0
5848 16
5849 16
5850 16
5851 0
5852 3
5853 0
5854 16
5855 0
5856 0
5857 0
5858 0
5859 0
5860 0
5861 0
5862 0
5863 0
5864 3
5865 16
5866 0
5867 0
5868 0
5869 0
5870 0
5871 0
5872 3
5873 0
5874 4
5875 0
5876 0
5877 16
5878 0
5879 0
5880 0
5881 0
5882 0
5883 0
5884 0
5885 16
5886 0
5887 3
5888 0
5889 0
5890 0
5891 0
5892 0
5893 0
5894 0
5895 0
5896 16
5897 0
5898 0
5899 0
5900 0
5901 0
5902 0
5903 3
5904 0
5905 0
5906 0
5907 0
5908 0
5909 0
5910 0
5911 0
5912 0
5913 16
5914 0
5915 0
5916 0
5917 0
5918 0
5919 0
5920 0
5921 0
5922 0
5923 3
5924 16
5925 16
5926 16
5927 16
5928 16
5929 16
5930 16
5931 16
5932 0
5933 0
5934 16
5935 0
5936 0
5937 0
5938 0
5939 0
5940 0
5941 16
5942 16
5943 16
5944 16
5945 16
5946 0
5947 16
5948 16
5949 16
5950 16
5951 3
5952 16
5953 16
5954 0
5955 16
5956 16
5957 3
5958 0
5959 16
5960 0
5961 0
5962 0
5963 16
5964 16
5965 0
5966 16
5967 16
5968 16
5969 16
5970 3
5971 12
5972 0
5973 0
5974 16
5975 3
5976 16
5977 0
5978 0
5979 3
5980 16
5981 0
5982 3
5983 3
5984 0
5985 16
5986 0
5987 0
5988 0
5989 0
5990 3
5991 3
5992 0
5993 0
5994 0
5995 0
5996 3
5997 16
5998 16
5999 3
6000 16
6001 16
6002 1
6003 16
6004 16
6005 16
6006 16
6007 3
6008 3
6009 16
6010 3
6011 0
6012 3
6013 3
6014 3
6015 0
6016 0
6017 16
6018 3
6019 3
6020 16
6021 16
6022 0
6023 16
6024 0
6025 16
6026 16
6027 3
6028 0
6029 3
6030 3
6031 16
6032 3
6033 3
6034 3
6035 16
6036 16
6037 0
6038 16
6039 16
6040 0
6041 16
6042 16
6043 0
6044 0
6045 16
6046 16
6047 16
6048 16
6049 3
6050 16
6051 3
6052 3
6053 16
6054 16
6055 3
6056 0
6057 16
6058 16
6059 16
6060 16
6061 16
6062 16
6063 0
6064 0
6065 0
6066 1
6067 1
6068 1
6069 1
6070 1
6071 0
6072 1
6073 1
6074 3
6075 0
6076 0
6077 16
6078 0
6079 1
6080 3
6081 3
6082 3
6083 0
6084 0
6085 0
6086 3
6087 0
6088 0
6089 3
6090 3
6091 0
6092 0
6093 16
6094 0
6095 0
6096 0
6097 0
6098 3
6099 0
6100 0
6101 0
6102 16
6103 3
6104 16
6105 0
6106 0
6107 0
6108 0
6109 16
6110 0
6111 3
6112 0
6113 0
6114 0
6115 0
6116 0
6117 3
6118 0
6119 16
6120 0
6121 16
6122 0
6123 0
6124 0
6125 3
6126 3
6127 3
6128 0
6129 16
6130 0
6131 0
6132 0
6133 16
6134 0
6135 16
6136 0
6137 0
6138 0
6139 16
6140 0
6141 0
6142 0
6143 0
6144 3
6145 0
6146 0
6147 16
6148 16
6149 16
6150 16
6151 16
6152 16
6153 16
6154 16
6155 3
6156 0
6157 0
6158 16
6159 3
6160 0
6161 3
6162 3
6163 0
6164 0
6165 0
6166 0
6167 16
6168 0
6169 0
6170 16
6171 0
6172 0
6173 16
6174 0
6175 0
6176 3
6177 0
6178 0
6179 0
6180 0
6181 0
6182 0
6183 0
6184 0
6185 16
6186 16
6187 16
6188 0
6189 0
6190 0
6191 0
6192 0
6193 0
6194 0
6195 3
6196 16
6197 0
6198 16
6199 0
6200 0
6201 0
6202 0
6203 3
6204 0
6205 0
6206 0
6207 0
6208 0
6209 0
6210 0
6211 0
6212 3
6213 0
6214 0
6215 0
6216 16
6217 3
6218 16
6219 16
6220 16
6221 16
6222 0
6223 0
6224 0
6225 0
6226 3
6227 3
6228 16
6229 16
6230 0
6231 3
6232 16
6233 0
6234 0
6235 3
6236 0
6237 3
6238 0
6239 3
6240 0
6241 3
6242 3
6243 0
6244 0
6245 0
6246 0
6247 0
6248 0
6249 0
6250 0
6251 0
6252 0
6253 0
6254 0
6255 0
6256 0
6257 0
6258 0
6259 0
6260 3
6261 16
6262 16
6263 16
6264 16
6265 16
6266 16
6267 16
6268 16
6269 16
6270 16
6271 0
6272 3
6273 16
6274 0
6275 3
6276 0
6277 0
6278 0
6279 0
6280 0
6281 3
6282 16
6283 3
6284 0
6285 0
6286 16
6287 0
6288 3
6289 3
6290 16
6291 0
6292 0
6293 3
6294 3
6295 16
6296 0
6297 0
6298 0
6299 0
6300 3
6301 3
6302 0
6303 0
6304 16
6305 16
6306 0
6307 0
6308 0
6309 0
6310 0
6311 0
6312 0
6313 0
6314 3
6315 3
6316 0
6317 0
6318 16
6319 0
6320 16
6321 0
6322 0
6323 16
6324 3
6325 16
6326 16
6327 3
6328 0
6329 0
6330 0
6331 3
6332 16
6333 0
6334 0
6335 0
6336 0
6337 3
6338 0
6339 0
6340 16
6341 0
6342 3
6343 0
6344 0
6345 16
6346 3
6347 0
6348 0
6349 0
6350 3
6351 16
6352 0
6353 16
6354 0
6355 0
6356 0
6357 0
6358 3
6359 16
6360 0
6361 16
6362 16
6363 0
6364 0
6365 0
6366 3
6367 3
6368 16
6369 0
6370 3
6371 0
6372 0
6373 0
6374 0
6375 16
6376 16
6377 0
6378 0
6379 0
6380 16
6381 16
6382 16
6383 16
6384 0
6385 16
6386 16
6387 16
6388 0
6389 0
6390 0
6391 0
6392 0
6393 0
6394 0
6395 0
6396 16
6397 0
6398 16
6399 0
6400 0
6401 0
6402 0
6403 16
6404 16
6405 0
6406 0
6407 0
6408 16
6409 16
6410 16
6411 16
6412 16
6413 16
6414 16
6415 16
6416 16
6417 16
6418 16
6419 16
6420 16
6421 16
6422 16
6423 0
6424 0
6425 3
6426 0
6427 0
6428 16
6429 16
6430 16
6431 3
6432 16
6433 16
6434 0
6435 0
6436 0
6437 16
6438 0
6439 0
6440 3
6441 16
6442 16
6443 16
6444 0
6445 16
6446 16
6447 16
6448 0
6449 16
6450 16
6451 0
6452 16
6453 0
6454 0
6455 0
6456 16
6457 0
6458 16
6459 0
6460 0
6461 0
6462 0
6463 0
6464 0
6465 0
6466 0
6467 0
6468 0
6469 16
6470 0
6471 0
6472 16
6473 0
6474 16
6475 3
6476 16
6477 16
6478 14
6479 3
6480 16
6481 0
6482 0
6483 0
6484 0
6485 16
6486 16
6487 0
6488 0
6489 0
6490 0
6491 3
6492 0
6493 16
6494 16
6495 16
6496 3
6497 0
6498 0
6499 3
6500 16
6501 16
6502 0
6503 0
6504 0
6505 3
6506 16
6507 16
6508 16
6509 16
6510 16
6511 3
6512 0
6513 16
6514 3
6515 0
6516 3
6517 16
6518 0
6519 3
6520 0
6521 0
6522 0
6523 3
6524 16
6525 16
6526 16
6527 0
6528 0
6529 3
6530 0
6531 0
6532 16
6533 3
6534 0
6535 3
6536 0
6537 0
6538 16
6539 3
6540 0
6541 16
6542 0
6543 3
6544 0
6545 3
6546 16
6547 3
6548 16
6549 16
6550 16
6551 0
6552 0
6553 0
6554 0
6555 0
6556 3
6557 0
6558 3
6559 0
6560 3
6561 16
6562 0
6563 16
6564 3
6565 3
6566 3
6567 3
6568 16
6569 0
6570 0
6571 0
6572 0
6573 0
6574 0
6575 0
6576 3
6577 0
6578 0
6579 16
6580 16
6581 3
6582 3
6583 3
6584 16
6585 16
6586 16
6587 16
6588 16
6589 16
6590 16
6591 16
6592 16
6593 16
6594 16
6595 16
6596 0
6597 16
6598 16
6599 16
6600 3
6601 0
6602 16
6603 3
6604 16
6605 3
6606 0
6607 16
6608 16
6609 16
6610 16
6611 16
6612 16
6613 3
6614 16
6615 16
6616 16
6617 16
6618 16
6619 16
6620 16
6621 3
6622 0
6623 16
6624 0
6625 16
6626 16
6627 0
6628 16
6629 0
6630 3
6631 3
6632 16
6633 16
6634 16
6635 0
6636 16
6637 16
6638 16
6639 16
6640 16
6641 16
6642 16
6643 16
6644 16
6645 16
6646 16
6647 16
6648 16
6649 16
6650 16
6651 16
6652 16
6653 0
6654 0
6655 0
6656 0
6657 0
6658 16
6659 0
6660 0
6661 14
6662 0
6663 0
6664 0
6665 0
6666 0
6667 16
6668 0
6669 3
6670 3
6671 16
6672 0
6673 0
6674 3
6675 0
6676 3
6677 3
6678 3
6679 3
6680 0
6681 0
6682 3
6683 3
6684 3
6685 3
6686 0
6687 3
6688 0
6689 0
6690 16
6691 12
6692 16
6693 16
6694 16
6695 3
6696 3
6697 16
6698 16
6699 16
6700 16
6701 16
6702 16
6703 16
6704 16
6705 16
6706 16
6707 16
6708 16
6709 16
6710 16
6711 16
6712 16
6713 0
6714 0
6715 0
6716 16
6717 0
6718 0
6719 16
6720 0
6721 3
6722 16
6723 16
6724 16
6725 16
6726 16
6727 16
6728 16
6729 16
6730 16
6731 16
6732 0
6733 3
6734 3
6735 0
6736 3
6737 3
6738 3
6739 3
6740 3
6741 16
6742 3
6743 3
6744 3
6745 3
6746 3
6747 0
6748 3
6749 3
6750 16
6751 3
6752 3
6753 3
6754 3
6755 0
6756 3
6757 3
6758 0
6759 0
6760 0
6761 0
6762 0
6763 0
6764 0
6765 0
6766 0
6767 3
6768 0
6769 0
6770 0
6771 0
6772 0
6773 0
6774 0
6775 0
6776 16
6777 16
6778 16
6779 0
6780 0
6781 3
6782 0
6783 16
6784 3
6785 16
6786 16
6787 16
6788 16
6789 16
6790 16
6791 0
6792 0
6793 16
6794 16
6795 16
6796 0
6797 16
6798 16
6799 0
6800 0
6801 0
6802 0
6803 0
6804 0
6805 0
6806 0
6807 0
6808 0
6809 0
6810 0
6811 0
6812 0
6813 0
6814 0
6815 0
6816 0
6817 0
6818 0
6819 16
6820 3
6821 0
6822 0
6823 3
6824 16
6825 16
6826 0
6827 16
6828 16
6829 16
6830 16
6831 0
6832 3
6833 0
6834 0
6835 0
6836 0
6837 0
6838 0
6839 0
6840 0
6841 0
6842 16
6843 16
6844 3
6845 0
6846 0
6847 16
6848 0
6849 0
6850 0
6851 16
6852 16
6853 16
6854 16
6855 3
6856 3
6857 16
6858 16
6859 0
6860 4
6861 4
6862 4
6863 0
6864 4
6865 4
6866 4
6867 4
6868 4
6869 4
6870 4
6871 0
6872 14
6873 16
6874 16
6875 0
6876 16
6877 16
6878 16
6879 16
6880 0
6881 16
6882 0
6883 16
6884 16
6885 0
6886 3
6887 16
6888 3
6889 0
6890 0
6891 3
6892 0
6893 16
6894 16
6895 3
6896 3
6897 0
6898 3
6899 16
6900 16
6901 3
6902 16
6903 0
6904 16
6905 3
6906 3
6907 3
6908 3
6909 3
6910 3
6911 0
6912 16
6913 0
6914 0
6915 16
6916 3
6917 0
6918 16
6919 16
6920 16
6921 16
6922 16
6923 16
6924 16
6925 16
6926 16
6927 16
6928 16
6929 16
6930 16
6931 16
6932 16
6933 16
6934 16
6935 16
6936 16
6937 16
6938 16
6939 16
6940 16
6941 16
6942 0
6943 16
6944 16
6945 16
6946 16
6947 16
6948 16
6949 16
6950 16
6951 16
6952 16
6953 16
6954 16
6955 16
6956 16
6957 16
6958 16
6959 16
6960 0
6961 16
6962 16
6963 16
6964 16
6965 16
6966 0
6967 3
6968 0
6969 0
6970 16
6971 0
6972 3
6973 0
6974 0
6975 16
6976 16
6977 16
6978 16
6979 0
6980 16
6981 16
6982 16
6983 16
6984 3
6985 16
6986 0
6987 16
6988 16
6989 0
6990 5
6991 5
6992 5
6993 0
6994 5
6995 16
6996 16
6997 3
6998 3
6999 0
7000 0
7001 16
7002 3
7003 3
7004 16
7005 0
7006 16
7007 16
7008 16
7009 16
7010 16
7011 16
7012 3
7013 16
7014 3
7015 16
7016 16
7017 0
7018 16
7019 3
7020 16
7021 0
7022 0
7023 16
7024 16
7025 0
7026 16
7027 16
7028 16
7029 16
7030 3
7031 0
7032 3
7033 3
7034 0
7035 3
7036 0
7037 0
7038 16
7039 16
7040 3
7041 3
7042 16
7043 16
7044 3
7045 0
7046 16
7047 0
7048 16
7049 0
7050 0
7051 16
7052 16
7053 16
7054 16
7055 16
7056 16
7057 14
7058 16
7059 16
7060 0
7061 16
7062 16
7063 0
7064 3
7065 16
7066 16
7067 16
7068 0
7069 16
7070 16
7071 16
7072 16
7073 16
7074 16
7075 16
7076 16
7077 16
7078 16
7079 16
7080 16
7081 16
7082 16
7083 16
7084 16
7085 16
7086 16
7087 16
7088 16
7089 16
7090 16
7091 16
7092 16
7093 16
7094 16
7095 16
7096 16
7097 16
7098 16
7099 16
7100 16
7101 16
7102 16
7103 16
7104 16
7105 16
7106 16
7107 16
7108 16
7109 3
7110 16
7111 16
7112 16
7113 16
7114 16
7115 16
7116 16
7117 16
7118 16
7119 16
7120 16
7121 16
7122 16
7123 16
7124 16
7125 16
7126 16
7127 16
7128 16
7129 16
7130 16
7131 16
7132 16
7133 16
7134 16
7135 16
7136 16
7137 16
7138 16
7139 16
7140 16
7141 16
7142 16
7143 16
7144 16
7145 16
7146 16
7147 16
7148 16
7149 16
7150 16
7151 16
7152 16
7153 16
7154 16
7155 16
7156 16
7157 16
7158 16
7159 16
7160 16
7161 16
7162 16
7163 16
7164 16
7165 16
7166 16
7167 6
7168 6
7169 6
7170 16
7171 0
7172 16
7173 16
7174 16
7175 16
7176 16
7177 16
7178 16
7179 0
7180 16
7181 16
7182 16
7183 16
7184 16
7185 16
7186 16
7187 16
7188 0
7189 0
7190 0
7191 0
7192 0
7193 0
7194 0
7195 16
7196 3
7197 16
7198 16
7199 16
7200 16
7201 0
7202 16
7203 3
7204 0
7205 16
7206 16
7207 16
7208 0
7209 14
7210 16
7211 0
7212 0
7213 0
7214 0
7215 0
7216 0
7217 0
7218 16
7219 16
7220 0
7221 0
7222 16
7223 3
7224 16
7225 16
7226 16
7227 16
7228 16
7229 16
7230 16
7231 16
7232 16
7233 16
7234 16
7235 16
7236 16
7237 16
7238 16
7239 16
7240 16
7241 16
7242 0
7243 3
7244 3
7245 3
7246 16
7247 16
7248 16
7249 16
7250 0
7251 16
7252 3
7253 3
7254 0
7255 0
7256 0
7257 14
7258 0
7259 16
7260 0
7261 0
7262 0
7263 0
7264 0
7265 0
7266 0
7267 16
7268 0
7269 3
7270 0
7271 0
7272 0
7273 0
7274 0
7275 0
7276 0
7277 0
7278 3
7279 0
7280 0
7281 0
7282 16
7283 0
7284 0
7285 0
7286 0
7287 0
7288 3
7289 0
7290 0
7291 0
7292 0
7293 0
7294 0
7295 0
7296 0
7297 0
7298 0
7299 0
7300 0
7301 14
7302 0
7303 16
7304 0
7305 0
7306 0
7307 0
7308 0
7309 0
7310 0
7311 0
7312 0
7313 0
7314 0
7315 0
7316 0
7317 0
7318 18
7319 3
7320 0
7321 16
7322 16
7323 3
7324 0
7325 16
7326 0
7327 3
7328 0
7329 0
7330 0
7331 0
7332 3
7333 3
7334 3
7335 3
7336 3
7337 3
7338 3
7339 3
7340 3
7341 0
7342 3
7343 3
7344 3
7345 3
7346 3
7347 3
7348 3
7349 3
7350 3
7351 3
7352 3
7353 3
7354 0
7355 3
7356 3
7357 3
7358 3
7359 3
7360 3
7361 3
7362 3
7363 3
7364 3
7365 3
7366 3
7367 3
7368 3
7369 3
7370 0
7371 3
7372 0
7373 3
7374 3
7375 3
7376 0
7377 3
7378 3
7379 3
7380 3
7381 3
7382 3
7383 3
7384 3
7385 3
7386 3
7387 0
7388 3
7389 3
7390 3
7391 0
7392 3
7393 3
7394 3
7395 0
7396 3
7397 3
7398 3
7399 3
7400 3
7401 3
7402 3
7403 3
7404 0
7405 3
7406 3
7407 3
7408 3
7409 3
7410 3
7411 3
7412 3
7413 3
7414 3
7415 3
7416 3
7417 3
7418 0
7419 3
7420 3
7421 3
7422 3
7423 3
7424 3
7425 0
7426 3
7427 3
7428 0
7429 16
7430 3
7431 3
7432 0
7433 0
7434 0
7435 0
7436 0
7437 3
7438 0
7439 0
7440 16
7441 16
7442 16
7443 3
7444 3
7445 16
7446 16
7447 13
7448 16
7449 16
7450 16
7451 0
7452 16
7453 3
7454 16
7455 0
7456 0
7457 3
7458 16
7459 3
7460 0
7461 16
7462 16
7463 16
7464 16
7465 16
7466 3
7467 0
7468 16
7469 0
7470 16
7471 16
7472 16
7473 3
7474 16
7475 16
7476 16
7477 3
7478 16
7479 0
7480 0
7481 0
7482 0
7483 0
7484 0
7485 16
7486 3
7487 16
7488 16
7489 16
7490 16
7491 3
7492 3
7493 16
7494 16
7495 16
7496 16
7497 3
7498 16
7499 16
7500 16
7501 16
7502 0
7503 0
7504 0
7505 3
7506 14
7507 16
7508 16
7509 16
7510 16
7511 16
7512 16
7513 16
7514 16
7515 16
7516 16
7517 16
7518 16
7519 16
7520 0
7521 0
7522 16
7523 0
7524 7
7525 7
7526 7
7527 0
7528 8
7529 3
7530 0
7531 0
7532 0
7533 19
7534 8
7535 8
7536 8
7537 0
7538 0
7539 8
7540 8
7541 8
7542 3
7543 8
7544 8
7545 8
7546 8
7547 9
7548 8
7549 8
7550 0
7551 8
7552 0
7553 16
7554 16
7555 16
7556 16
7557 16
7558 16
7559 16
7560 0
7561 16
7562 16
7563 16
7564 9
7565 18
7566 16
7567 16
7568 16
7569 16
7570 16
7571 16
7572 16
7573 3
7574 3
7575 0
7576 0
7577 0
7578 0
7579 3
7580 16
7581 16
7582 0
7583 0
7584 16
7585 0
7586 16
7587 12
7588 0
7589 16
7590 16
7591 0
7592 16
7593 0
7594 16
7595 0
7596 0
7597 0
7598 0
7599 0
7600 0
7601 16
7602 0
7603 0
7604 0
7605 0
7606 16
7607 3
7608 0
7609 0
7610 0
7611 0
7612 0
7613 0
7614 0
7615 16
7616 3
7617 16
7618 3
7619 0
7620 0
7621 9
7622 0
7623 9
7624 9
7625 9
7626 9
7627 9
7628 16
7629 9
7630 9
7631 9
7632 9
7633 9
7634 9
7635 16
7636 9
7637 9
7638 3
7639 16
7640 0
7641 16
7642 9
7643 9
7644 9
7645 9
7646 9
7647 9
7648 9
7649 9
7650 9
7651 9
7652 0
7653 9
7654 9
7655 9
7656 0
7657 0
7658 16
7659 16
7660 16
7661 16
7662 16
7663 16
7664 16
7665 16
7666 16
7667 16
7668 16
7669 16
7670 16
7671 16
7672 16
7673 16
7674 16
7675 16
7676 16
7677 16
7678 16
7679 16
7680 16
7681 16
7682 16
7683 16
7684 16
7685 16
7686 16
7687 16
7688 16
7689 16
7690 16
7691 16
7692 16
7693 16
7694 16
7695 16
7696 16
7697 16
7698 16
7699 16
7700 16
7701 16
7702 16
7703 16
7704 16
7705 16
7706 16
7707 16
7708 16
7709 16
7710 16
7711 16
7712 16
7713 16
7714 16
7715 16
7716 16
7717 16
7718 16
7719 16
7720 16
7721 16
7722 16
7723 16
7724 16
7725 16
7726 16
7727 16
7728 16
7729 16
7730 16
7731 16
7732 16
7733 16
7734 16
7735 16
7736 16
7737 16
7738 16
7739 16
7740 16
7741 16
7742 16
7743 16
7744 16
7745 16
7746 16
7747 3
7748 16
7749 16
7750 16
7751 16
7752 16
7753 16
7754 16
7755 16
7756 3
7757 16
7758 16
7759 16
7760 0
7761 0
7762 3
7763 3
7764 3
7765 10
7766 10
7767 0
7768 3
7769 0
7770 0
7771 0
7772 0
7773 0
7774 0
7775 0
7776 0
7777 0
7778 0
7779 0
7780 0
7781 0
7782 0
7783 0
7784 0
7785 0
7786 0
7787 0
7788 0
7789 0
7790 0
7791 0
7792 0
7793 0
7794 0
7795 0
7796 0
7797 0
7798 0
7799 0
7800 0
7801 0
7802 0
7803 0
7804 0
7805 0
7806 0
7807 0
7808 0
7809 0
7810 0
7811 0
7812 0
7813 0
7814 0
7815 16
7816 0
7817 0
7818 0
7819 0
7820 0
7821 0
7822 16
7823 3
7824 3
7825 3
7826 0
7827 3
7828 3
7829 3
7830 0
7831 0
7832 12
7833 16
7834 16
7835 0
7836 16
7837 16
7838 16
7839 16
7840 16
7841 16
7842 16
7843 16
7844 16
7845 16
7846 16
7847 16
7848 16
7849 16
7850 3
7851 3
7852 11
7853 11
7854 11
7855 11
7856 11
7857 3
7858 11
7859 3
7860 3
7861 0
7862 0
7863 0
7864 0
7865 0
7866 0
7867 0
7868 16
7869 16
7870 16
7871 16
7872 16
7873 3
7874 3
7875 3
7876 3
7877 3
7878 3
7879 16
7880 12
7881 12
7882 12
7883 0
7884 12
7885 12
7886 12
7887 12
7888 12
7889 0
7890 3
7891 0
7892 16
7893 0
7894 0
7895 0
7896 0
7897 0
7898 0
7899 0
7900 3
7901 3
7902 3
7903 3
7904 16
7905 16
7906 3
7907 0
7908 0
7909 0
7910 3
7911 0
7912 16
7913 0
7914 0
7915 0
7916 0
7917 0
7918 0
7919 0
7920 0
7921 0
7922 0
7923 0
7924 0
7925 0
7926 0
7927 0
7928 0
7929 0
7930 0
7931 0
7932 0
7933 0
7934 0
7935 0
7936 0
7937 0
7938 0
7939 0
7940 0
7941 0
7942 0
7943 0
7944 0
7945 0
7946 0
7947 16
7948 16
7949 16
7950 0
7951 0
7952 0
7953 0
7954 0
7955 0
7956 0
7957 16
7958 16
7959 16
7960 16
7961 16
7962 16
7963 16
7964 16
7965 16
7966 16
7967 16
7968 16
7969 16
7970 16
7971 16
7972 16
7973 16
7974 16
7975 16
7976 16
7977 16
7978 16
7979 16
7980 16
7981 16
7982 16
7983 3
7984 16
7985 3
7986 3
7987 3
7988 16
7989 16
7990 16
7991 3
7992 3
7993 0
7994 3
7995 3
7996 3
7997 17
7998 3
7999 3
8000 3
8001 3
8002 16
8003 3
8004 3
8005 3
8006 16
8007 3
8008 3
8009 3
8010 16
8011 3
8012 3
8013 16
8014 3
8015 0
8016 16
8017 3
8018 3
8019 16
8020 3
8021 3
8022 3
8023 0
8024 0
8025 0
8026 0
8027 0
8028 0
8029 0
8030 0
8031 0
8032 13
8033 16
8034 3
8035 0
8036 3
8037 3
8038 3
8039 3
8040 3
8041 0
8042 3
8043 3
8044 0
8045 0
8046 3
8047 0
8048 3
8049 3
8050 16
8051 0
8052 16
8053 16
8054 16
8055 16
8056 16
8057 16
8058 16
8059 16
8060 16
8061 16
8062 0
8063 0
8064 0
8065 0
8066 0
8067 0
8068 0
8069 0
8070 3
8071 3
8072 0
8073 0
8074 0
8075 0
8076 0
8077 0
8078 0
8079 0
8080 0
8081 0
8082 0
8083 16
8084 3
8085 3
8086 3
8087 3
8088 3
8089 3
8090 0
8091 3
8092 3
8093 3
8094 3
8095 3
8096 3
8097 0
8098 3
8099 3
8100 16
8101 16
8102 0
8103 0
8104 0
8105 0
8106 0
8107 16
8108 3
8109 3
8110 3
8111 16
8112 16
8113 3
8114 3
8115 0
8116 0
8117 13
8118 13
8119 13
8120 13
8121 13
8122 13
8123 13
8124 13
8125 0
8126 14
8127 14
8128 16
8129 3
8130 16
8131 3
8132 16
8133 14
8134 14
8135 14
8136 14
8137 14
8138 14
8139 14
8140 14
8141 14
8142 14
8143 14
8144 14
8145 14
8146 3
8147 3
8148 16
8149 16
8150 0
8151 0
8152 0
8153 0
8154 3
8155 16
8156 3
8157 0
8158 0
8159 0
8160 0
8161 15
8162 15
8163 16
8164 0
8165 0
8166 16
8167 16
8168 16
8169 16
8170 0
8171 0
8172 17
8173 16
8174 16
8175 3
8176 16
8177 16
8178 16
8179 16
8180 16
8181 16
8182 16
8183 16
8184 16
8185 0
8186 0
8187 16
8188 0
8189 0
8190 16
8191 0
8192 17
8193 16
8194 16
8195 0
8196 16
8197 16
8198 16
8199 0
8200 0
8201 0
8202 3
8203 3
8204 16
8205 3
8206 3
8207 3
8208 3
8209 3
8210 3
8211 0
8212 0
8213 17
8214 17
8215 17
8216 17
8217 17
8218 17
8219 16
8220 16
8221 16
8222 16
8223 16
8224 16
8225 16
8226 16
8227 0
8228 16
8229 0
8230 0
8231 16
8232 0
8233 0
8234 3
8235 0
8236 18
8237 18
8238 18
8239 18
8240 18
8241 18
8242 3
8243 19
8244 0
8245 0
8246 0
8247 0
8248 0
8249 0
8250 0
8251 0
8252 0
8253 0
8254 0
8255 0
8256 0
8257 0
8258 0
8259 0
8260 0
8261 0
8262 0
8263 0
8264 0
8265 0
8266 0
8267 0
8268 0
8269 0
8270 0
8271 0
8272 0
8273 0
8274 20
8275 20
8276 20
8277 0
8278 3
8279 3
8280 3
8281 0
8282 0
8283 0
8284 0
8285 0
8286 0
8287 0
8288 16
8289 0
8290 3
8291 16
8292 16
8293 3
8294 16
8295 16
8296 16
8297 16
8298 3
8299 3
8300 3
8301 16
8302 16
8303 16
8304 16
8305 21
8306 21
8307 21
8308 16
8309 0
8310 0
8311 0
8312 0
8313 0
8314 0
8315 3
8316 16
8317 0
8318 0
8319 0
8320 0
8321 0
8322 16
8323 16
8324 3
8325 0
8326 3
8327 16
8328 0
8329 16
8330 0
8331 0
8332 0
8333 3
8334 16
8335 16
8336 0
8337 16
8338 0
8339 3
8340 3
8341 0
8342 0
8343 0
8344 16
8345 16
8346 3
8347 0
8348 0
8349 0
8350 3
8351 3
8352 3
8353 16
8354 16
8355 16
8356 16
8357 16
8358 16
8359 16
8360 16
8361 16
8362 16
8363 3
8364 16
8365 16
8366 0
8367 3
8368 3
8369 0
8370 0
8371 0
8372 0
8373 0
8374 0
8375 0
8376 16
8377 16
8378 16
8379 16
8380 0
8381 16
8382 0
8383 0
8384 0
8385 0
8386 0
0 3
1 0
2 1
3 8
4 2
5 3
6 4
7 5
8 12
9 6
10 10
11 7
12 10
13 8
14 9
15 3
16 10
17 10
18 11
19 12
20 8
21 3
1e-06 0.108293 308
