0 3
1 2
2 1
3 2
4 2
5 1
6 2
7 1
8 1
9 3
10 1
11 1
12 0
13 2
14 1
15 0
16 1
17 2
18 3
19 0
20 1
21 0
22 3
23 0
24 1
25 1
26 1
27 0
28 2
29 2
30 3
31 1
32 1
33 2
34 1
35 2
36 1
37 1
38 2
39 1
40 2
41 2
42 1
43 2
44 3
45 3
46 1
47 0
48 2
49 1
50 2
51 1
52 1
53 1
54 1
55 0
56 0
57 1
58 3
59 1
60 0
61 1
62 3
63 1
64 3
65 1
66 2
67 2
68 0
69 3
70 1
71 2
72 1
73 3
74 1
75 0
76 0
77 1
78 1
79 2
80 1
81 1
82 1
83 1
84 0
85 1
86 3
87 2
88 2
89 1
90 1
91 1
92 1
93 2
94 3
95 2
96 2
97 2
98 0
99 2
100 2
101 3
102 2
103 1
104 3
105 2
106 1
107 2
108 1
109 1
110 2
111 1
112 0
113 2
114 1
115 2
116 2
117 2
118 1
119 1
120 2
121 1
122 2
123 2
124 1
125 2
126 1
127 3
128 2
129 2
130 2
131 2
132 3
133 2
134 2
135 1
136 1
137 1
138 3
139 2
140 0
141 2
142 2
143 2
144 2
145 2
146 3
147 2
148 0
149 0
150 3
151 2
152 2
153 1
154 2
155 1
156 0
157 2
158 2
159 2
160 1
161 2
162 3
163 3
164 1
165 2
166 1
167 0
168 1
169 2
170 1
171 2
172 2
173 0
174 1
175 1
176 2
177 3
178 3
179 2
180 2
181 1
182 3
183 2
184 1
185 0
186 2
187 2
188 2
189 1
190 1
191 2
192 1
193 1
194 0
195 3
196 1
197 2
198 0
199 3
200 1
201 1
202 1
203 2
204 1
205 1
206 1
207 1
208 1
209 2
210 3
211 1
212 1
213 0
214 2
215 2
216 1
217 0
218 3
219 1
220 0
221 1
222 1
223 3
224 1
225 3
226 0
227 1
228 2
229 3
230 1
231 2
232 1
233 1
234 2
235 2
236 1
237 3
238 3
239 2
240 1
241 2
242 1
243 0
244 3
245 2
246 1
247 2
248 2
249 2
250 2
251 1
252 1
253 3
254 2
255 1
256 1
257 2
258 0
259 3
260 1
261 3
262 1
263 1
264 2
265 1
266 2
267 2
268 1
269 1
270 1
271 2
272 1
273 1
274 1
275 1
276 3
277 0
278 1
279 1
280 0
281 2
282 2
283 0
284 1
285 1
286 2
287 1
288 2
289 1
290 1
291 3
292 0
293 1
294 2
295 1
296 1
297 1
298 1
299 2
300 2
301 1
302 2
303 1
304 1
305 1
306 1
307 1
308 0
309 1
310 2
311 3
312 1
313 1
314 1
315 2
316 3
317 3
318 2
319 1
320 1
321 2
322 2
323 2
324 1
325 0
326 2
327 1
328 2
329 1
330 1
331 0
332 1
333 2
334 1
335 2
336 2
337 2
338 2
339 1
340 1
341 1
342 2
343 1
344 1
345 2
346 1
347 1
348 1
349 3
350 1
351 1
352 2
353 3
354 3
355 2
356 2
357 2
358 1
359 2
360 2
361 0
362 0
363 3
364 2
365 3
366 0
367 1
368 0
369 0
370 1
371 0
372 3
373 2
374 2
375 1
376 2
377 0
378 2
379 0
380 3
381 0
382 3
383 1
384 0
385 2
386 2
387 2
388 1
389 0
390 2
391 1
392 0
393 2
394 2
395 2
396 2
397 3
398 2
399 1
400 2
401 2
402 1
403 1
404 1
405 2
406 0
407 1
408 2
409 3
410 3
411 1
412 1
413 2
414 3
415 2
416 3
417 3
418 0
419 0
420 2
421 2
422 1
423 0
424 0
425 2
426 2
427 3
428 3
429 2
430 1
431 1
432 1
433 2
434 1
435 1
436 3
437 1
438 1
439 2
440 2
441 2
442 2
443 2
444 2
445 2
446 1
447 2
448 3
449 2
450 1
451 2
452 1
453 2
454 3
455 3
456 1
457 3
458 2
459 1
460 2
461 3
462 2
463 2
464 1
465 2
466 0
467 2
468 1
469 1
470 0
471 3
472 1
473 1
474 3
475 2
476 0
477 3
478 1
479 1
480 1
481 1
482 1
483 3
484 2
485 2
486 1
487 3
488 0
489 2
490 2
491 1
492 1
493 3
494 2
495 1
496 2
497 2
498 2
499 2
500 1
501 1
502 1
503 0
504 2
505 1
506 0
507 1
508 2
509 2
510 1
511 3
512 2
513 0
514 0
515 1
516 2
517 1
518 0
519 2
520 1
521 2
522 1
523 0
524 1
525 2
526 1
527 1
528 3
529 3
530 1
531 1
532 2
533 0
534 2
535 1
536 3
537 2
538 2
539 1
540 0
541 3
542 3
543 1
544 0
545 1
546 1
547 1
548 2
549 2
550 1
551 1
552 1
553 2
554 1
555 1
556 1
557 1
558 1
559 0
560 3
561 1
562 2
563 1
564 2
565 1
566 3
567 1
568 3
569 1
570 3
571 1
572 1
573 2
574 3
575 2
576 3
577 1
578 2
579 3
580 2
581 2
582 2
583 2
584 1
585 2
586 0
587 1
588 1
589 3
590 1
591 1
592 0
593 3
594 1
595 2
596 3
597 0
598 2
599 2
600 1
601 1
602 2
603 3
604 2
605 2
606 3
607 1
608 2
609 1
610 2
611 0
612 2
613 1
614 3
615 0
616 2
617 1
618 2
619 1
620 0
621 1
622 1
623 0
624 1
625 2
626 2
627 2
628 0
629 2
630 2
631 2
632 1
633 2
634 2
635 1
636 2
637 3
638 2
639 2
640 1
641 1
642 1
643 1
644 1
645 2
646 2
647 1
648 1
649 1
650 2
651 3
652 2
653 2
654 2
655 1
656 3
657 2
658 0
659 1
660 2
661 0
662 0
663 2
664 0
665 3
666 1
667 1
668 2
669 2
670 2
671 1
672 1
673 1
674 1
675 2
676 1
677 1
678 1
679 2
680 2
681 1
682 1
683 2
684 0
685 2
686 0
687 1
688 1
689 1
690 2
691 1
692 1
693 1
694 1
695 1
696 1
697 1
698 1
699 1
700 1
701 1
702 1
703 1
704 1
705 1
706 1
707 1
708 1
709 1
710 1
711 1
712 1
713 1
714 1
715 1
716 1
717 1
718 1
719 1
720 1
721 1
722 1
723 1
724 1
725 1
726 1
727 1
728 1
729 1
730 1
731 1
732 1
733 1
734 1
735 1
736 1
737 1
738 1
739 1
740 1
741 1
742 1
743 1
744 1
745 1
746 1
747 1
748 1
749 1
750 1
751 1
752 1
753 1
754 1
755 1
756 1
757 1
758 1
759 1
760 1
761 1
762 1
763 3
764 1
765 3
766 3
767 3
768 3
769 3
770 1
771 1
772 0
773 1
774 2
775 3
776 1
777 1
778 1
779 1
780 1
781 1
782 2
783 2
784 1
785 0
786 0
787 0
788 1
789 1
790 1
791 0
792 2
793 2
794 3
795 1
796 1
797 2
798 0
799 0
800 1
801 1
802 1
803 1
804 3
805 0
806 1
807 1
808 2
809 3
810 0
811 1
812 3
813 1
814 1
815 0
816 3
817 2
818 2
819 1
820 2
821 0
822 2
823 3
824 2
825 0
826 1
827 1
828 2
829 2
830 0
831 3
832 1
833 0
834 2
835 3
836 0
837 2
838 2
839 1
840 2
841 2
842 2
843 2
844 0
845 0
846 1
847 2
848 3
849 2
850 1
851 1
852 0
853 2
854 0
855 2
856 1
857 3
858 2
859 3
860 2
861 1
862 2
863 3
864 1
865 2
866 0
867 1
868 2
869 1
870 2
871 1
872 1
873 2
874 2
875 2
876 1
877 1
878 1
879 1
880 1
881 3
882 2
883 2
884 2
885 1
886 2
887 3
888 0
889 2
890 0
891 2
892 2
893 1
894 1
895 2
896 2
897 1
898 0
899 3
900 1
901 2
902 1
903 3
904 0
905 1
906 0
907 2
908 1
909 1
910 2
911 2
912 2
913 2
914 2
915 1
916 2
917 2
918 2
919 2
920 1
921 2
922 3
923 2
924 2
925 0
926 0
927 2
928 2
929 1
930 0
931 1
932 1
933 1
934 2
935 1
936 2
937 1
938 1
939 2
940 0
941 2
942 1
943 0
944 3
945 3
946 1
947 1
948 2
949 3
950 1
951 1
952 2
953 0
954 3
955 3
956 0
957 3
958 3
959 3
960 3
961 3
962 3
963 2
964 1
965 2
966 1
967 1
968 3
969 1
970 1
971 2
972 0
973 1
974 2
975 1
976 2
977 1
978 1
979 2
980 2
981 2
982 2
983 3
984 0
985 1
986 1
987 3
988 3
989 2
990 2
991 3
992 1
993 1
994 3
995 2
996 2
997 1
998 3
999 1
1000 2
1001 0
1002 1
1003 1
1004 3
1005 0
1006 2
1007 2
1008 1
1009 3
1010 3
1011 1
1012 2
1013 2
1014 1
1015 2
1016 2
1017 2
1018 2
1019 1
1020 1
1021 1
1022 0
1023 0
1024 3
1025 1
1026 2
1027 1
1028 2
1029 1
1030 0
1031 3
1032 2
1033 2
1034 0
1035 1
1036 1
1037 1
1038 1
1039 1
1040 0
1041 3
1042 1
1043 1
1044 2
1045 1
1046 1
1047 1
1048 2
1049 2
1050 1
1051 2
1052 1
1053 3
1054 1
1055 0
1056 1
1057 1
1058 0
1059 0
1060 0
1061 0
1062 0
1063 1
1064 1
1065 2
1066 1
1067 0
1068 3
1069 1
1070 1
1071 3
1072 3
1073 2
1074 1
1075 2
1076 3
1077 1
1078 1
1079 3
1080 2
1081 1
1082 2
1083 3
1084 0
1085 2
1086 2
1087 1
1088 2
1089 2
1090 2
1091 2
1092 1
1093 1
1094 1
1095 2
1096 1
1097 1
1098 1
1099 0
1100 2
1101 1
1102 2
1103 1
1104 2
1105 2
1106 1
1107 1
1108 1
1109 1
1110 2
1111 3
1112 1
1113 2
1114 2
1115 2
1116 3
1117 0
1118 2
1119 3
1120 1
1121 1
1122 3
1123 3
1124 1
1125 2
1126 1
1127 2
1128 1
1129 2
1130 2
1131 2
1132 3
1133 2
1134 2
1135 0
1136 0
1137 2
1138 2
1139 2
1140 2
1141 1
1142 2
1143 2
1144 1
1145 2
1146 0
1147 0
1148 1
1149 1
1150 1
1151 3
1152 1
1153 2
1154 2
1155 0
1156 1
1157 0
1158 2
1159 2
1160 2
1161 2
1162 0
1163 2
1164 1
1165 2
1166 2
1167 1
1168 2
1169 1
1170 2
1171 2
1172 2
1173 1
1174 2
1175 1
1176 1
1177 3
1178 1
1179 3
1180 2
1181 1
1182 0
1183 1
1184 1
1185 3
1186 1
1187 0
1188 3
1189 3
1190 2
1191 0
1192 2
1193 2
1194 1
1195 2
1196 2
1197 2
1198 1
1199 3
1200 1
1201 3
1202 1
1203 2
1204 3
1205 2
1206 2
1207 0
1208 0
1209 0
1210 0
1211 1
1212 2
1213 2
1214 1
1215 2
1216 1
1217 2
1218 1
1219 1
1220 2
1221 1
1222 1
1223 2
1224 1
1225 1
1226 0
1227 1
1228 1
1229 2
1230 3
1231 2
1232 1
1233 2
1234 1
1235 2
1236 1
1237 2
1238 2
1239 2
1240 0
1241 1
1242 0
1243 0
1244 0
1245 1
1246 0
1247 2
1248 3
1249 1
1250 1
1251 1
1252 3
1253 0
1254 3
1255 3
1256 2
1257 1
1258 2
1259 2
1260 1
1261 1
1262 1
1263 1
1264 2
1265 1
1266 0
1267 2
1268 1
1269 3
1270 3
1271 3
1272 3
1273 3
1274 1
1275 0
1276 1
1277 3
1278 1
1279 2
1280 2
1281 1
1282 0
1283 1
1284 1
1285 1
1286 2
1287 1
1288 2
1289 1
1290 3
1291 1
1292 2
1293 2
1294 0
1295 1
1296 2
1297 2
1298 1
1299 2
1300 1
1301 2
1302 1
1303 2
1304 1
1305 3
1306 2
1307 2
1308 1
1309 3
1310 3
1311 0
1312 0
1313 1
1314 2
1315 0
1316 1
1317 1
1318 0
1319 1
1320 3
1321 3
1322 2
1323 1
1324 1
1325 3
1326 3
1327 2
1328 1
1329 1
1330 1
1331 2
1332 1
1333 1
1334 1
1335 1
1336 1
1337 2
1338 2
1339 1
1340 0
1341 1
1342 0
1343 1
1344 1
1345 2
1346 2
1347 1
1348 1
1349 0
1350 1
1351 2
1352 1
1353 1
1354 2
1355 1
1356 0
1357 0
1358 1
1359 3
1360 2
1361 2
1362 2
1363 2
1364 2
1365 0
1366 2
1367 0
1368 2
1369 2
1370 3
1371 1
1372 2
1373 1
1374 1
1375 2
1376 3
1377 2
1378 1
1379 1
1380 3
1381 2
1382 3
1383 1
1384 1
1385 2
1386 2
1387 2
1388 1
1389 2
1390 1
1391 1
1392 0
1393 1
1394 0
1395 1
1396 1
1397 1
1398 1
1399 1
1400 1
1401 2
1402 3
1403 1
1404 1
1405 1
1406 3
1407 2
1408 1
1409 0
1410 1
1411 1
1412 3
1413 0
1414 0
1415 2
1416 2
1417 1
1418 2
1419 3
1420 2
1421 2
1422 1
1423 1
1424 0
1425 0
1426 2
1427 3
1428 1
1429 2
1430 1
1431 1
1432 1
1433 2
1434 2
1435 2
1436 2
1437 1
1438 1
1439 3
1440 3
1441 2
1442 1
1443 2
1444 1
1445 2
1446 1
1447 0
1448 1
1449 0
1450 1
1451 3
1452 0
1453 2
1454 2
1455 0
1456 1
1457 1
1458 1
1459 0
1460 1
1461 1
1462 1
1463 1
1464 1
1465 3
1466 1
1467 2
1468 2
1469 2
1470 3
1471 1
1472 1
1473 1
1474 3
1475 1
1476 3
1477 1
1478 1
1479 1
1480 2
1481 1
1482 0
1483 1
1484 2
1485 3
1486 3
1487 0
1488 0
1489 0
1490 2
1491 2
1492 1
1493 1
1494 1
1495 3
1496 1
1497 1
1498 1
1499 1
1500 2
1501 1
1502 1
1503 1
1504 1
1505 1
1506 1
1507 2
1508 1
1509 1
1510 2
1511 2
1512 2
1513 1
1514 0
1515 1
1516 1
1517 3
1518 3
1519 3
1520 3
1521 3
1522 0
1523 0
1524 0
1525 2
1526 3
1527 2
1528 1
1529 1
1530 2
1531 2
1532 3
1533 0
1534 3
1535 0
1536 2
1537 0
1538 1
1539 1
1540 0
1541 1
1542 2
1543 3
1544 2
1545 1
1546 1
1547 1
1548 2
1549 1
1550 2
1551 0
1552 3
1553 1
1554 1
1555 1
1556 1
1557 2
1558 2
1559 1
1560 2
1561 2
1562 2
1563 0
1564 2
1565 2
1566 0
1567 1
1568 1
1569 2
1570 2
1571 3
1572 1
1573 2
1574 1
1575 1
1576 2
1577 2
1578 1
1579 0
1580 2
1581 0
1582 2
1583 0
1584 3
1585 0
1586 1
1587 2
1588 2
1589 3
1590 0
1591 3
1592 1
1593 1
1594 1
1595 3
1596 3
1597 1
1598 2
1599 2
1600 2
1601 2
1602 3
1603 2
1604 2
1605 1
1606 1
1607 1
1608 2
1609 1
1610 1
1611 1
1612 1
1613 3
1614 1
1615 1
1616 1
1617 2
1618 1
1619 3
1620 1
1621 1
1622 0
1623 0
1624 2
1625 1
1626 2
1627 0
1628 2
1629 0
1630 2
1631 2
1632 3
1633 1
1634 1
1635 3
1636 1
1637 1
1638 3
1639 1
1640 1
1641 2
1642 1
1643 1
1644 1
1645 1
1646 1
1647 2
1648 1
1649 1
1650 2
1651 3
1652 2
1653 3
1654 3
1655 3
1656 1
1657 0
1658 1
1659 1
1660 3
1661 1
1662 1
1663 1
1664 2
1665 2
1666 1
1667 1
1668 1
1669 2
1670 2
1671 0
1672 2
1673 1
1674 2
1675 3
1676 1
1677 1
1678 0
1679 3
1680 2
1681 1
1682 2
1683 2
1684 0
1685 3
1686 1
1687 1
1688 1
1689 1
1690 1
1691 1
1692 1
1693 1
1694 1
1695 1
1696 1
1697 1
1698 0
1699 3
1700 1
1701 1
1702 1
1703 1
1704 1
1705 1
1706 1
1707 2
1708 1
1709 2
1710 2
1711 2
1712 1
1713 2
1714 1
1715 1
1716 3
1717 1
1718 0
1719 3
1720 2
1721 1
1722 3
1723 2
1724 2
1725 1
1726 2
1727 3
1728 0
1729 1
1730 1
1731 1
1732 2
1733 2
1734 2
1735 2
1736 2
1737 1
1738 2
1739 2
1740 2
1741 1
1742 3
1743 0
1744 3
1745 1
1746 1
1747 2
1748 3
1749 1
1750 1
1751 3
1752 2
1753 2
1754 1
1755 1
1756 1
1757 2
1758 1
1759 3
1760 1
1761 2
1762 1
1763 1
1764 2
1765 2
1766 1
1767 1
1768 3
1769 3
1770 2
1771 0
1772 1
1773 3
1774 3
1775 1
1776 1
1777 1
1778 3
1779 3
1780 2
1781 2
1782 1
1783 1
1784 3
1785 1
1786 2
1787 2
1788 3
1789 3
1790 0
1791 2
1792 1
1793 2
1794 3
1795 1
1796 1
1797 3
1798 3
1799 3
1800 3
1801 1
1802 2
1803 2
1804 2
1805 1
1806 1
1807 2
1808 3
1809 0
1810 1
1811 0
1812 2
1813 2
1814 0
1815 0
1816 3
1817 0
1818 3
1819 1
1820 0
1821 2
1822 2
1823 1
1824 1
1825 2
1826 3
1827 1
1828 1
1829 1
1830 2
1831 1
1832 0
1833 2
1834 3
1835 3
1836 2
1837 0
1838 0
1839 0
1840 0
1841 1
1842 0
1843 3
1844 2
1845 2
1846 2
1847 1
1848 1
1849 0
1850 1
1851 3
1852 1
1853 0
1854 2
1855 2
1856 2
1857 1
1858 3
1859 2
1860 1
1861 1
1862 1
1863 3
1864 1
1865 2
1866 1
1867 1
1868 2
1869 3
1870 2
1871 0
1872 0
1873 2
1874 2
1875 1
1876 2
1877 1
1878 2
1879 2
1880 1
1881 2
1882 1
1883 3
1884 2
1885 2
1886 1
1887 1
1888 2
1889 1
1890 3
1891 1
1892 0
1893 2
1894 1
1895 2
1896 0
1897 2
1898 1
1899 2
1900 2
1901 2
1902 2
1903 2
1904 2
1905 1
1906 2
1907 3
1908 2
1909 2
1910 1
1911 1
1912 3
1913 1
1914 2
1915 1
1916 0
1917 2
1918 1
1919 3
1920 2
1921 1
1922 2
1923 0
1924 2
1925 0
1926 2
1927 1
1928 2
1929 1
1930 1
1931 2
1932 0
1933 3
1934 2
1935 2
1936 2
1937 2
1938 1
1939 3
1940 2
1941 2
1942 1
1943 0
1944 2
1945 0
1946 2
1947 2
1948 1
1949 2
1950 2
1951 1
1952 2
1953 1
1954 1
1955 2
1956 1
1957 1
1958 1
1959 3
1960 2
1961 2
1962 1
1963 2
1964 1
1965 2
1966 2
1967 2
1968 1
1969 1
1970 2
1971 1
1972 0
1973 3
1974 2
1975 1
1976 2
1977 1
1978 1
1979 2
1980 1
1981 1
1982 1
1983 0
1984 2
1985 1
1986 1
1987 0
1988 1
1989 1
1990 2
1991 2
1992 3
1993 1
1994 1
1995 2
1996 2
1997 0
1998 1
1999 2
2000 2
2001 1
2002 2
2003 1
2004 1
2005 2
2006 1
2007 1
2008 1
2009 1
2010 3
2011 1
2012 1
2013 3
2014 2
2015 3
2016 2
2017 2
2018 0
2019 0
2020 0
2021 3
2022 1
2023 1
2024 2
2025 1
2026 1
2027 2
2028 1
2029 1
2030 1
2031 3
2032 2
2033 3
2034 3
2035 2
2036 1
2037 3
2038 3
2039 2
2040 1
2041 1
2042 1
2043 2
2044 1
2045 1
2046 2
2047 1
2048 1
2049 2
2050 1
2051 0
2052 2
2053 3
2054 1
2055 1
2056 2
2057 1
2058 2
2059 1
2060 2
2061 1
2062 0
2063 1
2064 2
2065 1
2066 3
2067 1
2068 1
2069 1
2070 2
2071 1
2072 0
2073 3
2074 1
2075 2
2076 0
2077 1
2078 2
2079 3
2080 0
2081 1
2082 2
2083 1
2084 1
2085 0
2086 1
2087 1
2088 2
2089 1
2090 2
2091 3
2092 0
2093 2
2094 3
2095 3
2096 3
2097 2
2098 0
2099 1
2100 2
2101 1
2102 2
2103 2
2104 2
2105 2
2106 1
2107 1
2108 1
2109 1
2110 1
2111 3
2112 1
2113 0
2114 0
2115 1
2116 0
2117 2
2118 1
2119 1
2120 0
2121 1
2122 1
2123 0
2124 0
2125 1
2126 1
2127 0
2128 2
2129 2
2130 2
2131 0
2132 2
2133 2
2134 2
2135 0
2136 1
2137 1
2138 1
2139 0
2140 1
2141 2
2142 1
2143 3
2144 3
2145 1
2146 2
2147 2
2148 1
2149 2
2150 2
2151 2
2152 2
2153 3
2154 0
2155 0
2156 1
2157 1
2158 2
2159 2
2160 1
2161 2
2162 1
2163 2
2164 3
2165 1
2166 1
2167 2
2168 1
2169 0
2170 2
2171 1
2172 2
2173 3
2174 3
2175 1
2176 2
2177 2
2178 0
2179 2
2180 2
2181 1
2182 3
2183 3
2184 1
2185 2
2186 1
2187 1
2188 2
2189 1
2190 3
2191 3
2192 2
2193 1
2194 1
2195 1
2196 0
2197 0
2198 3
2199 1
2200 2
2201 3
2202 3
2203 3
2204 2
2205 2
2206 2
2207 1
2208 1
2209 2
2210 3
2211 1
2212 3
2213 3
2214 3
2215 1
2216 3
2217 2
2218 0
2219 1
2220 0
2221 3
2222 1
2223 1
2224 2
2225 3
2226 3
2227 3
2228 1
2229 2
2230 1
2231 1
2232 3
2233 2
2234 3
2235 1
2236 2
2237 1
2238 2
2239 3
2240 2
2241 2
2242 2
2243 1
2244 3
2245 2
2246 2
2247 1
2248 1
2249 1
2250 0
2251 2
2252 1
2253 2
2254 3
2255 1
2256 1
2257 1
2258 0
2259 2
2260 1
2261 1
2262 1
2263 2
2264 0
2265 3
2266 1
2267 2
2268 1
2269 3
2270 2
2271 1
2272 0
2273 1
2274 2
2275 1
2276 3
2277 3
2278 1
2279 3
2280 3
2281 1
2282 2
2283 1
2284 3
2285 2
2286 1
2287 1
2288 1
2289 2
2290 2
2291 1
2292 1
2293 3
2294 3
2295 1
2296 1
2297 1
2298 1
2299 2
2300 0
2301 1
2302 1
2303 1
2304 1
2305 1
2306 1
2307 1
2308 2
2309 0
2310 0
2311 2
2312 3
2313 2
2314 2
2315 1
2316 2
2317 2
2318 3
2319 1
2320 3
2321 1
2322 1
2323 1
2324 0
2325 2
2326 2
2327 1
2328 1
2329 1
2330 1
2331 1
2332 1
2333 1
2334 1
2335 1
2336 2
2337 1
2338 0
2339 0
2340 3
2341 0
2342 0
2343 0
2344 2
2345 3
2346 0
2347 2
2348 2
2349 2
2350 1
2351 3
2352 1
2353 3
2354 1
2355 0
2356 2
2357 1
2358 2
2359 3
2360 3
2361 3
2362 2
2363 2
2364 1
2365 1
2366 1
2367 3
2368 1
2369 2
2370 1
2371 1
2372 1
2373 2
2374 2
2375 0
2376 1
2377 1
2378 1
2379 1
2380 2
2381 1
2382 0
2383 1
2384 3
2385 0
2386 3
2387 3
2388 1
2389 1
2390 2
2391 2
2392 2
2393 1
2394 1
2395 3
2396 1
2397 2
2398 3
2399 2
2400 2
2401 1
2402 1
2403 1
2404 3
2405 2
2406 3
2407 3
2408 1
2409 1
2410 2
2411 1
2412 1
2413 2
2414 1
2415 0
2416 2
2417 3
2418 2
2419 2
2420 1
2421 3
2422 2
2423 1
2424 3
2425 2
2426 1
2427 1
2428 2
2429 1
2430 1
2431 1
2432 1
2433 1
2434 0
2435 2
2436 2
2437 0
2438 1
2439 1
2440 1
2441 2
2442 3
2443 2
2444 1
2445 3
2446 2
2447 1
2448 2
2449 1
2450 0
2451 3
2452 3
2453 1
2454 2
2455 1
2456 2
2457 1
2458 2
2459 1
2460 1
2461 2
2462 0
2463 1
2464 0
2465 2
2466 3
2467 0
2468 3
2469 3
2470 3
2471 3
2472 3
2473 3
2474 1
2475 2
2476 0
2477 3
2478 2
2479 2
2480 1
2481 2
2482 2
2483 2
2484 2
2485 2
2486 1
2487 3
2488 3
2489 1
2490 2
2491 2
2492 3
2493 2
2494 2
2495 1
2496 1
2497 1
2498 1
2499 2
2500 1
2501 3
2502 2
2503 1
2504 3
2505 2
2506 2
2507 3
2508 1
2509 1
2510 2
2511 1
2512 1
2513 2
2514 1
2515 1
2516 0
2517 1
2518 2
2519 1
2520 2
2521 2
2522 1
2523 2
2524 3
2525 1
2526 1
2527 3
2528 3
2529 1
2530 0
2531 2
2532 2
2533 1
2534 3
2535 0
2536 1
2537 2
2538 2
2539 0
2540 2
2541 1
2542 1
2543 1
2544 2
2545 0
2546 2
2547 2
2548 1
2549 2
2550 0
2551 1
2552 2
2553 1
2554 1
2555 2
2556 0
2557 1
2558 1
2559 2
2560 3
2561 2
2562 1
2563 3
2564 0
2565 0
2566 1
2567 2
2568 3
2569 2
2570 0
2571 1
2572 2
2573 2
2574 2
2575 2
2576 0
2577 1
2578 1
2579 1
2580 1
2581 3
2582 0
2583 3
2584 2
2585 1
2586 2
2587 2
2588 3
2589 2
2590 2
2591 2
2592 1
2593 2
2594 2
2595 1
2596 2
2597 0
2598 2
2599 2
2600 0
2601 1
2602 2
2603 1
2604 3
2605 3
2606 1
2607 1
2608 1
2609 0
2610 1
2611 2
2612 0
2613 1
2614 2
2615 3
2616 1
2617 3
2618 0
2619 1
2620 1
2621 2
2622 1
2623 1
2624 1
2625 1
2626 1
2627 2
2628 2
2629 2
2630 1
2631 2
2632 2
2633 2
2634 3
2635 1
2636 2
2637 1
2638 3
2639 0
2640 1
2641 0
2642 3
2643 3
2644 2
2645 2
2646 2
2647 2
2648 2
2649 1
2650 1
2651 3
2652 2
2653 1
2654 2
2655 3
2656 0
2657 1
2658 1
2659 2
2660 1
2661 2
2662 2
2663 3
2664 2
2665 1
2666 0
2667 1
2668 2
2669 0
2670 1
2671 2
2672 2
2673 2
2674 2
2675 1
2676 2
2677 1
2678 3
2679 1
2680 1
2681 2
2682 1
2683 0
2684 2
2685 3
2686 0
2687 3
2688 0
2689 2
2690 2
2691 0
2692 3
2693 1
2694 1
2695 3
2696 1
2697 1
2698 2
2699 1
2700 2
2701 1
2702 0
2703 2
2704 1
2705 2
2706 3
2707 1
2708 1
2709 1
2710 3
2711 3
2712 1
2713 1
2714 3
2715 1
2716 2
2717 1
2718 3
2719 3
2720 3
2721 3
2722 3
2723 2
2724 3
2725 2
2726 3
2727 3
2728 2
2729 3
2730 2
2731 3
2732 2
2733 2
2734 3
2735 3
2736 3
2737 3
2738 3
2739 2
2740 2
2741 1
2742 2
2743 2
2744 2
2745 2
2746 2
2747 3
2748 3
2749 3
2750 3
2751 2
2752 0
2753 1
2754 1
2755 3
2756 0
2757 2
2758 0
2759 2
2760 2
2761 2
2762 2
2763 2
2764 2
2765 0
2766 2
2767 2
2768 0
2769 2
2770 2
2771 2
2772 2
2773 2
2774 2
2775 0
2776 2
2777 2
2778 0
2779 2
2780 2
2781 2
2782 0
2783 2
2784 2
2785 2
2786 2
2787 3
2788 2
2789 2
2790 3
2791 2
2792 3
2793 2
2794 2
2795 2
2796 1
2797 0
2798 3
2799 1
2800 1
2801 1
2802 3
2803 3
2804 1
2805 2
2806 1
2807 2
2808 2
2809 1
2810 1
2811 2
2812 2
2813 3
2814 1
2815 3
2816 1
2817 1
2818 2
2819 3
2820 2
2821 2
2822 1
2823 1
2824 1
2825 1
2826 2
2827 2
2828 3
2829 1
2830 1
2831 1
2832 2
2833 3
2834 2
2835 0
2836 2
2837 2
2838 1
2839 1
2840 2
2841 1
2842 2
2843 1
2844 2
2845 3
2846 1
2847 2
2848 0
2849 2
2850 2
2851 3
2852 2
2853 1
2854 2
2855 2
2856 3
2857 2
2858 2
2859 1
2860 2
2861 3
2862 1
2863 2
2864 1
2865 3
2866 3
2867 2
2868 2
2869 1
2870 3
2871 2
2872 3
2873 1
2874 3
2875 2
2876 0
2877 2
2878 2
2879 2
2880 2
2881 2
2882 1
2883 2
2884 1
2885 0
2886 3
2887 1
2888 3
2889 1
2890 1
2891 3
2892 1
2893 1
2894 0
2895 2
2896 0
2897 2
2898 0
2899 2
2900 0
2901 2
2902 0
2903 3
2904 3
2905 3
2906 3
2907 2
2908 3
2909 3
2910 3
2911 2
2912 1
2913 1
2914 3
2915 2
2916 0
2917 2
2918 2
2919 1
2920 2
2921 1
2922 2
2923 3
2924 3
2925 1
2926 2
2927 2
2928 1
2929 1
2930 3
2931 0
2932 1
2933 2
2934 2
2935 2
2936 2
2937 1
2938 2
2939 2
2940 2
2941 1
2942 2
2943 3
2944 1
2945 1
2946 1
2947 2
2948 1
2949 0
2950 1
2951 1
2952 1
2953 1
2954 0
2955 2
2956 2
2957 0
2958 2
2959 2
2960 2
2961 1
2962 3
2963 2
2964 3
2965 2
2966 3
2967 2
2968 1
2969 1
2970 1
2971 0
2972 0
2973 2
2974 1
2975 1
2976 1
2977 2
2978 0
2979 1
2980 2
2981 2
2982 3
2983 1
2984 1
2985 0
2986 1
2987 2
2988 0
2989 1
2990 1
2991 1
2992 1
2993 1
2994 0
2995 1
2996 2
2997 3
2998 3
2999 2
3000 0
3001 2
3002 1
3003 2
3004 2
3005 3
3006 3
3007 1
3008 2
3009 2
3010 1
3011 0
3012 1
3013 2
3014 2
3015 2
3016 0
3017 0
3018 2
3019 2
3020 1
3021 2
3022 2
3023 1
3024 2
3025 0
3026 1
3027 2
3028 0
3029 2
3030 2
3031 0
3032 1
3033 0
3034 1
3035 0
3036 1
3037 2
3038 1
3039 2
3040 1
3041 1
3042 0
3043 1
3044 3
3045 2
3046 2
3047 2
3048 3
3049 1
3050 2
3051 1
3052 2
3053 3
3054 1
3055 2
3056 0
3057 0
3058 2
3059 1
3060 2
3061 2
3062 1
3063 3
3064 2
3065 3
3066 0
3067 2
3068 2
3069 2
3070 1
3071 1
3072 1
3073 2
3074 3
3075 1
3076 3
3077 2
3078 1
3079 1
3080 1
3081 1
3082 3
3083 2
3084 1
3085 1
3086 3
3087 2
3088 1
3089 2
3090 2
3091 2
3092 3
3093 1
3094 0
3095 3
3096 2
3097 1
3098 2
3099 2
3100 2
3101 0
3102 2
3103 0
3104 3
3105 1
3106 0
3107 1
3108 3
3109 2
3110 3
3111 2
3112 1
3113 1
3114 0
3115 1
3116 1
3117 1
3118 1
3119 2
3120 2
3121 2
3122 2
3123 1
3124 0
3125 1
3126 3
3127 2
3128 3
3129 1
3130 2
3131 1
3132 2
3133 2
3134 2
3135 3
3136 2
3137 1
3138 2
3139 2
3140 1
3141 1
3142 1
3143 1
3144 1
3145 0
3146 2
3147 1
3148 0
3149 0
3150 1
3151 1
3152 2
3153 1
3154 2
3155 1
3156 2
3157 3
3158 1
3159 1
3160 0
3161 1
3162 1
3163 1
3164 2
3165 3
3166 2
3167 3
3168 1
3169 1
3170 1
3171 2
3172 1
3173 2
3174 1
3175 1
3176 3
3177 1
3178 1
3179 1
3180 1
3181 1
3182 1
3183 2
3184 1
3185 3
3186 2
3187 2
3188 2
3189 3
3190 1
3191 2
3192 3
3193 3
3194 3
3195 2
3196 1
3197 2
3198 1
3199 3
3200 1
3201 0
3202 2
3203 1
3204 1
3205 1
3206 2
3207 1
3208 1
3209 2
3210 0
3211 2
3212 3
3213 3
3214 0
3215 1
3216 2
3217 0
3218 1
3219 3
3220 1
3221 1
3222 3
3223 1
3224 1
3225 0
3226 1
3227 1
3228 1
3229 3
3230 1
3231 2
3232 2
3233 2
3234 2
3235 0
3236 1
3237 1
3238 1
3239 2
3240 3
3241 1
3242 2
3243 2
3244 2
3245 1
3246 3
3247 3
3248 2
3249 1
3250 1
3251 1
3252 2
3253 2
3254 0
3255 1
3256 0
3257 1
3258 1
3259 3
3260 2
3261 2
3262 2
3263 0
3264 1
3265 1
3266 3
3267 1
3268 1
3269 3
3270 1
3271 1
3272 2
3273 2
3274 1
3275 2
3276 1
3277 3
3278 3
3279 2
3280 1
3281 0
3282 0
3283 1
3284 2
3285 2
3286 2
3287 1
3288 0
3289 0
3290 1
3291 1
3292 1
3293 2
3294 1
3295 1
3296 2
3297 0
3298 2
3299 2
3300 2
3301 2
3302 2
3303 1
3304 1
3305 1
3306 2
3307 1
3308 1
3309 2
3310 2
3311 2
3312 0
3313 2
3314 2
3315 0
3316 3
3317 0
3318 2
3319 3
3320 1
3321 0
3322 2
3323 2
3324 1
3325 1
3326 1
3327 2
3328 1
3329 3
3330 3
3331 2
3332 1
3333 1
3334 1
3335 3
3336 1
3337 3
3338 2
3339 2
3340 3
3341 2
3342 1
3343 1
3344 1
3345 3
3346 3
3347 3
3348 1
3349 0
3350 3
3351 1
3352 1
3353 1
3354 1
3355 1
3356 1
3357 1
3358 2
3359 2
3360 1
3361 0
3362 2
3363 2
3364 2
3365 0
3366 2
3367 1
3368 2
3369 2
3370 1
3371 2
3372 2
3373 2
3374 1
3375 0
3376 1
3377 2
3378 2
3379 2
3380 1
3381 2
3382 2
3383 0
3384 1
3385 1
3386 3
3387 2
3388 1
3389 2
3390 2
3391 1
3392 2
3393 3
3394 3
3395 1
3396 2
3397 0
3398 2
3399 0
3400 3
3401 2
3402 1
3403 2
3404 1
3405 3
3406 1
3407 3
3408 3
3409 3
3410 3
3411 3
3412 1
3413 1
3414 2
3415 2
3416 2
3417 1
3418 2
3419 1
3420 1
3421 2
3422 3
3423 2
3424 2
3425 2
3426 2
3427 2
3428 0
3429 1
3430 3
3431 1
3432 1
3433 1
3434 0
3435 3
3436 0
3437 2
3438 1
3439 1
3440 0
3441 2
3442 2
3443 3
3444 0
3445 1
3446 1
3447 1
3448 1
3449 3
3450 0
3451 1
3452 1
3453 1
3454 1
3455 1
3456 1
3457 1
3458 1
3459 1
3460 1
3461 1
3462 1
3463 1
3464 1
3465 1
3466 1
3467 1
3468 1
3469 1
3470 0
3471 2
3472 0
3473 1
3474 2
3475 1
3476 3
3477 1
3478 1
3479 3
3480 0
3481 3
3482 3
3483 2
3484 2
3485 2
3486 2
3487 2
3488 2
3489 2
3490 2
3491 3
3492 2
3493 0
3494 3
3495 3
3496 2
3497 3
3498 2
3499 3
3500 1
3501 0
3502 2
3503 1
3504 1
3505 3
3506 0
3507 1
3508 1
3509 2
3510 3
3511 2
3512 2
3513 2
3514 2
3515 1
3516 0
3517 2
3518 2
3519 2
3520 1
3521 3
3522 1
3523 1
3524 1
3525 3
3526 3
3527 1
3528 1
3529 0
3530 1
3531 0
3532 2
3533 3
3534 0
3535 0
3536 1
3537 2
3538 1
3539 2
3540 3
3541 2
3542 2
3543 1
3544 1
3545 0
3546 1
3547 2
3548 1
3549 1
3550 1
3551 0
3552 0
3553 2
3554 2
3555 1
3556 2
3557 3
3558 2
3559 1
3560 1
3561 1
3562 2
3563 1
3564 0
3565 1
3566 3
3567 0
3568 2
3569 1
3570 1
3571 1
3572 2
3573 0
3574 0
3575 1
3576 0
3577 1
3578 1
3579 1
3580 1
3581 2
3582 2
3583 2
3584 2
3585 2
3586 0
3587 2
3588 1
3589 3
3590 1
3591 2
3592 2
3593 2
3594 1
3595 1
3596 1
3597 1
3598 2
3599 1
3600 1
3601 1
3602 2
3603 1
3604 3
3605 1
3606 1
3607 0
3608 2
3609 2
3610 1
3611 1
3612 1
3613 1
3614 1
3615 1
3616 3
3617 0
3618 1
3619 2
3620 2
3621 2
3622 0
3623 0
3624 3
3625 2
3626 1
3627 3
3628 3
3629 2
3630 1
3631 3
3632 2
3633 3
3634 3
3635 1
3636 1
3637 1
3638 1
3639 1
3640 0
3641 1
3642 3
3643 0
3644 2
3645 3
3646 3
3647 0
3648 3
3649 1
3650 1
3651 2
3652 2
3653 3
3654 1
3655 1
3656 3
3657 2
3658 1
3659 2
3660 3
3661 1
3662 2
3663 0
3664 3
3665 1
3666 1
3667 1
3668 1
3669 0
3670 2
3671 2
3672 1
3673 1
3674 1
3675 1
3676 0
3677 1
3678 1
3679 2
3680 2
3681 3
3682 1
3683 2
3684 1
3685 2
3686 2
3687 0
3688 1
3689 1
3690 3
3691 1
3692 2
3693 3
3694 0
3695 3
3696 0
3697 3
3698 2
3699 1
3700 2
3701 2
3702 2
3703 3
3704 1
3705 0
3706 1
3707 2
3708 0
3709 2
3710 3
3711 1
3712 1
3713 1
3714 1
3715 1
3716 1
3717 1
3718 1
3719 1
3720 1
3721 1
3722 1
3723 1
3724 1
3725 1
3726 1
3727 1
3728 1
3729 1
3730 1
3731 1
3732 1
3733 1
3734 1
3735 1
3736 1
3737 1
3738 1
3739 1
3740 1
3741 1
3742 1
3743 1
3744 1
3745 1
3746 1
3747 1
3748 0
3749 1
3750 2
3751 1
3752 1
3753 1
3754 1
3755 1
3756 1
3757 1
3758 1
3759 1
3760 1
3761 3
3762 1
3763 1
3764 1
3765 1
3766 1
3767 1
3768 1
3769 1
3770 1
3771 1
3772 1
3773 1
3774 1
3775 1
3776 1
3777 1
3778 3
3779 2
3780 0
3781 1
3782 1
3783 1
3784 1
3785 1
3786 1
3787 1
3788 1
3789 1
3790 1
3791 1
3792 1
3793 1
3794 1
3795 1
3796 1
3797 1
3798 1
3799 1
3800 1
3801 0
3802 1
3803 0
3804 0
3805 2
3806 1
3807 3
3808 1
3809 1
3810 1
3811 1
3812 1
3813 1
3814 1
3815 1
3816 1
3817 1
3818 1
3819 1
3820 1
3821 1
3822 1
3823 1
3824 1
3825 1
3826 1
3827 1
3828 1
3829 1
3830 2
3831 2
3832 2
3833 1
3834 0
3835 2
3836 3
3837 1
3838 1
3839 3
3840 2
3841 2
3842 1
3843 0
3844 2
3845 0
3846 2
3847 1
3848 0
3849 1
3850 3
3851 3
3852 1
3853 1
3854 2
3855 1
3856 2
3857 2
3858 3
3859 3
3860 2
3861 2
3862 0
3863 1
3864 1
3865 2
3866 1
3867 1
3868 2
3869 2
3870 1
3871 2
3872 2
3873 3
3874 3
3875 1
3876 0
3877 2
3878 3
3879 0
3880 3
3881 1
3882 1
3883 1
3884 1
3885 2
3886 2
3887 1
3888 3
3889 1
3890 2
3891 1
3892 1
3893 3
3894 1
3895 1
3896 1
3897 2
3898 2
3899 1
3900 2
3901 2
3902 1
3903 1
3904 2
3905 2
3906 3
3907 2
3908 2
3909 1
3910 3
3911 2
3912 0
3913 3
3914 2
3915 0
3916 1
3917 2
3918 2
3919 3
3920 1
3921 2
3922 1
3923 2
3924 1
3925 1
3926 1
3927 2
3928 3
3929 2
3930 2
3931 3
3932 0
3933 1
3934 2
3935 1
3936 2
3937 1
3938 2
3939 1
3940 2
3941 0
3942 3
3943 2
3944 0
3945 0
3946 2
3947 1
3948 1
3949 1
3950 1
3951 2
3952 1
3953 1
3954 0
3955 2
3956 2
3957 1
3958 2
3959 3
3960 2
3961 3
3962 1
3963 0
3964 2
3965 1
3966 0
3967 1
3968 2
3969 1
3970 3
3971 2
3972 1
3973 1
3974 1
3975 2
3976 2
3977 3
3978 3
3979 1
3980 1
3981 1
3982 1
3983 3
3984 2
3985 1
3986 0
3987 1
3988 2
3989 0
3990 2
3991 3
3992 3
3993 2
3994 2
3995 0
3996 2
3997 2
3998 3
3999 1
4000 3
4001 0
4002 1
4003 2
4004 1
4005 1
4006 2
4007 2
4008 1
4009 1
4010 0
4011 1
4012 0
4013 3
4014 2
4015 2
4016 1
4017 2
4018 2
4019 1
4020 1
4021 3
4022 1
4023 1
4024 1
4025 0
4026 1
4027 1
4028 3
4029 3
4030 3
4031 1
4032 3
4033 1
4034 1
4035 1
4036 2
4037 1
4038 2
4039 3
4040 1
4041 1
4042 0
4043 2
4044 3
4045 1
4046 2
4047 0
4048 2
4049 3
4050 1
4051 2
4052 1
4053 3
4054 1
4055 0
4056 1
4057 2
4058 1
4059 1
4060 1
4061 0
4062 0
4063 1
4064 1
4065 3
4066 3
4067 1
4068 2
4069 1
4070 2
4071 1
4072 1
4073 0
4074 2
4075 0
4076 2
4077 1
4078 2
4079 1
4080 1
4081 1
4082 0
4083 1
4084 1
4085 0
4086 2
4087 0
4088 2
4089 0
4090 2
4091 2
4092 1
4093 2
4094 2
4095 1
4096 1
4097 2
4098 2
4099 1
4100 0
4101 1
4102 3
4103 0
4104 3
4105 1
4106 2
4107 1
4108 3
4109 3
4110 3
4111 3
4112 3
4113 3
4114 3
4115 3
4116 3
4117 3
4118 2
4119 2
4120 2
4121 1
4122 0
4123 2
4124 0
4125 2
4126 0
4127 3
4128 2
4129 0
4130 2
4131 2
4132 2
4133 3
4134 3
4135 1
4136 2
4137 2
4138 3
4139 2
4140 1
4141 1
4142 1
4143 1
4144 1
4145 1
4146 1
4147 1
4148 1
4149 1
4150 1
4151 1
4152 1
4153 1
4154 1
4155 1
4156 2
4157 1
4158 2
4159 0
4160 1
4161 3
4162 1
4163 1
4164 3
4165 0
4166 1
4167 0
4168 2
4169 1
4170 3
4171 1
4172 3
4173 2
4174 2
4175 2
4176 1
4177 0
4178 3
4179 2
4180 3
4181 0
4182 1
4183 1
4184 3
4185 1
4186 1
4187 0
4188 3
4189 1
4190 2
4191 2
4192 3
4193 1
4194 1
4195 1
4196 2
4197 2
4198 1
4199 0
4200 3
4201 3
4202 2
4203 3
4204 0
4205 3
4206 2
4207 2
4208 2
4209 2
4210 2
4211 2
4212 2
4213 1
4214 2
4215 0
4216 3
4217 3
4218 2
4219 1
4220 3
4221 1
4222 1
4223 2
4224 0
4225 2
4226 1
4227 3
4228 1
4229 1
4230 1
4231 2
4232 2
4233 2
4234 1
4235 3
4236 2
4237 1
4238 1
4239 1
4240 3
4241 1
4242 2
4243 2
4244 1
4245 3
4246 1
4247 1
4248 2
4249 2
4250 2
4251 1
4252 0
4253 2
4254 2
4255 1
4256 1
4257 0
4258 3
4259 2
4260 1
4261 1
4262 1
4263 2
4264 2
4265 1
4266 1
4267 1
4268 2
4269 2
4270 3
4271 1
4272 1
4273 2
4274 0
4275 1
4276 2
4277 2
4278 1
4279 0
4280 1
4281 1
4282 1
4283 1
4284 1
4285 0
4286 0
4287 1
4288 0
4289 1
4290 1
4291 0
4292 1
4293 3
4294 1
4295 1
4296 1
4297 1
4298 1
4299 1
4300 1
4301 1
4302 0
4303 1
4304 1
4305 1
4306 1
4307 1
4308 1
4309 2
4310 1
4311 2
4312 1
4313 1
4314 1
4315 2
4316 1
4317 2
4318 3
4319 2
4320 1
4321 3
4322 2
4323 1
4324 0
4325 1
4326 1
4327 2
4328 2
4329 3
4330 1
4331 1
4332 3
4333 2
4334 2
4335 1
4336 0
4337 3
4338 1
4339 3
4340 1
4341 1
4342 0
4343 3
4344 0
4345 1
4346 3
4347 1
4348 1
4349 1
4350 0
4351 2
4352 3
4353 0
4354 2
4355 3
4356 0
4357 2
4358 2
4359 2
4360 2
4361 1
4362 3
4363 3
4364 2
4365 3
4366 1
4367 2
4368 1
4369 1
4370 2
4371 2
4372 0
4373 1
4374 1
4375 3
4376 3
4377 3
4378 1
4379 1
4380 2
4381 2
4382 2
4383 0
4384 1
4385 2
4386 1
4387 3
4388 3
4389 1
4390 0
4391 0
4392 2
4393 2
4394 2
4395 1
4396 0
4397 2
4398 3
4399 1
4400 1
4401 0
4402 2
4403 0
4404 2
4405 2
4406 0
4407 1
4408 2
4409 2
4410 1
4411 2
4412 2
4413 1
4414 1
4415 3
4416 0
4417 3
4418 1
4419 1
4420 3
4421 2
4422 2
4423 1
4424 2
4425 1
4426 2
4427 1
4428 1
4429 3
4430 2
4431 2
4432 1
4433 1
4434 2
4435 1
4436 1
4437 2
4438 2
4439 0
4440 3
4441 1
4442 0
4443 2
4444 1
4445 0
4446 1
4447 1
4448 1
4449 3
4450 1
4451 3
4452 2
4453 0
4454 1
4455 1
4456 1
4457 3
4458 1
4459 2
4460 2
4461 1
4462 3
4463 0
4464 0
4465 0
4466 1
4467 1
4468 1
4469 1
4470 1
4471 1
4472 1
4473 2
4474 3
4475 1
4476 1
4477 2
4478 1
4479 3
4480 0
4481 2
4482 1
4483 1
4484 2
4485 1
4486 2
4487 3
4488 2
4489 1
4490 1
4491 2
4492 2
4493 1
4494 1
4495 3
4496 1
4497 0
4498 0
4499 2
4500 3
4501 3
4502 3
4503 3
4504 1
4505 0
4506 0
4507 3
4508 3
4509 2
4510 2
4511 2
4512 1
4513 1
4514 2
4515 2
4516 2
4517 3
4518 2
4519 2
4520 2
4521 2
4522 3
4523 0
4524 2
4525 1
4526 1
4527 1
4528 2
4529 2
4530 1
4531 1
4532 2
4533 1
4534 1
4535 0
4536 0
4537 2
4538 0
4539 1
4540 0
4541 1
4542 2
4543 2
4544 2
4545 2
4546 3
4547 2
4548 2
4549 2
4550 2
4551 2
4552 2
4553 0
4554 2
4555 2
4556 1
4557 0
4558 1
4559 2
4560 1
4561 1
4562 2
4563 1
4564 1
4565 2
4566 3
4567 3
4568 0
4569 2
4570 2
4571 2
4572 2
4573 2
4574 2
4575 2
4576 2
4577 0
4578 2
4579 3
4580 0
4581 2
4582 1
4583 2
4584 2
4585 1
4586 3
4587 3
4588 1
4589 0
4590 0
4591 1
4592 2
4593 2
4594 3
4595 1
4596 2
4597 3
4598 1
4599 1
4600 1
4601 2
4602 1
4603 3
4604 0
4605 3
4606 1
4607 3
4608 1
4609 1
4610 3
4611 0
4612 1
4613 2
4614 1
4615 0
4616 2
4617 2
4618 1
4619 1
4620 2
4621 1
4622 2
4623 1
4624 3
4625 3
4626 3
4627 2
4628 2
4629 0
4630 2
4631 2
4632 2
4633 2
4634 2
4635 0
4636 2
4637 1
4638 2
4639 1
4640 1
4641 3
4642 2
4643 1
4644 3
4645 1
4646 1
4647 1
4648 3
4649 3
4650 2
4651 3
4652 2
4653 2
4654 3
4655 2
4656 2
4657 2
4658 3
4659 2
4660 2
4661 2
4662 0
4663 1
4664 2
4665 1
4666 3
4667 2
4668 1
4669 2
4670 1
4671 2
4672 1
4673 1
4674 2
4675 1
4676 2
4677 0
4678 2
4679 1
4680 1
4681 1
4682 1
4683 0
4684 2
4685 1
4686 2
4687 2
4688 2
4689 1
4690 2
4691 2
4692 3
4693 3
4694 3
4695 1
4696 1
4697 1
4698 0
4699 1
4700 1
4701 2
4702 3
4703 3
4704 2
4705 2
4706 3
4707 1
4708 1
4709 1
4710 3
4711 1
4712 1
4713 3
4714 0
4715 2
4716 1
4717 2
4718 1
4719 0
4720 1
4721 3
4722 2
4723 2
4724 1
4725 3
4726 1
4727 2
4728 3
4729 0
4730 2
4731 2
4732 0
4733 2
4734 3
4735 1
4736 2
4737 0
4738 0
4739 1
4740 2
4741 0
4742 1
4743 3
4744 1
4745 1
4746 1
4747 3
4748 0
4749 1
4750 2
4751 2
4752 1
4753 0
4754 2
4755 2
4756 2
4757 1
4758 1
4759 1
4760 3
4761 1
4762 1
4763 1
4764 1
4765 0
4766 3
4767 0
4768 0
4769 1
4770 2
4771 0
4772 3
4773 2
4774 0
4775 3
4776 1
4777 1
4778 2
4779 2
4780 2
4781 2
4782 1
4783 1
4784 1
4785 1
4786 1
4787 2
4788 2
4789 1
4790 3
4791 2
4792 2
4793 3
4794 1
4795 2
4796 1
4797 3
4798 2
4799 1
4800 1
4801 1
4802 3
4803 1
4804 2
4805 2
4806 1
4807 0
4808 2
4809 3
4810 1
4811 2
4812 1
4813 2
4814 2
4815 0
4816 2
4817 1
4818 2
4819 3
4820 0
4821 0
4822 2
4823 1
4824 1
4825 2
4826 1
4827 0
4828 2
4829 2
4830 1
4831 1
4832 1
4833 1
4834 1
4835 1
4836 1
4837 2
4838 3
4839 0
4840 2
4841 1
4842 3
4843 1
4844 1
4845 1
4846 1
4847 1
4848 2
4849 1
4850 3
4851 3
4852 2
4853 2
4854 1
4855 2
4856 1
4857 0
4858 1
4859 1
4860 2
4861 2
4862 0
4863 2
4864 2
4865 2
4866 3
4867 2
4868 1
4869 2
4870 1
4871 3
4872 2
4873 1
4874 0
4875 2
4876 2
4877 0
4878 1
4879 2
4880 1
4881 3
4882 3
4883 2
4884 3
4885 3
4886 3
4887 3
4888 2
4889 2
4890 2
4891 2
4892 1
4893 1
4894 2
4895 1
4896 2
4897 1
4898 2
4899 2
4900 3
4901 1
4902 2
4903 0
4904 3
4905 2
4906 0
4907 3
4908 3
4909 2
4910 1
4911 3
4912 3
4913 1
4914 2
4915 3
4916 2
4917 1
4918 1
4919 1
4920 1
4921 2
4922 1
4923 0
4924 1
4925 2
4926 1
4927 2
4928 2
4929 0
4930 2
4931 3
4932 2
4933 2
4934 1
4935 1
4936 1
4937 1
4938 2
4939 0
4940 3
4941 2
4942 2
4943 2
4944 1
4945 3
4946 1
4947 1
4948 1
4949 2
4950 0
4951 3
4952 0
4953 1
4954 1
4955 1
4956 0
4957 2
4958 3
4959 1
4960 3
4961 3
4962 1
4963 1
4964 2
4965 0
4966 2
4967 1
4968 2
4969 0
4970 2
4971 3
4972 3
4973 2
4974 3
4975 3
4976 2
4977 2
4978 2
4979 3
4980 2
4981 2
4982 0
4983 1
4984 2
4985 1
4986 1
4987 2
4988 1
4989 2
4990 3
4991 1
4992 1
4993 1
4994 2
4995 1
4996 1
4997 2
4998 3
4999 1
5000 1
5001 1
5002 1
5003 1
5004 1
5005 2
5006 1
5007 3
5008 3
5009 1
5010 2
5011 0
5012 1
5013 3
5014 1
5015 1
5016 2
5017 1
5018 1
5019 2
5020 1
5021 2
5022 1
5023 1
5024 1
5025 1
5026 3
5027 2
5028 3
5029 1
5030 2
5031 3
5032 0
5033 1
5034 2
5035 2
5036 2
5037 2
5038 2
5039 3
5040 1
5041 1
5042 1
5043 3
5044 1
5045 0
5046 2
5047 1
5048 2
5049 1
5050 1
5051 2
5052 3
5053 1
5054 1
5055 1
5056 0
5057 2
5058 1
5059 1
5060 1
5061 2
5062 2
5063 1
5064 1
5065 1
5066 2
5067 3
5068 2
5069 1
5070 1
5071 0
5072 2
5073 2
5074 1
5075 2
5076 0
5077 1
5078 2
5079 1
5080 3
5081 2
5082 2
5083 2
5084 2
5085 0
5086 2
5087 3
5088 1
5089 1
5090 1
5091 0
5092 1
5093 1
5094 1
5095 1
5096 2
5097 1
5098 1
5099 3
5100 0
5101 2
5102 1
5103 3
5104 1
5105 1
5106 1
5107 3
5108 3
5109 1
5110 1
5111 2
5112 3
5113 2
5114 1
5115 3
5116 3
5117 3
5118 1
5119 3
5120 3
5121 3
5122 1
5123 3
5124 1
5125 3
5126 2
5127 1
5128 1
5129 3
5130 1
5131 1
5132 2
5133 2
5134 1
5135 2
5136 1
5137 1
5138 1
5139 1
5140 2
5141 2
5142 0
5143 3
5144 3
5145 0
5146 2
5147 0
5148 0
5149 2
5150 1
5151 1
5152 2
5153 3
5154 3
5155 2
5156 2
5157 2
5158 2
5159 2
5160 3
5161 1
5162 0
5163 3
5164 1
5165 2
5166 1
5167 1
5168 1
5169 1
5170 3
5171 1
5172 0
5173 1
5174 1
5175 2
5176 2
5177 2
5178 3
5179 3
5180 2
5181 1
5182 2
5183 3
5184 3
5185 1
5186 2
5187 1
5188 0
5189 2
5190 2
5191 2
5192 1
5193 2
5194 1
5195 1
5196 0
5197 0
5198 1
5199 1
5200 1
5201 2
5202 3
5203 1
5204 3
5205 1
5206 3
5207 1
5208 1
5209 1
5210 3
5211 2
5212 0
5213 1
5214 1
5215 1
5216 1
5217 1
5218 2
5219 2
5220 2
5221 2
5222 0
5223 2
5224 1
5225 3
5226 2
5227 0
5228 2
5229 1
5230 2
5231 2
5232 1
5233 3
5234 2
5235 1
5236 1
5237 1
5238 2
5239 2
5240 0
5241 2
5242 1
5243 2
5244 2
5245 2
5246 2
5247 3
5248 2
5249 1
5250 2
5251 2
5252 3
5253 1
5254 1
5255 3
5256 3
5257 2
5258 1
5259 1
5260 2
5261 2
5262 1
5263 3
5264 2
5265 2
5266 2
5267 0
5268 0
5269 1
5270 3
5271 3
5272 0
5273 2
5274 2
5275 2
5276 1
5277 1
5278 1
5279 2
5280 1
5281 1
5282 2
5283 1
5284 3
5285 3
5286 2
5287 3
5288 1
5289 1
5290 1
5291 3
5292 2
5293 2
5294 2
5295 3
5296 2
5297 2
5298 1
5299 3
5300 2
5301 1
5302 2
5303 2
5304 1
5305 1
5306 2
5307 2
5308 1
5309 0
5310 3
5311 1
5312 2
5313 0
5314 2
5315 2
5316 3
5317 0
5318 1
5319 1
5320 1
5321 0
5322 1
5323 2
5324 2
5325 3
5326 2
5327 0
5328 0
5329 2
5330 1
5331 1
5332 1
5333 1
5334 3
5335 1
5336 3
5337 2
5338 2
5339 0
5340 0
5341 1
5342 0
5343 3
5344 1
5345 3
5346 1
5347 2
5348 1
5349 2
5350 1
5351 3
5352 2
5353 2
5354 0
5355 2
5356 0
5357 1
5358 1
5359 1
5360 1
5361 2
5362 3
5363 2
5364 2
5365 3
5366 2
5367 2
5368 0
5369 0
5370 1
5371 1
5372 3
5373 1
5374 0
5375 2
5376 2
5377 2
5378 1
5379 0
5380 2
5381 3
5382 1
5383 2
5384 2
5385 0
5386 2
5387 2
5388 2
5389 3
5390 2
5391 0
5392 1
5393 1
5394 2
5395 1
5396 1
5397 2
5398 1
5399 1
5400 1
5401 1
5402 1
5403 1
5404 1
5405 1
5406 1
5407 1
5408 1
5409 1
5410 1
5411 1
5412 1
5413 1
5414 1
5415 1
5416 1
5417 1
5418 1
5419 1
5420 1
5421 1
5422 1
5423 3
5424 1
5425 1
5426 1
5427 1
5428 1
5429 1
5430 1
5431 1
5432 1
5433 2
5434 2
5435 2
5436 1
5437 0
5438 2
5439 1
5440 1
5441 1
5442 2
5443 0
5444 3
5445 2
5446 1
5447 1
5448 0
5449 0
5450 2
5451 2
5452 0
5453 2
5454 1
5455 2
5456 1
5457 2
5458 3
5459 2
5460 2
5461 2
5462 1
5463 1
5464 1
5465 1
5466 1
5467 3
5468 2
5469 2
5470 1
5471 1
5472 2
5473 1
5474 2
5475 2
5476 2
5477 1
5478 3
5479 1
5480 2
5481 1
5482 2
5483 1
5484 2
5485 1
5486 1
5487 3
5488 1
5489 3
5490 3
5491 1
5492 0
5493 1
5494 2
5495 1
5496 3
5497 1
5498 2
5499 1
5500 1
5501 1
5502 2
5503 3
5504 2
5505 3
5506 2
5507 1
5508 2
5509 1
5510 2
5511 0
5512 1
5513 2
5514 2
5515 3
5516 0
5517 3
5518 3
5519 2
5520 1
5521 3
5522 3
5523 2
5524 0
5525 3
5526 2
5527 3
5528 3
5529 0
5530 2
5531 1
5532 1
5533 0
5534 1
5535 1
5536 0
5537 0
5538 2
5539 1
5540 2
5541 1
5542 2
5543 1
5544 0
5545 3
5546 1
5547 1
5548 0
5549 0
5550 2
5551 0
5552 2
5553 2
5554 1
5555 2
5556 1
5557 2
5558 1
5559 1
5560 1
5561 1
5562 0
5563 0
5564 2
5565 2
5566 3
5567 2
5568 1
5569 1
5570 1
5571 1
5572 1
5573 3
5574 1
5575 2
5576 2
5577 0
5578 1
5579 2
5580 0
5581 2
5582 3
5583 1
5584 3
5585 3
5586 0
5587 1
5588 1
5589 2
5590 2
5591 2
5592 1
5593 1
5594 1
5595 2
5596 2
5597 3
5598 2
5599 2
5600 1
5601 1
5602 2
5603 0
5604 1
5605 0
5606 1
5607 1
5608 1
5609 1
5610 1
5611 1
5612 1
5613 1
5614 1
5615 1
5616 0
5617 1
5618 1
5619 1
5620 1
5621 1
5622 1
5623 1
5624 3
5625 3
5626 1
5627 2
5628 1
5629 1
5630 3
5631 3
5632 1
5633 1
5634 3
5635 1
5636 3
5637 3
5638 2
5639 2
5640 1
5641 0
5642 3
5643 0
5644 1
5645 1
5646 1
5647 3
5648 1
5649 3
5650 3
5651 1
5652 2
5653 1
5654 1
5655 2
5656 0
5657 3
5658 2
5659 2
5660 1
5661 1
5662 1
5663 2
5664 2
5665 3
5666 2
5667 3
5668 1
5669 2
5670 0
5671 2
5672 0
5673 3
5674 2
5675 2
5676 2
5677 1
5678 3
5679 2
5680 2
5681 3
5682 1
5683 1
5684 3
5685 2
5686 3
5687 2
5688 0
5689 1
5690 1
5691 2
5692 1
5693 2
5694 3
5695 1
5696 0
5697 3
5698 2
5699 1
5700 2
5701 1
5702 3
5703 0
5704 1
5705 2
5706 1
5707 3
5708 2
5709 1
5710 0
5711 1
5712 2
5713 2
5714 1
5715 2
5716 3
5717 1
5718 1
5719 1
5720 1
5721 1
5722 2
5723 0
5724 1
5725 2
5726 1
5727 2
5728 2
5729 2
5730 0
5731 1
5732 2
5733 0
5734 0
5735 2
5736 2
5737 0
5738 1
5739 1
5740 2
5741 2
5742 2
5743 3
5744 3
5745 0
5746 0
5747 2
5748 0
5749 3
5750 2
5751 3
5752 2
5753 1
5754 3
5755 2
5756 1
5757 1
5758 3
5759 3
5760 1
5761 2
5762 1
5763 3
5764 0
5765 1
5766 3
5767 1
5768 0
5769 1
5770 3
5771 0
5772 0
5773 1
5774 3
5775 1
5776 2
5777 1
5778 0
5779 3
5780 3
5781 3
5782 1
5783 0
5784 2
5785 0
5786 1
5787 2
5788 1
5789 1
5790 2
5791 2
5792 3
5793 1
5794 1
5795 2
5796 1
5797 2
5798 3
5799 2
5800 3
5801 2
5802 3
5803 3
5804 3
5805 2
5806 2
5807 1
5808 2
5809 3
5810 3
5811 3
5812 2
5813 3
5814 3
5815 3
5816 1
5817 2
5818 2
5819 1
5820 1
5821 2
5822 1
5823 1
5824 1
5825 1
5826 2
5827 0
5828 2
5829 1
5830 2
5831 3
5832 1
5833 3
5834 1
5835 0
5836 3
5837 1
5838 0
5839 1
5840 1
5841 1
5842 1
5843 1
5844 0
5845 1
5846 1
5847 1
5848 0
5849 2
5850 2
5851 1
5852 1
5853 1
5854 2
5855 1
5856 1
5857 1
5858 1
5859 3
5860 1
5861 1
5862 1
5863 1
5864 2
5865 1
5866 1
5867 1
5868 1
5869 2
5870 1
5871 1
5872 1
5873 1
5874 1
5875 2
5876 2
5877 3
5878 3
5879 1
5880 1
5881 2
5882 2
5883 1
5884 1
5885 1
5886 3
5887 1
5888 1
5889 1
5890 3
5891 3
5892 1
5893 2
5894 2
5895 2
5896 3
5897 1
5898 3
5899 3
5900 3
5901 1
5902 3
5903 3
5904 2
5905 1
5906 3
5907 2
5908 3
5909 1
5910 3
5911 1
5912 0
5913 1
5914 1
5915 3
5916 2
5917 2
5918 3
5919 3
5920 1
5921 2
5922 0
5923 1
5924 1
5925 1
5926 1
5927 3
5928 1
5929 1
5930 2
5931 3
5932 3
5933 1
5934 1
5935 1
5936 1
5937 1
5938 1
5939 1
5940 1
5941 1
5942 3
5943 3
5944 1
5945 0
5946 0
5947 2
5948 0
5949 0
5950 1
5951 1
5952 2
5953 2
5954 2
5955 2
5956 2
5957 3
5958 2
5959 2
5960 3
5961 2
5962 2
5963 1
5964 1
5965 1
5966 1
5967 1
5968 3
5969 1
5970 2
5971 1
5972 2
5973 1
5974 0
5975 1
5976 0
5977 0
5978 3
5979 0
5980 1
5981 1
5982 0
5983 1
5984 1
5985 1
5986 3
5987 1
5988 2
5989 1
5990 0
5991 2
5992 1
5993 1
5994 1
5995 2
5996 1
5997 1
5998 2
5999 1
6000 1
6001 1
6002 1
6003 1
6004 1
6005 1
6006 2
6007 1
6008 1
6009 1
6010 0
6011 0
6012 2
6013 2
6014 1
6015 1
6016 1
6017 1
6018 0
6019 1
6020 2
6021 3
6022 2
6023 0
6024 0
6025 1
6026 1
6027 1
6028 3
6029 1
6030 0
6031 1
6032 1
6033 1
6034 1
6035 3
6036 3
6037 1
6038 1
6039 2
6040 3
6041 1
6042 1
6043 1
6044 2
6045 2
6046 2
6047 2
6048 1
6049 3
6050 1
6051 1
6052 1
6053 1
6054 0
6055 0
6056 1
6057 1
6058 1
6059 3
6060 2
6061 1
6062 0
6063 3
6064 1
6065 2
6066 1
6067 1
6068 1
6069 1
6070 0
6071 3
6072 3
6073 3
6074 1
6075 1
6076 0
6077 2
6078 1
6079 2
6080 2
6081 1
6082 1
6083 1
6084 3
6085 2
6086 1
6087 1
6088 2
6089 1
6090 2
6091 2
6092 1
6093 0
6094 2
6095 1
6096 3
6097 1
6098 2
6099 2
6100 0
6101 1
6102 3
6103 1
6104 1
6105 1
6106 3
6107 3
6108 1
6109 1
6110 3
6111 1
6112 1
6113 2
6114 1
6115 1
6116 2
6117 1
6118 2
6119 3
6120 1
6121 1
6122 1
6123 1
6124 1
6125 1
6126 3
6127 1
6128 2
6129 1
6130 1
6131 3
6132 1
6133 0
6134 3
6135 1
6136 3
6137 0
6138 0
6139 1
6140 1
6141 2
6142 2
6143 2
6144 2
6145 0
6146 1
6147 0
6148 3
6149 1
6150 3
6151 0
6152 0
6153 3
6154 2
6155 0
6156 1
6157 0
6158 2
6159 3
6160 1
6161 1
6162 3
6163 1
6164 3
6165 1
6166 3
6167 1
6168 2
6169 2
6170 1
6171 0
6172 0
6173 1
6174 0
6175 1
6176 1
6177 1
6178 1
6179 2
6180 1
6181 2
6182 2
6183 0
6184 2
6185 2
6186 3
6187 0
6188 2
6189 2
6190 0
6191 2
6192 2
6193 0
6194 2
6195 0
6196 3
6197 1
6198 1
6199 3
6200 1
6201 2
6202 2
6203 1
6204 3
6205 3
6206 2
6207 2
6208 2
6209 2
6210 3
6211 1
6212 1
6213 3
6214 1
6215 3
6216 1
6217 3
6218 1
6219 1
6220 2
6221 0
6222 0
6223 1
6224 0
6225 1
6226 1
6227 3
6228 1
6229 1
6230 1
6231 2
6232 2
6233 1
6234 1
6235 1
6236 2
6237 2
6238 3
6239 1
6240 1
6241 1
6242 2
6243 1
6244 1
6245 2
6246 1
6247 1
6248 1
6249 1
6250 1
6251 3
6252 3
6253 1
6254 1
6255 1
6256 1
6257 0
6258 3
6259 3
6260 0
6261 1
6262 1
6263 3
6264 1
6265 2
6266 0
6267 2
6268 3
6269 2
6270 1
6271 2
6272 2
6273 3
6274 1
6275 3
6276 1
6277 3
6278 3
6279 1
6280 1
6281 2
6282 2
6283 1
6284 3
6285 0
6286 0
6287 1
6288 0
6289 1
6290 1
6291 2
6292 2
6293 1
6294 2
6295 1
6296 2
6297 1
6298 3
6299 2
6300 1
6301 1
6302 2
6303 1
6304 1
6305 1
6306 3
6307 1
6308 1
6309 0
6310 2
6311 3
6312 1
6313 1
6314 3
6315 1
6316 3
6317 2
6318 1
6319 1
6320 0
6321 1
6322 1
6323 1
6324 1
6325 1
6326 1
6327 1
6328 1
6329 1
6330 1
6331 1
6332 1
6333 3
6334 1
6335 1
6336 1
6337 0
6338 3
6339 1
6340 2
6341 1
6342 3
6343 1
6344 2
6345 2
6346 1
6347 1
6348 1
6349 3
6350 1
6351 1
6352 1
6353 2
6354 1
6355 1
6356 1
6357 1
6358 1
6359 1
6360 1
6361 1
6362 1
6363 1
6364 1
6365 3
6366 2
6367 1
6368 1
6369 1
6370 1
6371 2
6372 1
6373 1
6374 2
6375 2
6376 2
6377 0
6378 0
6379 2
6380 0
6381 2
6382 2
6383 2
6384 1
6385 1
6386 3
6387 3
6388 3
6389 1
6390 1
6391 1
6392 3
6393 0
6394 1
6395 1
6396 1
6397 2
6398 2
6399 2
6400 0
6401 1
6402 1
6403 3
6404 1
6405 1
6406 1
6407 0
6408 3
6409 1
6410 1
6411 3
6412 1
6413 3
6414 3
6415 1
6416 3
6417 2
6418 1
6419 2
6420 1
6421 3
6422 2
6423 3
6424 0
6425 2
6426 1
6427 2
6428 2
6429 3
6430 2
6431 1
6432 1
6433 3
6434 0
6435 2
6436 1
6437 1
6438 2
6439 0
6440 1
6441 3
6442 1
6443 3
6444 1
6445 2
6446 1
6447 1
6448 1
6449 2
6450 0
6451 1
6452 3
6453 1
6454 3
6455 1
6456 2
6457 0
6458 1
6459 0
6460 0
6461 2
6462 2
6463 2
6464 3
6465 2
6466 3
6467 1
6468 1
6469 1
6470 0
6471 1
6472 1
6473 2
6474 2
6475 3
6476 2
6477 2
6478 0
6479 1
6480 1
6481 1
6482 0
6483 1
6484 1
6485 1
6486 1
6487 1
6488 2
6489 1
6490 2
6491 1
6492 1
6493 2
6494 1
6495 1
6496 2
6497 1
6498 2
6499 1
6500 1
6501 1
6502 2
6503 1
6504 0
6505 3
6506 3
6507 1
6508 2
6509 1
6510 0
6511 2
6512 1
6513 0
6514 3
6515 3
6516 1
6517 1
6518 0
6519 0
6520 1
6521 1
6522 3
6523 3
6524 1
6525 2
6526 0
6527 2
6528 1
6529 2
6530 3
6531 3
6532 3
6533 1
6534 0
6535 1
6536 3
6537 1
6538 3
6539 3
6540 1
6541 1
6542 1
6543 2
6544 1
6545 0
6546 3
6547 1
6548 0
6549 3
6550 2
6551 1
6552 2
6553 1
6554 0
6555 1
6556 1
6557 3
6558 1
6559 1
6560 2
6561 0
6562 1
6563 1
6564 2
6565 1
6566 1
6567 1
6568 2
6569 1
6570 3
6571 1
6572 1
6573 1
6574 3
6575 2
6576 2
6577 2
6578 0
6579 3
6580 0
6581 1
6582 0
6583 1
6584 1
6585 0
6586 1
6587 1
6588 1
6589 1
6590 2
6591 0
6592 2
6593 1
6594 3
6595 2
6596 0
6597 1
6598 1
6599 1
6600 1
6601 1
6602 1
6603 1
6604 3
6605 0
6606 1
6607 1
6608 2
6609 1
6610 1
6611 1
6612 1
6613 1
6614 3
0 0
1 1
2 2
3 3
1e-06 0.144534 36
