0 1
1 1
2 0
3 2
4 0
5 0
6 2
7 3
8 3
9 0
10 3
11 3
12 3
13 1
14 3
15 3
16 3
17 1
18 1
19 0
20 3
21 0
22 0
23 1
24 2
25 3
26 3
27 1
28 2
29 2
30 3
31 3
32 0
33 1
34 3
35 3
36 3
37 3
38 3
39 1
40 2
41 3
42 3
43 0
44 0
45 3
46 1
47 0
48 3
49 2
50 3
51 0
52 3
53 3
54 3
55 3
56 3
57 1
58 1
59 1
60 3
61 3
62 3
63 3
64 3
65 2
66 1
67 3
68 3
69 3
70 3
71 0
72 3
73 0
74 1
75 3
76 3
77 1
78 3
79 3
80 3
81 1
82 0
83 3
84 0
85 3
86 1
87 3
88 3
89 3
90 0
91 2
92 0
93 2
94 1
95 1
96 2
97 0
98 1
99 3
100 2
101 3
102 0
103 1
104 3
105 2
106 1
107 1
108 2
109 2
110 2
111 3
112 3
113 3
114 0
115 3
116 3
117 0
118 1
119 3
120 3
121 3
122 2
123 3
124 1
125 2
126 1
127 1
128 1
129 3
130 0
131 1
132 3
133 3
134 3
135 1
136 1
137 1
138 1
139 2
140 2
141 2
142 0
143 2
144 3
145 3
146 0
147 3
148 0
149 3
150 1
151 3
152 3
153 1
154 0
155 2
156 3
157 2
158 0
159 3
160 1
161 3
162 3
163 3
164 1
165 1
166 1
167 1
168 1
169 3
170 1
171 1
172 0
173 0
174 2
175 3
176 0
177 0
178 1
179 2
180 1
181 3
182 1
183 3
184 1
185 3
186 1
187 3
188 3
189 0
190 0
191 2
192 2
193 3
194 3
195 3
196 3
197 0
198 1
199 3
200 3
201 3
202 1
203 2
204 0
205 0
206 3
207 1
208 1
209 2
210 3
211 0
212 3
213 3
214 3
215 3
216 3
217 3
218 0
219 3
220 3
221 1
222 3
223 2
224 0
225 3
226 1
227 2
228 3
229 3
230 1
231 3
232 0
233 3
234 2
235 3
236 3
237 3
238 1
239 0
240 0
241 3
242 2
243 1
244 1
245 3
246 0
247 0
248 3
249 1
250 1
251 1
252 1
253 3
254 3
255 3
256 0
257 2
258 1
259 1
260 2
261 3
262 3
263 3
264 0
265 3
266 3
267 3
268 3
269 3
270 1
271 1
272 3
273 1
274 1
275 1
276 1
277 3
278 3
279 3
280 1
281 0
282 3
283 3
284 1
285 3
286 3
287 1
288 3
289 3
290 3
291 3
292 0
293 3
294 1
295 0
296 3
297 1
298 3
299 3
300 3
301 3
302 1
303 3
304 3
305 3
306 3
307 3
308 3
309 3
310 2
311 3
312 1
313 0
314 2
315 1
316 3
317 2
318 1
319 3
320 1
321 1
322 3
323 1
324 3
325 1
326 3
327 0
328 1
329 1
330 2
331 3
332 3
333 3
334 3
335 3
336 0
337 1
338 1
339 3
340 3
341 0
342 3
343 3
344 2
345 1
346 3
347 3
348 1
349 1
350 3
351 2
352 3
353 3
354 1
355 0
356 1
357 0
358 1
359 3
360 0
361 0
362 3
363 1
364 3
365 0
366 2
367 0
368 1
369 1
370 3
371 1
372 0
373 2
374 0
375 3
376 1
377 1
378 3
379 1
380 3
381 0
382 2
383 1
384 1
385 3
386 1
387 2
388 0
389 3
390 1
391 3
392 2
393 2
394 1
395 3
396 2
397 1
398 3
399 1
400 2
401 3
402 0
403 0
404 3
405 2
406 1
407 3
408 1
409 0
410 0
411 3
412 1
413 0
414 3
415 3
416 1
417 3
418 0
419 0
420 3
421 2
422 2
423 2
424 3
425 3
426 1
427 3
428 3
429 3
430 3
431 3
432 3
433 3
434 1
435 3
436 2
437 1
438 1
439 3
440 0
441 3
442 2
443 2
444 3
445 2
446 2
447 0
448 0
449 3
450 0
451 3
452 2
453 1
454 1
455 1
456 0
457 3
458 1
459 3
460 1
461 2
462 3
463 1
464 3
465 3
466 3
467 3
468 2
469 1
470 3
471 3
472 3
473 3
474 3
475 0
476 0
477 3
478 1
479 1
480 3
481 0
482 3
483 3
484 1
485 1
486 3
487 3
488 3
489 3
490 3
491 2
492 1
493 1
494 1
495 1
496 3
497 1
498 3
499 0
500 1
501 1
502 2
503 2
504 0
505 1
506 1
507 1
508 3
509 3
510 1
511 2
512 1
513 0
514 3
515 2
516 3
517 2
518 0
519 1
520 0
521 3
522 0
523 3
524 3
525 3
526 0
527 1
528 1
529 3
530 0
531 0
532 1
533 0
534 1
535 0
536 0
537 3
538 1
539 3
540 3
541 3
542 3
543 1
544 3
545 3
546 3
547 2
548 3
549 3
550 2
551 3
552 3
553 3
554 0
555 3
556 1
557 3
558 1
559 3
560 1
561 3
562 3
563 3
564 1
565 3
566 0
567 3
568 0
569 1
570 3
571 1
572 3
573 1
574 1
575 1
576 1
577 1
578 1
579 1
580 3
581 3
582 0
583 1
584 1
585 1
586 0
587 3
588 1
589 1
590 1
591 1
592 1
593 2
594 3
595 1
596 0
597 1
598 1
599 0
600 3
601 1
602 2
603 1
604 0
605 1
606 3
607 2
608 0
609 1
610 3
611 2
612 0
613 1
614 3
615 1
616 1
617 2
618 3
619 1
620 1
621 1
622 0
623 2
624 2
625 3
626 3
627 1
628 2
629 0
630 1
631 2
632 2
633 3
634 3
635 3
636 3
637 3
638 1
639 3
640 1
641 3
642 3
643 0
644 1
645 1
646 1
647 3
648 0
649 1
650 2
651 3
652 3
653 1
654 2
655 3
656 3
657 3
658 3
659 3
660 1
661 1
662 1
663 3
664 3
665 3
666 3
667 3
668 2
669 3
670 3
671 3
672 1
673 3
674 3
675 1
676 0
677 2
678 0
679 3
680 3
681 3
682 3
683 3
684 3
685 3
686 3
687 3
688 3
689 3
690 3
691 3
692 3
693 3
694 3
695 0
696 3
697 3
698 3
699 3
700 3
701 3
702 3
703 3
704 3
705 3
706 3
707 3
708 3
709 3
710 3
711 3
712 3
713 3
714 3
715 3
716 3
717 3
718 3
719 3
720 3
721 3
722 0
723 3
724 3
725 3
726 3
727 3
728 3
729 3
730 3
731 3
732 3
733 3
734 3
735 3
736 3
737 3
738 3
739 3
740 3
741 3
742 3
743 3
744 3
745 3
746 3
747 3
748 3
749 3
750 3
751 3
752 0
753 3
754 3
755 3
756 3
757 1
758 0
759 0
760 0
761 0
762 2
763 3
764 3
765 2
766 1
767 0
768 0
769 3
770 3
771 3
772 3
773 1
774 1
775 3
776 3
777 3
778 3
779 3
780 3
781 3
782 3
783 1
784 2
785 1
786 3
787 1
788 3
789 1
790 1
791 1
792 3
793 0
794 3
795 3
796 1
797 2
798 0
799 3
800 2
801 1
802 1
803 3
804 0
805 3
806 1
807 0
808 1
809 3
810 3
811 2
812 3
813 1
814 0
815 2
816 3
817 0
818 3
819 2
820 2
821 3
822 0
823 3
824 3
825 0
826 0
827 1
828 1
829 2
830 3
831 3
832 2
833 1
834 1
835 1
836 1
837 3
838 2
839 0
840 1
841 3
842 3
843 0
844 1
845 3
846 1
847 3
848 1
849 0
850 0
851 2
852 3
853 2
854 3
855 3
856 1
857 1
858 1
859 1
860 3
861 3
862 3
863 0
864 1
865 0
866 1
867 3
868 0
869 3
870 3
871 3
872 0
873 1
874 1
875 1
876 3
877 2
878 0
879 1
880 3
881 1
882 1
883 3
884 1
885 3
886 3
887 1
888 1
889 3
890 1
891 0
892 3
893 3
894 3
895 2
896 3
897 0
898 1
899 3
900 3
901 1
902 0
903 2
904 3
905 1
906 3
907 1
908 3
909 1
910 3
911 3
912 0
913 0
914 1
915 3
916 1
917 1
918 1
919 2
920 3
921 3
922 0
923 3
924 3
925 3
926 1
927 3
928 3
929 1
930 3
931 1
932 3
933 2
934 0
935 3
936 1
937 3
938 1
939 0
940 0
941 3
942 3
943 1
944 0
945 0
946 1
947 3
948 0
949 0
950 0
951 0
952 3
953 2
954 0
955 2
956 3
957 0
958 3
959 3
960 3
961 1
962 1
963 3
964 1
965 1
966 1
967 3
968 3
969 1
970 1
971 1
972 0
973 1
974 1
975 1
976 3
977 3
978 0
979 1
980 3
981 3
982 0
983 1
984 1
985 0
986 1
987 1
988 1
989 3
990 1
991 3
992 0
993 0
994 1
995 2
996 0
997 3
998 0
999 3
1000 3
1001 1
1002 0
1003 3
1004 1
1005 1
1006 1
1007 0
1008 3
1009 3
1010 3
1011 0
1012 3
1013 3
1014 1
1015 1
1016 3
1017 3
1018 3
1019 3
1020 0
1021 1
1022 3
1023 1
1024 3
1025 3
1026 3
1027 3
1028 3
1029 1
1030 3
1031 3
1032 0
1033 3
1034 3
1035 2
1036 3
1037 3
1038 1
1039 3
1040 2
1041 0
1042 0
1043 3
1044 3
1045 0
1046 1
1047 1
1048 3
1049 1
1050 2
1051 3
1052 1
1053 3
1054 1
1055 2
1056 0
1057 3
1058 0
1059 1
1060 1
1061 1
1062 2
1063 1
1064 3
1065 3
1066 0
1067 3
1068 3
1069 3
1070 3
1071 2
1072 3
1073 1
1074 3
1075 2
1076 1
1077 1
1078 3
1079 3
1080 2
1081 3
1082 3
1083 3
1084 3
1085 3
1086 3
1087 3
1088 2
1089 1
1090 3
1091 1
1092 2
1093 3
1094 3
1095 1
1096 1
1097 1
1098 1
1099 2
1100 1
1101 1
1102 0
1103 0
1104 1
1105 1
1106 0
1107 3
1108 3
1109 0
1110 0
1111 3
1112 0
1113 0
1114 0
1115 0
1116 1
1117 3
1118 0
1119 0
1120 3
1121 3
1122 2
1123 1
1124 1
1125 1
1126 2
1127 3
1128 1
1129 1
1130 3
1131 1
1132 3
1133 1
1134 0
1135 1
1136 3
1137 0
1138 3
1139 1
1140 1
1141 3
1142 1
1143 1
1144 1
1145 2
1146 1
1147 1
1148 1
1149 3
1150 1
1151 3
1152 1
1153 3
1154 2
1155 1
1156 1
1157 3
1158 1
1159 3
1160 1
1161 1
1162 3
1163 3
1164 0
1165 1
1166 3
1167 2
1168 0
1169 3
1170 1
1171 2
1172 2
1173 3
1174 1
1175 1
1176 3
1177 1
1178 2
1179 0
1180 0
1181 3
1182 3
1183 0
1184 3
1185 2
1186 1
1187 3
1188 2
1189 1
1190 0
1191 3
1192 0
1193 0
1194 3
1195 0
1196 1
1197 2
1198 1
1199 3
1200 1
1201 3
1202 1
1203 2
1204 1
1205 3
1206 1
1207 3
1208 2
1209 1
1210 1
1211 1
1212 3
1213 3
1214 0
1215 1
1216 3
1217 3
1218 1
1219 1
1220 1
1221 3
1222 3
1223 1
1224 1
1225 1
1226 3
1227 1
1228 3
1229 0
1230 3
1231 3
1232 3
1233 3
1234 1
1235 3
1236 3
1237 3
1238 1
1239 1
1240 3
1241 3
1242 3
1243 3
1244 3
1245 3
1246 0
1247 1
1248 3
1249 0
1250 0
1251 0
1252 2
1253 0
1254 3
1255 1
1256 3
1257 0
1258 0
1259 1
1260 3
1261 3
1262 1
1263 3
1264 3
1265 2
1266 3
1267 2
1268 3
1269 0
1270 3
1271 2
1272 2
1273 1
1274 3
1275 1
1276 3
1277 3
1278 2
1279 3
1280 3
1281 2
1282 3
1283 1
1284 1
1285 3
1286 3
1287 0
1288 0
1289 1
1290 1
1291 3
1292 1
1293 1
1294 3
1295 3
1296 0
1297 3
1298 3
1299 3
1300 2
1301 3
1302 1
1303 3
1304 3
1305 0
1306 3
1307 2
1308 3
1309 2
1310 3
1311 3
1312 0
1313 3
1314 0
1315 3
1316 3
1317 3
1318 3
1319 3
1320 3
1321 3
1322 1
1323 3
1324 3
1325 1
1326 1
1327 3
1328 1
1329 1
1330 1
1331 0
1332 1
1333 0
1334 1
1335 3
1336 1
1337 1
1338 1
1339 1
1340 1
1341 1
1342 0
1343 1
1344 0
1345 1
1346 1
1347 3
1348 3
1349 3
1350 3
1351 1
1352 3
1353 3
1354 1
1355 1
1356 0
1357 3
1358 1
1359 0
1360 1
1361 0
1362 3
1363 3
1364 3
1365 3
1366 3
1367 1
1368 0
1369 0
1370 3
1371 3
1372 3
1373 1
1374 0
1375 3
1376 0
1377 3
1378 1
1379 1
1380 3
1381 0
1382 3
1383 3
1384 0
1385 2
1386 1
1387 1
1388 3
1389 3
1390 0
1391 1
1392 1
1393 1
1394 0
1395 3
1396 1
1397 0
1398 3
1399 3
1400 3
1401 1
1402 2
1403 3
1404 2
1405 0
1406 2
1407 1
1408 3
1409 3
1410 0
1411 3
1412 2
1413 3
1414 2
1415 3
1416 1
1417 0
1418 3
1419 3
1420 0
1421 3
1422 1
1423 0
1424 1
1425 2
1426 1
1427 3
1428 3
1429 3
1430 3
1431 3
1432 3
1433 3
1434 3
1435 3
1436 3
1437 1
1438 2
1439 2
1440 3
1441 3
1442 0
1443 1
1444 0
1445 3
1446 3
1447 3
1448 3
1449 3
1450 1
1451 3
1452 3
1453 3
1454 1
1455 0
1456 3
1457 3
1458 3
1459 1
1460 2
1461 1
1462 3
1463 3
1464 3
1465 0
1466 3
1467 3
1468 3
1469 3
1470 0
1471 3
1472 3
1473 3
1474 3
1475 3
1476 3
1477 2
1478 2
1479 3
1480 1
1481 1
1482 2
1483 3
1484 3
1485 3
1486 3
1487 1
1488 0
1489 0
1490 3
1491 2
1492 2
1493 3
1494 3
1495 1
1496 3
1497 3
1498 3
1499 3
1500 3
1501 0
1502 0
1503 1
1504 0
1505 3
1506 0
1507 1
1508 3
1509 2
1510 0
1511 3
1512 1
1513 0
1514 1
1515 3
1516 3
1517 2
1518 1
1519 3
1520 2
1521 1
1522 3
1523 0
1524 0
1525 1
1526 3
1527 3
1528 2
1529 1
1530 1
1531 2
1532 1
1533 2
1534 1
1535 3
1536 3
1537 2
1538 3
1539 0
1540 0
1541 3
1542 3
1543 3
1544 3
1545 0
1546 3
1547 3
1548 1
1549 2
1550 1
1551 0
1552 0
1553 1
1554 0
1555 2
1556 3
1557 3
1558 1
1559 3
1560 1
1561 3
1562 3
1563 0
1564 0
1565 3
1566 3
1567 1
1568 1
1569 1
1570 0
1571 3
1572 1
1573 3
1574 3
1575 1
1576 1
1577 3
1578 3
1579 3
1580 0
1581 0
1582 3
1583 3
1584 3
1585 1
1586 3
1587 3
1588 1
1589 3
1590 1
1591 0
1592 1
1593 0
1594 1
1595 1
1596 1
1597 0
1598 3
1599 1
1600 3
1601 0
1602 3
1603 3
1604 3
1605 3
1606 3
1607 3
1608 2
1609 3
1610 3
1611 3
1612 3
1613 0
1614 1
1615 0
1616 3
1617 0
1618 1
1619 0
1620 0
1621 0
1622 0
1623 3
1624 0
1625 3
1626 3
1627 1
1628 3
1629 3
1630 3
1631 2
1632 2
1633 3
1634 3
1635 3
1636 1
1637 3
1638 0
1639 2
1640 3
1641 1
1642 3
1643 1
1644 3
1645 1
1646 0
1647 2
1648 3
1649 3
1650 0
1651 1
1652 3
1653 3
1654 3
1655 3
1656 1
1657 3
1658 3
1659 3
1660 3
1661 3
1662 3
1663 3
1664 3
1665 3
1666 3
1667 3
1668 3
1669 3
1670 3
1671 3
1672 3
1673 0
1674 1
1675 3
1676 1
1677 1
1678 1
1679 3
1680 3
1681 3
1682 3
1683 0
1684 3
1685 0
1686 1
1687 0
1688 3
1689 1
1690 0
1691 1
1692 3
1693 1
1694 0
1695 0
1696 3
1697 3
1698 3
1699 1
1700 2
1701 3
1702 3
1703 3
1704 3
1705 2
1706 3
1707 1
1708 3
1709 3
1710 1
1711 2
1712 3
1713 3
1714 3
1715 3
1716 3
1717 0
1718 3
1719 0
1720 3
1721 3
1722 2
1723 1
1724 3
1725 2
1726 3
1727 1
1728 3
1729 3
1730 3
1731 1
1732 2
1733 2
1734 0
1735 0
1736 2
1737 3
1738 3
1739 0
1740 1
1741 0
1742 0
1743 3
1744 0
1745 0
1746 2
1747 3
1748 3
1749 3
1750 0
1751 3
1752 1
1753 0
1754 0
1755 0
1756 0
1757 2
1758 3
1759 3
1760 0
1761 0
1762 3
1763 0
1764 0
1765 3
1766 1
1767 3
1768 2
1769 1
1770 3
1771 3
1772 3
1773 1
1774 0
1775 0
1776 3
1777 2
1778 1
1779 2
1780 1
1781 0
1782 1
1783 0
1784 3
1785 1
1786 1
1787 3
1788 3
1789 3
1790 2
1791 0
1792 3
1793 3
1794 3
1795 1
1796 1
1797 0
1798 0
1799 3
1800 1
1801 1
1802 1
1803 1
1804 1
1805 1
1806 1
1807 3
1808 2
1809 3
1810 3
1811 3
1812 3
1813 1
1814 3
1815 3
1816 3
1817 1
1818 1
1819 0
1820 1
1821 1
1822 0
1823 0
1824 3
1825 3
1826 3
1827 0
1828 0
1829 3
1830 3
1831 3
1832 2
1833 3
1834 2
1835 3
1836 3
1837 3
1838 3
1839 3
1840 1
1841 0
1842 1
1843 1
1844 1
1845 0
1846 3
1847 0
1848 1
1849 1
1850 3
1851 3
1852 1
1853 0
1854 3
1855 3
1856 1
1857 3
1858 2
1859 1
1860 1
1861 0
1862 1
1863 3
1864 2
1865 1
1866 3
1867 2
1868 2
1869 2
1870 0
1871 1
1872 1
1873 3
1874 3
1875 3
1876 1
1877 1
1878 3
1879 3
1880 1
1881 3
1882 3
1883 3
1884 2
1885 2
1886 1
1887 1
1888 1
1889 1
1890 3
1891 1
1892 3
1893 3
1894 1
1895 1
1896 3
1897 1
1898 0
1899 2
1900 3
1901 3
1902 1
1903 1
1904 1
1905 3
1906 1
1907 2
1908 1
1909 1
1910 1
1911 3
1912 1
1913 1
1914 3
1915 1
1916 3
1917 3
1918 1
1919 3
1920 3
1921 3
1922 1
1923 1
1924 0
1925 3
1926 1
1927 3
1928 1
1929 1
1930 1
1931 3
1932 3
1933 1
1934 3
1935 1
1936 3
1937 1
1938 3
1939 1
1940 3
1941 3
1942 1
1943 3
1944 1
1945 3
1946 1
1947 1
1948 3
1949 3
1950 0
1951 3
1952 3
1953 1
1954 1
1955 3
1956 3
1957 3
1958 1
1959 1
1960 0
1961 3
1962 1
1963 1
1964 3
1965 1
1966 3
1967 3
1968 1
1969 3
1970 3
1971 3
1972 3
1973 3
1974 3
1975 3
1976 3
1977 1
1978 1
1979 1
1980 1
1981 1
1982 1
1983 1
1984 2
1985 1
1986 3
1987 3
1988 3
1989 3
1990 3
1991 2
1992 3
1993 3
1994 1
1995 3
1996 2
1997 0
1998 0
1999 1
2000 1
2001 1
2002 3
2003 3
2004 3
2005 3
2006 3
2007 3
2008 1
2009 3
2010 3
2011 2
2012 3
2013 3
2014 3
2015 0
2016 3
2017 3
2018 1
2019 3
2020 1
2021 3
2022 1
2023 3
2024 1
2025 3
2026 2
2027 3
2028 3
2029 2
2030 3
2031 2
2032 0
2033 3
2034 1
2035 3
2036 0
2037 1
2038 3
2039 3
2040 1
2041 0
2042 1
2043 3
2044 0
2045 3
2046 2
2047 0
2048 3
2049 3
2050 2
2051 2
2052 1
2053 0
2054 3
2055 3
2056 2
2057 3
2058 0
2059 2
2060 1
2061 3
2062 1
2063 3
2064 1
2065 1
2066 0
2067 1
2068 0
2069 3
2070 2
2071 3
2072 3
2073 3
2074 2
2075 3
2076 3
2077 0
2078 2
2079 0
2080 3
2081 1
2082 3
2083 3
2084 0
2085 3
2086 3
2087 3
2088 3
2089 1
2090 1
2091 1
2092 2
2093 1
2094 1
2095 2
2096 1
2097 3
2098 3
2099 2
2100 3
2101 3
2102 3
2103 3
2104 2
2105 3
2106 3
2107 1
2108 1
2109 0
2110 1
2111 1
2112 1
2113 3
2114 1
2115 1
2116 2
2117 3
2118 1
2119 1
2120 3
2121 2
2122 3
2123 1
2124 3
2125 1
2126 0
2127 1
2128 3
2129 0
2130 1
2131 3
2132 3
2133 0
2134 1
2135 2
2136 1
2137 3
2138 0
2139 1
2140 1
2141 0
2142 1
2143 3
2144 0
2145 1
2146 3
2147 1
2148 3
2149 1
2150 0
2151 1
2152 3
2153 3
2154 3
2155 1
2156 1
2157 0
2158 3
2159 1
2160 3
2161 3
2162 3
2163 0
2164 1
2165 3
2166 3
2167 3
2168 1
2169 0
2170 3
2171 0
2172 0
2173 0
2174 3
2175 0
2176 1
2177 1
2178 3
2179 1
2180 3
2181 3
2182 3
2183 1
2184 0
2185 1
2186 1
2187 3
2188 1
2189 0
2190 3
2191 1
2192 0
2193 2
2194 3
2195 1
2196 3
2197 1
2198 0
2199 1
2200 3
2201 1
2202 3
2203 0
2204 0
2205 1
2206 3
2207 0
2208 3
2209 1
2210 3
2211 3
2212 1
2213 0
2214 3
2215 3
2216 3
2217 3
2218 1
2219 3
2220 3
2221 3
2222 1
2223 2
2224 0
2225 3
2226 2
2227 3
2228 1
2229 1
2230 0
2231 0
2232 3
2233 3
2234 3
2235 0
2236 3
2237 0
2238 0
2239 3
2240 2
2241 3
2242 3
2243 3
2244 3
2245 3
2246 1
2247 1
2248 3
2249 2
2250 2
2251 0
2252 2
2253 3
2254 0
2255 3
2256 1
2257 1
2258 1
2259 0
2260 3
2261 3
2262 3
2263 3
2264 3
2265 3
2266 3
2267 0
2268 1
2269 1
2270 1
2271 1
2272 2
2273 3
2274 1
2275 3
2276 0
2277 3
2278 3
2279 3
2280 3
2281 0
2282 1
2283 3
2284 1
2285 3
2286 3
2287 3
2288 3
2289 1
2290 3
2291 3
2292 0
2293 3
2294 1
2295 3
2296 1
2297 1
2298 0
2299 1
2300 1
2301 0
2302 1
2303 3
2304 1
2305 1
2306 1
2307 1
2308 3
2309 1
2310 2
2311 0
2312 3
2313 2
2314 1
2315 3
2316 0
2317 2
2318 0
2319 0
2320 2
2321 1
2322 3
2323 3
2324 1
2325 3
2326 3
2327 1
2328 3
2329 3
2330 3
2331 1
2332 1
2333 0
2334 2
2335 3
2336 3
2337 3
2338 3
2339 1
2340 1
2341 3
2342 0
2343 1
2344 3
2345 0
2346 0
2347 3
2348 1
2349 3
2350 1
2351 3
2352 3
2353 0
2354 3
2355 1
2356 1
2357 1
2358 1
2359 3
2360 3
2361 3
2362 0
2363 2
2364 0
2365 0
2366 3
2367 3
2368 1
2369 3
2370 0
2371 0
2372 3
2373 1
2374 1
2375 3
2376 3
2377 3
2378 0
2379 0
2380 3
2381 2
2382 3
2383 2
2384 3
2385 0
2386 1
2387 1
2388 3
2389 3
2390 3
2391 0
2392 1
2393 1
2394 3
2395 2
2396 3
2397 3
2398 3
2399 1
2400 0
2401 1
2402 3
2403 1
2404 3
2405 1
2406 3
2407 1
2408 0
2409 2
2410 3
2411 1
2412 3
2413 1
2414 3
2415 1
2416 1
2417 3
2418 1
2419 3
2420 1
2421 1
2422 0
2423 1
2424 0
2425 0
2426 3
2427 2
2428 0
2429 0
2430 3
2431 1
2432 1
2433 0
2434 1
2435 3
2436 3
2437 3
2438 0
2439 1
2440 2
2441 0
2442 3
2443 0
2444 0
2445 0
2446 0
2447 0
2448 2
2449 2
2450 2
2451 3
2452 0
2453 1
2454 3
2455 0
2456 3
2457 3
2458 1
2459 3
2460 3
2461 1
2462 0
2463 3
2464 3
2465 0
2466 3
2467 3
2468 3
2469 1
2470 0
2471 3
2472 1
2473 3
2474 1
2475 3
2476 2
2477 1
2478 3
2479 1
2480 0
2481 3
2482 3
2483 0
2484 3
2485 3
2486 1
2487 1
2488 3
2489 3
2490 1
2491 2
2492 3
2493 3
2494 1
2495 1
2496 1
2497 3
2498 3
2499 3
2500 2
2501 2
2502 3
2503 3
2504 3
2505 1
2506 3
2507 3
2508 3
2509 2
2510 0
2511 3
2512 1
2513 0
2514 1
2515 2
2516 3
2517 3
2518 0
2519 3
2520 3
2521 3
2522 0
2523 0
2524 3
2525 1
2526 1
2527 1
2528 1
2529 1
2530 2
2531 1
2532 3
2533 0
2534 3
2535 3
2536 0
2537 1
2538 0
2539 2
2540 3
2541 3
2542 2
2543 3
2544 3
2545 2
2546 3
2547 3
2548 0
2549 0
2550 0
2551 1
2552 1
2553 3
2554 3
2555 0
2556 2
2557 0
2558 3
2559 3
2560 1
2561 3
2562 3
2563 3
2564 3
2565 1
2566 1
2567 1
2568 2
2569 1
2570 1
2571 3
2572 0
2573 3
2574 0
2575 1
2576 3
2577 3
2578 3
2579 3
2580 3
2581 2
2582 3
2583 3
2584 3
2585 2
2586 2
2587 1
2588 3
2589 3
2590 3
2591 3
2592 3
2593 1
2594 3
2595 0
2596 3
2597 3
2598 1
2599 1
2600 1
2601 3
2602 0
2603 3
2604 3
2605 1
2606 3
2607 0
2608 2
2609 2
2610 3
2611 3
2612 1
2613 1
2614 3
2615 3
2616 0
2617 1
2618 1
2619 2
2620 3
2621 2
2622 3
2623 3
2624 0
2625 3
2626 2
2627 2
2628 2
2629 2
2630 2
2631 3
2632 2
2633 3
2634 3
2635 3
2636 3
2637 1
2638 3
2639 2
2640 2
2641 3
2642 3
2643 3
2644 1
2645 1
2646 1
2647 3
2648 3
2649 3
2650 1
2651 3
2652 3
2653 1
2654 3
2655 1
2656 3
2657 3
2658 1
2659 3
2660 3
2661 2
2662 3
2663 3
2664 3
2665 0
2666 0
2667 3
2668 3
2669 3
2670 3
2671 1
2672 3
2673 0
2674 0
2675 0
2676 0
2677 0
2678 0
2679 0
2680 2
2681 0
2682 0
2683 0
2684 0
2685 0
2686 0
2687 0
2688 0
2689 0
2690 0
2691 3
2692 0
2693 0
2694 1
2695 1
2696 3
2697 2
2698 2
2699 1
2700 1
2701 1
2702 0
2703 0
2704 0
2705 0
2706 1
2707 3
2708 3
2709 3
2710 0
2711 0
2712 2
2713 0
2714 1
2715 2
2716 2
2717 2
2718 2
2719 1
2720 1
2721 0
2722 1
2723 1
2724 0
2725 1
2726 1
2727 1
2728 1
2729 1
2730 1
2731 1
2732 1
2733 0
2734 1
2735 1
2736 2
2737 1
2738 1
2739 1
2740 1
2741 1
2742 0
2743 1
2744 1
2745 0
2746 1
2747 0
2748 1
2749 1
2750 3
2751 3
2752 2
2753 3
2754 3
2755 3
2756 3
2757 1
2758 0
2759 3
2760 3
2761 3
2762 2
2763 1
2764 3
2765 3
2766 2
2767 2
2768 3
2769 2
2770 2
2771 3
2772 1
2773 1
2774 2
2775 2
2776 3
2777 3
2778 3
2779 3
2780 1
2781 1
2782 1
2783 3
2784 3
2785 3
2786 1
2787 0
2788 2
2789 3
2790 1
2791 1
2792 3
2793 3
2794 3
2795 1
2796 3
2797 3
2798 3
2799 1
2800 1
2801 3
2802 2
2803 1
2804 3
2805 1
2806 0
2807 2
2808 3
2809 2
2810 0
2811 0
2812 3
2813 2
2814 3
2815 0
2816 0
2817 3
2818 2
2819 2
2820 3
2821 3
2822 1
2823 0
2824 2
2825 3
2826 0
2827 0
2828 3
2829 2
2830 1
2831 1
2832 3
2833 0
2834 1
2835 2
2836 1
2837 3
2838 2
2839 3
2840 0
2841 3
2842 3
2843 0
2844 3
2845 3
2846 3
2847 3
2848 1
2849 1
2850 1
2851 1
2852 1
2853 1
2854 1
2855 1
2856 1
2857 0
2858 0
2859 0
2860 1
2861 3
2862 3
2863 1
2864 0
2865 1
2866 3
2867 2
2868 1
2869 1
2870 1
2871 3
2872 1
2873 0
2874 3
2875 2
2876 3
2877 2
2878 0
2879 0
2880 0
2881 2
2882 3
2883 3
2884 3
2885 1
2886 3
2887 1
2888 3
2889 3
2890 2
2891 0
2892 2
2893 1
2894 3
2895 0
2896 1
2897 3
2898 3
2899 3
2900 0
2901 3
2902 3
2903 3
2904 3
2905 3
2906 3
2907 3
2908 3
2909 2
2910 1
2911 1
2912 2
2913 1
2914 3
2915 3
2916 1
2917 2
2918 1
2919 1
2920 3
2921 1
2922 3
2923 3
2924 3
2925 0
2926 1
2927 1
2928 1
2929 3
2930 1
2931 2
2932 1
2933 3
2934 1
2935 1
2936 3
2937 3
2938 1
2939 1
2940 3
2941 2
2942 1
2943 3
2944 3
2945 3
2946 3
2947 3
2948 1
2949 3
2950 1
2951 0
2952 0
2953 2
2954 1
2955 3
2956 1
2957 2
2958 1
2959 0
2960 3
2961 3
2962 2
2963 1
2964 3
2965 1
2966 2
2967 1
2968 0
2969 1
2970 1
2971 0
2972 1
2973 3
2974 3
2975 1
2976 1
2977 0
2978 1
2979 1
2980 0
2981 2
2982 0
2983 0
2984 1
2985 2
2986 3
2987 1
2988 3
2989 3
2990 1
2991 3
2992 0
2993 1
2994 1
2995 1
2996 3
2997 0
2998 3
2999 1
3000 2
3001 1
3002 3
3003 1
3004 1
3005 3
3006 1
3007 2
3008 2
3009 0
3010 1
3011 3
3012 3
3013 1
3014 3
3015 1
3016 2
3017 0
3018 3
3019 1
3020 2
3021 0
3022 3
3023 3
3024 3
3025 1
3026 0
3027 3
3028 2
3029 1
3030 2
3031 3
3032 3
3033 3
3034 1
3035 1
3036 3
3037 0
3038 0
3039 0
3040 3
3041 3
3042 1
3043 2
3044 0
3045 3
3046 1
3047 0
3048 0
3049 3
3050 1
3051 1
3052 1
3053 3
3054 1
3055 1
3056 3
3057 3
3058 0
3059 3
3060 0
3061 0
3062 2
3063 3
3064 3
3065 3
3066 1
3067 3
3068 3
3069 3
3070 3
3071 3
3072 1
3073 1
3074 3
3075 3
3076 2
3077 3
3078 2
3079 2
3080 3
3081 3
3082 1
3083 3
3084 2
3085 1
3086 2
3087 3
3088 3
3089 3
3090 1
3091 3
3092 3
3093 3
3094 3
3095 3
3096 3
3097 1
3098 1
3099 3
3100 3
3101 1
3102 3
3103 3
3104 2
3105 3
3106 1
3107 0
3108 2
3109 1
3110 3
3111 0
3112 3
3113 3
3114 1
3115 3
3116 2
3117 3
3118 3
3119 0
3120 3
3121 1
3122 1
3123 1
3124 3
3125 3
3126 3
3127 3
3128 3
3129 3
3130 3
3131 3
3132 1
3133 3
3134 1
3135 3
3136 1
3137 2
3138 3
3139 1
3140 1
3141 2
3142 0
3143 2
3144 3
3145 0
3146 3
3147 0
3148 1
3149 3
3150 2
3151 3
3152 3
3153 3
3154 2
3155 3
3156 3
3157 1
3158 2
3159 3
3160 0
3161 3
3162 0
3163 3
3164 1
3165 1
3166 3
3167 3
3168 3
3169 0
3170 3
3171 3
3172 1
3173 3
3174 0
3175 0
3176 3
3177 3
3178 1
3179 2
3180 1
3181 2
3182 2
3183 3
3184 2
3185 2
3186 1
3187 3
3188 3
3189 1
3190 2
3191 3
3192 3
3193 0
3194 1
3195 3
3196 3
3197 3
3198 3
3199 2
3200 3
3201 1
3202 1
3203 2
3204 2
3205 1
3206 1
3207 1
3208 1
3209 1
3210 1
3211 0
3212 3
3213 3
3214 3
3215 0
3216 3
3217 2
3218 3
3219 3
3220 2
3221 3
3222 3
3223 1
3224 3
3225 3
3226 0
3227 1
3228 3
3229 1
3230 1
3231 1
3232 3
3233 0
3234 3
3235 2
3236 3
3237 3
3238 3
3239 1
3240 3
3241 1
3242 3
3243 1
3244 3
3245 2
3246 1
3247 1
3248 0
3249 3
3250 3
3251 1
3252 1
3253 2
3254 1
3255 2
3256 2
3257 3
3258 2
3259 3
3260 0
3261 1
3262 1
3263 0
3264 3
3265 1
3266 0
3267 1
3268 3
3269 3
3270 3
3271 1
3272 3
3273 3
3274 0
3275 3
3276 3
3277 3
3278 3
3279 0
3280 3
3281 0
3282 1
3283 1
3284 1
3285 3
3286 3
3287 3
3288 0
3289 0
3290 3
3291 2
3292 0
3293 0
3294 3
3295 3
3296 3
3297 3
3298 3
3299 3
3300 3
3301 2
3302 1
3303 3
3304 1
3305 1
3306 1
3307 3
3308 1
3309 3
3310 3
3311 3
3312 2
3313 3
3314 1
3315 3
3316 1
3317 3
3318 1
3319 3
3320 1
3321 2
3322 0
3323 3
3324 3
3325 1
3326 1
3327 1
3328 3
3329 1
3330 1
3331 3
3332 3
3333 2
3334 2
3335 3
3336 0
3337 0
3338 3
3339 1
3340 3
3341 3
3342 1
3343 2
3344 1
3345 3
3346 2
3347 3
3348 0
3349 3
3350 0
3351 3
3352 0
3353 0
3354 3
3355 3
3356 3
3357 3
3358 0
3359 0
3360 3
3361 1
3362 3
3363 1
3364 1
3365 0
3366 3
3367 2
3368 2
3369 0
3370 2
3371 0
3372 3
3373 3
3374 3
3375 3
3376 0
3377 1
3378 3
3379 0
3380 2
3381 3
3382 3
3383 1
3384 1
3385 1
3386 0
3387 1
3388 0
3389 3
3390 3
3391 3
3392 2
3393 2
3394 3
3395 3
3396 3
3397 0
3398 3
3399 3
3400 3
3401 3
3402 3
3403 3
3404 3
3405 3
3406 3
3407 3
3408 3
3409 3
3410 3
3411 3
3412 3
3413 1
3414 2
3415 2
3416 3
3417 1
3418 3
3419 0
3420 3
3421 3
3422 3
3423 3
3424 0
3425 3
3426 1
3427 0
3428 3
3429 3
3430 1
3431 1
3432 2
3433 0
3434 1
3435 3
3436 3
3437 0
3438 3
3439 2
3440 3
3441 1
3442 1
3443 3
3444 1
3445 1
3446 0
3447 0
3448 2
3449 2
3450 3
3451 3
3452 0
3453 2
3454 0
3455 3
3456 2
3457 1
3458 3
3459 3
3460 0
3461 2
3462 1
3463 3
3464 3
3465 3
3466 3
3467 3
3468 0
3469 2
3470 1
3471 1
3472 3
3473 3
3474 1
3475 0
3476 3
3477 1
3478 3
3479 1
3480 3
3481 3
3482 0
3483 1
3484 1
3485 3
3486 3
3487 1
3488 3
3489 2
3490 3
3491 3
3492 1
3493 1
3494 1
3495 3
3496 3
3497 3
3498 3
3499 1
3500 0
3501 1
3502 3
3503 1
3504 3
3505 1
3506 2
3507 2
3508 3
3509 3
3510 3
3511 1
3512 0
3513 3
3514 3
3515 3
3516 1
3517 1
3518 1
3519 3
3520 3
3521 3
3522 3
3523 3
3524 3
3525 1
3526 1
3527 3
3528 2
3529 2
3530 3
3531 3
3532 3
3533 3
3534 2
3535 0
3536 2
3537 3
3538 3
3539 2
3540 3
3541 2
3542 3
3543 3
3544 3
3545 3
3546 3
3547 3
3548 3
3549 3
3550 1
3551 3
3552 3
3553 3
3554 3
3555 0
3556 3
3557 3
3558 0
3559 1
3560 1
3561 3
3562 1
3563 1
3564 3
3565 1
3566 1
3567 0
3568 0
3569 3
3570 0
3571 0
3572 2
3573 2
3574 3
3575 2
3576 3
3577 0
3578 3
3579 3
3580 3
3581 1
3582 3
3583 1
3584 3
3585 2
3586 3
3587 1
3588 3
3589 1
3590 0
3591 0
3592 3
3593 3
3594 3
3595 0
3596 0
3597 0
3598 0
3599 1
3600 2
3601 0
3602 0
3603 3
3604 3
3605 3
3606 0
3607 3
3608 3
3609 3
3610 3
3611 1
3612 1
3613 3
3614 3
3615 0
3616 3
3617 3
3618 1
3619 1
3620 0
3621 3
3622 1
3623 3
3624 2
3625 1
3626 1
3627 0
3628 3
3629 0
3630 3
3631 2
3632 0
3633 2
3634 0
3635 2
3636 0
3637 3
3638 3
3639 3
3640 2
3641 1
3642 3
3643 3
3644 3
3645 3
3646 1
3647 1
3648 0
3649 0
3650 3
3651 0
3652 3
3653 3
3654 3
3655 3
3656 0
3657 3
3658 3
3659 3
3660 3
3661 3
3662 3
3663 3
3664 3
3665 3
3666 3
3667 3
3668 3
3669 3
3670 3
3671 3
3672 3
3673 3
3674 3
3675 3
3676 3
3677 3
3678 3
3679 3
3680 3
3681 3
3682 3
3683 3
3684 3
3685 3
3686 1
3687 3
3688 3
3689 2
3690 3
3691 3
3692 3
3693 3
3694 3
3695 3
3696 3
3697 3
3698 3
3699 3
3700 3
3701 3
3702 3
3703 3
3704 3
3705 0
3706 3
3707 3
3708 3
3709 3
3710 3
3711 3
3712 3
3713 3
3714 3
3715 3
3716 3
3717 3
3718 3
3719 3
3720 3
3721 3
3722 3
3723 3
3724 3
3725 3
3726 3
3727 3
3728 3
3729 3
3730 3
3731 3
3732 3
3733 3
3734 3
3735 3
3736 3
3737 3
3738 3
3739 3
3740 0
3741 3
3742 1
3743 1
3744 3
3745 3
3746 0
3747 3
3748 3
3749 3
3750 3
3751 3
3752 3
3753 3
3754 3
3755 3
3756 3
3757 3
3758 3
3759 3
3760 1
3761 3
3762 3
3763 3
3764 3
3765 3
3766 3
3767 3
3768 3
3769 3
3770 0
3771 1
3772 3
3773 3
3774 1
3775 0
3776 2
3777 3
3778 0
3779 1
3780 1
3781 1
3782 1
3783 1
3784 1
3785 1
3786 3
3787 3
3788 3
3789 0
3790 0
3791 3
3792 1
3793 1
3794 3
3795 1
3796 1
3797 0
3798 0
3799 1
3800 1
3801 1
3802 3
3803 1
3804 1
3805 3
3806 0
3807 2
3808 1
3809 1
3810 3
3811 3
3812 3
3813 0
3814 3
3815 3
3816 1
3817 3
3818 0
3819 0
3820 3
3821 3
3822 3
3823 3
3824 3
3825 3
3826 3
3827 2
3828 3
3829 2
3830 3
3831 2
3832 1
3833 0
3834 3
3835 3
3836 1
3837 3
3838 3
3839 3
3840 2
3841 3
3842 1
3843 3
3844 0
3845 3
3846 2
3847 0
3848 3
3849 0
3850 1
3851 1
3852 3
3853 3
3854 2
3855 1
3856 1
3857 1
3858 3
3859 1
3860 3
3861 1
3862 3
3863 3
3864 3
3865 3
3866 0
3867 1
3868 1
3869 1
3870 2
3871 3
3872 3
3873 3
3874 3
3875 3
3876 3
3877 3
3878 1
3879 1
3880 3
3881 3
3882 1
3883 1
3884 2
3885 3
3886 1
3887 3
3888 3
3889 2
3890 2
3891 0
3892 3
3893 2
3894 1
3895 3
3896 1
3897 0
3898 0
3899 1
3900 3
3901 0
3902 1
3903 3
3904 1
3905 3
3906 1
3907 3
3908 3
3909 1
3910 3
3911 1
3912 3
3913 1
3914 3
3915 0
3916 3
3917 3
3918 3
3919 2
3920 1
3921 0
3922 1
3923 3
3924 1
3925 3
3926 0
3927 1
3928 1
3929 3
3930 0
3931 1
3932 3
3933 3
3934 1
3935 2
3936 3
3937 3
3938 0
3939 1
3940 3
3941 1
3942 0
3943 3
3944 1
3945 3
3946 3
3947 3
3948 1
3949 3
3950 3
3951 0
3952 1
3953 3
3954 3
3955 1
3956 1
3957 3
3958 3
3959 0
3960 1
3961 3
3962 3
3963 1
3964 3
3965 0
3966 3
3967 1
3968 1
3969 3
3970 3
3971 3
3972 3
3973 3
3974 3
3975 3
3976 0
3977 3
3978 3
3979 3
3980 1
3981 0
3982 3
3983 1
3984 0
3985 3
3986 3
3987 1
3988 3
3989 1
3990 3
3991 3
3992 0
3993 3
3994 2
3995 3
3996 3
3997 3
3998 0
3999 0
4000 1
4001 1
4002 3
4003 1
4004 3
4005 2
4006 1
4007 2
4008 2
4009 1
4010 3
4011 1
4012 3
4013 3
4014 3
4015 1
4016 3
4017 3
4018 0
4019 1
4020 1
4021 1
4022 1
4023 1
4024 1
4025 3
4026 0
4027 1
4028 3
4029 3
4030 3
4031 1
4032 3
4033 2
4034 3
4035 0
4036 1
4037 1
4038 3
4039 3
4040 1
4041 0
4042 0
4043 0
4044 0
4045 0
4046 0
4047 0
4048 0
4049 0
4050 1
4051 1
4052 1
4053 3
4054 3
4055 1
4056 1
4057 1
4058 0
4059 0
4060 1
4061 0
4062 2
4063 3
4064 1
4065 1
4066 2
4067 3
4068 2
4069 2
4070 1
4071 3
4072 3
4073 3
4074 3
4075 3
4076 3
4077 3
4078 3
4079 3
4080 3
4081 3
4082 3
4083 3
4084 3
4085 3
4086 3
4087 3
4088 1
4089 3
4090 0
4091 1
4092 0
4093 0
4094 3
4095 3
4096 0
4097 1
4098 3
4099 1
4100 1
4101 3
4102 0
4103 0
4104 0
4105 1
4106 0
4107 1
4108 2
4109 1
4110 3
4111 2
4112 1
4113 1
4114 3
4115 3
4116 0
4117 3
4118 0
4119 2
4120 3
4121 2
4122 0
4123 0
4124 3
4125 2
4126 3
4127 0
4128 0
4129 3
4130 1
4131 3
4132 0
4133 3
4134 1
4135 0
4136 1
4137 1
4138 2
4139 2
4140 1
4141 3
4142 3
4143 3
4144 1
4145 1
4146 0
4147 0
4148 3
4149 3
4150 0
4151 3
4152 3
4153 2
4154 1
4155 1
4156 3
4157 3
4158 2
4159 3
4160 3
4161 1
4162 1
4163 2
4164 3
4165 0
4166 1
4167 3
4168 3
4169 3
4170 0
4171 3
4172 1
4173 1
4174 3
4175 1
4176 3
4177 3
4178 1
4179 1
4180 1
4181 1
4182 1
4183 2
4184 1
4185 3
4186 3
4187 1
4188 3
4189 1
4190 3
4191 3
4192 3
4193 1
4194 1
4195 3
4196 3
4197 3
4198 1
4199 2
4200 0
4201 1
4202 1
4203 2
4204 2
4205 1
4206 1
4207 0
4208 3
4209 2
4210 3
4211 3
4212 3
4213 1
4214 0
4215 0
4216 2
4217 1
4218 3
4219 3
4220 3
4221 3
4222 3
4223 3
4224 3
4225 3
4226 3
4227 3
4228 3
4229 3
4230 3
4231 3
4232 3
4233 3
4234 0
4235 2
4236 3
4237 1
4238 3
4239 3
4240 3
4241 2
4242 3
4243 1
4244 0
4245 3
4246 0
4247 1
4248 0
4249 1
4250 0
4251 0
4252 1
4253 2
4254 0
4255 0
4256 3
4257 0
4258 0
4259 1
4260 3
4261 3
4262 3
4263 3
4264 3
4265 1
4266 2
4267 1
4268 3
4269 1
4270 3
4271 1
4272 3
4273 3
4274 3
4275 1
4276 1
4277 0
4278 0
4279 3
4280 0
4281 3
4282 1
4283 2
4284 1
4285 2
4286 3
4287 3
4288 3
4289 1
4290 3
4291 3
4292 1
4293 3
4294 3
4295 2
4296 1
4297 1
4298 3
4299 3
4300 0
4301 0
4302 3
4303 3
4304 1
4305 1
4306 1
4307 1
4308 3
4309 1
4310 1
4311 1
4312 3
4313 0
4314 1
4315 3
4316 3
4317 3
4318 1
4319 1
4320 1
4321 1
4322 3
4323 0
4324 3
4325 1
4326 3
4327 3
4328 1
4329 3
4330 1
4331 3
4332 1
4333 1
4334 0
4335 1
4336 3
4337 3
4338 3
4339 0
4340 0
4341 3
4342 3
4343 0
4344 1
4345 1
4346 3
4347 2
4348 0
4349 1
4350 3
4351 3
4352 0
4353 1
4354 1
4355 3
4356 1
4357 1
4358 3
4359 3
4360 2
4361 3
4362 1
4363 0
4364 1
4365 3
4366 1
4367 3
4368 3
4369 0
4370 1
4371 3
4372 3
4373 3
4374 1
4375 1
4376 3
4377 3
4378 3
4379 3
4380 3
4381 3
4382 0
4383 0
4384 3
4385 3
4386 2
4387 3
4388 3
4389 3
4390 3
4391 1
4392 3
4393 3
4394 1
4395 1
4396 3
4397 3
4398 1
4399 3
4400 0
4401 0
4402 3
4403 2
4404 3
4405 2
4406 3
4407 2
4408 0
4409 1
4410 3
4411 3
4412 1
4413 1
4414 0
4415 3
4416 0
4417 3
4418 1
4419 1
4420 1
4421 0
4422 0
4423 0
4424 1
4425 3
4426 3
4427 0
4428 0
4429 3
4430 0
4431 1
4432 1
4433 2
4434 3
4435 0
4436 0
4437 3
4438 2
4439 1
4440 2
4441 2
4442 1
4443 2
4444 1
4445 1
4446 2
4447 2
4448 3
4449 0
4450 3
4451 3
4452 1
4453 3
4454 0
4455 3
4456 2
4457 0
4458 1
4459 3
4460 1
4461 0
4462 1
4463 2
4464 2
4465 1
4466 0
4467 0
4468 2
4469 0
4470 2
4471 1
4472 0
4473 1
4474 2
4475 2
4476 3
4477 1
4478 3
4479 1
4480 1
4481 3
4482 1
4483 2
4484 3
4485 1
4486 1
4487 0
4488 2
4489 1
4490 1
4491 0
4492 1
4493 1
4494 3
4495 1
4496 0
4497 0
4498 3
4499 0
4500 2
4501 1
4502 3
4503 2
4504 1
4505 2
4506 0
4507 0
4508 3
4509 3
4510 1
4511 2
4512 3
4513 1
4514 1
4515 3
4516 2
4517 3
4518 2
4519 0
4520 3
4521 2
4522 0
4523 0
4524 1
4525 0
4526 3
4527 0
4528 3
4529 3
4530 2
4531 1
4532 3
4533 2
4534 3
4535 1
4536 3
4537 0
4538 3
4539 1
4540 3
4541 3
4542 3
4543 0
4544 3
4545 0
4546 1
4547 3
4548 1
4549 1
4550 2
4551 1
4552 2
4553 2
4554 1
4555 3
4556 3
4557 3
4558 0
4559 3
4560 1
4561 3
4562 3
4563 0
4564 3
4565 3
4566 3
4567 3
4568 0
4569 1
4570 0
4571 1
4572 0
4573 0
4574 1
4575 1
4576 1
4577 0
4578 1
4579 1
4580 2
4581 0
4582 3
4583 1
4584 3
4585 1
4586 3
4587 1
4588 3
4589 1
4590 3
4591 3
4592 2
4593 3
4594 2
4595 0
4596 1
4597 3
4598 3
4599 3
4600 3
4601 1
4602 1
4603 3
4604 2
4605 1
4606 2
4607 3
4608 3
4609 2
4610 1
4611 3
4612 3
4613 3
4614 3
4615 1
4616 2
4617 2
4618 3
4619 0
4620 3
4621 0
4622 0
4623 1
4624 3
4625 3
4626 3
4627 3
4628 3
4629 3
4630 3
4631 1
4632 1
4633 3
4634 3
4635 0
4636 3
4637 1
4638 3
4639 3
4640 1
4641 3
4642 1
4643 3
4644 3
4645 2
4646 0
4647 3
4648 2
4649 3
4650 0
4651 0
4652 3
4653 1
4654 1
4655 2
4656 3
4657 1
4658 3
4659 3
4660 0
4661 3
4662 2
4663 2
4664 3
4665 3
4666 3
4667 2
4668 3
4669 1
4670 2
4671 1
4672 2
4673 3
4674 3
4675 1
4676 0
4677 3
4678 3
4679 3
4680 1
4681 2
4682 0
4683 3
4684 1
4685 3
4686 3
4687 1
4688 1
4689 1
4690 2
4691 0
4692 3
4693 3
4694 3
4695 2
4696 2
4697 1
4698 3
4699 3
4700 2
4701 3
4702 3
4703 3
4704 1
4705 1
4706 3
4707 3
4708 1
4709 1
4710 3
4711 1
4712 0
4713 0
4714 1
4715 0
4716 0
4717 1
4718 2
4719 3
4720 1
4721 1
4722 3
4723 1
4724 1
4725 0
4726 3
4727 0
4728 3
4729 1
4730 1
4731 1
4732 0
4733 3
4734 0
4735 0
4736 1
4737 1
4738 3
4739 3
4740 3
4741 1
4742 3
4743 3
4744 1
4745 3
4746 3
4747 3
4748 3
4749 3
4750 3
4751 2
4752 0
4753 3
4754 3
4755 1
4756 2
4757 3
4758 0
4759 3
4760 2
4761 3
4762 3
4763 3
4764 3
4765 3
4766 0
4767 3
4768 2
4769 2
4770 3
4771 1
4772 3
4773 1
4774 3
4775 2
4776 1
4777 1
4778 1
4779 1
4780 1
4781 1
4782 1
4783 3
4784 3
4785 3
4786 3
4787 1
4788 3
4789 3
4790 1
4791 2
4792 2
4793 1
4794 0
4795 2
4796 0
4797 2
4798 1
4799 0
4800 2
4801 1
4802 3
4803 1
4804 1
4805 1
4806 1
4807 3
4808 3
4809 0
4810 3
4811 1
4812 1
4813 1
4814 1
4815 3
4816 3
4817 1
4818 1
4819 1
4820 1
4821 1
4822 0
4823 0
4824 0
4825 3
4826 0
4827 0
4828 3
4829 2
4830 0
4831 2
4832 1
4833 3
4834 3
4835 3
4836 2
4837 3
4838 1
4839 3
4840 3
4841 1
4842 2
4843 1
4844 2
4845 1
4846 3
4847 0
4848 1
4849 3
4850 1
4851 3
4852 3
4853 1
4854 1
4855 1
4856 1
4857 2
4858 0
4859 3
4860 0
4861 2
4862 3
4863 0
4864 3
4865 3
4866 0
4867 1
4868 3
4869 3
4870 3
4871 1
4872 2
4873 3
4874 3
4875 0
4876 1
4877 3
4878 3
4879 2
4880 1
4881 1
4882 3
4883 1
4884 1
4885 1
4886 3
4887 0
4888 1
4889 0
4890 0
4891 0
4892 1
4893 1
4894 3
4895 2
4896 3
4897 1
4898 0
4899 0
4900 3
4901 3
4902 2
4903 3
4904 2
4905 0
4906 3
4907 3
4908 3
4909 1
4910 3
4911 2
4912 1
4913 0
4914 3
4915 1
4916 1
4917 3
4918 1
4919 3
4920 1
4921 2
4922 3
4923 0
4924 0
4925 3
4926 1
4927 0
4928 3
4929 3
4930 3
4931 1
4932 3
4933 3
4934 1
4935 1
4936 3
4937 0
4938 3
4939 3
4940 3
4941 1
4942 3
4943 3
4944 3
4945 1
4946 0
4947 0
4948 3
4949 3
4950 3
4951 2
4952 1
4953 2
4954 0
4955 1
4956 3
4957 3
4958 3
4959 3
4960 1
4961 1
4962 3
4963 1
4964 3
4965 3
4966 3
4967 0
4968 2
4969 3
4970 0
4971 1
4972 0
4973 3
4974 0
4975 3
4976 3
4977 3
4978 3
4979 3
4980 3
4981 1
4982 0
4983 1
4984 3
4985 3
4986 3
4987 1
4988 3
4989 3
4990 2
4991 2
4992 1
4993 2
4994 0
4995 1
4996 3
4997 1
4998 1
4999 3
5000 1
5001 0
5002 1
5003 2
5004 2
5005 3
5006 0
5007 3
5008 3
5009 2
5010 3
5011 3
5012 1
5013 1
5014 3
5015 0
5016 0
5017 3
5018 3
5019 0
5020 0
5021 3
5022 3
5023 2
5024 2
5025 2
5026 0
5027 0
5028 0
5029 0
5030 3
5031 3
5032 0
5033 0
5034 1
5035 0
5036 1
5037 0
5038 2
5039 3
5040 1
5041 3
5042 0
5043 3
5044 2
5045 3
5046 3
5047 1
5048 2
5049 3
5050 2
5051 3
5052 1
5053 1
5054 1
5055 0
5056 0
5057 2
5058 2
5059 1
5060 1
5061 3
5062 3
5063 1
5064 2
5065 0
5066 1
5067 1
5068 2
5069 3
5070 3
5071 3
5072 2
5073 2
5074 0
5075 3
5076 0
5077 0
5078 2
5079 0
5080 3
5081 3
5082 3
5083 1
5084 3
5085 0
5086 1
5087 2
5088 1
5089 3
5090 3
5091 1
5092 0
5093 1
5094 3
5095 0
5096 3
5097 1
5098 1
5099 1
5100 0
5101 0
5102 2
5103 3
5104 1
5105 3
5106 3
5107 1
5108 1
5109 2
5110 3
5111 3
5112 0
5113 0
5114 3
5115 1
5116 3
5117 0
5118 3
5119 3
5120 3
5121 0
5122 3
5123 0
5124 3
5125 0
5126 2
5127 3
5128 0
5129 3
5130 1
5131 1
5132 3
5133 1
5134 1
5135 1
5136 2
5137 1
5138 1
5139 1
5140 0
5141 0
5142 1
5143 1
5144 2
5145 3
5146 1
5147 3
5148 3
5149 2
5150 2
5151 1
5152 1
5153 3
5154 1
5155 2
5156 1
5157 1
5158 1
5159 1
5160 3
5161 1
5162 1
5163 3
5164 0
5165 2
5166 3
5167 3
5168 3
5169 0
5170 1
5171 3
5172 1
5173 2
5174 3
5175 3
5176 2
5177 1
5178 1
5179 1
5180 1
5181 3
5182 1
5183 1
5184 1
5185 1
5186 1
5187 1
5188 0
5189 3
5190 3
5191 1
5192 3
5193 3
5194 1
5195 1
5196 1
5197 0
5198 1
5199 3
5200 3
5201 3
5202 0
5203 1
5204 2
5205 1
5206 1
5207 0
5208 2
5209 1
5210 3
5211 3
5212 1
5213 0
5214 2
5215 1
5216 3
5217 3
5218 1
5219 1
5220 1
5221 2
5222 0
5223 3
5224 3
5225 1
5226 1
5227 1
5228 3
5229 3
5230 3
5231 3
5232 1
5233 3
5234 1
5235 2
5236 1
5237 2
5238 0
5239 1
5240 1
5241 0
5242 3
5243 3
5244 3
5245 0
5246 2
5247 0
5248 1
5249 1
5250 1
5251 1
5252 3
5253 3
5254 3
5255 1
5256 3
5257 1
5258 3
5259 1
5260 0
5261 1
5262 3
5263 1
5264 1
5265 3
5266 3
5267 3
5268 3
5269 3
5270 2
5271 0
5272 1
5273 2
5274 0
5275 1
5276 3
5277 3
5278 1
5279 3
5280 3
5281 3
5282 0
5283 3
5284 1
5285 2
5286 3
5287 2
5288 3
5289 0
5290 3
5291 0
5292 1
5293 1
5294 3
5295 1
5296 3
5297 0
5298 3
5299 1
5300 1
5301 3
5302 1
5303 3
5304 2
5305 3
5306 3
5307 3
5308 3
5309 3
5310 3
5311 3
5312 3
5313 3
5314 3
5315 3
5316 3
5317 3
5318 3
5319 3
5320 3
5321 3
5322 3
5323 3
5324 3
5325 3
5326 3
5327 3
5328 3
5329 3
5330 3
5331 0
5332 3
5333 3
5334 3
5335 3
5336 3
5337 3
5338 3
5339 3
5340 3
5341 1
5342 2
5343 1
5344 3
5345 3
5346 3
5347 3
5348 3
5349 3
5350 1
5351 1
5352 2
5353 3
5354 3
5355 1
5356 2
5357 2
5358 1
5359 0
5360 1
5361 0
5362 2
5363 2
5364 2
5365 0
5366 1
5367 1
5368 1
5369 3
5370 3
5371 3
5372 3
5373 3
5374 3
5375 2
5376 3
5377 0
5378 1
5379 0
5380 2
5381 1
5382 1
5383 3
5384 3
5385 3
5386 3
5387 1
5388 3
5389 3
5390 2
5391 3
5392 3
5393 3
5394 3
5395 0
5396 1
5397 3
5398 3
5399 3
5400 1
5401 3
5402 0
5403 3
5404 2
5405 2
5406 1
5407 2
5408 3
5409 1
5410 3
5411 2
5412 3
5413 0
5414 3
5415 1
5416 3
5417 3
5418 1
5419 0
5420 0
5421 3
5422 3
5423 0
5424 1
5425 3
5426 1
5427 3
5428 1
5429 0
5430 0
5431 1
5432 2
5433 3
5434 1
5435 3
5436 3
5437 0
5438 3
5439 3
5440 0
5441 1
5442 1
5443 3
5444 1
5445 3
5446 1
5447 1
5448 3
5449 0
5450 3
5451 3
5452 1
5453 1
5454 1
5455 1
5456 1
5457 1
5458 3
5459 1
5460 3
5461 1
5462 1
5463 3
5464 3
5465 0
5466 3
5467 1
5468 3
5469 1
5470 1
5471 1
5472 3
5473 3
5474 3
5475 3
5476 1
5477 2
5478 3
5479 1
5480 1
5481 1
5482 3
5483 3
5484 1
5485 1
5486 1
5487 3
5488 1
5489 1
5490 1
5491 3
5492 2
5493 0
5494 1
5495 1
5496 3
5497 3
5498 0
5499 1
5500 1
5501 3
5502 2
5503 1
5504 3
5505 3
5506 1
5507 0
5508 3
5509 2
5510 3
5511 3
5512 3
5513 3
5514 3
5515 3
5516 3
5517 3
5518 3
5519 3
5520 3
5521 3
5522 3
5523 3
5524 3
5525 3
5526 3
5527 3
5528 2
5529 0
5530 3
5531 0
5532 2
5533 3
5534 0
5535 3
5536 3
5537 1
5538 3
5539 3
5540 1
5541 1
5542 3
5543 3
5544 1
5545 1
5546 2
5547 1
5548 3
5549 3
5550 3
5551 0
5552 0
5553 0
5554 3
5555 1
5556 3
5557 3
5558 1
5559 1
5560 3
5561 3
5562 2
5563 3
5564 3
5565 3
5566 2
5567 3
5568 3
5569 1
5570 0
5571 3
5572 2
5573 1
5574 1
5575 0
5576 3
5577 2
5578 1
5579 1
5580 3
5581 3
5582 1
5583 1
5584 0
5585 3
5586 3
5587 3
5588 0
5589 1
5590 1
5591 1
5592 3
5593 2
5594 1
5595 2
5596 0
5597 3
5598 0
5599 3
5600 2
5601 3
5602 2
5603 0
5604 1
5605 3
5606 2
5607 2
5608 0
5609 1
5610 3
5611 1
5612 3
5613 3
5614 1
5615 0
5616 2
5617 1
5618 3
5619 3
5620 3
5621 3
5622 3
5623 3
5624 1
5625 3
5626 1
5627 1
5628 1
5629 3
5630 1
5631 3
5632 3
5633 3
5634 0
5635 0
5636 2
5637 1
5638 0
5639 3
5640 0
5641 1
5642 0
5643 0
5644 3
5645 0
5646 3
5647 3
5648 1
5649 3
5650 0
5651 3
5652 3
5653 3
5654 3
5655 3
5656 1
5657 3
5658 3
5659 0
5660 2
5661 3
5662 1
5663 3
5664 0
5665 2
5666 0
5667 0
5668 3
5669 3
5670 3
5671 1
5672 0
5673 2
5674 3
5675 0
5676 3
5677 2
5678 1
5679 3
5680 0
5681 0
5682 0
5683 3
5684 3
5685 2
5686 0
5687 3
5688 3
5689 2
5690 3
5691 3
5692 3
5693 2
5694 3
5695 3
5696 3
5697 3
5698 1
5699 0
5700 0
5701 0
5702 0
5703 0
5704 0
5705 1
5706 0
5707 1
5708 3
5709 1
5710 3
5711 1
5712 0
5713 0
5714 3
5715 0
5716 3
5717 3
5718 0
5719 0
5720 3
5721 3
5722 3
5723 3
5724 3
5725 3
5726 3
5727 0
5728 3
5729 1
5730 3
5731 3
5732 3
5733 3
5734 3
5735 3
5736 3
5737 3
5738 1
5739 0
5740 3
5741 3
5742 3
5743 3
5744 3
5745 3
5746 3
5747 3
5748 3
5749 3
5750 3
5751 2
5752 3
5753 3
5754 2
5755 1
5756 3
5757 0
5758 3
5759 0
5760 3
5761 1
5762 3
5763 3
5764 1
5765 3
5766 3
5767 3
5768 0
5769 3
5770 3
5771 3
5772 3
5773 0
5774 2
5775 1
5776 0
5777 1
5778 3
5779 1
5780 3
5781 3
5782 3
5783 3
5784 3
5785 2
5786 2
5787 3
5788 0
5789 1
5790 2
5791 2
5792 2
5793 0
5794 3
5795 0
5796 3
5797 0
5798 3
5799 1
5800 2
5801 3
5802 3
5803 3
5804 1
5805 0
5806 2
5807 0
5808 3
5809 3
5810 3
5811 3
5812 0
5813 0
5814 0
5815 0
5816 0
5817 3
5818 1
5819 1
5820 2
5821 0
5822 2
5823 3
5824 2
5825 1
5826 3
5827 0
5828 0
5829 0
5830 3
5831 3
5832 3
5833 3
5834 3
5835 3
5836 0
5837 3
5838 3
5839 0
5840 0
5841 2
5842 0
5843 0
5844 3
5845 1
5846 1
5847 0
5848 3
5849 1
5850 0
5851 1
5852 2
5853 3
5854 3
5855 3
5856 3
5857 3
5858 1
5859 1
5860 0
5861 3
5862 0
5863 3
5864 3
5865 2
5866 3
5867 3
5868 2
5869 2
5870 3
5871 0
5872 3
5873 3
5874 1
5875 0
5876 3
5877 3
5878 3
5879 3
5880 3
5881 3
5882 0
5883 3
5884 0
5885 3
5886 0
5887 1
5888 3
5889 0
5890 3
5891 0
5892 3
5893 3
5894 0
5895 3
5896 3
5897 3
5898 3
5899 3
5900 3
5901 3
5902 1
5903 3
5904 3
5905 3
5906 3
5907 3
5908 1
5909 1
5910 1
5911 3
5912 3
5913 1
5914 1
5915 3
5916 1
5917 0
5918 1
5919 0
5920 1
5921 3
5922 0
5923 3
5924 3
5925 3
5926 3
5927 0
5928 1
5929 3
5930 3
5931 0
5932 3
5933 3
5934 3
5935 1
5936 0
5937 3
5938 3
5939 3
5940 1
5941 2
5942 2
5943 3
5944 3
5945 3
5946 3
5947 3
5948 1
5949 3
5950 0
5951 3
5952 3
5953 3
5954 3
5955 2
5956 3
5957 1
5958 0
5959 3
5960 1
5961 3
5962 1
5963 3
5964 3
5965 3
5966 2
5967 0
5968 3
5969 3
5970 3
5971 1
5972 2
5973 0
5974 3
5975 3
5976 1
5977 3
5978 3
5979 1
5980 0
5981 3
5982 1
5983 3
5984 3
5985 3
5986 1
5987 1
5988 3
5989 0
5990 1
5991 2
5992 1
5993 1
5994 3
5995 0
5996 3
5997 3
5998 3
5999 0
6000 0
6001 3
6002 0
6003 1
6004 0
6005 1
6006 1
6007 3
6008 0
6009 1
6010 1
6011 1
6012 0
6013 3
6014 3
6015 1
6016 3
6017 3
6018 3
6019 0
6020 3
6021 1
6022 2
6023 3
6024 1
6025 1
6026 1
6027 3
6028 3
6029 1
6030 3
6031 3
6032 2
6033 0
6034 3
6035 1
6036 1
6037 3
6038 1
6039 1
6040 3
6041 0
6042 1
6043 3
6044 3
6045 3
6046 1
6047 3
6048 1
6049 2
6050 1
6051 3
6052 3
6053 1
6054 3
6055 0
6056 3
6057 3
6058 3
6059 1
6060 3
6061 0
6062 1
6063 0
6064 1
6065 1
6066 3
6067 0
6068 3
6069 0
6070 3
6071 3
6072 2
6073 1
6074 1
6075 1
6076 2
6077 0
6078 0
6079 0
6080 1
6081 0
6082 1
6083 1
6084 0
6085 2
6086 2
6087 3
6088 0
6089 3
6090 0
6091 3
6092 3
6093 3
6094 3
6095 3
6096 0
6097 3
6098 0
6099 1
6100 2
6101 3
6102 0
6103 2
6104 1
6105 0
6106 3
6107 0
6108 3
6109 3
6110 1
6111 0
6112 3
6113 0
6114 3
6115 2
6116 3
6117 0
6118 0
6119 3
6120 3
6121 1
6122 3
6123 3
6124 3
6125 3
6126 3
6127 3
6128 0
6129 3
6130 2
6131 3
6132 3
6133 1
6134 0
6135 3
6136 3
6137 3
6138 0
6139 3
6140 3
6141 0
6142 0
6143 3
6144 3
6145 0
6146 1
6147 0
6148 0
6149 0
6150 2
6151 3
6152 0
6153 3
6154 0
6155 1
6156 1
6157 1
6158 1
6159 0
6160 3
6161 0
6162 1
6163 3
6164 1
6165 0
6166 3
6167 3
6168 0
6169 0
6170 3
6171 2
6172 0
6173 3
6174 0
6175 0
6176 0
6177 0
6178 0
6179 3
6180 3
6181 3
6182 3
6183 3
6184 3
6185 3
6186 3
6187 3
6188 3
6189 0
6190 3
6191 3
6192 3
6193 1
6194 2
6195 0
6196 3
6197 3
6198 3
6199 3
6200 3
6201 3
6202 3
6203 3
6204 3
6205 2
6206 3
6207 3
6208 1
6209 2
6210 3
6211 3
6212 3
6213 3
6214 3
6215 3
6216 1
6217 3
6218 3
6219 3
6220 3
6221 3
6222 0
6223 3
6224 2
6225 3
6226 1
6227 0
6228 3
6229 3
6230 3
6231 0
6232 1
6233 3
6234 3
6235 3
6236 3
6237 0
6238 1
6239 3
6240 2
6241 1
6242 3
6243 3
6244 2
6245 3
6246 3
6247 3
6248 2
6249 0
6250 3
6251 0
6252 0
6253 3
6254 3
6255 3
6256 1
6257 3
6258 3
6259 2
6260 0
6261 0
6262 1
6263 1
6264 0
6265 1
6266 0
6267 0
6268 1
6269 2
6270 1
6271 3
6272 3
6273 3
6274 3
6275 0
6276 3
6277 2
6278 2
6279 3
6280 1
6281 3
6282 0
6283 3
6284 3
6285 3
6286 0
6287 3
6288 0
6289 3
6290 3
6291 3
6292 3
6293 1
6294 3
6295 0
6296 3
6297 3
6298 0
6299 2
6300 0
6301 3
6302 3
6303 3
6304 1
6305 3
6306 3
6307 3
6308 0
6309 2
6310 3
6311 1
6312 3
6313 3
6314 1
6315 2
6316 3
6317 3
6318 3
6319 2
6320 0
6321 1
6322 1
6323 0
6324 0
6325 1
6326 1
6327 1
6328 1
6329 3
6330 3
6331 3
6332 3
6333 3
6334 3
6335 3
6336 0
6337 2
6338 3
6339 0
6340 3
6341 3
6342 3
6343 1
6344 1
6345 3
6346 3
6347 1
6348 3
6349 1
6350 1
6351 3
6352 3
6353 0
6354 3
6355 3
6356 0
6357 3
6358 3
6359 3
6360 3
6361 3
6362 0
6363 2
6364 2
6365 1
6366 2
6367 3
6368 3
6369 3
6370 3
6371 3
6372 3
6373 3
6374 1
6375 1
6376 3
6377 1
6378 3
6379 1
6380 3
6381 1
6382 3
6383 0
6384 3
6385 1
6386 0
6387 3
6388 3
6389 2
6390 3
6391 0
6392 3
6393 3
6394 0
6395 3
6396 1
6397 1
6398 3
6399 1
6400 3
6401 1
6402 3
6403 2
6404 3
6405 3
6406 3
6407 3
6408 2
6409 1
6410 3
6411 3
6412 3
6413 1
6414 2
6415 1
6416 0
6417 3
6418 3
6419 3
6420 2
6421 3
6422 0
6423 3
6424 3
6425 0
6426 3
6427 3
6428 3
6429 1
6430 3
6431 3
6432 3
6433 3
6434 0
6435 0
6436 1
6437 3
6438 3
6439 1
6440 1
6441 3
6442 1
6443 0
6444 3
6445 0
6446 2
6447 3
6448 3
6449 3
6450 1
6451 3
6452 3
6453 3
6454 3
6455 3
6456 0
6457 3
6458 3
6459 3
6460 0
6461 1
6462 0
6463 2
6464 3
6465 0
6466 3
6467 3
6468 1
6469 1
6470 0
6471 0
6472 1
6473 1
6474 3
6475 3
6476 3
6477 0
6478 3
6479 0
6480 3
6481 3
6482 3
6483 1
6484 3
6485 3
6486 1
6487 3
6488 3
6489 3
6490 0
6491 0
6492 3
6493 3
6494 1
6495 0
6496 1
6497 3
6498 3
6499 3
6500 3
6501 3
6502 0
6503 3
6504 0
6505 0
6506 3
6507 3
6508 0
6509 0
6510 0
6511 3
6512 3
6513 3
6514 3
6515 3
6516 3
6517 2
6518 1
6519 3
6520 3
6521 0
6522 1
6523 3
6524 0
6525 3
6526 3
6527 0
6528 0
6529 3
6530 3
6531 0
6532 2
6533 3
6534 3
6535 0
6536 3
6537 2
6538 3
6539 0
6540 3
6541 0
6542 3
6543 3
6544 3
6545 1
6546 0
6547 3
6548 3
6549 2
6550 0
6551 1
6552 3
6553 3
6554 3
6555 3
6556 3
6557 3
6558 3
6559 3
6560 3
6561 3
6562 3
6563 0
6564 2
6565 3
6566 3
6567 1
6568 3
6569 3
6570 0
6571 1
6572 0
6573 2
6574 1
6575 2
6576 0
6577 3
6578 3
6579 0
6580 0
6581 0
6582 3
6583 3
6584 3
6585 3
6586 3
6587 0
6588 3
6589 3
6590 3
6591 3
6592 3
6593 3
6594 3
6595 3
6596 3
6597 3
6598 3
6599 3
0 0
1 1
2 2
3 3
1e-06 0.120556 40
