0 0
1 0
2 0
3 0
4 0
5 0
6 0
7 1
8 0
9 2
10 0
11 0
12 1
13 0
14 0
15 0
16 0
17 0
18 4
19 1
20 0
21 0
22 0
23 0
24 3
25 0
26 0
27 0
28 0
29 0
30 1
31 0
32 2
33 0
34 0
35 0
36 0
37 0
38 0
39 0
40 0
41 0
42 0
43 0
44 0
45 0
46 0
47 0
48 0
49 0
50 0
51 3
52 0
53 0
54 0
55 3
56 0
57 0
58 0
59 0
60 3
61 3
62 2
63 4
64 2
65 0
66 4
67 3
68 2
69 1
70 2
71 2
72 1
73 0
74 1
75 3
76 4
77 2
78 4
79 2
80 0
81 2
82 4
83 0
84 3
85 0
86 1
87 2
88 2
89 2
90 4
91 2
92 4
93 3
94 4
95 1
96 1
97 1
98 2
99 0
100 0
101 3
102 0
103 2
104 0
105 3
106 2
107 3
108 2
109 2
110 2
111 3
112 0
113 3
114 2
115 2
116 3
117 2
118 2
119 2
120 2
121 2
122 3
123 2
124 3
125 0
126 3
127 2
128 0
129 1
130 2
131 0
132 0
133 1
134 4
135 2
136 1
137 2
138 0
139 2
140 2
141 2
142 0
143 0
144 0
145 0
146 2
147 2
148 0
149 2
150 3
151 0
152 2
153 2
154 2
155 0
156 0
157 2
158 3
159 0
160 0
161 0
162 0
163 2
164 0
165 0
166 0
167 2
168 0
169 3
170 3
171 0
172 2
173 2
174 0
175 3
176 0
177 2
178 2
179 2
180 3
181 4
182 2
183 3
184 2
185 2
186 3
187 2
188 0
189 0
190 0
191 2
192 2
193 2
194 3
195 0
196 3
197 0
198 0
199 0
200 3
201 2
202 3
203 0
204 3
205 2
206 0
207 0
208 0
209 2
210 3
211 0
212 0
213 4
214 0
215 3
216 2
217 3
218 0
219 0
220 0
221 3
222 2
223 0
224 2
225 2
226 2
227 2
228 3
229 2
230 0
231 1
232 2
233 4
234 0
235 0
236 2
237 3
238 2
239 3
240 0
241 0
242 3
243 0
244 2
245 2
246 3
247 2
248 3
249 2
250 3
251 2
252 4
253 0
254 2
255 0
256 0
257 3
258 2
259 3
260 3
261 2
262 0
263 2
264 1
265 0
266 0
267 0
268 3
269 3
270 2
271 3
272 0
273 2
274 3
275 3
276 1
277 3
278 0
279 3
280 2
281 3
282 2
283 0
284 2
285 3
286 4
287 0
288 0
289 0
290 3
291 0
292 3
293 2
294 2
295 2
296 3
297 2
298 0
299 3
300 0
301 0
302 3
303 2
304 3
305 2
306 3
307 0
308 2
309 0
310 0
311 2
312 3
313 3
314 2
315 3
316 3
317 4
318 0
319 2
320 2
321 2
322 2
323 2
324 0
325 3
326 3
327 0
328 2
329 3
330 3
331 2
332 2
333 3
334 3
335 3
336 3
337 3
338 2
339 2
340 0
341 2
342 0
343 3
344 4
345 0
346 0
347 0
348 2
349 3
350 1
351 0
352 3
353 3
354 2
355 4
356 2
357 2
358 0
359 2
360 3
361 0
362 0
363 3
364 2
365 0
366 2
367 0
368 3
369 2
370 3
371 3
372 0
373 4
374 3
375 0
376 2
377 3
378 2
379 1
380 0
381 3
382 0
383 3
384 0
385 2
386 2
387 3
388 3
389 2
390 0
391 2
392 0
393 3
394 3
395 2
396 2
397 3
398 3
399 2
400 3
401 0
402 3
403 0
404 1
405 2
406 2
407 2
408 0
409 3
410 0
411 1
412 2
413 2
414 3
415 0
416 3
417 0
418 3
419 2
420 0
421 0
422 2
423 2
424 0
425 2
426 2
427 2
428 3
429 0
430 0
431 2
432 2
433 0
434 3
435 0
436 2
437 2
438 2
439 2
440 2
441 2
442 3
443 0
444 0
445 0
446 1
447 0
448 0
449 2
450 3
451 2
452 0
453 3
454 3
455 1
456 2
457 2
458 4
459 0
460 3
461 0
462 3
463 3
464 3
465 2
466 3
467 3
468 1
469 2
470 4
471 0
472 0
473 2
474 0
475 2
476 0
477 0
478 3
479 0
480 2
481 0
482 0
483 3
484 0
485 2
486 2
487 0
488 2
489 0
490 2
491 3
492 3
493 0
494 0
495 3
496 0
497 3
498 2
499 1
500 3
501 2
502 2
503 2
504 3
505 2
506 2
507 2
508 0
509 2
510 2
511 0
512 2
513 2
514 2
515 1
516 2
517 3
518 3
519 2
520 2
521 2
522 2
523 0
524 0
525 3
526 3
527 3
528 2
529 0
530 0
531 3
532 3
533 3
534 3
535 1
536 1
537 2
538 3
539 0
540 2
541 2
542 2
543 0
544 3
545 2
546 2
547 0
548 0
549 1
550 0
551 2
552 4
553 2
554 0
555 2
556 0
557 3
558 0
559 2
560 2
561 0
562 3
563 1
564 3
565 3
566 3
567 2
568 3
569 3
570 3
571 3
572 0
573 3
574 2
575 2
576 0
577 0
578 3
579 0
580 3
581 0
582 0
583 2
584 2
585 0
586 2
587 0
588 0
589 0
590 3
591 3
592 2
593 0
594 2
595 3
596 0
597 2
598 2
599 1
600 3
601 3
602 2
603 4
604 2
605 3
606 2
607 3
608 2
609 2
610 0
611 3
612 2
613 2
614 0
615 2
616 0
617 0
618 2
619 2
620 2
621 0
622 2
623 1
624 2
625 2
626 0
627 0
628 0
629 2
630 2
631 3
632 2
633 0
634 0
635 0
636 2
637 2
638 0
639 4
640 2
641 3
642 0
643 2
644 3
645 0
646 2
647 0
648 3
649 3
650 0
651 1
652 2
653 3
654 2
655 0
656 0
657 0
658 2
659 3
660 3
661 2
662 1
663 2
664 2
665 2
666 1
667 1
668 0
669 3
670 3
671 3
672 3
673 0
674 0
675 2
676 3
677 2
678 4
679 2
680 0
681 1
682 3
683 0
684 2
685 0
686 1
687 0
688 3
689 1
690 3
691 0
692 0
693 0
694 0
695 0
696 2
697 0
698 0
699 0
700 2
701 3
702 2
703 2
704 2
705 3
706 3
707 0
708 2
709 1
710 2
711 2
712 2
713 0
714 3
715 2
716 3
717 2
718 3
719 2
720 0
721 0
722 0
723 2
724 2
725 3
726 2
727 0
728 2
729 2
730 0
731 3
732 3
733 3
734 0
735 3
736 1
737 2
738 2
739 3
740 0
741 3
742 2
743 0
744 3
745 3
746 2
747 0
748 1
749 2
750 2
751 0
752 3
753 0
754 1
755 2
756 2
757 3
758 4
759 3
760 3
761 3
762 2
763 2
764 2
765 0
766 1
767 1
768 0
769 3
770 2
771 2
772 2
773 2
774 0
775 2
776 3
777 3
778 2
779 0
780 0
781 3
782 0
783 0
784 0
785 1
786 2
787 0
788 2
789 3
790 3
791 2
792 2
793 3
794 2
795 2
796 2
797 0
798 0
799 0
800 1
801 2
802 4
803 2
804 2
805 3
806 4
807 2
808 3
809 3
810 2
811 2
812 2
813 4
814 0
815 0
816 2
817 3
818 2
819 0
820 2
821 3
822 2
823 2
824 2
825 0
826 3
827 3
828 4
829 2
830 0
831 2
832 0
833 2
834 3
835 0
836 2
837 2
838 3
839 3
840 0
841 0
842 0
843 2
844 0
845 2
846 0
847 2
848 0
849 2
850 3
851 0
852 3
853 2
854 0
855 2
856 2
857 2
858 3
859 1
860 2
861 0
862 2
863 2
864 0
865 0
866 0
867 0
868 0
869 3
870 2
871 3
872 3
873 2
874 2
875 0
876 2
877 3
878 3
879 0
880 0
881 0
882 2
883 2
884 3
885 2
886 3
887 2
888 0
889 0
890 3
891 0
892 3
893 2
894 0
895 1
896 2
897 2
898 0
899 3
900 2
901 2
902 2
903 0
904 3
905 0
906 2
907 0
908 0
909 2
910 2
911 2
912 0
913 2
914 2
915 3
916 0
917 1
918 0
919 3
920 2
921 2
922 2
923 0
924 2
925 0
926 0
927 3
928 0
929 1
930 2
931 2
932 2
933 4
934 0
935 2
936 2
937 0
938 0
939 2
940 0
941 2
942 0
943 3
944 2
945 2
946 0
947 3
948 0
949 2
950 0
951 0
952 3
953 0
954 3
955 3
956 3
957 3
958 2
959 3
960 3
961 2
962 2
963 0
964 2
965 3
966 2
967 0
968 0
969 2
970 3
971 3
972 2
973 2
974 0
975 0
976 2
977 3
978 2
979 0
980 0
981 2
982 3
983 2
984 2
985 2
986 3
987 0
988 0
989 3
990 2
991 2
992 3
993 2
994 0
995 3
996 3
997 2
998 3
999 2
1000 2
1001 2
1002 3
1003 2
1004 2
1005 2
1006 0
1007 3
1008 0
1009 0
1010 2
1011 0
1012 2
1013 1
1014 2
1015 0
1016 2
1017 2
1018 3
1019 0
1020 2
1021 3
1022 3
1023 0
1024 0
1025 2
1026 3
1027 2
1028 2
1029 3
1030 1
1031 0
1032 2
1033 2
1034 1
1035 2
1036 2
1037 1
1038 1
1039 2
1040 2
1041 1
1042 2
1043 0
1044 3
1045 0
1046 1
1047 0
1048 1
1049 2
1050 0
1051 1
1052 0
1053 3
1054 0
1055 0
1056 1
1057 1
1058 3
1059 3
1060 1
1061 3
1062 3
1063 1
1064 1
1065 0
1066 1
1067 1
1068 1
1069 1
1070 0
1071 1
1072 0
1073 0
1074 1
1075 1
1076 2
1077 1
1078 1
1079 1
1080 1
1081 1
1082 0
1083 1
1084 1
1085 2
1086 2
1087 1
1088 1
1089 3
1090 1
1091 3
1092 1
1093 2
1094 1
1095 1
1096 1
1097 1
1098 0
1099 1
1100 1
1101 1
1102 1
1103 1
1104 1
1105 1
1106 1
1107 2
1108 1
1109 1
1110 3
1111 0
1112 1
1113 0
1114 2
1115 0
1116 1
1117 0
1118 2
1119 0
1120 1
1121 1
1122 2
1123 2
1124 1
1125 1
1126 1
1127 4
1128 2
1129 0
1130 1
1131 0
1132 0
1133 4
1134 0
1135 2
1136 4
1137 2
1138 2
1139 1
1140 0
1141 1
1142 2
1143 1
1144 0
1145 0
1146 1
1147 2
1148 4
1149 4
1150 1
1151 0
1152 1
1153 2
1154 2
1155 3
1156 4
1157 0
1158 2
1159 1
1160 1
1161 1
1162 0
1163 2
1164 1
1165 2
1166 4
1167 0
1168 1
1169 3
1170 1
1171 1
1172 4
1173 3
1174 0
1175 3
1176 1
1177 4
1178 1
1179 2
1180 2
1181 2
1182 1
1183 1
1184 0
1185 4
1186 0
1187 1
1188 1
1189 2
1190 0
1191 0
1192 2
1193 2
1194 2
1195 1
1196 0
1197 1
1198 2
1199 2
1200 2
1201 2
1202 0
1203 1
1204 3
1205 2
1206 0
1207 0
1208 0
1209 0
1210 0
1211 2
1212 0
1213 0
1214 1
1215 1
1216 2
1217 1
1218 0
1219 1
1220 2
1221 0
1222 1
1223 0
1224 2
1225 2
1226 2
1227 0
1228 1
1229 3
1230 4
1231 3
1232 0
1233 2
1234 0
1235 1
1236 0
1237 0
1238 0
1239 0
1240 2
1241 0
1242 3
1243 0
1244 0
1245 1
1246 3
1247 1
1248 1
1249 4
1250 0
1251 0
1252 0
1253 2
1254 2
1255 2
1256 2
1257 0
1258 2
1259 0
1260 0
1261 0
1262 1
1263 1
1264 0
1265 0
1266 2
1267 0
1268 0
1269 2
1270 0
1271 4
1272 2
1273 0
1274 0
1275 0
1276 0
1277 2
1278 0
1279 0
1280 1
1281 0
1282 0
1283 3
1284 1
1285 0
1286 0
1287 4
1288 0
1289 2
1290 2
1291 3
1292 0
1293 3
1294 0
1295 0
1296 2
1297 4
1298 0
1299 2
1300 2
1301 1
1302 0
1303 3
1304 2
1305 2
1306 2
1307 2
1308 1
1309 0
1310 0
1311 3
1312 1
1313 4
1314 1
1315 0
1316 0
1317 1
1318 3
1319 2
1320 4
1321 3
1322 2
1323 2
1324 3
1325 3
1326 2
1327 2
1328 2
1329 2
1330 0
1331 1
1332 1
1333 2
1334 2
1335 1
1336 2
1337 2
1338 2
1339 2
1340 2
1341 2
1342 2
1343 2
1344 0
1345 0
1346 3
1347 0
1348 0
1349 0
1350 0
1351 0
1352 2
1353 0
1354 2
1355 0
1356 2
1357 0
1358 2
1359 3
1360 0
1361 4
1362 2
1363 3
1364 2
1365 3
1366 0
1367 2
1368 3
1369 2
1370 2
1371 2
1372 0
1373 2
1374 2
1375 0
1376 1
1377 2
1378 4
1379 2
1380 0
1381 0
1382 1
1383 3
1384 2
1385 0
1386 2
1387 3
1388 1
1389 0
1390 2
1391 2
1392 2
1393 3
1394 2
1395 2
1396 2
1397 4
1398 2
1399 1
1400 2
1401 0
1402 0
1403 0
1404 2
1405 3
1406 2
1407 0
1408 3
1409 0
1410 4
1411 2
1412 0
1413 0
1414 2
1415 2
1416 2
1417 2
1418 0
1419 0
1420 0
1421 2
1422 2
1423 2
1424 3
1425 1
1426 2
1427 2
1428 0
1429 2
1430 2
1431 0
1432 2
1433 0
1434 1
1435 0
1436 2
1437 0
1438 0
1439 2
1440 3
1441 2
1442 2
1443 2
1444 2
1445 0
1446 4
1447 0
1448 2
1449 0
1450 2
1451 0
1452 0
1453 0
1454 2
1455 2
1456 2
1457 2
1458 1
1459 2
1460 2
1461 4
1462 2
1463 3
1464 0
1465 2
1466 2
1467 2
1468 2
1469 2
1470 2
1471 3
1472 4
1473 1
1474 2
1475 3
1476 3
1477 0
1478 1
1479 2
1480 3
1481 2
1482 0
1483 2
1484 3
1485 2
1486 2
1487 0
1488 2
1489 4
1490 0
1491 2
1492 2
1493 1
1494 3
1495 3
1496 1
1497 2
1498 3
1499 2
1500 3
1501 2
1502 2
1503 0
1504 0
1505 4
1506 3
1507 4
1508 2
1509 1
1510 0
1511 2
1512 4
1513 0
1514 0
1515 4
1516 2
1517 1
1518 0
1519 0
1520 2
1521 2
1522 3
1523 3
1524 1
1525 2
1526 3
1527 2
1528 2
1529 1
1530 3
1531 1
1532 2
1533 0
1534 2
1535 3
1536 2
1537 2
1538 0
1539 2
1540 2
1541 0
1542 3
1543 2
1544 0
1545 4
1546 0
1547 2
1548 2
1549 4
1550 3
1551 1
1552 1
1553 2
1554 2
1555 0
1556 1
1557 2
1558 2
1559 2
1560 2
1561 3
1562 2
1563 0
1564 3
1565 0
1566 2
1567 0
1568 2
1569 2
1570 2
1571 2
1572 2
1573 3
1574 3
1575 2
1576 2
1577 3
1578 1
1579 0
1580 3
1581 0
1582 2
1583 0
1584 2
1585 3
1586 0
1587 0
1588 2
1589 1
1590 2
1591 1
1592 2
1593 4
1594 0
1595 0
1596 2
1597 1
1598 0
1599 3
1600 3
1601 0
1602 0
1603 2
1604 4
1605 2
1606 3
1607 0
1608 4
1609 0
1610 3
1611 0
1612 0
1613 2
1614 2
1615 2
1616 1
1617 1
1618 4
1619 2
1620 2
1621 2
1622 3
1623 3
1624 1
1625 1
1626 0
1627 0
1628 0
1629 3
1630 2
1631 0
1632 3
1633 2
1634 2
1635 2
1636 2
1637 3
1638 0
1639 3
1640 3
1641 1
1642 2
1643 0
1644 2
1645 2
1646 0
1647 2
1648 2
1649 3
1650 0
1651 1
1652 0
1653 3
1654 0
1655 2
1656 0
1657 2
1658 2
1659 3
1660 2
1661 0
1662 3
1663 0
1664 0
1665 4
1666 2
1667 2
1668 3
1669 2
1670 2
1671 0
1672 2
1673 0
1674 4
1675 3
1676 3
1677 2
1678 0
1679 0
1680 2
1681 0
1682 0
1683 1
1684 3
1685 3
1686 2
1687 2
1688 3
1689 3
1690 1
1691 0
1692 1
1693 1
1694 2
1695 2
1696 2
1697 2
1698 1
1699 0
1700 2
1701 3
1702 0
1703 0
1704 2
1705 1
1706 0
1707 0
1708 6
1709 0
1710 2
1711 2
1712 3
1713 0
1714 2
1715 2
1716 0
1717 2
1718 3
1719 0
1720 2
1721 2
1722 3
1723 2
1724 3
1725 3
1726 0
1727 3
1728 0
1729 3
1730 0
1731 0
1732 2
1733 3
1734 0
1735 3
1736 2
1737 0
1738 0
1739 2
1740 2
1741 2
1742 2
1743 2
1744 2
1745 2
1746 2
1747 2
1748 2
1749 2
1750 0
1751 2
1752 3
1753 3
1754 2
1755 0
1756 0
1757 2
1758 2
1759 3
1760 0
1761 0
1762 1
1763 0
1764 0
1765 1
1766 2
1767 3
1768 2
1769 3
1770 2
1771 1
1772 7
1773 2
1774 3
1775 0
1776 2
1777 2
1778 3
1779 2
1780 2
1781 2
1782 3
1783 2
1784 2
1785 0
1786 2
1787 2
1788 0
1789 3
1790 3
1791 3
1792 0
1793 3
1794 0
1795 2
1796 2
1797 2
1798 3
1799 0
1800 3
1801 2
1802 2
1803 2
1804 3
1805 3
1806 3
1807 0
1808 0
1809 0
1810 2
1811 0
1812 3
1813 2
1814 0
1815 1
1816 0
1817 3
1818 2
1819 1
1820 2
1821 0
1822 4
1823 3
1824 2
1825 2
1826 2
1827 0
1828 0
1829 0
1830 3
1831 2
1832 2
1833 2
1834 4
1835 2
1836 4
1837 2
1838 2
1839 4
1840 2
1841 0
1842 2
1843 2
1844 4
1845 1
1846 2
1847 3
1848 2
1849 1
1850 3
1851 4
1852 4
1853 2
1854 2
1855 2
1856 2
1857 2
1858 4
1859 2
1860 1
1861 0
1862 2
1863 2
1864 2
1865 2
1866 3
1867 2
1868 2
1869 2
1870 0
1871 1
1872 1
1873 1
1874 1
1875 1
1876 1
1877 1
1878 1
1879 0
1880 2
1881 1
1882 0
1883 0
1884 0
1885 4
1886 3
1887 5
1888 2
1889 5
1890 4
1891 3
1892 2
1893 0
1894 4
1895 1
1896 0
1897 4
1898 1
1899 2
1900 1
1901 4
1902 4
1903 1
1904 2
1905 1
1906 5
1907 2
1908 4
1909 2
1910 4
1911 5
1912 4
1913 4
1914 1
1915 0
1916 0
1917 0
1918 4
1919 1
1920 4
1921 1
1922 5
1923 5
1924 4
1925 2
1926 2
1927 1
1928 2
1929 4
1930 4
1931 4
1932 2
1933 1
1934 1
1935 4
1936 1
1937 4
1938 1
1939 2
1940 1
1941 1
1942 4
1943 0
1944 4
1945 4
1946 1
1947 0
1948 2
1949 2
1950 4
1951 2
1952 4
1953 3
1954 2
1955 4
1956 4
1957 4
1958 0
1959 5
1960 2
1961 2
1962 3
1963 2
1964 2
1965 5
1966 5
1967 1
1968 5
1969 1
1970 2
1971 0
1972 0
1973 0
1974 0
1975 4
1976 0
1977 2
1978 0
1979 3
1980 0
1981 0
1982 0
1983 2
1984 2
1985 0
1986 2
1987 2
1988 2
1989 0
1990 0
1991 2
1992 2
1993 0
1994 0
1995 0
1996 0
1997 3
1998 2
1999 2
2000 0
2001 0
2002 0
2003 0
2004 2
2005 0
2006 4
2007 0
2008 0
2009 0
2010 0
2011 3
2012 0
2013 3
2014 2
2015 0
2016 0
2017 4
2018 2
2019 1
2020 2
2021 1
2022 1
2023 1
2024 0
2025 0
2026 0
2027 0
2028 1
2029 0
2030 0
2031 0
2032 3
2033 1
2034 4
2035 0
2036 0
2037 3
2038 1
2039 0
2040 1
2041 0
2042 1
2043 0
2044 0
2045 1
2046 0
2047 1
2048 1
2049 1
2050 1
2051 3
2052 0
2053 0
2054 2
2055 0
2056 2
2057 0
2058 0
2059 0
2060 0
2061 0
2062 0
2063 0
2064 0
2065 0
2066 0
2067 2
2068 0
2069 0
2070 0
2071 1
2072 1
2073 0
2074 3
2075 3
2076 0
2077 3
2078 0
2079 1
2080 1
2081 0
2082 1
2083 2
2084 1
2085 0
2086 2
2087 0
2088 0
2089 2
2090 2
2091 2
2092 0
2093 3
2094 0
2095 2
2096 1
2097 0
2098 3
2099 0
2100 1
2101 0
2102 3
2103 0
2104 1
2105 3
2106 0
2107 2
2108 0
2109 2
2110 1
2111 0
2112 2
2113 0
2114 2
2115 0
2116 0
2117 0
2118 0
2119 0
2120 0
2121 1
2122 0
2123 2
2124 1
2125 1
2126 0
2127 4
2128 3
2129 3
2130 2
2131 1
2132 1
2133 3
2134 2
2135 3
2136 2
2137 2
2138 2
2139 2
2140 4
2141 2
2142 2
2143 2
2144 3
2145 4
2146 4
2147 2
2148 2
2149 3
2150 2
2151 2
2152 1
2153 4
2154 4
2155 2
2156 3
2157 4
2158 4
2159 4
2160 2
2161 3
2162 2
2163 2
2164 1
2165 4
2166 1
2167 2
2168 2
2169 4
2170 4
2171 1
2172 4
2173 2
2174 2
2175 3
2176 2
2177 0
2178 2
2179 0
2180 2
2181 2
2182 1
2183 4
2184 4
2185 1
2186 1
2187 3
2188 2
2189 2
2190 1
2191 2
2192 1
2193 0
2194 4
2195 3
2196 2
2197 3
2198 2
2199 4
2200 1
2201 2
2202 1
2203 2
2204 2
2205 1
2206 2
2207 2
2208 2
2209 4
2210 1
2211 3
2212 2
2213 2
2214 2
2215 2
2216 2
2217 3
2218 2
2219 2
2220 4
2221 2
2222 1
2223 2
2224 4
2225 1
2226 4
2227 2
2228 2
2229 4
2230 4
2231 4
2232 2
2233 2
2234 0
2235 2
2236 6
2237 3
2238 4
2239 1
2240 1
2241 1
2242 1
2243 2
2244 1
2245 0
2246 1
2247 1
2248 2
2249 1
2250 1
2251 2
2252 4
2253 2
2254 2
2255 3
2256 1
2257 2
2258 2
2259 1
2260 2
2261 3
2262 1
2263 1
2264 1
2265 2
2266 2
2267 4
2268 1
2269 1
2270 1
2271 1
2272 1
2273 4
2274 2
2275 3
2276 1
2277 1
2278 0
2279 4
2280 1
2281 1
2282 1
2283 1
2284 2
2285 2
2286 1
2287 3
2288 0
2289 2
2290 1
2291 4
2292 1
2293 1
2294 1
2295 1
2296 1
2297 1
2298 1
2299 1
2300 1
2301 1
2302 1
2303 1
2304 1
2305 1
2306 1
2307 1
2308 1
2309 1
2310 1
2311 1
2312 1
2313 1
2314 1
2315 1
2316 1
2317 1
2318 1
2319 1
2320 1
2321 1
2322 0
2323 2
2324 4
2325 0
2326 2
2327 0
2328 0
2329 1
2330 1
2331 0
2332 0
2333 1
2334 0
2335 2
2336 2
2337 1
2338 1
2339 1
2340 1
2341 1
2342 1
2343 0
2344 2
2345 3
2346 1
2347 2
2348 4
2349 4
2350 3
2351 1
2352 0
2353 0
2354 2
2355 1
2356 4
2357 4
2358 2
2359 4
2360 1
2361 4
2362 1
2363 1
2364 1
2365 1
2366 1
2367 3
2368 0
2369 4
2370 2
2371 0
2372 2
2373 1
2374 1
2375 1
2376 1
2377 0
2378 0
2379 0
2380 2
2381 1
2382 2
2383 2
2384 2
2385 1
2386 0
2387 4
2388 1
2389 1
2390 1
2391 4
2392 1
2393 1
2394 1
2395 4
2396 0
2397 1
2398 2
2399 4
2400 0
2401 1
2402 0
2403 0
2404 1
2405 3
2406 2
2407 1
2408 1
2409 2
2410 4
2411 3
2412 2
2413 1
2414 2
2415 1
2416 1
2417 1
2418 1
2419 1
2420 1
2421 3
2422 2
2423 1
2424 0
2425 2
2426 2
2427 2
2428 1
2429 3
2430 4
2431 2
2432 1
2433 1
2434 2
2435 2
2436 1
2437 1
2438 1
2439 1
2440 1
2441 3
2442 2
2443 2
2444 1
2445 0
2446 2
2447 2
2448 3
2449 3
2450 2
2451 1
2452 1
2453 1
2454 1
2455 3
2456 1
2457 0
2458 1
2459 2
2460 3
2461 1
2462 1
2463 1
2464 1
2465 1
2466 1
2467 1
2468 1
2469 1
2470 2
2471 2
2472 2
2473 0
2474 0
2475 1
2476 0
2477 1
2478 1
2479 1
2480 1
2481 2
2482 2
2483 4
2484 1
2485 1
2486 1
2487 0
2488 1
2489 1
2490 1
2491 1
2492 1
2493 1
2494 1
2495 1
2496 4
2497 4
2498 1
2499 4
2500 1
2501 3
2502 0
2503 1
2504 1
2505 1
2506 2
2507 4
2508 4
2509 2
2510 4
2511 4
2512 4
2513 4
2514 0
2515 4
2516 4
2517 4
2518 4
2519 4
2520 4
2521 4
2522 4
2523 4
2524 3
2525 1
2526 1
2527 4
2528 4
2529 4
2530 4
2531 4
2532 4
2533 4
2534 4
2535 2
2536 0
2537 4
2538 0
2539 4
2540 4
2541 4
2542 3
2543 4
2544 2
2545 4
2546 4
2547 4
2548 3
2549 4
2550 4
2551 1
2552 4
2553 4
2554 4
2555 2
2556 0
2557 1
2558 2
2559 4
2560 4
2561 4
2562 4
2563 4
2564 4
2565 4
2566 4
2567 2
2568 3
2569 4
2570 3
2571 4
2572 4
2573 4
2574 3
2575 1
2576 4
2577 2
2578 4
2579 4
2580 3
2581 1
2582 4
2583 1
2584 2
2585 4
2586 2
2587 2
2588 4
2589 4
2590 2
2591 4
2592 0
2593 4
2594 4
2595 4
2596 2
2597 2
2598 4
2599 3
2600 4
2601 4
2602 4
2603 4
2604 4
2605 1
2606 4
2607 4
2608 3
2609 2
2610 4
2611 3
2612 1
2613 4
2614 2
2615 1
2616 0
2617 3
2618 2
2619 2
2620 3
2621 4
2622 2
2623 3
2624 2
2625 2
2626 2
2627 2
2628 2
2629 2
2630 2
2631 4
2632 2
2633 2
2634 2
2635 3
2636 4
2637 4
2638 2
2639 4
2640 2
2641 2
2642 2
2643 2
2644 3
2645 2
2646 2
2647 2
2648 3
2649 2
2650 4
2651 1
2652 3
2653 2
2654 3
2655 3
2656 4
2657 2
2658 3
2659 4
2660 2
2661 2
2662 4
2663 4
2664 4
2665 4
2666 4
2667 2
2668 3
2669 4
2670 3
2671 2
2672 4
2673 3
2674 3
2675 3
2676 3
2677 2
2678 2
2679 4
2680 4
2681 2
2682 2
2683 2
2684 2
2685 3
2686 2
2687 4
2688 3
2689 2
2690 2
2691 2
2692 4
2693 2
2694 2
2695 3
2696 2
2697 2
2698 2
2699 1
2700 2
2701 4
2702 4
2703 2
2704 2
2705 4
2706 2
2707 2
2708 2
2709 2
2710 4
2711 1
2712 4
2713 2
2714 2
2715 3
2716 2
2717 2
2718 3
2719 2
2720 2
2721 2
2722 2
2723 3
2724 2
2725 1
2726 4
2727 1
2728 3
2729 4
2730 2
2731 2
2732 2
2733 2
2734 2
2735 2
2736 3
2737 3
2738 2
2739 2
2740 3
2741 2
2742 2
2743 2
2744 4
2745 3
2746 2
2747 2
2748 2
2749 3
2750 4
2751 4
2752 2
2753 4
2754 2
2755 1
2756 3
2757 2
2758 1
2759 1
2760 2
2761 2
2762 4
2763 2
2764 4
2765 2
2766 2
2767 2
2768 3
2769 3
2770 2
2771 2
2772 2
2773 3
2774 2
2775 3
2776 1
2777 2
2778 2
2779 2
2780 4
2781 2
2782 2
2783 2
2784 2
2785 2
2786 2
2787 2
2788 3
2789 2
2790 2
2791 2
2792 2
2793 4
2794 4
2795 1
2796 2
2797 3
2798 2
2799 2
2800 2
2801 2
2802 4
2803 2
2804 4
2805 2
2806 2
2807 2
2808 2
2809 4
2810 2
2811 4
2812 4
2813 4
2814 2
2815 4
2816 2
2817 2
2818 2
2819 3
2820 2
2821 4
2822 3
2823 2
2824 2
2825 2
2826 3
2827 2
2828 4
2829 4
2830 4
2831 4
2832 3
2833 2
2834 2
2835 4
2836 2
2837 4
2838 4
2839 2
2840 4
2841 3
2842 2
2843 3
2844 2
2845 2
2846 2
2847 2
2848 2
2849 2
2850 3
2851 2
2852 2
2853 4
2854 2
2855 4
2856 2
2857 3
2858 3
2859 3
2860 2
2861 4
2862 2
2863 4
2864 4
2865 4
2866 4
2867 4
2868 2
2869 4
2870 2
2871 2
2872 4
2873 2
2874 2
2875 3
2876 2
2877 2
2878 3
2879 4
2880 4
2881 2
2882 2
2883 4
2884 2
2885 3
2886 4
2887 4
2888 2
2889 2
2890 4
2891 2
2892 2
2893 2
2894 2
2895 2
2896 2
2897 2
2898 2
2899 4
2900 2
2901 2
2902 2
2903 3
2904 1
2905 2
2906 4
2907 4
2908 2
2909 1
2910 3
2911 4
2912 2
2913 3
2914 2
2915 4
2916 2
2917 3
2918 4
2919 2
2920 3
2921 3
2922 2
2923 2
2924 2
2925 2
2926 2
2927 2
2928 2
2929 4
2930 2
2931 2
2932 2
2933 2
2934 2
2935 3
2936 3
2937 2
2938 3
2939 3
2940 3
2941 2
2942 2
2943 2
2944 2
2945 4
2946 2
2947 4
2948 2
2949 0
2950 4
2951 4
2952 4
2953 1
2954 4
2955 2
2956 2
2957 4
2958 4
2959 4
2960 2
2961 2
2962 2
2963 1
2964 1
2965 1
2966 2
2967 4
2968 2
2969 2
2970 1
2971 2
2972 4
2973 1
2974 0
2975 0
2976 1
2977 4
2978 2
2979 2
2980 0
2981 4
2982 1
2983 1
2984 1
2985 1
2986 1
2987 4
2988 1
2989 1
2990 4
2991 2
2992 0
2993 0
2994 1
2995 1
2996 4
2997 4
2998 2
2999 2
3000 1
3001 2
3002 2
3003 0
3004 2
3005 1
3006 3
3007 1
3008 0
3009 1
3010 1
3011 2
3012 2
3013 0
3014 0
3015 1
3016 1
3017 4
3018 2
3019 1
3020 4
3021 1
3022 2
3023 1
3024 3
3025 2
3026 3
3027 2
3028 1
3029 1
3030 4
3031 2
3032 0
3033 3
3034 0
3035 2
3036 1
3037 0
3038 1
3039 2
3040 2
3041 2
3042 2
3043 2
3044 2
3045 4
3046 2
3047 2
3048 2
3049 2
3050 4
3051 4
3052 2
3053 4
3054 2
3055 0
3056 4
3057 3
3058 1
3059 2
3060 1
3061 3
3062 0
3063 0
3064 2
3065 2
3066 3
3067 2
3068 2
3069 3
3070 0
3071 1
3072 4
3073 2
3074 4
3075 2
3076 1
3077 4
3078 2
3079 1
3080 1
3081 2
3082 2
3083 2
3084 0
3085 3
3086 1
3087 0
3088 0
3089 3
3090 1
3091 4
3092 1
3093 2
3094 1
3095 1
3096 2
3097 1
3098 1
3099 1
3100 1
3101 4
3102 3
3103 1
3104 2
3105 0
3106 0
3107 3
3108 1
3109 0
3110 3
3111 0
3112 1
3113 3
3114 3
3115 1
3116 2
3117 4
3118 4
3119 4
3120 1
3121 2
3122 4
3123 0
3124 2
3125 1
3126 1
3127 2
3128 0
3129 1
3130 0
3131 1
3132 4
3133 4
3134 2
3135 2
3136 2
3137 0
3138 4
3139 3
3140 1
3141 4
3142 1
3143 1
3144 1
3145 4
3146 2
3147 3
3148 0
3149 1
3150 4
3151 4
3152 3
3153 0
3154 1
3155 2
3156 2
3157 4
3158 3
3159 2
3160 2
3161 1
3162 2
3163 2
3164 2
3165 2
3166 4
3167 2
3168 2
3169 4
3170 4
3171 2
3172 1
3173 2
3174 0
3175 2
3176 4
3177 1
3178 3
3179 2
3180 2
3181 3
3182 2
3183 4
3184 1
3185 3
3186 4
3187 0
3188 2
3189 2
3190 3
3191 4
3192 4
3193 0
3194 0
3195 2
3196 2
3197 1
3198 4
3199 2
3200 1
3201 4
3202 0
3203 0
3204 4
3205 2
3206 3
3207 3
3208 2
3209 4
3210 0
3211 2
3212 3
3213 2
3214 2
3215 2
3216 2
3217 2
3218 2
3219 2
3220 1
3221 2
3222 3
3223 3
3224 4
3225 2
3226 3
3227 4
3228 4
3229 4
3230 3
3231 3
3232 2
3233 2
3234 4
3235 2
3236 3
3237 2
3238 2
3239 2
3240 2
3241 2
3242 2
3243 2
3244 2
3245 1
3246 2
3247 4
3248 4
3249 3
3250 4
3251 2
3252 3
3253 4
3254 2
3255 3
3256 2
3257 3
3258 2
3259 4
3260 3
3261 2
3262 3
3263 4
3264 2
3265 2
3266 3
3267 3
3268 0
3269 2
3270 0
3271 1
3272 4
3273 3
3274 2
3275 1
3276 2
3277 4
3278 2
3279 2
3280 3
3281 3
3282 2
3283 2
3284 2
3285 3
3286 2
3287 1
3288 2
3289 2
3290 2
3291 1
3292 4
3293 1
3294 3
3295 3
3296 2
3297 4
3298 2
3299 1
3300 2
3301 2
3302 4
3303 3
3304 2
3305 2
3306 2
3307 2
3308 4
3309 4
3310 0
3311 4
3312 1
3313 4
3314 0
3315 4
3316 1
3317 2
3318 2
3319 2
3320 2
3321 1
3322 2
3323 2
3324 2
3325 4
3326 0
3327 3
3328 1
3329 2
3330 2
3331 4
3332 2
3333 3
3334 2
3335 4
3336 2
3337 3
3338 4
3339 0
3340 2
3341 1
3342 0
3343 2
3344 4
3345 1
3346 4
3347 3
3348 4
3349 3
3350 2
3351 3
3352 2
3353 3
3354 4
3355 1
3356 4
3357 3
3358 2
3359 2
3360 3
3361 2
3362 2
3363 2
3364 0
3365 2
3366 3
3367 4
3368 0
3369 2
3370 2
3371 3
3372 1
3373 0
3374 2
3375 4
3376 3
3377 0
3378 3
3379 3
3380 1
3381 4
3382 2
3383 2
3384 3
3385 2
3386 3
3387 3
3388 2
3389 3
3390 2
3391 3
3392 2
3393 1
3394 2
3395 2
3396 3
3397 2
3398 2
3399 0
3400 2
3401 2
3402 3
3403 2
3404 3
3405 2
3406 2
3407 3
3408 3
3409 2
3410 3
3411 2
3412 3
3413 3
3414 4
3415 0
3416 0
3417 2
3418 4
3419 2
3420 4
3421 2
3422 2
3423 0
3424 2
3425 2
3426 4
3427 1
3428 4
3429 2
3430 1
3431 4
3432 3
3433 3
3434 2
3435 4
3436 2
3437 3
3438 2
3439 4
3440 1
3441 4
3442 4
3443 4
3444 2
3445 3
3446 3
3447 0
3448 0
3449 1
3450 2
3451 4
3452 4
3453 2
3454 2
3455 3
3456 4
3457 0
3458 2
3459 2
3460 2
3461 2
3462 2
3463 4
3464 2
3465 0
3466 3
3467 3
3468 4
3469 3
3470 3
3471 2
3472 2
3473 4
3474 4
3475 3
3476 4
3477 3
3478 3
3479 2
3480 0
3481 1
3482 2
3483 2
3484 2
3485 2
3486 2
3487 2
3488 2
3489 2
3490 4
3491 1
3492 4
3493 2
3494 3
3495 4
3496 3
3497 2
3498 4
3499 3
3500 1
3501 0
3502 2
3503 2
3504 1
3505 2
3506 3
3507 0
3508 4
3509 2
3510 2
3511 2
3512 0
3513 2
3514 2
3515 2
3516 3
3517 2
3518 4
3519 1
3520 0
3521 4
3522 2
3523 2
3524 2
3525 4
3526 4
3527 4
3528 4
3529 4
3530 2
3531 2
3532 4
3533 4
3534 3
3535 2
3536 1
3537 2
3538 2
3539 1
3540 2
3541 0
3542 2
3543 2
3544 2
3545 2
3546 3
3547 0
3548 3
3549 2
3550 2
3551 3
3552 0
3553 0
3554 4
3555 2
3556 2
3557 2
3558 2
3559 3
3560 3
3561 0
3562 2
3563 4
3564 2
3565 4
3566 4
3567 4
3568 1
3569 1
3570 3
3571 3
3572 4
3573 2
3574 2
3575 4
3576 2
3577 3
3578 3
3579 4
3580 0
3581 0
3582 3
3583 3
3584 0
3585 4
3586 2
3587 2
3588 2
3589 2
3590 2
3591 0
3592 1
3593 2
3594 4
3595 2
3596 4
3597 2
3598 3
3599 2
3600 2
3601 2
3602 2
3603 4
3604 4
3605 3
3606 4
3607 3
3608 4
3609 1
3610 2
3611 2
3612 2
3613 1
3614 4
3615 2
3616 2
3617 2
3618 1
3619 0
3620 4
3621 4
3622 2
3623 2
3624 2
3625 3
3626 2
3627 1
3628 0
3629 2
3630 1
3631 4
3632 4
3633 4
3634 3
3635 2
3636 2
3637 2
3638 3
3639 4
3640 4
3641 2
3642 1
3643 4
3644 2
3645 2
3646 2
3647 2
3648 2
3649 1
3650 1
3651 4
3652 2
3653 2
3654 2
3655 2
3656 0
3657 2
3658 3
3659 4
3660 2
3661 2
3662 4
3663 1
3664 4
3665 4
3666 4
3667 1
3668 2
3669 1
3670 2
3671 2
3672 1
3673 4
3674 3
3675 0
3676 4
3677 0
3678 1
3679 4
3680 1
3681 1
3682 2
3683 2
3684 1
3685 2
3686 4
3687 2
3688 0
3689 2
3690 1
3691 2
3692 2
3693 4
3694 2
3695 2
3696 1
3697 2
3698 2
3699 2
3700 2
3701 4
3702 2
3703 1
3704 4
3705 0
3706 2
3707 2
3708 3
3709 4
3710 3
3711 2
3712 4
3713 3
3714 2
3715 2
3716 3
3717 4
3718 2
3719 2
3720 1
3721 4
3722 0
3723 2
3724 2
3725 2
3726 2
3727 2
3728 4
3729 3
3730 2
3731 3
3732 3
3733 3
3734 3
3735 2
3736 2
3737 2
3738 4
3739 2
3740 4
3741 2
3742 3
3743 4
3744 2
3745 4
3746 4
3747 2
3748 4
3749 4
3750 4
3751 1
3752 2
3753 3
3754 2
3755 3
3756 1
3757 2
3758 2
3759 2
3760 2
3761 1
3762 1
3763 2
3764 4
3765 0
3766 2
3767 2
3768 1
3769 2
3770 2
3771 2
3772 2
3773 4
3774 2
3775 2
3776 2
3777 2
3778 4
3779 1
3780 2
3781 2
3782 1
3783 3
3784 2
3785 0
3786 1
3787 4
3788 3
3789 4
3790 0
3791 1
3792 0
3793 3
3794 4
3795 3
3796 3
3797 2
3798 2
3799 1
3800 0
3801 0
3802 4
3803 4
3804 1
3805 0
3806 2
3807 3
3808 2
3809 0
3810 1
3811 3
3812 2
3813 2
3814 4
3815 1
3816 1
3817 3
3818 3
3819 2
3820 0
3821 0
3822 2
3823 2
3824 2
3825 2
3826 4
3827 3
3828 0
3829 4
3830 2
3831 4
3832 4
3833 4
3834 3
3835 2
3836 2
3837 2
3838 3
3839 2
3840 1
3841 4
3842 1
3843 1
3844 1
3845 0
3846 3
3847 3
3848 1
3849 4
3850 2
3851 1
3852 0
3853 0
3854 2
3855 4
3856 4
3857 3
3858 4
3859 1
3860 2
3861 1
3862 4
3863 2
3864 1
3865 4
3866 0
3867 0
3868 1
3869 0
3870 0
3871 3
3872 1
3873 0
3874 0
3875 1
3876 0
3877 1
3878 1
3879 1
3880 3
3881 4
3882 1
3883 3
3884 1
3885 4
3886 2
3887 1
3888 1
3889 3
3890 1
3891 2
3892 0
3893 1
3894 0
3895 4
3896 2
3897 2
3898 1
3899 4
3900 1
3901 1
3902 1
3903 0
3904 1
3905 2
3906 2
3907 4
3908 0
3909 2
3910 4
3911 4
3912 1
3913 4
3914 1
3915 2
3916 2
3917 1
3918 1
3919 4
3920 0
3921 1
3922 1
3923 1
3924 4
3925 1
3926 4
3927 1
3928 2
3929 0
3930 1
3931 1
3932 4
3933 0
3934 4
3935 0
3936 4
3937 0
3938 2
3939 3
3940 3
3941 1
3942 3
3943 1
3944 2
3945 0
3946 0
3947 2
3948 0
3949 0
3950 0
3951 2
3952 4
3953 1
3954 14
3955 0
3956 0
3957 1
3958 0
3959 0
3960 1
3961 0
3962 1
3963 3
3964 4
3965 2
3966 1
3967 1
3968 1
3969 2
3970 1
3971 2
3972 4
3973 3
3974 4
3975 4
3976 4
3977 1
3978 0
3979 4
3980 4
3981 1
3982 1
3983 4
3984 1
3985 1
3986 0
3987 0
3988 1
3989 1
3990 0
3991 2
3992 4
3993 3
3994 0
3995 1
3996 1
3997 1
3998 4
3999 0
4000 1
4001 1
4002 4
4003 4
4004 4
4005 4
4006 4
4007 4
4008 4
4009 0
4010 0
4011 1
4012 1
4013 1
4014 1
4015 0
4016 2
4017 2
4018 1
4019 2
4020 4
4021 4
4022 4
4023 4
4024 4
4025 1
4026 4
4027 2
4028 2
4029 2
4030 4
4031 1
4032 2
4033 2
4034 2
4035 1
4036 1
4037 0
4038 4
4039 2
4040 1
4041 0
4042 1
4043 1
4044 0
4045 1
4046 1
4047 4
4048 0
4049 2
4050 0
4051 0
4052 4
4053 4
4054 0
4055 3
4056 0
4057 4
4058 0
4059 1
4060 2
4061 2
4062 1
4063 1
4064 0
4065 4
4066 0
4067 0
4068 1
4069 2
4070 1
4071 2
4072 4
4073 4
4074 3
4075 1
4076 2
4077 2
4078 2
4079 2
4080 2
4081 4
4082 2
4083 0
4084 2
4085 2
4086 1
4087 1
4088 0
4089 4
4090 1
4091 4
4092 0
4093 0
4094 1
4095 2
4096 1
4097 1
4098 4
4099 4
4100 0
4101 4
4102 2
4103 4
4104 4
4105 2
4106 4
4107 1
4108 4
4109 4
4110 4
4111 4
4112 1
4113 0
4114 4
4115 4
4116 1
4117 4
4118 4
4119 4
4120 1
4121 4
4122 4
4123 2
4124 2
4125 4
4126 2
4127 4
4128 4
4129 4
4130 0
4131 4
4132 4
4133 4
4134 4
4135 2
4136 4
4137 4
4138 4
4139 1
4140 0
4141 4
4142 4
4143 4
4144 4
4145 2
4146 4
4147 4
4148 4
4149 2
4150 4
4151 4
4152 2
4153 4
4154 1
4155 2
4156 4
4157 4
4158 4
4159 4
4160 0
4161 1
4162 4
4163 4
4164 2
4165 4
4166 1
4167 4
4168 4
4169 4
4170 4
4171 4
4172 4
4173 2
4174 4
4175 4
4176 4
4177 2
4178 0
4179 4
4180 4
4181 2
4182 0
4183 4
4184 4
4185 4
4186 2
4187 4
4188 4
4189 4
4190 4
4191 4
4192 4
4193 4
4194 4
4195 0
4196 2
4197 4
4198 4
4199 2
4200 4
4201 4
4202 4
4203 4
4204 4
4205 4
4206 4
4207 4
4208 1
4209 4
4210 0
4211 4
4212 2
4213 4
4214 4
4215 4
4216 4
4217 4
4218 14
4219 2
4220 1
4221 2
4222 4
4223 4
4224 1
4225 1
4226 4
4227 2
4228 1
4229 1
4230 1
4231 1
4232 1
4233 1
4234 1
4235 0
4236 4
4237 1
4238 4
4239 1
4240 0
4241 1
4242 1
4243 1
4244 1
4245 1
4246 1
4247 0
4248 4
4249 1
4250 4
4251 1
4252 2
4253 1
4254 3
4255 3
4256 4
4257 1
4258 4
4259 1
4260 0
4261 4
4262 2
4263 0
4264 0
4265 1
4266 1
4267 1
4268 1
4269 1
4270 1
4271 1
4272 4
4273 1
4274 1
4275 2
4276 1
4277 2
4278 2
4279 4
4280 7
4281 1
4282 0
4283 4
4284 0
4285 1
4286 0
4287 3
4288 1
4289 0
4290 4
4291 3
4292 4
4293 1
4294 0
4295 4
4296 1
4297 1
4298 1
4299 1
4300 1
4301 1
4302 4
4303 4
4304 4
4305 1
4306 3
4307 4
4308 1
4309 2
4310 3
4311 0
4312 0
4313 1
4314 3
4315 1
4316 1
4317 0
4318 2
4319 0
4320 1
4321 0
4322 0
4323 1
4324 2
4325 0
4326 0
4327 1
4328 1
4329 4
4330 1
4331 2
4332 4
4333 1
4334 0
4335 1
4336 1
4337 1
4338 1
4339 2
4340 0
4341 0
4342 3
4343 4
4344 2
4345 1
4346 1
4347 0
4348 1
4349 1
4350 0
4351 1
4352 1
4353 1
4354 2
4355 3
4356 4
4357 2
4358 1
4359 4
4360 4
4361 4
4362 3
4363 1
4364 0
4365 1
4366 1
4367 2
4368 1
4369 1
4370 0
4371 1
4372 0
4373 0
4374 4
4375 4
4376 4
4377 3
4378 1
4379 1
4380 1
4381 0
4382 1
4383 0
4384 1
4385 4
4386 3
4387 0
4388 1
4389 1
4390 4
4391 1
4392 0
4393 0
4394 0
4395 1
4396 0
4397 0
4398 1
4399 0
4400 1
4401 0
4402 1
4403 0
4404 1
4405 3
4406 4
4407 1
4408 1
4409 3
4410 1
4411 1
4412 1
4413 1
4414 3
4415 4
4416 4
4417 1
4418 4
4419 1
4420 1
4421 2
4422 4
4423 1
4424 1
4425 1
4426 4
4427 4
4428 2
4429 1
4430 1
4431 0
4432 1
4433 1
4434 4
4435 1
4436 1
4437 4
4438 1
4439 1
4440 3
4441 4
4442 1
4443 0
4444 3
4445 7
4446 0
4447 1
4448 1
4449 0
4450 0
4451 1
4452 3
4453 1
4454 3
4455 3
4456 1
4457 1
4458 1
4459 1
4460 0
4461 1
4462 0
4463 1
4464 1
4465 4
4466 4
4467 4
4468 0
4469 2
4470 4
4471 4
4472 4
4473 0
4474 4
4475 1
4476 2
4477 4
4478 0
4479 2
4480 1
4481 3
4482 1
4483 0
4484 1
4485 0
4486 1
4487 1
4488 0
4489 4
4490 4
4491 1
4492 4
4493 1
4494 1
4495 1
4496 1
4497 1
4498 4
4499 1
4500 1
4501 4
4502 1
4503 4
4504 4
4505 0
4506 1
4507 2
4508 1
4509 1
4510 1
4511 2
4512 1
4513 1
4514 1
4515 1
4516 2
4517 1
4518 0
4519 0
4520 0
4521 0
4522 0
4523 4
4524 2
4525 0
4526 0
4527 2
4528 0
4529 0
4530 0
4531 0
4532 0
4533 0
4534 4
4535 0
4536 1
4537 1
4538 0
4539 1
4540 1
4541 1
4542 0
4543 2
4544 1
4545 0
4546 4
4547 1
4548 0
4549 1
4550 0
4551 1
4552 2
4553 4
4554 2
4555 4
4556 4
4557 2
4558 1
4559 1
4560 0
4561 0
4562 2
4563 2
4564 1
4565 0
4566 2
4567 0
4568 1
4569 2
4570 1
4571 1
4572 7
4573 0
4574 0
4575 0
4576 0
4577 4
4578 4
4579 4
4580 4
4581 4
4582 1
4583 1
4584 0
4585 4
4586 2
4587 4
4588 1
4589 1
4590 2
4591 1
4592 1
4593 2
4594 1
4595 2
4596 4
4597 2
4598 1
4599 3
4600 4
4601 2
4602 2
4603 2
4604 4
4605 0
4606 2
4607 2
4608 4
4609 2
4610 4
4611 1
4612 1
4613 2
4614 4
4615 1
4616 0
4617 4
4618 4
4619 2
4620 1
4621 2
4622 2
4623 4
4624 1
4625 4
4626 4
4627 4
4628 4
4629 1
4630 4
4631 2
4632 2
4633 4
4634 4
4635 0
4636 3
4637 4
4638 4
4639 4
4640 4
4641 1
4642 2
4643 1
4644 4
4645 0
4646 1
4647 1
4648 1
4649 1
4650 1
4651 4
4652 2
4653 4
4654 4
4655 1
4656 1
4657 4
4658 4
4659 1
4660 0
4661 1
4662 4
4663 1
4664 1
4665 1
4666 1
4667 3
4668 1
4669 1
4670 1
4671 1
4672 1
4673 4
4674 1
4675 0
4676 4
4677 4
4678 4
4679 4
4680 4
4681 3
4682 1
4683 1
4684 0
4685 4
4686 0
4687 4
4688 0
4689 4
4690 1
4691 4
4692 4
4693 1
4694 2
4695 1
4696 2
4697 0
4698 4
4699 4
4700 1
4701 4
4702 4
4703 2
4704 4
4705 4
4706 4
4707 2
4708 4
4709 1
4710 0
4711 2
4712 1
4713 4
4714 2
4715 4
4716 4
4717 4
4718 4
4719 4
4720 1
4721 4
4722 4
4723 4
4724 4
4725 4
4726 4
4727 0
4728 4
4729 4
4730 4
4731 4
4732 4
4733 0
4734 4
4735 1
4736 4
4737 0
4738 4
4739 4
4740 4
4741 4
4742 1
4743 4
4744 4
4745 4
4746 4
4747 4
4748 4
4749 4
4750 4
4751 4
4752 0
4753 4
4754 4
4755 4
4756 2
4757 4
4758 1
4759 4
4760 0
4761 2
4762 0
4763 2
4764 1
4765 1
4766 0
4767 4
4768 4
4769 4
4770 0
4771 0
4772 1
4773 4
4774 1
4775 1
4776 4
4777 2
4778 3
4779 0
4780 7
4781 3
4782 1
4783 0
4784 0
4785 4
4786 3
4787 0
4788 0
4789 4
4790 0
4791 1
4792 4
4793 1
4794 0
4795 1
4796 1
4797 4
4798 1
4799 2
4800 7
4801 0
4802 1
4803 0
4804 0
4805 4
4806 3
4807 1
4808 0
4809 0
4810 4
4811 0
4812 1
4813 4
4814 4
4815 0
4816 1
4817 1
4818 4
4819 4
4820 1
4821 1
4822 0
4823 6
4824 4
4825 4
4826 4
4827 0
4828 2
4829 0
4830 1
4831 1
4832 2
4833 3
4834 1
4835 2
4836 4
4837 4
4838 4
4839 1
4840 0
4841 4
4842 0
4843 0
4844 0
4845 4
4846 4
4847 4
4848 1
4849 0
4850 1
4851 4
4852 0
4853 2
4854 1
4855 4
4856 1
4857 2
4858 0
4859 2
4860 0
4861 0
4862 0
4863 0
4864 0
4865 0
4866 1
4867 1
4868 1
4869 1
4870 2
4871 0
4872 4
4873 0
4874 4
4875 0
4876 4
4877 2
4878 7
4879 0
4880 0
4881 0
4882 0
4883 1
4884 0
4885 0
4886 0
4887 0
4888 1
4889 0
4890 0
4891 0
4892 0
4893 0
4894 4
4895 0
4896 4
4897 2
4898 1
4899 4
4900 0
4901 0
4902 0
4903 1
4904 4
4905 1
4906 1
4907 1
4908 4
4909 4
4910 1
4911 4
4912 0
4913 4
4914 0
4915 4
4916 0
4917 0
4918 1
4919 1
4920 0
4921 2
4922 0
4923 0
4924 3
4925 1
4926 0
4927 4
4928 2
4929 0
4930 0
4931 4
4932 4
4933 1
4934 2
4935 0
4936 2
4937 1
4938 0
4939 7
4940 2
4941 4
4942 4
4943 2
4944 1
4945 1
4946 0
4947 4
4948 1
4949 1
4950 1
4951 1
4952 1
4953 4
4954 0
4955 0
4956 0
4957 0
4958 2
4959 1
4960 2
4961 9
4962 0
4963 0
4964 0
4965 2
4966 0
4967 1
4968 4
4969 0
4970 3
4971 1
4972 2
4973 4
4974 2
4975 4
4976 4
4977 0
4978 4
4979 2
4980 4
4981 4
4982 2
4983 4
4984 2
4985 2
4986 4
4987 1
4988 4
4989 1
4990 3
4991 8
4992 1
4993 8
4994 3
4995 1
4996 4
4997 1
4998 4
4999 0
5000 2
5001 4
5002 4
5003 2
5004 2
5005 4
5006 4
5007 2
5008 0
5009 0
5010 1
5011 1
5012 0
5013 3
5014 2
5015 4
5016 1
5017 1
5018 1
5019 0
5020 1
5021 4
5022 0
5023 0
5024 4
5025 1
5026 0
5027 2
5028 1
5029 4
5030 2
5031 2
5032 0
5033 2
5034 2
5035 2
5036 4
5037 1
5038 2
5039 1
5040 2
5041 4
5042 4
5043 1
5044 4
5045 4
5046 2
5047 1
5048 0
5049 1
5050 2
5051 2
5052 4
5053 2
5054 2
5055 2
5056 4
5057 4
5058 0
5059 4
5060 4
5061 4
5062 4
5063 4
5064 4
5065 1
5066 0
5067 1
5068 4
5069 2
5070 1
5071 4
5072 4
5073 2
5074 1
5075 2
5076 1
5077 4
5078 4
5079 4
5080 4
5081 1
5082 1
5083 0
5084 1
5085 4
5086 3
5087 4
5088 4
5089 4
5090 4
5091 1
5092 0
5093 4
5094 4
5095 1
5096 4
5097 2
5098 1
5099 0
5100 1
5101 4
5102 1
5103 1
5104 1
5105 4
5106 1
5107 3
5108 1
5109 0
5110 1
5111 1
5112 1
5113 3
5114 4
5115 0
5116 1
5117 0
5118 1
5119 4
5120 0
5121 1
5122 2
5123 2
5124 0
5125 2
5126 1
5127 0
5128 1
5129 4
5130 1
5131 2
5132 1
5133 4
5134 2
5135 0
5136 1
5137 1
5138 4
5139 1
5140 1
5141 4
5142 1
5143 4
5144 2
5145 2
5146 4
5147 1
5148 3
5149 1
5150 0
5151 1
5152 1
5153 1
5154 3
5155 4
5156 2
5157 1
5158 3
5159 1
5160 2
5161 4
5162 1
5163 1
5164 4
5165 1
5166 1
5167 1
5168 1
5169 0
5170 2
5171 4
5172 0
5173 2
5174 1
5175 1
5176 1
5177 2
5178 1
5179 1
5180 1
5181 1
5182 0
5183 0
5184 1
5185 1
5186 1
5187 0
5188 2
5189 1
5190 0
5191 2
5192 2
5193 1
5194 1
5195 1
5196 1
5197 1
5198 4
5199 0
5200 1
5201 0
5202 1
5203 3
5204 1
5205 1
5206 1
5207 1
5208 2
5209 2
5210 4
5211 1
5212 2
5213 1
5214 2
5215 1
5216 4
5217 1
5218 1
5219 2
5220 2
5221 2
5222 1
5223 4
5224 2
5225 2
5226 2
5227 4
5228 4
5229 4
5230 4
5231 4
5232 4
5233 0
5234 2
5235 9
5236 0
5237 0
5238 4
5239 4
5240 1
5241 4
5242 4
5243 1
5244 1
5245 1
5246 0
5247 2
5248 0
5249 0
5250 1
5251 2
5252 0
5253 0
5254 0
5255 0
5256 0
5257 1
5258 4
5259 0
5260 4
5261 0
5262 1
5263 0
5264 0
5265 0
5266 4
5267 4
5268 4
5269 4
5270 4
5271 4
5272 4
5273 4
5274 4
5275 2
5276 4
5277 4
5278 4
5279 4
5280 4
5281 4
5282 4
5283 1
5284 4
5285 1
5286 1
5287 1
5288 1
5289 2
5290 9
5291 2
5292 4
5293 4
5294 4
5295 4
5296 4
5297 4
5298 4
5299 0
5300 1
5301 4
5302 0
5303 0
5304 0
5305 0
5306 4
5307 4
5308 1
5309 2
5310 2
5311 4
5312 0
5313 4
5314 0
5315 4
5316 0
5317 4
5318 2
5319 4
5320 4
5321 0
5322 4
5323 0
5324 1
5325 4
5326 0
5327 1
5328 4
5329 4
5330 0
5331 1
5332 4
5333 4
5334 1
5335 1
5336 4
5337 2
5338 4
5339 4
5340 2
5341 4
5342 4
5343 4
5344 1
5345 0
5346 2
5347 1
5348 9
5349 2
5350 2
5351 1
5352 1
5353 4
5354 4
5355 2
5356 4
5357 4
5358 4
5359 4
5360 1
5361 0
5362 1
5363 4
5364 1
5365 4
5366 0
5367 4
5368 4
5369 4
5370 4
5371 4
5372 3
5373 0
5374 4
5375 4
5376 1
5377 0
5378 2
5379 1
5380 4
5381 1
5382 4
5383 4
5384 4
5385 2
5386 0
5387 1
5388 4
5389 4
5390 4
5391 4
5392 4
5393 0
5394 4
5395 2
5396 4
5397 1
5398 1
5399 4
5400 1
5401 4
5402 0
5403 1
5404 1
5405 4
5406 2
5407 4
5408 4
5409 0
5410 4
5411 0
5412 4
5413 4
5414 1
5415 1
5416 0
5417 0
5418 1
5419 4
5420 2
5421 2
5422 2
5423 2
5424 4
5425 1
5426 1
5427 4
5428 4
5429 4
5430 4
5431 2
5432 1
5433 4
5434 1
5435 3
5436 1
5437 4
5438 4
5439 4
5440 4
5441 2
5442 4
5443 4
5444 4
5445 1
5446 0
5447 1
5448 0
5449 4
5450 1
5451 1
5452 1
5453 1
5454 4
5455 2
5456 0
5457 4
5458 0
5459 2
5460 0
5461 2
5462 4
5463 0
5464 4
5465 4
5466 4
5467 1
5468 0
5469 2
5470 1
5471 0
5472 4
5473 4
5474 1
5475 4
5476 4
5477 4
5478 4
5479 4
5480 4
5481 2
5482 1
5483 1
5484 4
5485 4
5486 1
5487 1
5488 0
5489 2
5490 4
5491 0
5492 4
5493 4
5494 2
5495 3
5496 4
5497 2
5498 1
5499 0
5500 1
5501 4
5502 1
5503 2
5504 2
5505 1
5506 4
5507 2
5508 1
5509 4
5510 4
5511 4
5512 4
5513 0
5514 1
5515 1
5516 4
5517 3
5518 4
5519 4
5520 3
5521 0
5522 4
5523 0
5524 1
5525 4
5526 2
5527 4
5528 0
5529 1
5530 0
5531 4
5532 1
5533 0
5534 0
5535 1
5536 0
5537 2
5538 4
5539 4
5540 4
5541 2
5542 4
5543 0
5544 2
5545 4
5546 1
5547 4
5548 0
5549 4
5550 4
5551 4
5552 1
5553 2
5554 1
5555 0
5556 2
5557 4
5558 2
5559 2
5560 4
5561 4
5562 4
5563 4
5564 2
5565 1
5566 1
5567 4
5568 4
5569 2
5570 4
5571 4
5572 0
5573 1
5574 0
5575 2
5576 1
5577 2
5578 0
5579 0
5580 3
5581 1
5582 4
5583 1
5584 0
5585 0
5586 4
5587 4
5588 4
5589 0
5590 1
5591 1
5592 0
5593 4
5594 2
5595 4
5596 1
5597 1
5598 4
5599 1
5600 4
5601 0
5602 1
5603 1
5604 1
5605 1
5606 4
5607 1
5608 0
5609 4
5610 1
5611 1
5612 1
5613 1
5614 0
5615 2
5616 0
5617 4
5618 0
5619 4
5620 13
5621 1
5622 1
5623 1
5624 4
5625 0
5626 0
5627 0
5628 2
5629 1
5630 1
5631 4
5632 1
5633 1
5634 4
5635 4
5636 3
5637 4
5638 1
5639 3
5640 1
5641 1
5642 1
5643 1
5644 2
5645 0
5646 1
5647 0
5648 1
5649 4
5650 1
5651 1
5652 1
5653 1
5654 4
5655 0
5656 1
5657 4
5658 1
5659 4
5660 2
5661 4
5662 0
5663 1
5664 0
5665 2
5666 1
5667 4
5668 1
5669 4
5670 2
5671 4
5672 4
5673 0
5674 4
5675 0
5676 3
5677 0
5678 1
5679 1
5680 1
5681 4
5682 10
5683 2
5684 4
5685 0
5686 0
5687 1
5688 1
5689 4
5690 4
5691 0
5692 4
5693 1
5694 4
5695 2
5696 2
5697 1
5698 1
5699 1
5700 4
5701 1
5702 1
5703 0
5704 0
5705 0
5706 0
5707 0
5708 0
5709 0
5710 0
5711 4
5712 4
5713 0
5714 0
5715 0
5716 4
5717 2
5718 2
5719 0
5720 1
5721 4
5722 1
5723 2
5724 0
5725 1
5726 1
5727 1
5728 3
5729 1
5730 1
5731 1
5732 1
5733 0
5734 0
5735 1
5736 0
5737 0
5738 3
5739 0
5740 4
5741 1
5742 4
5743 4
5744 0
5745 0
5746 0
5747 1
5748 1
5749 1
5750 0
5751 0
5752 3
5753 1
5754 0
5755 4
5756 4
5757 1
5758 4
5759 0
5760 4
5761 4
5762 1
5763 1
5764 4
5765 4
5766 4
5767 4
5768 4
5769 4
5770 1
5771 1
5772 4
5773 0
5774 1
5775 4
5776 0
5777 1
5778 4
5779 0
5780 4
5781 1
5782 4
5783 0
5784 4
5785 0
5786 4
5787 4
5788 4
5789 4
5790 0
5791 0
5792 0
5793 1
5794 0
5795 0
5796 0
5797 0
5798 3
5799 0
5800 0
5801 4
5802 0
5803 2
5804 4
5805 1
5806 0
5807 0
5808 1
5809 1
5810 3
5811 0
5812 0
5813 4
5814 4
5815 0
5816 0
5817 0
5818 4
5819 1
5820 4
5821 4
5822 0
5823 4
5824 0
5825 0
5826 4
5827 4
5828 1
5829 1
5830 1
5831 1
5832 1
5833 1
5834 1
5835 0
5836 4
5837 4
5838 4
5839 0
5840 1
5841 3
5842 2
5843 0
5844 2
5845 2
5846 2
5847 1
5848 2
5849 2
5850 2
5851 2
5852 0
5853 3
5854 1
5855 1
5856 1
5857 0
5858 2
5859 3
5860 2
5861 1
5862 1
5863 2
5864 3
5865 4
5866 4
5867 2
5868 4
5869 1
5870 4
5871 2
5872 1
5873 1
5874 0
5875 0
5876 0
5877 0
5878 0
5879 4
5880 0
5881 4
5882 2
5883 4
5884 2
5885 2
5886 4
5887 2
5888 1
5889 11
5890 4
5891 0
5892 4
5893 4
5894 4
5895 4
5896 3
5897 4
5898 1
5899 0
5900 1
5901 4
5902 4
5903 0
5904 2
5905 4
5906 4
5907 2
5908 0
5909 0
5910 4
5911 0
5912 2
5913 2
5914 2
5915 0
5916 1
5917 1
5918 4
5919 2
5920 10
5921 10
5922 1
5923 10
5924 0
5925 0
5926 0
5927 1
5928 1
5929 3
5930 1
5931 0
5932 0
5933 0
5934 0
5935 0
5936 0
5937 1
5938 0
5939 0
5940 0
5941 0
5942 3
5943 2
5944 1
5945 0
5946 0
5947 2
5948 0
5949 0
5950 1
5951 1
5952 4
5953 0
5954 1
5955 0
5956 1
5957 1
5958 1
5959 1
5960 4
5961 2
5962 1
5963 11
5964 1
5965 1
5966 1
5967 1
5968 2
5969 4
5970 1
5971 4
5972 4
5973 4
5974 1
5975 4
5976 0
5977 4
5978 0
5979 1
5980 0
5981 4
5982 3
5983 3
5984 3
5985 1
5986 3
5987 3
5988 2
5989 3
5990 2
5991 2
5992 4
5993 1
5994 4
5995 2
5996 4
5997 4
5998 1
5999 4
6000 4
6001 0
6002 0
6003 4
6004 2
6005 2
6006 1
6007 1
6008 4
6009 4
6010 1
6011 0
6012 4
6013 4
6014 1
6015 4
6016 4
6017 4
6018 1
6019 4
6020 3
6021 3
6022 2
6023 4
6024 0
6025 4
6026 4
6027 1
6028 4
6029 4
6030 4
6031 4
6032 1
6033 1
6034 0
6035 4
6036 4
6037 4
6038 4
6039 4
6040 1
6041 4
6042 4
6043 2
6044 4
6045 4
6046 0
6047 2
6048 0
6049 1
6050 2
6051 4
6052 3
6053 4
6054 4
6055 4
6056 4
6057 1
6058 4
6059 4
6060 4
6061 4
6062 4
6063 0
6064 4
6065 2
6066 1
6067 0
6068 4
6069 2
6070 4
6071 4
6072 4
6073 2
6074 4
6075 4
6076 4
6077 2
6078 4
6079 4
6080 4
6081 4
6082 2
6083 4
6084 1
6085 3
6086 4
6087 4
6088 2
6089 4
6090 4
6091 2
6092 4
6093 4
6094 4
6095 4
6096 4
6097 4
6098 4
6099 4
6100 4
6101 4
6102 4
6103 4
6104 3
6105 4
6106 4
6107 4
6108 4
6109 4
6110 9
6111 4
6112 4
6113 4
6114 4
6115 4
6116 4
6117 2
6118 4
6119 0
6120 4
6121 4
6122 1
6123 4
6124 4
6125 4
6126 4
6127 4
6128 3
6129 4
6130 1
6131 4
6132 4
6133 4
6134 2
6135 4
6136 4
6137 0
6138 2
6139 4
6140 4
6141 0
6142 4
6143 0
6144 3
6145 4
6146 4
6147 3
6148 4
6149 4
6150 2
6151 1
6152 4
6153 2
6154 1
6155 0
6156 4
6157 1
6158 1
6159 4
6160 1
6161 1
6162 3
6163 3
6164 3
6165 1
6166 1
6167 0
6168 2
6169 0
6170 1
6171 4
6172 4
6173 1
6174 1
6175 4
6176 4
6177 4
6178 12
6179 12
6180 2
6181 1
6182 2
6183 1
6184 1
6185 0
6186 0
6187 3
6188 3
6189 1
6190 0
6191 0
6192 0
6193 0
6194 0
6195 0
6196 0
6197 2
6198 1
6199 4
6200 2
6201 2
6202 0
6203 2
6204 0
6205 0
6206 3
6207 2
6208 0
6209 1
6210 0
6211 1
6212 4
6213 4
6214 0
6215 2
6216 4
6217 0
6218 3
6219 4
6220 4
6221 4
6222 1
6223 4
6224 0
6225 4
6226 4
6227 4
6228 0
6229 4
6230 1
6231 4
6232 4
6233 1
6234 4
6235 2
6236 4
6237 4
6238 4
6239 4
6240 0
6241 1
6242 1
6243 1
6244 2
6245 4
6246 4
6247 4
6248 4
6249 2
6250 4
6251 1
6252 1
6253 4
6254 0
6255 4
6256 1
6257 4
6258 2
6259 1
6260 2
6261 1
6262 2
6263 4
6264 1
6265 1
6266 1
6267 1
6268 1
6269 0
6270 11
6271 2
6272 2
6273 4
6274 4
6275 4
6276 4
6277 0
6278 1
6279 4
6280 4
6281 2
6282 1
6283 2
6284 0
6285 0
6286 0
6287 0
6288 0
6289 0
6290 0
6291 4
6292 1
6293 1
6294 1
6295 2
6296 1
6297 1
6298 1
6299 0
6300 1
6301 1
6302 0
6303 1
6304 1
6305 1
6306 1
6307 2
6308 0
6309 1
6310 1
6311 1
6312 0
6313 1
6314 1
6315 1
6316 1
6317 1
6318 1
6319 0
6320 1
6321 1
6322 1
6323 1
6324 0
6325 1
6326 0
6327 0
6328 0
6329 0
6330 4
6331 1
6332 4
6333 1
6334 2
6335 4
6336 4
6337 0
6338 0
6339 1
6340 1
6341 4
6342 2
6343 4
6344 4
6345 4
6346 1
6347 4
6348 4
6349 4
6350 4
6351 0
6352 4
6353 0
6354 1
6355 1
6356 1
6357 0
6358 1
6359 1
6360 1
6361 1
6362 1
6363 1
6364 0
6365 1
6366 1
6367 2
6368 1
6369 1
6370 2
6371 1
6372 0
6373 0
6374 0
6375 0
6376 0
6377 0
6378 3
6379 2
6380 3
6381 4
6382 2
6383 2
6384 4
6385 2
6386 1
6387 4
6388 1
6389 2
6390 0
6391 1
6392 0
6393 1
6394 1
6395 1
6396 0
6397 1
6398 3
6399 1
6400 3
6401 2
6402 4
6403 4
6404 2
6405 4
6406 4
6407 4
6408 4
6409 4
6410 4
6411 3
6412 1
6413 2
6414 1
6415 2
6416 0
6417 1
6418 0
6419 2
6420 0
6421 11
6422 4
6423 0
6424 4
6425 3
6426 1
6427 2
6428 0
6429 0
6430 0
6431 0
6432 2
6433 13
6434 2
6435 2
6436 2
6437 1
6438 4
6439 1
6440 1
6441 1
6442 1
6443 2
6444 1
6445 4
6446 1
6447 1
6448 1
6449 1
6450 1
6451 1
6452 0
6453 1
6454 1
6455 1
6456 1
6457 1
6458 1
6459 1
6460 1
6461 1
6462 1
6463 1
6464 3
6465 0
6466 4
6467 4
6468 4
6469 4
6470 1
6471 3
6472 0
6473 1
6474 1
6475 2
6476 2
6477 0
6478 14
6479 1
6480 1
6481 0
6482 2
6483 0
6484 0
6485 4
6486 0
6487 0
6488 0
6489 1
6490 4
6491 3
6492 4
6493 4
6494 4
6495 4
6496 4
6497 2
6498 2
6499 4
6500 1
6501 4
6502 4
6503 4
6504 4
6505 4
6506 1
6507 1
6508 1
6509 1
6510 1
6511 2
6512 1
6513 3
6514 4
6515 4
6516 4
6517 4
6518 4
6519 0
6520 4
6521 1
6522 0
6523 0
6524 0
6525 4
6526 0
6527 0
6528 0
6529 0
6530 0
6531 4
6532 1
6533 2
6534 9
6535 2
6536 1
6537 0
6538 0
6539 1
6540 1
6541 1
6542 2
6543 1
6544 2
6545 1
6546 0
6547 1
6548 4
6549 4
6550 4
6551 0
6552 1
6553 1
6554 1
6555 1
6556 1
6557 1
6558 1
6559 1
6560 1
6561 1
6562 1
6563 1
6564 1
6565 1
6566 1
6567 1
6568 1
6569 1
6570 1
6571 1
6572 1
6573 1
6574 1
6575 1
6576 1
6577 1
6578 1
6579 1
6580 1
6581 1
6582 1
6583 1
6584 1
6585 1
6586 1
6587 1
6588 1
6589 1
6590 1
6591 1
6592 1
6593 1
6594 1
6595 0
6596 4
6597 4
6598 4
6599 4
6600 4
6601 1
6602 4
6603 4
6604 4
6605 4
6606 4
6607 4
6608 4
6609 1
6610 1
6611 2
6612 2
6613 1
6614 0
6615 1
6616 0
6617 0
6618 0
6619 2
6620 0
6621 0
6622 3
6623 0
6624 0
6625 0
6626 0
6627 3
6628 3
6629 4
6630 14
6631 14
6632 14
6633 14
6634 14
6635 14
6636 14
6637 14
6638 14
6639 14
6640 14
6641 14
6642 14
6643 14
6644 14
6645 4
6646 0
6647 2
6648 2
6649 0
6650 1
6651 4
6652 0
6653 0
6654 9
6655 1
6656 1
6657 1
6658 1
6659 1
6660 1
6661 1
6662 2
6663 1
6664 1
6665 1
6666 2
6667 0
6668 0
6669 3
6670 1
6671 2
6672 0
6673 2
6674 3
6675 1
6676 1
6677 1
6678 0
6679 0
6680 0
6681 0
6682 1
6683 1
6684 1
6685 1
6686 1
6687 1
6688 1
6689 2
6690 4
6691 1
6692 0
6693 1
6694 3
6695 1
6696 2
6697 2
6698 3
6699 3
6700 0
6701 0
6702 0
6703 0
6704 0
6705 4
6706 3
6707 1
6708 1
6709 1
6710 0
6711 0
6712 0
6713 0
6714 1
6715 4
6716 4
6717 4
6718 4
6719 4
6720 4
6721 4
6722 1
6723 2
6724 0
6725 4
6726 1
6727 4
6728 4
6729 3
6730 2
6731 2
6732 2
6733 2
6734 1
6735 1
6736 1
6737 1
6738 1
6739 4
6740 15
6741 15
6742 4
6743 2
6744 2
6745 4
6746 4
6747 0
6748 0
6749 0
6750 4
6751 1
6752 1
6753 1
6754 1
6755 1
6756 2
6757 3
6758 3
6759 4
6760 11
6761 11
6762 11
6763 0
6764 4
6765 2
6766 4
6767 4
6768 4
6769 0
6770 2
6771 2
6772 1
6773 1
6774 0
6775 4
6776 4
6777 3
6778 2
6779 2
6780 2
6781 2
6782 3
6783 2
6784 2
6785 2
6786 2
6787 4
6788 4
6789 4
6790 1
6791 4
6792 4
6793 2
6794 0
6795 0
6796 3
6797 0
6798 0
6799 0
6800 2
6801 2
6802 3
6803 0
6804 1
6805 2
6806 0
6807 3
6808 3
6809 3
6810 1
6811 1
6812 1
6813 1
6814 1
6815 1
6816 1
6817 2
6818 0
6819 0
6820 0
6821 0
6822 0
6823 0
6824 1
6825 1
6826 3
6827 4
6828 3
6829 0
6830 0
6831 0
6832 0
6833 0
6834 0
6835 0
6836 0
6837 0
6838 2
6839 4
6840 1
6841 1
6842 1
6843 1
0 1
1 5
2 3
3 2
4 0
5 0
6 5
7 1
8 1
9 5
10 5
11 0
12 5
13 4
14 5
15 6
0 0
1 1
2 2
3 3
4 4
5 5
6 6
1e-06 0.126353 51
