0 2
1 2
2 3
3 2
4 3
5 3
6 2
7 0
8 0
9 0
10 0
11 0
12 2
13 2
14 3
15 3
16 0
17 2
18 2
19 0
20 3
21 0
22 2
23 0
24 2
25 2
26 2
27 2
28 0
29 2
30 2
31 3
32 3
33 3
34 1
35 2
36 2
37 2
38 3
39 3
40 3
41 3
42 3
43 2
44 2
45 3
46 2
47 1
48 3
49 2
50 3
51 3
52 2
53 2
54 2
55 2
56 3
57 2
58 3
59 2
60 2
61 1
62 3
63 3
64 1
65 0
66 0
67 0
68 0
69 3
70 2
71 3
72 2
73 3
74 3
75 2
76 3
77 1
78 3
79 3
80 0
81 0
82 3
83 2
84 3
85 3
86 3
87 3
88 2
89 3
90 2
91 0
92 3
93 2
94 3
95 3
96 0
97 0
98 3
99 0
100 3
101 2
102 3
103 2
104 3
105 2
106 2
107 2
108 2
109 1
110 2
111 3
112 2
113 2
114 2
115 2
116 2
117 3
118 2
119 3
120 3
121 2
122 2
123 2
124 3
125 2
126 2
127 2
128 0
129 3
130 3
131 2
132 2
133 3
134 3
135 2
136 3
137 0
138 2
139 2
140 3
141 2
142 3
143 2
144 2
145 3
146 0
147 3
148 2
149 3
150 0
151 2
152 2
153 2
154 2
155 2
156 0
157 2
158 0
159 0
160 0
161 1
162 2
163 2
164 2
165 2
166 3
167 3
168 2
169 2
170 2
171 2
172 0
173 0
174 1
175 2
176 3
177 2
178 2
179 2
180 1
181 2
182 2
183 0
184 3
185 0
186 1
187 2
188 2
189 2
190 2
191 1
192 3
193 3
194 2
195 0
196 0
197 2
198 2
199 1
200 2
201 2
202 3
203 3
204 2
205 2
206 3
207 1
208 0
209 3
210 3
211 3
212 0
213 2
214 1
215 0
216 2
217 0
218 3
219 2
220 0
221 0
222 0
223 0
224 2
225 3
226 0
227 2
228 0
229 3
230 0
231 3
232 3
233 3
234 2
235 3
236 3
237 2
238 2
239 3
240 3
241 0
242 0
243 2
244 3
245 3
246 2
247 1
248 3
249 1
250 3
251 0
252 2
253 3
254 2
255 2
256 3
257 0
258 2
259 3
260 2
261 0
262 3
263 2
264 3
265 0
266 2
267 3
268 2
269 3
270 1
271 0
272 3
273 0
274 2
275 3
276 3
277 2
278 3
279 0
280 2
281 3
282 3
283 3
284 3
285 0
286 3
287 3
288 2
289 0
290 3
291 0
292 2
293 2
294 0
295 2
296 0
297 0
298 0
299 3
300 3
301 2
302 0
303 0
304 3
305 2
306 2
307 0
308 0
309 2
310 3
311 3
312 3
313 3
314 3
315 0
316 2
317 2
318 3
319 3
320 2
321 0
322 3
323 3
324 3
325 2
326 1
327 0
328 0
329 0
330 2
331 3
332 3
333 3
334 3
335 2
336 2
337 2
338 2
339 3
340 2
341 3
342 0
343 2
344 2
345 3
346 1
347 3
348 2
349 0
350 2
351 2
352 3
353 2
354 0
355 3
356 3
357 2
358 0
359 2
360 0
361 1
362 3
363 2
364 1
365 2
366 3
367 2
368 2
369 2
370 1
371 2
372 2
373 3
374 1
375 2
376 2
377 2
378 2
379 3
380 2
381 0
382 3
383 3
384 2
385 0
386 3
387 1
388 3
389 2
390 2
391 2
392 0
393 2
394 0
395 0
396 2
397 1
398 3
399 0
400 2
401 2
402 2
403 2
404 2
405 0
406 2
407 2
408 3
409 2
410 2
411 2
412 2
413 3
414 2
415 1
416 3
417 2
418 2
419 2
420 3
421 2
422 3
423 0
424 2
425 3
426 0
427 3
428 3
429 2
430 2
431 2
432 2
433 1
434 2
435 3
436 3
437 0
438 2
439 3
440 0
441 0
442 2
443 2
444 2
445 2
446 2
447 3
448 2
449 3
450 3
451 2
452 2
453 2
454 3
455 2
456 3
457 3
458 2
459 2
460 3
461 2
462 2
463 2
464 3
465 2
466 2
467 2
468 2
469 0
470 1
471 1
472 1
473 2
474 3
475 3
476 3
477 3
478 1
479 2
480 2
481 2
482 2
483 2
484 3
485 0
486 0
487 0
488 2
489 3
490 0
491 0
492 3
493 0
494 2
495 2
496 1
497 2
498 3
499 2
500 0
501 3
502 3
503 0
504 3
505 2
506 0
507 1
508 3
509 1
510 3
511 3
512 2
513 3
514 0
515 2
516 3
517 2
518 2
519 3
520 2
521 3
522 3
523 3
524 3
525 3
526 0
527 3
528 2
529 0
530 2
531 0
532 2
533 2
534 2
535 1
536 0
537 0
538 3
539 3
540 2
541 2
542 0
543 2
544 1
545 2
546 3
547 1
548 0
549 0
550 3
551 3
552 0
553 3
554 3
555 3
556 2
557 0
558 2
559 3
560 3
561 1
562 3
563 0
564 0
565 3
566 1
567 1
568 0
569 0
570 3
571 3
572 2
573 3
574 0
575 2
576 3
577 2
578 2
579 2
580 3
581 3
582 3
583 3
584 3
585 3
586 1
587 3
588 2
589 0
590 2
591 3
592 2
593 1
594 3
595 0
596 3
597 3
598 2
599 0
600 0
601 2
602 0
603 3
604 0
605 0
606 0
607 2
608 2
609 3
610 0
611 3
612 2
613 0
614 3
615 3
616 0
617 0
618 0
619 2
620 2
621 0
622 3
623 0
624 0
625 0
626 0
627 2
628 2
629 0
630 2
631 2
632 0
633 0
634 2
635 0
636 3
637 2
638 3
639 2
640 2
641 2
642 3
643 0
644 3
645 1
646 3
647 2
648 3
649 0
650 2
651 0
652 0
653 2
654 2
655 3
656 1
657 0
658 2
659 2
660 2
661 3
662 3
663 2
664 3
665 3
666 0
667 1
668 2
669 3
670 3
671 3
672 0
673 3
674 1
675 0
676 3
677 3
678 3
679 2
680 1
681 2
682 3
683 2
684 2
685 3
686 3
687 2
688 0
689 3
690 3
691 3
692 2
693 3
694 1
695 3
696 3
697 3
698 2
699 2
700 2
701 3
702 3
703 3
704 3
705 2
706 3
707 3
708 3
709 2
710 3
711 3
712 1
713 1
714 2
715 2
716 0
717 0
718 0
719 0
720 3
721 0
722 0
723 0
724 0
725 0
726 0
727 0
728 3
729 0
730 0
731 0
732 3
733 2
734 0
735 0
736 0
737 0
738 0
739 0
740 0
741 0
742 0
743 0
744 0
745 0
746 0
747 0
748 0
749 0
750 0
751 0
752 0
753 0
754 0
755 0
756 0
757 0
758 0
759 0
760 0
761 0
762 0
763 0
764 0
765 0
766 0
767 0
768 0
769 0
770 0
771 0
772 0
773 0
774 0
775 0
776 0
777 0
778 0
779 0
780 0
781 0
782 0
783 0
784 0
785 0
786 0
787 0
788 0
789 0
790 0
791 0
792 0
793 0
794 0
795 3
796 2
797 3
798 3
799 3
800 0
801 0
802 2
803 3
804 3
805 3
806 3
807 3
808 3
809 3
810 3
811 3
812 3
813 0
814 2
815 2
816 2
817 3
818 3
819 0
820 2
821 3
822 2
823 3
824 3
825 2
826 2
827 2
828 3
829 3
830 2
831 2
832 0
833 2
834 3
835 3
836 0
837 0
838 3
839 2
840 3
841 2
842 3
843 0
844 3
845 2
846 0
847 1
848 3
849 3
850 3
851 3
852 3
853 2
854 1
855 2
856 2
857 3
858 2
859 2
860 2
861 2
862 3
863 0
864 3
865 0
866 2
867 2
868 2
869 2
870 2
871 3
872 2
873 2
874 0
875 0
876 0
877 2
878 3
879 3
880 0
881 3
882 2
883 2
884 2
885 3
886 2
887 2
888 2
889 3
890 3
891 0
892 2
893 3
894 2
895 0
896 2
897 3
898 1
899 2
900 3
901 2
902 0
903 3
904 3
905 2
906 0
907 2
908 2
909 3
910 2
911 0
912 2
913 2
914 2
915 1
916 3
917 3
918 3
919 3
920 1
921 1
922 0
923 2
924 2
925 0
926 0
927 2
928 3
929 0
930 2
931 0
932 2
933 0
934 3
935 3
936 1
937 0
938 2
939 0
940 2
941 3
942 3
943 2
944 3
945 3
946 2
947 3
948 0
949 2
950 3
951 3
952 2
953 2
954 2
955 2
956 2
957 3
958 3
959 2
960 2
961 2
962 0
963 3
964 2
965 0
966 1
967 2
968 2
969 2
970 0
971 2
972 2
973 3
974 2
975 3
976 1
977 0
978 3
979 3
980 2
981 0
982 3
983 3
984 3
985 2
986 2
987 2
988 1
989 3
990 3
991 2
992 0
993 0
994 2
995 2
996 0
997 0
998 1
999 2
1000 3
1001 2
1002 2
1003 1
1004 3
1005 3
1006 2
1007 3
1008 3
1009 3
1010 3
1011 0
1012 0
1013 3
1014 0
1015 0
1016 3
1017 2
1018 0
1019 0
1020 3
1021 3
1022 3
1023 1
1024 2
1025 0
1026 1
1027 0
1028 2
1029 1
1030 3
1031 1
1032 2
1033 0
1034 2
1035 3
1036 3
1037 2
1038 2
1039 2
1040 2
1041 1
1042 2
1043 3
1044 1
1045 0
1046 3
1047 3
1048 2
1049 0
1050 2
1051 2
1052 3
1053 1
1054 2
1055 3
1056 2
1057 3
1058 0
1059 1
1060 1
1061 2
1062 2
1063 3
1064 3
1065 3
1066 0
1067 3
1068 1
1069 1
1070 3
1071 2
1072 3
1073 1
1074 2
1075 0
1076 2
1077 2
1078 3
1079 0
1080 3
1081 3
1082 0
1083 1
1084 0
1085 0
1086 3
1087 1
1088 2
1089 2
1090 2
1091 2
1092 2
1093 2
1094 0
1095 2
1096 2
1097 3
1098 3
1099 3
1100 0
1101 0
1102 2
1103 0
1104 0
1105 0
1106 3
1107 0
1108 3
1109 0
1110 0
1111 3
1112 2
1113 3
1114 3
1115 3
1116 0
1117 0
1118 0
1119 2
1120 3
1121 0
1122 3
1123 3
1124 0
1125 3
1126 2
1127 3
1128 3
1129 3
1130 2
1131 2
1132 3
1133 2
1134 0
1135 2
1136 2
1137 2
1138 2
1139 3
1140 3
1141 3
1142 3
1143 3
1144 3
1145 3
1146 2
1147 3
1148 2
1149 3
1150 2
1151 2
1152 2
1153 0
1154 3
1155 2
1156 3
1157 2
1158 2
1159 1
1160 0
1161 0
1162 2
1163 2
1164 1
1165 2
1166 2
1167 1
1168 2
1169 3
1170 3
1171 1
1172 3
1173 3
1174 3
1175 3
1176 0
1177 2
1178 3
1179 3
1180 3
1181 2
1182 2
1183 3
1184 2
1185 0
1186 0
1187 2
1188 0
1189 3
1190 3
1191 2
1192 2
1193 3
1194 1
1195 2
1196 1
1197 3
1198 0
1199 2
1200 2
1201 0
1202 1
1203 0
1204 2
1205 2
1206 0
1207 3
1208 2
1209 2
1210 2
1211 2
1212 2
1213 2
1214 2
1215 3
1216 0
1217 3
1218 3
1219 2
1220 3
1221 2
1222 2
1223 2
1224 3
1225 0
1226 2
1227 0
1228 2
1229 3
1230 2
1231 3
1232 3
1233 2
1234 2
1235 3
1236 3
1237 2
1238 2
1239 1
1240 2
1241 2
1242 2
1243 3
1244 2
1245 2
1246 3
1247 2
1248 0
1249 3
1250 3
1251 3
1252 1
1253 0
1254 3
1255 2
1256 2
1257 2
1258 2
1259 0
1260 0
1261 0
1262 0
1263 3
1264 2
1265 2
1266 3
1267 3
1268 3
1269 3
1270 3
1271 1
1272 3
1273 3
1274 2
1275 3
1276 0
1277 0
1278 0
1279 0
1280 3
1281 0
1282 2
1283 0
1284 2
1285 2
1286 2
1287 3
1288 3
1289 2
1290 3
1291 2
1292 2
1293 0
1294 3
1295 3
1296 0
1297 0
1298 2
1299 3
1300 2
1301 0
1302 0
1303 2
1304 2
1305 3
1306 3
1307 2
1308 2
1309 2
1310 3
1311 3
1312 3
1313 1
1314 3
1315 0
1316 2
1317 3
1318 3
1319 3
1320 3
1321 0
1322 3
1323 3
1324 3
1325 2
1326 3
1327 0
1328 3
1329 3
1330 2
1331 3
1332 3
1333 3
1334 3
1335 0
1336 3
1337 0
1338 3
1339 3
1340 2
1341 2
1342 3
1343 3
1344 2
1345 2
1346 2
1347 3
1348 2
1349 2
1350 1
1351 2
1352 2
1353 2
1354 2
1355 2
1356 2
1357 3
1358 0
1359 3
1360 2
1361 2
1362 2
1363 0
1364 2
1365 3
1366 2
1367 3
1368 1
1369 3
1370 1
1371 0
1372 2
1373 3
1374 2
1375 0
1376 3
1377 3
1378 0
1379 2
1380 3
1381 3
1382 2
1383 3
1384 3
1385 3
1386 3
1387 2
1388 2
1389 1
1390 3
1391 0
1392 3
1393 3
1394 3
1395 3
1396 3
1397 2
1398 3
1399 2
1400 2
1401 2
1402 2
1403 0
1404 3
1405 0
1406 2
1407 2
1408 3
1409 3
1410 0
1411 0
1412 1
1413 2
1414 0
1415 2
1416 3
1417 0
1418 2
1419 2
1420 2
1421 2
1422 3
1423 2
1424 2
1425 3
1426 3
1427 2
1428 0
1429 2
1430 0
1431 2
1432 2
1433 3
1434 3
1435 2
1436 3
1437 3
1438 2
1439 3
1440 2
1441 2
1442 3
1443 2
1444 2
1445 2
1446 0
1447 2
1448 2
1449 0
1450 0
1451 3
1452 2
1453 0
1454 3
1455 1
1456 0
1457 0
1458 3
1459 3
1460 3
1461 3
1462 2
1463 2
1464 2
1465 3
1466 3
1467 3
1468 3
1469 2
1470 0
1471 2
1472 2
1473 0
1474 3
1475 2
1476 3
1477 2
1478 2
1479 2
1480 0
1481 3
1482 1
1483 2
1484 3
1485 2
1486 2
1487 3
1488 2
1489 3
1490 3
1491 3
1492 3
1493 2
1494 0
1495 1
1496 3
1497 2
1498 2
1499 2
1500 3
1501 3
1502 3
1503 2
1504 0
1505 0
1506 3
1507 3
1508 2
1509 0
1510 3
1511 0
1512 0
1513 3
1514 2
1515 0
1516 2
1517 2
1518 0
1519 0
1520 0
1521 0
1522 0
1523 0
1524 0
1525 0
1526 0
1527 0
1528 3
1529 2
1530 2
1531 2
1532 3
1533 0
1534 1
1535 3
1536 3
1537 3
1538 3
1539 1
1540 2
1541 2
1542 3
1543 3
1544 0
1545 3
1546 3
1547 3
1548 0
1549 1
1550 2
1551 1
1552 2
1553 2
1554 3
1555 3
1556 3
1557 1
1558 2
1559 3
1560 3
1561 0
1562 0
1563 0
1564 0
1565 0
1566 0
1567 0
1568 0
1569 1
1570 2
1571 2
1572 3
1573 2
1574 2
1575 3
1576 3
1577 3
1578 3
1579 0
1580 1
1581 1
1582 1
1583 3
1584 1
1585 2
1586 0
1587 2
1588 2
1589 0
1590 2
1591 3
1592 3
1593 3
1594 3
1595 0
1596 3
1597 0
1598 1
1599 3
1600 0
1601 2
1602 3
1603 3
1604 0
1605 3
1606 2
1607 1
1608 2
1609 3
1610 2
1611 2
1612 2
1613 2
1614 2
1615 2
1616 2
1617 3
1618 3
1619 3
1620 3
1621 2
1622 3
1623 3
1624 2
1625 3
1626 2
1627 1
1628 2
1629 2
1630 2
1631 3
1632 2
1633 2
1634 2
1635 3
1636 3
1637 2
1638 3
1639 0
1640 3
1641 1
1642 2
1643 3
1644 0
1645 2
1646 2
1647 0
1648 0
1649 0
1650 3
1651 2
1652 3
1653 3
1654 3
1655 3
1656 0
1657 0
1658 3
1659 2
1660 3
1661 2
1662 2
1663 2
1664 2
1665 2
1666 2
1667 2
1668 0
1669 3
1670 0
1671 3
1672 2
1673 0
1674 0
1675 0
1676 0
1677 0
1678 0
1679 1
1680 2
1681 3
1682 3
1683 2
1684 3
1685 0
1686 3
1687 3
1688 0
1689 0
1690 0
1691 2
1692 3
1693 2
1694 0
1695 2
1696 2
1697 3
1698 3
1699 3
1700 2
1701 2
1702 3
1703 3
1704 2
1705 3
1706 0
1707 0
1708 3
1709 3
1710 2
1711 2
1712 2
1713 0
1714 3
1715 3
1716 2
1717 3
1718 0
1719 3
1720 2
1721 3
1722 2
1723 1
1724 1
1725 1
1726 3
1727 0
1728 2
1729 2
1730 2
1731 2
1732 2
1733 3
1734 2
1735 0
1736 2
1737 3
1738 3
1739 3
1740 2
1741 0
1742 3
1743 2
1744 3
1745 0
1746 3
1747 3
1748 2
1749 0
1750 2
1751 2
1752 3
1753 3
1754 2
1755 3
1756 0
1757 0
1758 0
1759 0
1760 3
1761 0
1762 0
1763 0
1764 0
1765 0
1766 0
1767 0
1768 0
1769 0
1770 0
1771 0
1772 0
1773 0
1774 0
1775 0
1776 0
1777 0
1778 2
1779 3
1780 3
1781 2
1782 0
1783 2
1784 2
1785 2
1786 3
1787 3
1788 3
1789 1
1790 3
1791 0
1792 2
1793 2
1794 3
1795 2
1796 2
1797 2
1798 3
1799 3
1800 2
1801 0
1802 2
1803 3
1804 0
1805 2
1806 2
1807 3
1808 3
1809 2
1810 2
1811 2
1812 2
1813 2
1814 3
1815 2
1816 2
1817 3
1818 0
1819 3
1820 3
1821 3
1822 3
1823 3
1824 2
1825 3
1826 3
1827 3
1828 3
1829 0
1830 3
1831 3
1832 3
1833 2
1834 3
1835 3
1836 2
1837 0
1838 3
1839 3
1840 0
1841 3
1842 2
1843 2
1844 0
1845 1
1846 0
1847 0
1848 0
1849 3
1850 3
1851 1
1852 2
1853 3
1854 2
1855 3
1856 0
1857 3
1858 2
1859 2
1860 0
1861 0
1862 0
1863 1
1864 3
1865 3
1866 1
1867 0
1868 2
1869 0
1870 3
1871 3
1872 2
1873 2
1874 2
1875 2
1876 2
1877 1
1878 3
1879 2
1880 2
1881 3
1882 2
1883 0
1884 0
1885 2
1886 2
1887 3
1888 0
1889 0
1890 0
1891 0
1892 3
1893 3
1894 3
1895 3
1896 2
1897 3
1898 2
1899 3
1900 3
1901 3
1902 3
1903 2
1904 3
1905 3
1906 2
1907 3
1908 2
1909 1
1910 0
1911 3
1912 0
1913 0
1914 0
1915 1
1916 0
1917 3
1918 0
1919 3
1920 2
1921 2
1922 0
1923 3
1924 3
1925 2
1926 2
1927 1
1928 3
1929 3
1930 0
1931 2
1932 0
1933 1
1934 2
1935 3
1936 0
1937 3
1938 1
1939 2
1940 3
1941 1
1942 0
1943 3
1944 0
1945 2
1946 3
1947 1
1948 2
1949 3
1950 2
1951 3
1952 0
1953 2
1954 3
1955 3
1956 2
1957 3
1958 2
1959 2
1960 3
1961 2
1962 0
1963 3
1964 1
1965 0
1966 2
1967 3
1968 3
1969 2
1970 2
1971 2
1972 1
1973 2
1974 2
1975 0
1976 3
1977 3
1978 0
1979 3
1980 2
1981 0
1982 3
1983 2
1984 2
1985 2
1986 2
1987 2
1988 2
1989 3
1990 2
1991 1
1992 0
1993 2
1994 0
1995 0
1996 3
1997 3
1998 2
1999 2
2000 0
2001 3
2002 2
2003 2
2004 1
2005 3
2006 2
2007 3
2008 2
2009 0
2010 0
2011 0
2012 3
2013 2
2014 3
2015 0
2016 0
2017 0
2018 2
2019 0
2020 0
2021 2
2022 2
2023 2
2024 3
2025 0
2026 3
2027 0
2028 2
2029 0
2030 3
2031 0
2032 2
2033 0
2034 3
2035 2
2036 2
2037 2
2038 2
2039 3
2040 3
2041 0
2042 3
2043 0
2044 3
2045 0
2046 3
2047 3
2048 2
2049 2
2050 0
2051 3
2052 2
2053 0
2054 1
2055 3
2056 0
2057 2
2058 3
2059 2
2060 3
2061 2
2062 3
2063 3
2064 2
2065 3
2066 2
2067 3
2068 2
2069 3
2070 2
2071 2
2072 3
2073 0
2074 3
2075 0
2076 2
2077 3
2078 3
2079 3
2080 0
2081 2
2082 3
2083 0
2084 3
2085 2
2086 3
2087 3
2088 3
2089 0
2090 2
2091 0
2092 3
2093 2
2094 0
2095 3
2096 0
2097 2
2098 0
2099 2
2100 2
2101 0
2102 3
2103 3
2104 2
2105 2
2106 0
2107 3
2108 3
2109 3
2110 0
2111 2
2112 2
2113 0
2114 0
2115 0
2116 0
2117 2
2118 3
2119 2
2120 0
2121 2
2122 0
2123 3
2124 3
2125 3
2126 2
2127 3
2128 3
2129 0
2130 2
2131 3
2132 0
2133 1
2134 0
2135 2
2136 2
2137 2
2138 2
2139 3
2140 3
2141 3
2142 3
2143 2
2144 3
2145 3
2146 2
2147 0
2148 2
2149 0
2150 0
2151 3
2152 1
2153 3
2154 3
2155 2
2156 0
2157 0
2158 0
2159 2
2160 2
2161 2
2162 3
2163 2
2164 3
2165 2
2166 2
2167 2
2168 3
2169 3
2170 0
2171 3
2172 3
2173 2
2174 3
2175 0
2176 2
2177 0
2178 3
2179 0
2180 2
2181 0
2182 0
2183 2
2184 0
2185 3
2186 3
2187 0
2188 3
2189 3
2190 2
2191 2
2192 2
2193 2
2194 1
2195 2
2196 3
2197 1
2198 3
2199 2
2200 2
2201 2
2202 3
2203 2
2204 2
2205 2
2206 0
2207 0
2208 3
2209 3
2210 3
2211 3
2212 3
2213 3
2214 3
2215 3
2216 3
2217 2
2218 3
2219 2
2220 2
2221 2
2222 0
2223 2
2224 0
2225 3
2226 3
2227 0
2228 0
2229 3
2230 2
2231 3
2232 3
2233 2
2234 2
2235 2
2236 2
2237 2
2238 2
2239 2
2240 3
2241 3
2242 2
2243 2
2244 2
2245 3
2246 3
2247 3
2248 2
2249 3
2250 2
2251 3
2252 3
2253 3
2254 2
2255 2
2256 2
2257 2
2258 2
2259 3
2260 0
2261 3
2262 2
2263 3
2264 1
2265 2
2266 3
2267 2
2268 3
2269 2
2270 0
2271 2
2272 3
2273 1
2274 3
2275 3
2276 0
2277 2
2278 3
2279 2
2280 0
2281 0
2282 2
2283 2
2284 2
2285 3
2286 0
2287 3
2288 1
2289 2
2290 3
2291 2
2292 0
2293 3
2294 2
2295 3
2296 3
2297 0
2298 2
2299 0
2300 0
2301 2
2302 0
2303 0
2304 1
2305 0
2306 1
2307 0
2308 3
2309 3
2310 2
2311 2
2312 3
2313 3
2314 2
2315 3
2316 1
2317 3
2318 0
2319 0
2320 0
2321 3
2322 0
2323 1
2324 3
2325 0
2326 1
2327 2
2328 3
2329 3
2330 3
2331 2
2332 1
2333 3
2334 2
2335 2
2336 2
2337 3
2338 2
2339 0
2340 2
2341 2
2342 3
2343 2
2344 3
2345 3
2346 3
2347 2
2348 1
2349 2
2350 3
2351 3
2352 3
2353 2
2354 0
2355 0
2356 2
2357 2
2358 3
2359 3
2360 0
2361 0
2362 1
2363 0
2364 3
2365 1
2366 3
2367 0
2368 0
2369 0
2370 3
2371 2
2372 3
2373 0
2374 2
2375 0
2376 2
2377 1
2378 3
2379 0
2380 3
2381 2
2382 3
2383 0
2384 2
2385 3
2386 3
2387 3
2388 3
2389 0
2390 2
2391 3
2392 3
2393 3
2394 0
2395 2
2396 3
2397 0
2398 3
2399 3
2400 3
2401 0
2402 2
2403 2
2404 3
2405 1
2406 2
2407 0
2408 2
2409 3
2410 3
2411 3
2412 2
2413 3
2414 3
2415 0
2416 3
2417 3
2418 3
2419 2
2420 2
2421 0
2422 3
2423 2
2424 3
2425 0
2426 3
2427 2
2428 2
2429 2
2430 2
2431 3
2432 3
2433 1
2434 3
2435 0
2436 0
2437 0
2438 3
2439 3
2440 0
2441 1
2442 2
2443 0
2444 0
2445 0
2446 0
2447 0
2448 0
2449 0
2450 0
2451 0
2452 2
2453 2
2454 2
2455 0
2456 1
2457 3
2458 2
2459 3
2460 3
2461 0
2462 3
2463 3
2464 2
2465 2
2466 2
2467 3
2468 2
2469 2
2470 0
2471 0
2472 2
2473 2
2474 0
2475 2
2476 2
2477 0
2478 0
2479 2
2480 2
2481 0
2482 0
2483 3
2484 1
2485 3
2486 2
2487 3
2488 0
2489 2
2490 2
2491 1
2492 1
2493 0
2494 0
2495 3
2496 2
2497 0
2498 3
2499 2
2500 0
2501 3
2502 3
2503 0
2504 3
2505 0
2506 2
2507 1
2508 2
2509 2
2510 2
2511 2
2512 1
2513 3
2514 0
2515 3
2516 2
2517 2
2518 2
2519 2
2520 3
2521 0
2522 0
2523 1
2524 2
2525 3
2526 1
2527 3
2528 3
2529 3
2530 2
2531 0
2532 0
2533 2
2534 0
2535 0
2536 2
2537 0
2538 3
2539 3
2540 3
2541 1
2542 3
2543 2
2544 2
2545 2
2546 3
2547 2
2548 0
2549 0
2550 2
2551 0
2552 0
2553 3
2554 0
2555 0
2556 3
2557 2
2558 0
2559 3
2560 3
2561 3
2562 1
2563 2
2564 0
2565 3
2566 2
2567 3
2568 0
2569 3
2570 3
2571 3
2572 0
2573 3
2574 2
2575 3
2576 2
2577 3
2578 1
2579 2
2580 0
2581 2
2582 3
2583 1
2584 2
2585 0
2586 3
2587 0
2588 0
2589 1
2590 0
2591 3
2592 1
2593 3
2594 3
2595 2
2596 0
2597 0
2598 3
2599 0
2600 3
2601 2
2602 1
2603 2
2604 2
2605 2
2606 3
2607 1
2608 2
2609 0
2610 3
2611 2
2612 0
2613 1
2614 0
2615 3
2616 2
2617 2
2618 2
2619 3
2620 2
2621 2
2622 3
2623 2
2624 2
2625 2
2626 2
2627 3
2628 3
2629 3
2630 2
2631 3
2632 2
2633 2
2634 3
2635 3
2636 3
2637 0
2638 3
2639 3
2640 3
2641 2
2642 3
2643 3
2644 0
2645 1
2646 2
2647 3
2648 2
2649 2
2650 2
2651 1
2652 0
2653 3
2654 3
2655 3
2656 3
2657 3
2658 1
2659 2
2660 2
2661 3
2662 2
2663 3
2664 3
2665 3
2666 2
2667 2
2668 2
2669 2
2670 3
2671 0
2672 3
2673 1
2674 3
2675 3
2676 2
2677 2
2678 3
2679 1
2680 3
2681 2
2682 3
2683 3
2684 0
2685 2
2686 3
2687 0
2688 0
2689 2
2690 3
2691 1
2692 0
2693 3
2694 3
2695 2
2696 2
2697 2
2698 0
2699 0
2700 2
2701 2
2702 2
2703 3
2704 3
2705 3
2706 3
2707 3
2708 0
2709 3
2710 0
2711 0
2712 2
2713 1
2714 3
2715 3
2716 3
2717 2
2718 1
2719 2
2720 2
2721 2
2722 2
2723 3
2724 2
2725 3
2726 2
2727 2
2728 0
2729 2
2730 2
2731 3
2732 3
2733 3
2734 2
2735 3
2736 3
2737 2
2738 3
2739 3
2740 0
2741 2
2742 2
2743 2
2744 0
2745 3
2746 2
2747 3
2748 3
2749 2
2750 2
2751 3
2752 2
2753 3
2754 0
2755 3
2756 0
2757 3
2758 2
2759 2
2760 2
2761 3
2762 2
2763 2
2764 2
2765 3
2766 3
2767 3
2768 3
2769 1
2770 3
2771 1
2772 0
2773 2
2774 2
2775 0
2776 3
2777 3
2778 0
2779 2
2780 3
2781 2
2782 3
2783 2
2784 3
2785 3
2786 2
2787 2
2788 2
2789 2
2790 2
2791 0
2792 3
2793 2
2794 2
2795 1
2796 2
2797 2
2798 2
2799 2
2800 2
2801 2
2802 3
2803 2
2804 3
2805 2
2806 2
2807 2
2808 2
2809 3
2810 3
2811 2
2812 2
2813 3
2814 3
2815 0
2816 3
2817 3
2818 2
2819 3
2820 2
2821 2
2822 3
2823 2
2824 3
2825 3
2826 2
2827 2
2828 0
2829 1
2830 3
2831 3
2832 1
2833 2
2834 3
2835 0
2836 0
2837 3
2838 2
2839 3
2840 0
2841 3
2842 0
2843 3
2844 2
2845 2
2846 1
2847 3
2848 2
2849 3
2850 3
2851 0
2852 2
2853 2
2854 0
2855 3
2856 0
2857 2
2858 0
2859 0
2860 0
2861 3
2862 1
2863 0
2864 3
2865 3
2866 0
2867 0
2868 2
2869 0
2870 3
2871 0
2872 2
2873 0
2874 0
2875 3
2876 3
2877 3
2878 0
2879 2
2880 2
2881 0
2882 3
2883 2
2884 2
2885 2
2886 0
2887 1
2888 1
2889 3
2890 3
2891 2
2892 0
2893 0
2894 0
2895 0
2896 0
2897 2
2898 2
2899 2
2900 2
2901 2
2902 2
2903 2
2904 2
2905 0
2906 1
2907 2
2908 2
2909 2
2910 2
2911 2
2912 2
2913 2
2914 2
2915 1
2916 2
2917 2
2918 0
2919 2
2920 2
2921 2
2922 0
2923 2
2924 2
2925 0
2926 0
2927 1
2928 2
2929 0
2930 2
2931 2
2932 0
2933 2
2934 2
2935 2
2936 3
2937 2
2938 0
2939 3
2940 3
2941 2
2942 2
2943 1
2944 2
2945 3
2946 2
2947 2
2948 3
2949 3
2950 2
2951 2
2952 3
2953 2
2954 2
2955 3
2956 2
2957 1
2958 0
2959 2
2960 2
2961 0
2962 3
2963 3
2964 1
2965 1
2966 0
2967 2
2968 2
2969 3
2970 3
2971 3
2972 2
2973 3
2974 3
2975 2
2976 2
2977 2
2978 3
2979 3
2980 2
2981 2
2982 3
2983 3
2984 0
2985 1
2986 2
2987 3
2988 1
2989 2
2990 2
2991 2
2992 2
2993 3
2994 2
2995 3
2996 2
2997 3
2998 1
2999 3
3000 2
3001 3
3002 2
3003 3
3004 3
3005 2
3006 2
3007 3
3008 2
3009 2
3010 2
3011 2
3012 0
3013 0
3014 2
3015 3
3016 2
3017 2
3018 0
3019 3
3020 2
3021 0
3022 2
3023 2
3024 2
3025 2
3026 3
3027 2
3028 3
3029 2
3030 3
3031 1
3032 3
3033 3
3034 1
3035 3
3036 1
3037 0
3038 2
3039 0
3040 2
3041 0
3042 3
3043 2
3044 0
3045 2
3046 0
3047 0
3048 0
3049 0
3050 3
3051 2
3052 3
3053 2
3054 3
3055 3
3056 3
3057 3
3058 2
3059 2
3060 2
3061 3
3062 0
3063 3
3064 2
3065 3
3066 2
3067 3
3068 3
3069 3
3070 2
3071 2
3072 2
3073 3
3074 2
3075 0
3076 3
3077 2
3078 0
3079 2
3080 3
3081 2
3082 3
3083 2
3084 3
3085 2
3086 2
3087 2
3088 3
3089 0
3090 3
3091 0
3092 0
3093 3
3094 3
3095 0
3096 3
3097 0
3098 3
3099 2
3100 3
3101 2
3102 0
3103 0
3104 2
3105 2
3106 3
3107 1
3108 2
3109 1
3110 2
3111 2
3112 0
3113 0
3114 3
3115 3
3116 3
3117 0
3118 0
3119 2
3120 1
3121 3
3122 3
3123 2
3124 2
3125 3
3126 2
3127 2
3128 3
3129 2
3130 0
3131 3
3132 3
3133 2
3134 3
3135 2
3136 3
3137 3
3138 3
3139 3
3140 0
3141 3
3142 2
3143 3
3144 3
3145 3
3146 2
3147 0
3148 2
3149 0
3150 2
3151 2
3152 2
3153 3
3154 3
3155 2
3156 2
3157 3
3158 3
3159 2
3160 2
3161 0
3162 2
3163 0
3164 0
3165 2
3166 2
3167 3
3168 0
3169 2
3170 2
3171 2
3172 0
3173 2
3174 2
3175 3
3176 2
3177 2
3178 3
3179 3
3180 0
3181 3
3182 3
3183 3
3184 2
3185 3
3186 2
3187 2
3188 2
3189 3
3190 2
3191 0
3192 1
3193 2
3194 0
3195 3
3196 3
3197 1
3198 3
3199 2
3200 0
3201 2
3202 2
3203 0
3204 2
3205 3
3206 2
3207 3
3208 3
3209 2
3210 3
3211 3
3212 2
3213 2
3214 0
3215 3
3216 2
3217 2
3218 2
3219 3
3220 3
3221 3
3222 3
3223 1
3224 1
3225 3
3226 2
3227 2
3228 2
3229 3
3230 3
3231 3
3232 2
3233 0
3234 3
3235 0
3236 1
3237 2
3238 3
3239 1
3240 2
3241 0
3242 2
3243 0
3244 0
3245 2
3246 2
3247 3
3248 0
3249 2
3250 2
3251 2
3252 0
3253 0
3254 3
3255 3
3256 0
3257 3
3258 0
3259 3
3260 2
3261 3
3262 0
3263 3
3264 0
3265 0
3266 0
3267 0
3268 0
3269 3
3270 0
3271 3
3272 2
3273 0
3274 2
3275 3
3276 0
3277 2
3278 3
3279 0
3280 2
3281 2
3282 3
3283 2
3284 2
3285 2
3286 2
3287 1
3288 2
3289 3
3290 2
3291 2
3292 3
3293 3
3294 2
3295 3
3296 3
3297 2
3298 2
3299 3
3300 0
3301 0
3302 3
3303 3
3304 2
3305 3
3306 2
3307 3
3308 2
3309 1
3310 3
3311 3
3312 0
3313 1
3314 3
3315 3
3316 2
3317 0
3318 3
3319 2
3320 1
3321 0
3322 3
3323 3
3324 2
3325 1
3326 2
3327 3
3328 3
3329 3
3330 3
3331 3
3332 3
3333 3
3334 0
3335 3
3336 3
3337 2
3338 2
3339 3
3340 2
3341 3
3342 3
3343 2
3344 3
3345 2
3346 2
3347 2
3348 3
3349 1
3350 2
3351 3
3352 3
3353 2
3354 3
3355 3
3356 3
3357 0
3358 2
3359 3
3360 3
3361 0
3362 0
3363 3
3364 0
3365 1
3366 2
3367 0
3368 2
3369 2
3370 1
3371 2
3372 2
3373 3
3374 2
3375 0
3376 3
3377 0
3378 3
3379 2
3380 1
3381 3
3382 3
3383 3
3384 3
3385 0
3386 2
3387 2
3388 3
3389 2
3390 0
3391 2
3392 2
3393 2
3394 3
3395 2
3396 3
3397 2
3398 2
3399 3
3400 3
3401 2
3402 2
3403 2
3404 2
3405 3
3406 1
3407 2
3408 2
3409 3
3410 3
3411 0
3412 2
3413 2
3414 3
3415 3
3416 2
3417 2
3418 1
3419 0
3420 2
3421 2
3422 2
3423 1
3424 2
3425 3
3426 3
3427 2
3428 3
3429 3
3430 1
3431 2
3432 3
3433 2
3434 2
3435 3
3436 3
3437 3
3438 3
3439 3
3440 3
3441 2
3442 2
3443 2
3444 3
3445 2
3446 1
3447 2
3448 2
3449 3
3450 2
3451 3
3452 2
3453 3
3454 3
3455 2
3456 2
3457 3
3458 1
3459 2
3460 2
3461 2
3462 0
3463 3
3464 2
3465 3
3466 1
3467 0
3468 3
3469 2
3470 2
3471 2
3472 2
3473 3
3474 3
3475 2
3476 1
3477 3
3478 0
3479 3
3480 0
3481 3
3482 0
3483 2
3484 2
3485 3
3486 3
3487 0
3488 2
3489 2
3490 0
3491 3
3492 3
3493 3
3494 2
3495 3
3496 0
3497 3
3498 3
3499 2
3500 2
3501 2
3502 2
3503 2
3504 3
3505 3
3506 3
3507 3
3508 2
3509 3
3510 3
3511 3
3512 0
3513 0
3514 0
3515 0
3516 0
3517 0
3518 3
3519 2
3520 3
3521 2
3522 2
3523 3
3524 2
3525 2
3526 2
3527 3
3528 2
3529 2
3530 2
3531 2
3532 3
3533 3
3534 0
3535 2
3536 2
3537 2
3538 2
3539 3
3540 3
3541 2
3542 3
3543 2
3544 2
3545 3
3546 2
3547 0
3548 3
3549 1
3550 2
3551 3
3552 2
3553 2
3554 3
3555 3
3556 1
3557 0
3558 3
3559 2
3560 0
3561 2
3562 2
3563 0
3564 3
3565 3
3566 2
3567 3
3568 0
3569 2
3570 1
3571 0
3572 3
3573 3
3574 3
3575 0
3576 3
3577 0
3578 3
3579 2
3580 3
3581 2
3582 2
3583 2
3584 2
3585 0
3586 3
3587 2
3588 2
3589 2
3590 0
3591 2
3592 3
3593 3
3594 2
3595 2
3596 3
3597 0
3598 3
3599 2
3600 3
3601 3
3602 2
3603 3
3604 0
3605 2
3606 0
3607 2
3608 0
3609 3
3610 3
3611 2
3612 3
3613 0
3614 0
3615 0
3616 3
3617 3
3618 0
3619 0
3620 0
3621 0
3622 0
3623 0
3624 0
3625 0
3626 0
3627 0
3628 0
3629 0
3630 0
3631 0
3632 0
3633 0
3634 0
3635 3
3636 0
3637 3
3638 2
3639 2
3640 2
3641 2
3642 3
3643 1
3644 2
3645 3
3646 3
3647 0
3648 0
3649 1
3650 3
3651 2
3652 2
3653 3
3654 2
3655 3
3656 0
3657 2
3658 2
3659 0
3660 2
3661 3
3662 3
3663 1
3664 2
3665 3
3666 3
3667 2
3668 0
3669 0
3670 2
3671 2
3672 3
3673 1
3674 3
3675 3
3676 0
3677 0
3678 3
3679 2
3680 2
3681 2
3682 2
3683 3
3684 2
3685 3
3686 3
3687 3
3688 2
3689 2
3690 2
3691 3
3692 0
3693 0
3694 0
3695 2
3696 0
3697 1
3698 0
3699 0
3700 0
3701 3
3702 2
3703 0
3704 2
3705 0
3706 0
3707 0
3708 3
3709 2
3710 3
3711 2
3712 1
3713 2
3714 3
3715 0
3716 3
3717 3
3718 0
3719 0
3720 2
3721 3
3722 2
3723 2
3724 3
3725 2
3726 0
3727 0
3728 3
3729 3
3730 3
3731 0
3732 2
3733 1
3734 3
3735 3
3736 2
3737 2
3738 3
3739 3
3740 2
3741 2
3742 1
3743 1
3744 0
3745 0
3746 2
3747 2
3748 2
3749 2
3750 2
3751 3
3752 3
3753 3
3754 3
3755 2
3756 2
3757 0
3758 3
3759 2
3760 2
3761 2
3762 2
3763 2
3764 3
3765 2
3766 3
3767 3
3768 3
3769 2
3770 2
3771 2
3772 2
3773 3
3774 3
3775 0
3776 2
3777 0
3778 0
3779 2
3780 2
3781 3
3782 3
3783 0
3784 3
3785 0
3786 1
3787 3
3788 3
3789 3
3790 3
3791 3
3792 3
3793 3
3794 0
3795 0
3796 0
3797 3
3798 0
3799 2
3800 2
3801 0
3802 3
3803 1
3804 2
3805 3
3806 0
3807 2
3808 2
3809 2
3810 3
3811 2
3812 2
3813 2
3814 1
3815 2
3816 3
3817 3
3818 3
3819 3
3820 0
3821 3
3822 2
3823 3
3824 3
3825 3
3826 3
3827 0
3828 2
3829 1
3830 3
3831 0
3832 2
3833 1
3834 2
3835 3
3836 3
3837 2
3838 0
3839 2
3840 1
3841 3
3842 3
3843 3
3844 3
3845 0
3846 2
3847 3
3848 1
3849 1
3850 3
3851 3
3852 0
3853 2
3854 0
3855 3
3856 3
3857 3
3858 0
3859 2
3860 3
3861 0
3862 2
3863 0
3864 3
3865 2
3866 3
3867 2
3868 0
3869 0
3870 3
3871 2
3872 3
3873 3
3874 3
3875 0
3876 2
3877 0
3878 1
3879 0
3880 2
3881 3
3882 2
3883 2
3884 2
3885 2
3886 3
3887 3
3888 3
3889 2
3890 0
3891 2
3892 2
3893 3
3894 0
3895 0
3896 0
3897 0
3898 0
3899 3
3900 0
3901 0
3902 0
3903 0
3904 0
3905 3
3906 0
3907 0
3908 0
3909 0
3910 0
3911 0
3912 0
3913 0
3914 0
3915 0
3916 0
3917 0
3918 0
3919 0
3920 0
3921 0
3922 0
3923 0
3924 0
3925 0
3926 0
3927 3
3928 0
3929 0
3930 0
3931 0
3932 2
3933 0
3934 0
3935 0
3936 3
3937 0
3938 0
3939 0
3940 3
3941 0
3942 0
3943 3
3944 0
3945 0
3946 0
3947 0
3948 0
3949 0
3950 0
3951 0
3952 0
3953 0
3954 0
3955 0
3956 0
3957 0
3958 0
3959 3
3960 2
3961 0
3962 0
3963 2
3964 0
3965 0
3966 0
3967 0
3968 0
3969 0
3970 0
3971 0
3972 0
3973 0
3974 0
3975 0
3976 0
3977 0
3978 0
3979 0
3980 2
3981 0
3982 2
3983 3
3984 3
3985 0
3986 2
3987 3
3988 2
3989 0
3990 0
3991 0
3992 0
3993 0
3994 0
3995 0
3996 0
3997 0
3998 0
3999 0
4000 0
4001 0
4002 0
4003 0
4004 0
4005 0
4006 0
4007 0
4008 0
4009 0
4010 0
4011 3
4012 2
4013 1
4014 1
4015 0
4016 2
4017 3
4018 1
4019 3
4020 3
4021 1
4022 3
4023 2
4024 2
4025 2
4026 0
4027 2
4028 1
4029 2
4030 2
4031 3
4032 3
4033 3
4034 1
4035 1
4036 1
4037 2
4038 3
4039 0
4040 2
4041 2
4042 2
4043 3
4044 0
4045 1
4046 2
4047 0
4048 3
4049 2
4050 2
4051 2
4052 1
4053 2
4054 2
4055 2
4056 2
4057 2
4058 3
4059 2
4060 3
4061 0
4062 3
4063 2
4064 0
4065 0
4066 3
4067 3
4068 3
4069 2
4070 3
4071 3
4072 2
4073 3
4074 3
4075 2
4076 2
4077 3
4078 2
4079 3
4080 2
4081 3
4082 3
4083 3
4084 2
4085 2
4086 2
4087 3
4088 2
4089 0
4090 1
4091 3
4092 2
4093 3
4094 2
4095 2
4096 3
4097 2
4098 3
4099 3
4100 0
4101 2
4102 3
4103 0
4104 3
4105 2
4106 3
4107 3
4108 2
4109 2
4110 2
4111 1
4112 3
4113 3
4114 2
4115 3
4116 2
4117 2
4118 1
4119 3
4120 0
4121 3
4122 3
4123 2
4124 2
4125 2
4126 3
4127 0
4128 2
4129 2
4130 3
4131 0
4132 2
4133 0
4134 0
4135 1
4136 0
4137 3
4138 1
4139 0
4140 2
4141 2
4142 3
4143 3
4144 0
4145 2
4146 2
4147 3
4148 0
4149 2
4150 0
4151 2
4152 3
4153 0
4154 2
4155 0
4156 0
4157 3
4158 2
4159 3
4160 3
4161 2
4162 3
4163 1
4164 0
4165 2
4166 3
4167 0
4168 3
4169 0
4170 3
4171 0
4172 3
4173 3
4174 2
4175 3
4176 0
4177 3
4178 2
4179 0
4180 3
4181 3
4182 3
4183 2
4184 3
4185 2
4186 2
4187 2
4188 3
4189 0
4190 0
4191 2
4192 0
4193 3
4194 3
4195 2
4196 1
4197 3
4198 0
4199 3
4200 0
4201 1
4202 3
4203 3
4204 1
4205 2
4206 2
4207 3
4208 2
4209 1
4210 3
4211 3
4212 1
4213 2
4214 3
4215 0
4216 0
4217 3
4218 3
4219 2
4220 2
4221 0
4222 0
4223 1
4224 2
4225 3
4226 2
4227 2
4228 0
4229 2
4230 1
4231 0
4232 3
4233 1
4234 2
4235 1
4236 3
4237 3
4238 2
4239 0
4240 3
4241 3
4242 2
4243 2
4244 3
4245 1
4246 0
4247 3
4248 3
4249 2
4250 2
4251 1
4252 2
4253 2
4254 2
4255 2
4256 2
4257 1
4258 3
4259 1
4260 0
4261 2
4262 2
4263 3
4264 2
4265 2
4266 3
4267 0
4268 1
4269 1
4270 0
4271 3
4272 1
4273 3
4274 3
4275 3
4276 0
4277 3
4278 3
4279 0
4280 2
4281 2
4282 0
4283 2
4284 1
4285 2
4286 0
4287 3
4288 2
4289 3
4290 3
4291 0
4292 2
4293 2
4294 3
4295 2
4296 3
4297 3
4298 2
4299 2
4300 3
4301 3
4302 3
4303 0
4304 1
4305 3
4306 3
4307 1
4308 3
4309 1
4310 1
4311 3
4312 1
4313 1
4314 0
4315 2
4316 3
4317 1
4318 2
4319 0
4320 1
4321 1
4322 2
4323 3
4324 0
4325 0
4326 3
4327 2
4328 0
4329 2
4330 3
4331 2
4332 0
4333 3
4334 2
4335 2
4336 0
4337 2
4338 2
4339 0
4340 0
4341 0
4342 0
4343 0
4344 0
4345 0
4346 0
4347 0
4348 0
4349 0
4350 0
4351 0
4352 3
4353 2
4354 2
4355 3
4356 2
4357 0
4358 2
4359 1
4360 0
4361 0
4362 1
4363 2
4364 2
4365 3
4366 2
4367 2
4368 3
4369 0
4370 0
4371 1
4372 3
4373 2
4374 3
4375 3
4376 2
4377 2
4378 3
4379 2
4380 2
4381 0
4382 3
4383 3
4384 3
4385 3
4386 1
4387 3
4388 3
4389 2
4390 3
4391 3
4392 2
4393 2
4394 2
4395 2
4396 3
4397 0
4398 2
4399 2
4400 3
4401 0
4402 2
4403 3
4404 0
4405 2
4406 0
4407 1
4408 0
4409 2
4410 2
4411 2
4412 2
4413 3
4414 3
4415 2
4416 2
4417 2
4418 1
4419 2
4420 3
4421 1
4422 3
4423 3
4424 3
4425 2
4426 0
4427 2
4428 3
4429 3
4430 2
4431 3
4432 2
4433 2
4434 2
4435 2
4436 2
4437 3
4438 1
4439 3
4440 0
4441 3
4442 0
4443 3
4444 1
4445 2
4446 2
4447 0
4448 2
4449 2
4450 0
4451 3
4452 2
4453 3
4454 3
4455 2
4456 2
4457 2
4458 2
4459 0
4460 2
4461 0
4462 3
4463 3
4464 0
4465 3
4466 2
4467 1
4468 0
4469 0
4470 0
4471 0
4472 3
4473 1
4474 3
4475 0
4476 0
4477 3
4478 1
4479 3
4480 2
4481 2
4482 3
4483 3
4484 3
4485 1
4486 0
4487 3
4488 3
4489 3
4490 3
4491 3
4492 0
4493 0
4494 3
4495 0
4496 3
4497 2
4498 0
4499 3
4500 3
4501 0
4502 0
4503 0
4504 0
4505 0
4506 0
4507 0
4508 0
4509 0
4510 0
4511 0
4512 0
4513 0
4514 0
4515 2
4516 3
4517 3
4518 2
4519 3
4520 2
4521 3
4522 0
4523 2
4524 3
4525 0
4526 2
4527 0
4528 2
4529 3
4530 1
4531 2
4532 3
4533 2
4534 3
4535 3
4536 2
4537 2
4538 0
4539 3
4540 2
4541 1
4542 2
4543 2
4544 3
4545 2
4546 1
4547 1
4548 3
4549 0
4550 3
4551 0
4552 0
4553 0
4554 3
4555 2
4556 3
4557 3
4558 3
4559 2
4560 2
4561 1
4562 0
4563 2
4564 1
4565 3
4566 2
4567 2
4568 2
4569 2
4570 3
4571 3
4572 2
4573 0
4574 2
4575 2
4576 3
4577 2
4578 2
4579 3
4580 2
4581 0
4582 0
4583 3
4584 3
4585 2
4586 0
4587 1
4588 0
4589 3
4590 2
4591 3
4592 0
4593 0
4594 2
4595 2
4596 0
4597 0
4598 0
4599 2
4600 0
4601 0
4602 2
4603 3
4604 2
4605 2
4606 3
4607 0
4608 2
4609 0
4610 0
4611 0
4612 2
4613 1
4614 0
4615 2
4616 2
4617 2
4618 3
4619 0
4620 2
4621 2
4622 0
4623 0
4624 1
4625 0
4626 2
4627 2
4628 3
4629 2
4630 3
4631 1
4632 3
4633 2
4634 2
4635 3
4636 3
4637 0
4638 2
4639 2
4640 2
4641 2
4642 1
4643 2
4644 2
4645 3
4646 0
4647 3
4648 2
4649 3
4650 2
4651 3
4652 3
4653 0
4654 2
4655 2
4656 2
4657 2
4658 3
4659 3
4660 3
4661 3
4662 2
4663 0
4664 3
4665 3
4666 3
4667 3
4668 3
4669 3
4670 2
4671 0
4672 1
4673 0
4674 3
4675 3
4676 0
4677 3
4678 3
4679 3
4680 3
4681 2
4682 2
4683 3
4684 3
4685 0
4686 3
4687 1
4688 2
4689 2
4690 3
4691 3
4692 0
4693 3
4694 2
4695 2
4696 3
4697 3
4698 2
4699 2
4700 3
4701 2
4702 3
4703 2
4704 2
4705 0
4706 3
4707 2
4708 1
4709 3
4710 0
4711 3
4712 0
4713 1
4714 3
4715 0
4716 3
4717 2
4718 0
4719 0
4720 0
4721 0
4722 1
4723 0
4724 3
4725 0
4726 3
4727 1
4728 2
4729 2
4730 3
4731 3
4732 3
4733 1
4734 3
4735 0
4736 2
4737 2
4738 2
4739 2
4740 2
4741 0
4742 3
4743 2
4744 2
4745 2
4746 0
4747 3
4748 2
4749 2
4750 0
4751 3
4752 0
4753 1
4754 3
4755 3
4756 2
4757 2
4758 0
4759 3
4760 2
4761 2
4762 2
4763 2
4764 2
4765 2
4766 0
4767 0
4768 2
4769 2
4770 0
4771 2
4772 1
4773 0
4774 3
4775 2
4776 2
4777 2
4778 3
4779 2
4780 3
4781 2
4782 3
4783 2
4784 3
4785 3
4786 2
4787 2
4788 3
4789 2
4790 0
4791 2
4792 2
4793 2
4794 2
4795 3
4796 2
4797 2
4798 0
4799 3
4800 1
4801 3
4802 3
4803 3
4804 3
4805 2
4806 3
4807 1
4808 3
4809 3
4810 2
4811 2
4812 2
4813 3
4814 2
4815 1
4816 3
4817 2
4818 2
4819 2
4820 0
4821 3
4822 2
4823 2
4824 0
4825 2
4826 0
4827 2
4828 3
4829 3
4830 3
4831 2
4832 0
4833 3
4834 2
4835 2
4836 0
4837 0
4838 2
4839 2
4840 3
4841 3
4842 2
4843 0
4844 2
4845 3
4846 3
4847 1
4848 2
4849 2
4850 2
4851 2
4852 2
4853 0
4854 1
4855 3
4856 2
4857 2
4858 2
4859 3
4860 3
4861 1
4862 0
4863 0
4864 0
4865 1
4866 3
4867 0
4868 3
4869 3
4870 3
4871 3
4872 3
4873 2
4874 2
4875 2
4876 1
4877 2
4878 2
4879 2
4880 0
4881 2
4882 2
4883 2
4884 2
4885 1
4886 0
4887 2
4888 2
4889 0
4890 2
4891 2
4892 3
4893 3
4894 2
4895 2
4896 1
4897 3
4898 3
4899 2
4900 0
4901 0
4902 2
4903 3
4904 2
4905 0
4906 2
4907 3
4908 3
4909 3
4910 3
4911 3
4912 0
4913 2
4914 3
4915 2
4916 2
4917 3
4918 3
4919 2
4920 2
4921 2
4922 0
4923 0
4924 3
4925 2
4926 2
4927 2
4928 3
4929 2
4930 0
4931 0
4932 1
4933 2
4934 0
4935 3
4936 3
4937 0
4938 3
4939 3
4940 2
4941 3
4942 0
4943 3
4944 2
4945 0
4946 2
4947 3
4948 2
4949 0
4950 2
4951 2
4952 3
4953 2
4954 2
4955 3
4956 3
4957 3
4958 2
4959 2
4960 3
4961 2
4962 2
4963 2
4964 2
4965 0
4966 3
4967 2
4968 0
4969 2
4970 3
4971 2
4972 3
4973 3
4974 3
4975 3
4976 3
4977 2
4978 3
4979 3
4980 2
4981 2
4982 0
4983 2
4984 3
4985 3
4986 3
4987 2
4988 2
4989 3
4990 3
4991 1
4992 3
4993 3
4994 3
4995 3
4996 3
4997 1
4998 1
4999 3
5000 0
5001 3
5002 3
5003 3
5004 0
5005 1
5006 2
5007 2
5008 2
5009 3
5010 3
5011 3
5012 3
5013 2
5014 2
5015 2
5016 2
5017 3
5018 3
5019 2
5020 3
5021 2
5022 2
5023 1
5024 3
5025 3
5026 2
5027 3
5028 2
5029 3
5030 1
5031 3
5032 2
5033 2
5034 0
5035 2
5036 3
5037 2
5038 2
5039 3
5040 2
5041 1
5042 0
5043 3
5044 0
5045 3
5046 0
5047 3
5048 3
5049 2
5050 3
5051 2
5052 0
5053 2
5054 2
5055 0
5056 0
5057 2
5058 1
5059 0
5060 0
5061 1
5062 3
5063 3
5064 2
5065 2
5066 3
5067 2
5068 3
5069 0
5070 1
5071 2
5072 3
5073 3
5074 2
5075 3
5076 3
5077 3
5078 3
5079 2
5080 3
5081 1
5082 3
5083 3
5084 3
5085 3
5086 3
5087 3
5088 3
5089 1
5090 3
5091 3
5092 2
5093 3
5094 3
5095 2
5096 0
5097 2
5098 3
5099 2
5100 0
5101 0
5102 1
5103 0
5104 3
5105 2
5106 2
5107 3
5108 0
5109 0
5110 0
5111 2
5112 3
5113 1
5114 3
5115 1
5116 2
5117 2
5118 2
5119 3
5120 2
5121 1
5122 3
5123 2
5124 3
5125 2
5126 0
5127 3
5128 2
5129 3
5130 2
5131 2
5132 3
5133 3
5134 1
5135 3
5136 2
5137 2
5138 0
5139 0
5140 3
5141 3
5142 2
5143 0
5144 2
5145 2
5146 0
5147 3
5148 0
5149 2
5150 3
5151 3
5152 1
5153 3
5154 2
5155 3
5156 2
5157 2
5158 2
5159 3
5160 3
5161 0
5162 2
5163 2
5164 2
5165 0
5166 2
5167 3
5168 1
5169 2
5170 0
5171 3
5172 2
5173 0
5174 0
5175 2
5176 3
5177 3
5178 3
5179 3
5180 0
5181 2
5182 0
5183 0
5184 2
5185 2
5186 3
5187 3
5188 3
5189 0
5190 0
5191 3
5192 2
5193 3
5194 0
5195 1
5196 2
5197 0
5198 3
5199 2
5200 0
5201 3
5202 1
5203 3
5204 3
5205 1
5206 2
5207 0
5208 3
5209 2
5210 0
5211 2
5212 3
5213 2
5214 0
5215 2
5216 3
5217 3
5218 1
5219 2
5220 0
5221 0
5222 0
5223 2
5224 2
5225 2
5226 2
5227 2
5228 2
5229 2
5230 2
5231 3
5232 3
5233 3
5234 3
5235 2
5236 0
5237 1
5238 2
5239 2
5240 0
5241 3
5242 2
5243 2
5244 1
5245 0
5246 2
5247 1
5248 3
5249 2
5250 3
5251 0
5252 0
5253 3
5254 3
5255 3
5256 2
5257 0
5258 3
5259 0
5260 3
5261 3
5262 0
5263 3
5264 3
5265 3
5266 3
5267 0
5268 2
5269 2
5270 3
5271 0
5272 2
5273 2
5274 3
5275 3
5276 1
5277 3
5278 3
5279 3
5280 3
5281 2
5282 2
5283 0
5284 1
5285 2
5286 3
5287 2
5288 0
5289 3
5290 0
5291 2
5292 0
5293 0
5294 3
5295 2
5296 3
5297 0
5298 1
5299 3
5300 0
5301 0
5302 3
5303 3
5304 3
5305 3
5306 2
5307 3
5308 3
5309 0
5310 2
5311 0
5312 2
5313 3
5314 3
5315 3
5316 1
5317 2
5318 3
5319 3
5320 2
5321 2
5322 2
5323 3
5324 0
5325 2
5326 2
5327 2
5328 2
5329 3
5330 0
5331 3
5332 3
5333 3
5334 0
5335 3
5336 3
5337 3
5338 3
5339 3
5340 2
5341 2
5342 3
5343 2
5344 3
5345 3
5346 0
5347 2
5348 3
5349 3
5350 3
5351 0
5352 0
5353 3
5354 1
5355 2
5356 3
5357 2
5358 2
5359 3
5360 3
5361 2
5362 2
5363 2
5364 3
5365 2
5366 0
5367 3
5368 3
5369 1
5370 2
5371 1
5372 3
5373 3
5374 2
5375 2
5376 3
5377 2
5378 3
5379 3
5380 3
5381 2
5382 2
5383 2
5384 2
5385 3
5386 3
5387 3
5388 3
5389 1
5390 2
5391 2
5392 2
5393 2
5394 3
5395 2
5396 3
5397 0
5398 2
5399 3
5400 2
5401 2
5402 2
5403 1
5404 2
5405 0
5406 2
5407 3
5408 3
5409 3
5410 2
5411 2
5412 2
5413 3
5414 3
5415 3
5416 3
5417 3
5418 0
5419 2
5420 3
5421 3
5422 0
5423 2
5424 0
5425 2
5426 2
5427 2
5428 2
5429 3
5430 3
5431 0
5432 1
5433 0
5434 3
5435 1
5436 3
5437 2
5438 3
5439 2
5440 3
5441 0
5442 3
5443 3
5444 1
5445 2
5446 2
5447 3
5448 3
5449 2
5450 0
5451 3
5452 1
5453 3
5454 0
5455 0
5456 0
5457 3
5458 3
5459 0
5460 0
5461 3
5462 3
5463 0
5464 2
5465 2
5466 3
5467 3
5468 3
5469 3
5470 2
5471 2
5472 2
5473 1
5474 2
5475 3
5476 1
5477 2
5478 3
5479 3
5480 2
5481 2
5482 2
5483 3
5484 3
5485 2
5486 2
5487 3
5488 0
5489 3
5490 2
5491 3
5492 2
5493 2
5494 2
5495 0
5496 2
5497 1
5498 2
5499 3
5500 3
5501 3
5502 2
5503 2
5504 2
5505 0
5506 0
5507 0
5508 3
5509 2
5510 3
5511 1
5512 0
5513 0
5514 2
5515 3
5516 3
5517 3
5518 0
5519 2
5520 2
5521 3
5522 0
5523 3
5524 2
5525 2
5526 2
5527 0
5528 0
5529 3
5530 0
5531 0
5532 0
5533 2
5534 0
5535 0
5536 2
5537 3
5538 2
5539 0
5540 0
5541 3
5542 0
5543 2
5544 0
5545 0
5546 1
5547 3
5548 3
5549 2
5550 2
5551 2
5552 3
5553 3
5554 3
5555 1
5556 2
5557 1
5558 3
5559 2
5560 3
5561 0
5562 0
5563 2
5564 0
5565 0
5566 2
5567 2
5568 3
5569 0
5570 0
5571 0
5572 2
5573 3
5574 1
5575 2
5576 3
5577 3
5578 2
5579 2
5580 0
5581 3
5582 3
5583 0
5584 2
5585 3
5586 3
5587 0
5588 3
5589 2
5590 3
5591 2
5592 2
5593 2
5594 2
5595 3
5596 2
5597 3
5598 2
5599 2
5600 3
5601 2
5602 2
5603 2
5604 3
5605 2
5606 2
5607 0
5608 3
5609 2
5610 2
5611 0
5612 2
5613 3
5614 3
5615 2
5616 3
5617 1
5618 2
5619 2
5620 2
5621 2
5622 0
5623 2
5624 2
5625 0
5626 3
5627 2
5628 1
5629 0
5630 3
5631 2
5632 3
5633 3
5634 0
5635 0
5636 3
5637 2
5638 3
5639 3
5640 0
5641 2
5642 2
5643 2
5644 3
5645 2
5646 3
5647 3
5648 2
5649 0
5650 2
5651 2
5652 0
5653 3
5654 1
5655 3
5656 0
5657 2
5658 3
5659 2
5660 3
5661 2
5662 2
5663 0
5664 0
5665 3
5666 0
5667 0
5668 0
5669 0
5670 0
5671 0
5672 3
5673 0
5674 0
5675 0
5676 0
5677 0
5678 0
5679 0
5680 0
5681 0
5682 0
5683 0
5684 0
5685 0
5686 0
5687 3
5688 0
5689 0
5690 0
5691 0
5692 0
5693 0
5694 0
5695 0
5696 3
5697 0
5698 1
5699 1
5700 2
5701 2
5702 2
5703 3
5704 3
5705 1
5706 1
5707 0
5708 1
5709 2
5710 0
5711 0
5712 0
5713 2
5714 3
5715 3
5716 0
5717 0
5718 2
5719 2
5720 0
5721 2
5722 3
5723 2
5724 2
5725 2
5726 1
5727 2
5728 2
5729 2
5730 3
5731 3
5732 3
5733 3
5734 3
5735 3
5736 2
5737 2
5738 3
5739 2
5740 0
5741 3
5742 3
5743 2
5744 2
5745 2
5746 3
5747 3
5748 3
5749 2
5750 3
5751 3
5752 3
5753 2
5754 3
5755 3
5756 3
5757 1
5758 1
5759 3
5760 3
5761 2
5762 3
5763 1
5764 3
5765 0
5766 2
5767 2
5768 2
5769 0
5770 3
5771 2
5772 0
5773 2
5774 3
5775 2
5776 2
5777 2
5778 3
5779 3
5780 2
5781 3
5782 0
5783 2
5784 3
5785 0
5786 3
5787 0
5788 0
5789 2
5790 0
5791 3
5792 0
5793 0
5794 0
5795 1
5796 3
5797 3
5798 2
5799 0
5800 3
5801 3
5802 3
5803 0
5804 3
5805 3
5806 2
5807 0
5808 0
5809 3
5810 0
5811 3
5812 2
5813 2
5814 1
5815 0
5816 0
5817 0
5818 2
5819 3
5820 0
5821 0
5822 2
5823 0
5824 2
5825 2
5826 0
5827 2
5828 0
5829 2
5830 1
5831 1
5832 0
5833 3
5834 3
5835 2
5836 1
5837 2
5838 2
5839 2
5840 3
5841 3
5842 3
5843 3
5844 0
5845 3
5846 3
5847 3
5848 3
5849 3
5850 2
5851 2
5852 3
5853 0
5854 3
5855 2
5856 0
5857 2
5858 3
5859 3
5860 2
5861 2
5862 2
5863 0
5864 3
5865 3
5866 3
5867 1
5868 2
5869 2
5870 3
5871 3
5872 2
5873 2
5874 2
5875 2
5876 3
5877 3
5878 3
5879 3
5880 0
5881 0
5882 3
5883 2
5884 0
5885 0
5886 0
5887 0
5888 0
5889 0
5890 0
5891 3
5892 0
5893 0
5894 0
5895 0
5896 0
5897 0
5898 0
5899 0
5900 0
5901 0
5902 3
5903 1
5904 0
5905 2
5906 2
5907 3
5908 2
5909 1
5910 0
5911 3
5912 3
5913 3
5914 0
5915 2
5916 0
5917 2
5918 2
5919 0
5920 0
5921 2
5922 2
5923 3
5924 3
5925 3
5926 2
5927 0
5928 0
5929 1
5930 3
5931 1
5932 3
5933 2
5934 2
5935 0
5936 3
5937 3
5938 2
5939 0
5940 2
5941 3
5942 3
5943 1
5944 2
5945 0
5946 0
5947 3
5948 2
5949 3
5950 3
5951 2
5952 0
5953 1
5954 3
5955 0
5956 1
5957 2
5958 0
5959 2
5960 3
5961 3
5962 2
5963 3
5964 2
5965 1
5966 1
5967 3
5968 3
5969 0
5970 3
5971 2
5972 1
5973 3
5974 2
5975 2
5976 2
5977 1
5978 3
5979 0
5980 2
5981 2
5982 2
5983 2
5984 2
5985 3
5986 2
5987 3
5988 2
5989 0
5990 3
5991 2
5992 1
5993 3
5994 2
5995 3
5996 2
5997 2
5998 1
5999 1
6000 2
6001 3
6002 3
6003 3
6004 1
6005 3
6006 2
6007 2
6008 2
6009 0
6010 2
6011 0
6012 3
6013 2
6014 2
6015 3
6016 3
6017 2
6018 3
6019 2
6020 0
6021 0
6022 0
6023 3
6024 2
6025 0
6026 2
6027 3
6028 1
6029 0
6030 3
6031 3
6032 3
6033 3
6034 3
6035 2
6036 2
6037 2
6038 0
6039 3
6040 2
6041 2
6042 3
6043 0
6044 3
6045 3
6046 2
6047 0
6048 0
6049 3
6050 2
6051 3
6052 1
6053 3
6054 1
6055 0
6056 2
6057 0
6058 3
6059 0
6060 3
6061 0
6062 3
6063 2
6064 3
6065 0
6066 1
6067 1
6068 1
6069 3
6070 3
6071 3
6072 3
6073 2
6074 3
6075 2
6076 2
6077 2
6078 3
6079 3
6080 3
6081 3
6082 3
6083 2
6084 3
6085 3
6086 3
6087 2
6088 1
6089 2
6090 3
6091 1
6092 3
6093 0
6094 1
6095 2
6096 2
6097 2
6098 0
6099 1
6100 0
6101 3
6102 3
6103 3
6104 3
6105 2
6106 2
6107 3
6108 3
6109 3
6110 2
6111 3
6112 2
6113 3
6114 3
6115 3
6116 2
6117 2
6118 3
6119 3
6120 3
6121 3
6122 3
6123 3
6124 3
6125 3
6126 3
6127 3
6128 3
6129 3
6130 3
6131 3
6132 0
6133 3
6134 3
6135 3
6136 3
6137 2
6138 3
6139 2
6140 3
6141 3
6142 2
6143 2
6144 3
6145 3
6146 3
6147 3
6148 3
6149 3
6150 3
6151 3
6152 3
6153 3
6154 1
6155 3
6156 3
6157 3
6158 2
6159 3
6160 3
6161 3
6162 3
6163 3
6164 3
6165 2
6166 2
6167 3
6168 1
6169 1
6170 3
6171 3
6172 3
6173 3
6174 3
6175 3
6176 3
6177 3
6178 3
6179 3
6180 3
6181 3
6182 2
6183 0
6184 2
6185 2
6186 2
6187 3
6188 1
6189 1
6190 3
6191 1
6192 3
6193 0
6194 2
6195 0
6196 3
6197 2
6198 3
6199 0
6200 0
6201 3
6202 0
6203 3
6204 3
6205 0
6206 3
6207 0
6208 2
6209 1
6210 0
6211 0
6212 1
6213 2
6214 0
6215 2
6216 0
6217 0
6218 2
6219 3
6220 2
6221 0
6222 0
6223 3
6224 1
6225 3
6226 3
6227 3
6228 3
6229 0
6230 0
6231 0
6232 2
6233 0
6234 2
6235 3
6236 3
6237 0
6238 0
6239 3
6240 3
6241 0
6242 0
6243 0
6244 0
6245 2
6246 2
6247 2
6248 2
6249 2
6250 3
6251 3
6252 3
6253 3
6254 3
6255 2
6256 3
6257 0
6258 0
6259 0
6260 0
6261 3
6262 3
6263 3
6264 3
6265 3
6266 3
6267 2
6268 3
6269 0
6270 3
6271 0
6272 3
6273 0
6274 0
6275 3
6276 0
6277 0
6278 0
6279 3
6280 0
6281 2
6282 0
6283 2
6284 0
6285 1
6286 3
6287 2
6288 0
6289 0
6290 2
6291 0
6292 3
6293 2
6294 3
6295 0
6296 0
6297 0
6298 0
6299 0
6300 0
6301 0
6302 2
6303 3
6304 3
6305 3
6306 3
6307 0
6308 0
6309 3
6310 3
6311 3
6312 3
6313 3
6314 3
6315 3
6316 1
6317 0
6318 0
6319 0
6320 0
6321 0
6322 0
6323 0
6324 0
6325 3
6326 1
6327 0
6328 2
6329 0
6330 3
6331 0
6332 1
6333 3
6334 3
6335 2
6336 3
6337 1
6338 0
6339 2
6340 3
6341 3
6342 2
6343 3
6344 3
6345 3
6346 0
6347 0
6348 0
6349 3
6350 0
6351 0
6352 0
6353 0
6354 3
6355 3
6356 2
6357 0
6358 2
6359 1
6360 3
6361 3
6362 2
6363 0
6364 3
6365 3
6366 0
6367 1
6368 0
6369 0
6370 0
6371 0
6372 3
6373 3
6374 0
6375 2
6376 3
6377 3
6378 3
6379 2
6380 3
6381 3
6382 3
6383 0
6384 1
6385 2
6386 3
6387 3
6388 3
6389 3
6390 0
6391 3
6392 3
6393 0
6394 3
6395 2
6396 3
6397 2
6398 1
6399 0
6400 3
6401 2
6402 0
6403 1
6404 3
6405 3
6406 1
6407 3
6408 3
6409 0
6410 3
6411 3
6412 3
6413 3
6414 2
6415 0
6416 3
6417 3
6418 0
6419 3
6420 2
6421 0
6422 2
6423 0
6424 3
6425 3
6426 2
6427 2
6428 3
6429 3
6430 3
6431 3
6432 3
6433 0
6434 3
6435 0
6436 3
6437 2
6438 3
6439 0
6440 0
6441 3
6442 2
6443 3
6444 3
6445 0
6446 2
6447 2
6448 3
6449 3
6450 2
6451 0
6452 0
6453 3
6454 2
6455 3
6456 2
6457 3
6458 0
6459 2
6460 0
6461 3
6462 0
6463 1
6464 0
6465 0
6466 3
6467 0
6468 2
6469 2
6470 3
6471 1
6472 0
6473 0
6474 0
6475 0
6476 0
6477 0
6478 3
6479 3
6480 3
6481 3
6482 2
6483 3
6484 0
6485 2
6486 2
6487 1
6488 0
6489 2
6490 0
6491 3
6492 1
6493 2
6494 1
6495 2
6496 0
6497 3
6498 0
6499 3
6500 3
6501 0
6502 3
6503 3
6504 0
6505 3
6506 3
6507 3
6508 3
6509 3
6510 3
6511 3
6512 3
6513 3
6514 3
6515 3
6516 3
6517 0
6518 3
6519 3
6520 0
6521 3
6522 3
6523 3
6524 3
6525 0
6526 0
6527 0
6528 0
6529 3
6530 0
6531 3
6532 3
6533 0
6534 2
6535 3
6536 2
6537 3
6538 2
6539 2
6540 0
6541 2
6542 3
6543 0
6544 3
6545 3
6546 0
6547 0
6548 0
6549 3
6550 3
6551 3
6552 1
6553 0
6554 3
6555 2
6556 3
6557 3
6558 3
6559 0
6560 1
6561 3
6562 3
6563 0
6564 2
6565 0
6566 3
6567 3
0 0
1 1
2 2
3 3
1e-06 0.136952 49
