0 4
1 4
2 13
3 0
4 4
5 4
6 4
7 4
8 4
9 4
10 0
11 4
12 13
13 4
14 4
15 4
16 4
17 4
18 4
19 13
20 4
21 13
22 4
23 4
24 4
25 4
26 4
27 4
28 4
29 4
30 4
31 0
32 4
33 4
34 4
35 4
36 4
37 4
38 4
39 4
40 4
41 4
42 4
43 13
44 4
45 4
46 4
47 0
48 0
49 0
50 4
51 4
52 4
53 4
54 4
55 4
56 0
57 0
58 0
59 4
60 4
61 4
62 0
63 0
64 4
65 4
66 4
67 4
68 4
69 4
70 4
71 0
72 4
73 4
74 4
75 4
76 4
77 4
78 4
79 0
80 4
81 0
82 4
83 13
84 4
85 4
86 0
87 4
88 4
89 4
90 4
91 4
92 4
93 4
94 4
95 4
96 4
97 4
98 4
99 0
100 4
101 0
102 0
103 0
104 0
105 4
106 4
107 0
108 4
109 4
110 4
111 4
112 4
113 4
114 0
115 4
116 4
117 0
118 4
119 4
120 4
121 4
122 4
123 4
124 4
125 4
126 4
127 4
128 4
129 0
130 0
131 0
132 0
133 4
134 4
135 4
136 0
137 4
138 0
139 4
140 4
141 13
142 0
143 4
144 4
145 4
146 0
147 4
148 4
149 13
150 4
151 0
152 4
153 4
154 4
155 4
156 13
157 4
158 0
159 4
160 0
161 13
162 4
163 4
164 0
165 0
166 0
167 4
168 0
169 0
170 4
171 13
172 4
173 4
174 13
175 13
176 4
177 0
178 13
179 13
180 0
181 4
182 0
183 4
184 0
185 0
186 0
187 13
188 13
189 13
190 0
191 0
192 4
193 0
194 4
195 0
196 0
197 4
198 4
199 0
200 4
201 4
202 0
203 0
204 0
205 13
206 13
207 4
208 13
209 4
210 13
211 13
212 4
213 13
214 0
215 4
216 0
217 0
218 0
219 13
220 13
221 13
222 0
223 4
224 4
225 0
226 4
227 4
228 4
229 0
230 0
231 0
232 4
233 0
234 0
235 0
236 4
237 13
238 0
239 0
240 13
241 4
242 4
243 4
244 13
245 0
246 13
247 4
248 4
249 13
250 4
251 13
252 0
253 13
254 13
255 13
256 4
257 13
258 4
259 13
260 4
261 0
262 13
263 0
264 0
265 0
266 4
267 13
268 0
269 4
270 4
271 4
272 13
273 4
274 0
275 0
276 4
277 13
278 4
279 0
280 4
281 13
282 4
283 4
284 4
285 13
286 13
287 4
288 13
289 4
290 4
291 0
292 13
293 4
294 13
295 13
296 13
297 4
298 4
299 4
300 13
301 4
302 4
303 0
304 13
305 0
306 4
307 0
308 0
309 0
310 4
311 0
312 0
313 4
314 4
315 4
316 13
317 0
318 4
319 0
320 0
321 4
322 4
323 4
324 0
325 4
326 13
327 4
328 4
329 4
330 4
331 4
332 4
333 0
334 4
335 13
336 13
337 0
338 0
339 4
340 4
341 13
342 4
343 4
344 4
345 13
346 0
347 0
348 0
349 0
350 0
351 4
352 0
353 4
354 0
355 0
356 13
357 0
358 0
359 0
360 13
361 13
362 4
363 13
364 4
365 4
366 4
367 4
368 4
369 4
370 4
371 0
372 4
373 4
374 4
375 4
376 4
377 4
378 4
379 13
380 4
381 4
382 4
383 4
384 13
385 13
386 0
387 4
388 0
389 0
390 0
391 4
392 4
393 0
394 0
395 4
396 4
397 4
398 4
399 4
400 0
401 13
402 4
403 0
404 4
405 13
406 13
407 4
408 4
409 4
410 13
411 4
412 0
413 4
414 4
415 13
416 4
417 4
418 4
419 13
420 4
421 4
422 4
423 4
424 4
425 4
426 4
427 4
428 4
429 4
430 4
431 4
432 4
433 4
434 4
435 4
436 4
437 4
438 0
439 13
440 4
441 4
442 4
443 13
444 4
445 4
446 4
447 13
448 4
449 4
450 4
451 4
452 13
453 4
454 4
455 4
456 4
457 4
458 0
459 0
460 4
461 4
462 4
463 4
464 0
465 4
466 4
467 0
468 4
469 4
470 4
471 13
472 4
473 4
474 4
475 13
476 4
477 4
478 4
479 4
480 0
481 13
482 4
483 4
484 13
485 4
486 4
487 4
488 4
489 4
490 4
491 4
492 4
493 4
494 4
495 13
496 0
497 4
498 4
499 4
500 0
501 4
502 4
503 0
504 4
505 4
506 0
507 13
508 4
509 0
510 4
511 4
512 0
513 13
514 4
515 4
516 13
517 13
518 13
519 13
520 13
521 13
522 13
523 13
524 13
525 13
526 13
527 13
528 13
529 13
530 13
531 13
532 13
533 13
534 13
535 13
536 13
537 13
538 13
539 0
540 13
541 13
542 13
543 13
544 0
545 13
546 13
547 13
548 13
549 13
550 13
551 13
552 13
553 13
554 13
555 13
556 13
557 13
558 4
559 13
560 4
561 13
562 13
563 13
564 13
565 13
566 13
567 13
568 13
569 13
570 13
571 13
572 13
573 4
574 13
575 13
576 13
577 13
578 13
579 0
580 4
581 13
582 13
583 13
584 13
585 13
586 13
587 13
588 0
589 13
590 4
591 13
592 13
593 13
594 13
595 13
596 13
597 13
598 13
599 13
600 13
601 13
602 13
603 13
604 13
605 13
606 13
607 13
608 13
609 13
610 13
611 13
612 13
613 13
614 13
615 4
616 13
617 13
618 0
619 13
620 13
621 13
622 13
623 13
624 13
625 13
626 13
627 13
628 4
629 13
630 4
631 13
632 13
633 13
634 13
635 13
636 13
637 13
638 13
639 13
640 13
641 13
642 13
643 13
644 13
645 13
646 13
647 13
648 13
649 13
650 13
651 13
652 13
653 13
654 13
655 13
656 13
657 13
658 13
659 0
660 13
661 13
662 13
663 4
664 13
665 13
666 13
667 13
668 4
669 4
670 4
671 4
672 0
673 4
674 4
675 4
676 4
677 4
678 4
679 13
680 4
681 4
682 4
683 13
684 4
685 4
686 4
687 4
688 4
689 4
690 0
691 4
692 4
693 13
694 0
695 4
696 4
697 0
698 4
699 4
700 4
701 4
702 4
703 13
704 4
705 4
706 13
707 4
708 4
709 4
710 4
711 0
712 4
713 4
714 4
715 4
716 4
717 4
718 4
719 4
720 4
721 4
722 0
723 13
724 4
725 13
726 4
727 4
728 13
729 4
730 4
731 4
732 4
733 4
734 4
735 0
736 4
737 4
738 4
739 0
740 13
741 4
742 4
743 4
744 4
745 4
746 4
747 4
748 4
749 0
750 4
751 4
752 4
753 4
754 4
755 0
756 4
757 4
758 4
759 13
760 4
761 0
762 13
763 4
764 4
765 0
766 4
767 4
768 4
769 4
770 4
771 4
772 4
773 4
774 4
775 0
776 4
777 4
778 4
779 4
780 4
781 4
782 4
783 4
784 4
785 4
786 4
787 4
788 4
789 4
790 4
791 4
792 4
793 0
794 13
795 4
796 4
797 4
798 4
799 4
800 4
801 4
802 4
803 4
804 4
805 4
806 4
807 4
808 4
809 4
810 4
811 4
812 4
813 4
814 4
815 4
816 4
817 0
818 4
819 4
820 4
821 4
822 4
823 4
824 4
825 4
826 4
827 4
828 0
829 4
830 4
831 4
832 0
833 4
834 4
835 4
836 4
837 4
838 0
839 4
840 4
841 4
842 4
843 4
844 4
845 4
846 4
847 4
848 0
849 4
850 4
851 4
852 4
853 4
854 4
855 4
856 4
857 4
858 4
859 4
860 4
861 4
862 4
863 4
864 4
865 4
866 4
867 4
868 4
869 4
870 4
871 4
872 4
873 4
874 4
875 4
876 0
877 4
878 4
879 4
880 4
881 13
882 0
883 0
884 0
885 0
886 0
887 0
888 0
889 0
890 0
891 0
892 0
893 0
894 0
895 0
896 0
897 0
898 0
899 0
900 4
901 0
902 0
903 0
904 0
905 4
906 0
907 4
908 4
909 4
910 4
911 4
912 4
913 4
914 4
915 4
916 4
917 4
918 4
919 4
920 4
921 4
922 4
923 4
924 4
925 0
926 0
927 4
928 4
929 4
930 4
931 4
932 4
933 4
934 4
935 4
936 4
937 4
938 4
939 4
940 4
941 4
942 4
943 4
944 0
945 4
946 4
947 4
948 4
949 13
950 4
951 4
952 4
953 4
954 4
955 4
956 4
957 4
958 0
959 4
960 4
961 4
962 0
963 4
964 4
965 4
966 4
967 4
968 4
969 4
970 4
971 4
972 4
973 4
974 4
975 4
976 0
977 4
978 4
979 4
980 4
981 4
982 13
983 4
984 4
985 4
986 4
987 4
988 4
989 4
990 4
991 4
992 4
993 4
994 4
995 4
996 4
997 4
998 4
999 4
1000 4
1001 4
1002 4
1003 4
1004 4
1005 4
1006 0
1007 4
1008 4
1009 4
1010 4
1011 4
1012 13
1013 4
1014 4
1015 4
1016 4
1017 4
1018 4
1019 4
1020 4
1021 4
1022 4
1023 4
1024 4
1025 4
1026 4
1027 4
1028 0
1029 4
1030 4
1031 4
1032 4
1033 4
1034 0
1035 0
1036 13
1037 4
1038 4
1039 0
1040 4
1041 0
1042 4
1043 4
1044 4
1045 4
1046 4
1047 0
1048 4
1049 4
1050 0
1051 0
1052 0
1053 0
1054 0
1055 4
1056 4
1057 4
1058 4
1059 4
1060 4
1061 4
1062 4
1063 4
1064 4
1065 4
1066 4
1067 4
1068 4
1069 4
1070 4
1071 0
1072 4
1073 4
1074 4
1075 4
1076 4
1077 0
1078 4
1079 4
1080 4
1081 4
1082 4
1083 0
1084 4
1085 4
1086 4
1087 4
1088 4
1089 0
1090 4
1091 4
1092 4
1093 0
1094 4
1095 0
1096 0
1097 4
1098 4
1099 4
1100 0
1101 13
1102 4
1103 0
1104 0
1105 0
1106 4
1107 4
1108 4
1109 4
1110 4
1111 4
1112 4
1113 4
1114 0
1115 0
1116 4
1117 4
1118 4
1119 0
1120 13
1121 4
1122 4
1123 4
1124 4
1125 4
1126 4
1127 4
1128 4
1129 4
1130 4
1131 0
1132 4
1133 0
1134 4
1135 4
1136 4
1137 4
1138 0
1139 13
1140 4
1141 4
1142 4
1143 4
1144 4
1145 4
1146 4
1147 4
1148 4
1149 4
1150 4
1151 4
1152 4
1153 4
1154 4
1155 4
1156 4
1157 4
1158 4
1159 4
1160 0
1161 4
1162 4
1163 0
1164 0
1165 4
1166 4
1167 4
1168 4
1169 13
1170 4
1171 4
1172 13
1173 0
1174 4
1175 4
1176 0
1177 4
1178 4
1179 13
1180 4
1181 4
1182 13
1183 13
1184 13
1185 13
1186 4
1187 4
1188 4
1189 4
1190 0
1191 13
1192 13
1193 4
1194 0
1195 13
1196 0
1197 4
1198 4
1199 0
1200 13
1201 4
1202 4
1203 13
1204 4
1205 4
1206 13
1207 4
1208 4
1209 13
1210 4
1211 4
1212 4
1213 1
1214 0
1215 13
1216 13
1217 4
1218 0
1219 4
1220 4
1221 13
1222 13
1223 4
1224 4
1225 13
1226 13
1227 13
1228 0
1229 13
1230 0
1231 0
1232 4
1233 13
1234 13
1235 0
1236 13
1237 13
1238 13
1239 0
1240 4
1241 4
1242 4
1243 4
1244 4
1245 13
1246 4
1247 13
1248 4
1249 13
1250 0
1251 13
1252 13
1253 0
1254 4
1255 13
1256 4
1257 13
1258 4
1259 4
1260 13
1261 0
1262 4
1263 4
1264 4
1265 4
1266 4
1267 4
1268 0
1269 13
1270 4
1271 4
1272 4
1273 0
1274 13
1275 4
1276 4
1277 4
1278 4
1279 4
1280 0
1281 4
1282 4
1283 4
1284 13
1285 4
1286 4
1287 4
1288 13
1289 13
1290 4
1291 4
1292 4
1293 13
1294 4
1295 0
1296 13
1297 4
1298 4
1299 4
1300 1
1301 13
1302 13
1303 4
1304 4
1305 0
1306 13
1307 0
1308 4
1309 4
1310 4
1311 13
1312 4
1313 4
1314 13
1315 4
1316 4
1317 13
1318 4
1319 4
1320 4
1321 0
1322 4
1323 4
1324 4
1325 4
1326 4
1327 4
1328 4
1329 4
1330 4
1331 0
1332 0
1333 13
1334 4
1335 13
1336 4
1337 13
1338 13
1339 0
1340 4
1341 4
1342 0
1343 0
1344 13
1345 4
1346 13
1347 4
1348 4
1349 4
1350 0
1351 13
1352 13
1353 0
1354 4
1355 4
1356 4
1357 4
1358 4
1359 13
1360 13
1361 13
1362 4
1363 4
1364 4
1365 13
1366 4
1367 13
1368 13
1369 4
1370 4
1371 4
1372 13
1373 4
1374 4
1375 4
1376 13
1377 4
1378 4
1379 13
1380 13
1381 4
1382 13
1383 4
1384 4
1385 13
1386 0
1387 4
1388 13
1389 4
1390 4
1391 0
1392 4
1393 4
1394 0
1395 4
1396 4
1397 13
1398 13
1399 4
1400 13
1401 4
1402 4
1403 4
1404 0
1405 4
1406 4
1407 13
1408 4
1409 13
1410 4
1411 4
1412 13
1413 13
1414 13
1415 4
1416 4
1417 13
1418 4
1419 13
1420 4
1421 4
1422 0
1423 0
1424 4
1425 0
1426 13
1427 4
1428 4
1429 13
1430 4
1431 4
1432 0
1433 4
1434 13
1435 4
1436 13
1437 4
1438 4
1439 4
1440 4
1441 4
1442 4
1443 4
1444 4
1445 4
1446 13
1447 0
1448 4
1449 4
1450 4
1451 13
1452 0
1453 4
1454 13
1455 0
1456 4
1457 4
1458 4
1459 0
1460 13
1461 13
1462 4
1463 13
1464 0
1465 4
1466 13
1467 0
1468 13
1469 13
1470 0
1471 4
1472 13
1473 4
1474 13
1475 13
1476 13
1477 4
1478 4
1479 0
1480 4
1481 4
1482 4
1483 4
1484 0
1485 13
1486 4
1487 4
1488 13
1489 4
1490 13
1491 13
1492 4
1493 13
1494 4
1495 13
1496 4
1497 0
1498 4
1499 4
1500 13
1501 4
1502 0
1503 13
1504 13
1505 13
1506 13
1507 4
1508 4
1509 4
1510 4
1511 13
1512 13
1513 13
1514 13
1515 4
1516 0
1517 13
1518 0
1519 4
1520 4
1521 4
1522 13
1523 13
1524 13
1525 0
1526 13
1527 13
1528 4
1529 4
1530 4
1531 13
1532 4
1533 13
1534 13
1535 13
1536 4
1537 4
1538 4
1539 13
1540 13
1541 0
1542 4
1543 4
1544 4
1545 4
1546 4
1547 4
1548 4
1549 4
1550 4
1551 4
1552 4
1553 13
1554 4
1555 4
1556 0
1557 4
1558 4
1559 13
1560 4
1561 13
1562 4
1563 0
1564 4
1565 13
1566 0
1567 4
1568 4
1569 4
1570 13
1571 13
1572 4
1573 4
1574 13
1575 4
1576 4
1577 4
1578 13
1579 0
1580 4
1581 4
1582 4
1583 4
1584 0
1585 4
1586 0
1587 4
1588 4
1589 4
1590 13
1591 4
1592 0
1593 13
1594 4
1595 4
1596 0
1597 4
1598 13
1599 0
1600 0
1601 13
1602 4
1603 4
1604 4
1605 0
1606 4
1607 13
1608 13
1609 0
1610 13
1611 4
1612 13
1613 13
1614 4
1615 4
1616 0
1617 4
1618 13
1619 0
1620 4
1621 4
1622 4
1623 13
1624 13
1625 4
1626 4
1627 4
1628 13
1629 13
1630 0
1631 4
1632 13
1633 13
1634 4
1635 4
1636 4
1637 4
1638 4
1639 4
1640 13
1641 4
1642 4
1643 13
1644 4
1645 4
1646 4
1647 13
1648 0
1649 4
1650 13
1651 13
1652 4
1653 4
1654 13
1655 13
1656 13
1657 4
1658 13
1659 4
1660 4
1661 13
1662 4
1663 4
1664 13
1665 4
1666 4
1667 4
1668 13
1669 13
1670 0
1671 4
1672 13
1673 4
1674 0
1675 4
1676 0
1677 4
1678 1
1679 4
1680 4
1681 4
1682 0
1683 13
1684 13
1685 0
1686 0
1687 4
1688 4
1689 4
1690 4
1691 4
1692 0
1693 4
1694 4
1695 4
1696 0
1697 4
1698 13
1699 13
1700 4
1701 13
1702 4
1703 4
1704 13
1705 4
1706 4
1707 4
1708 13
1709 4
1710 13
1711 13
1712 4
1713 4
1714 4
1715 13
1716 4
1717 4
1718 0
1719 13
1720 13
1721 13
1722 13
1723 13
1724 4
1725 13
1726 4
1727 4
1728 4
1729 13
1730 4
1731 13
1732 4
1733 4
1734 4
1735 0
1736 4
1737 4
1738 4
1739 4
1740 4
1741 13
1742 4
1743 13
1744 4
1745 4
1746 4
1747 13
1748 13
1749 13
1750 4
1751 4
1752 13
1753 4
1754 13
1755 13
1756 4
1757 4
1758 0
1759 4
1760 13
1761 13
1762 13
1763 0
1764 4
1765 13
1766 4
1767 4
1768 13
1769 13
1770 13
1771 0
1772 4
1773 4
1774 0
1775 4
1776 4
1777 4
1778 1
1779 4
1780 4
1781 13
1782 13
1783 4
1784 4
1785 13
1786 13
1787 13
1788 13
1789 13
1790 4
1791 13
1792 0
1793 4
1794 13
1795 13
1796 4
1797 4
1798 0
1799 13
1800 4
1801 4
1802 0
1803 4
1804 4
1805 4
1806 13
1807 13
1808 13
1809 4
1810 13
1811 4
1812 4
1813 13
1814 0
1815 4
1816 4
1817 13
1818 4
1819 4
1820 13
1821 4
1822 4
1823 4
1824 4
1825 4
1826 4
1827 0
1828 13
1829 0
1830 4
1831 0
1832 13
1833 4
1834 0
1835 13
1836 4
1837 0
1838 0
1839 13
1840 4
1841 4
1842 4
1843 4
1844 4
1845 0
1846 0
1847 0
1848 4
1849 4
1850 13
1851 0
1852 0
1853 13
1854 0
1855 4
1856 13
1857 13
1858 13
1859 13
1860 4
1861 13
1862 4
1863 4
1864 13
1865 4
1866 0
1867 4
1868 13
1869 4
1870 4
1871 0
1872 13
1873 13
1874 4
1875 13
1876 4
1877 13
1878 13
1879 4
1880 4
1881 4
1882 0
1883 4
1884 4
1885 13
1886 0
1887 13
1888 4
1889 4
1890 13
1891 4
1892 13
1893 4
1894 4
1895 13
1896 4
1897 13
1898 4
1899 0
1900 13
1901 4
1902 4
1903 13
1904 4
1905 4
1906 13
1907 13
1908 13
1909 4
1910 13
1911 4
1912 13
1913 4
1914 4
1915 13
1916 4
1917 13
1918 13
1919 4
1920 4
1921 0
1922 13
1923 4
1924 4
1925 4
1926 13
1927 13
1928 13
1929 0
1930 13
1931 13
1932 13
1933 13
1934 4
1935 4
1936 4
1937 13
1938 4
1939 4
1940 13
1941 0
1942 13
1943 13
1944 4
1945 13
1946 0
1947 4
1948 4
1949 4
1950 4
1951 13
1952 13
1953 0
1954 13
1955 13
1956 0
1957 0
1958 4
1959 4
1960 4
1961 0
1962 4
1963 4
1964 4
1965 13
1966 13
1967 13
1968 13
1969 13
1970 13
1971 4
1972 13
1973 0
1974 4
1975 13
1976 4
1977 13
1978 4
1979 4
1980 0
1981 0
1982 0
1983 13
1984 4
1985 4
1986 4
1987 4
1988 13
1989 13
1990 4
1991 13
1992 4
1993 4
1994 13
1995 4
1996 13
1997 4
1998 0
1999 13
2000 4
2001 13
2002 13
2003 4
2004 4
2005 13
2006 13
2007 0
2008 4
2009 4
2010 0
2011 0
2012 0
2013 4
2014 13
2015 0
2016 0
2017 4
2018 13
2019 13
2020 0
2021 13
2022 4
2023 0
2024 4
2025 4
2026 13
2027 0
2028 13
2029 13
2030 4
2031 4
2032 4
2033 4
2034 0
2035 13
2036 0
2037 13
2038 13
2039 13
2040 13
2041 13
2042 13
2043 4
2044 4
2045 13
2046 4
2047 4
2048 4
2049 13
2050 4
2051 0
2052 13
2053 13
2054 4
2055 4
2056 4
2057 4
2058 4
2059 4
2060 0
2061 4
2062 4
2063 4
2064 0
2065 0
2066 4
2067 4
2068 4
2069 4
2070 4
2071 0
2072 4
2073 4
2074 0
2075 4
2076 0
2077 4
2078 13
2079 4
2080 4
2081 4
2082 4
2083 13
2084 0
2085 4
2086 4
2087 4
2088 13
2089 4
2090 4
2091 13
2092 0
2093 4
2094 0
2095 13
2096 4
2097 0
2098 0
2099 4
2100 4
2101 0
2102 0
2103 13
2104 0
2105 0
2106 0
2107 0
2108 0
2109 0
2110 0
2111 0
2112 0
2113 13
2114 0
2115 0
2116 4
2117 4
2118 13
2119 4
2120 4
2121 4
2122 4
2123 4
2124 4
2125 13
2126 13
2127 13
2128 4
2129 13
2130 4
2131 4
2132 4
2133 13
2134 4
2135 0
2136 13
2137 4
2138 4
2139 4
2140 4
2141 4
2142 4
2143 0
2144 4
2145 4
2146 0
2147 0
2148 0
2149 0
2150 13
2151 0
2152 4
2153 0
2154 13
2155 13
2156 13
2157 13
2158 13
2159 0
2160 13
2161 13
2162 13
2163 13
2164 0
2165 13
2166 13
2167 13
2168 4
2169 0
2170 13
2171 13
2172 13
2173 13
2174 13
2175 13
2176 13
2177 13
2178 0
2179 0
2180 13
2181 0
2182 4
2183 4
2184 4
2185 13
2186 13
2187 4
2188 13
2189 13
2190 13
2191 13
2192 13
2193 0
2194 0
2195 13
2196 13
2197 0
2198 13
2199 13
2200 4
2201 13
2202 13
2203 13
2204 13
2205 13
2206 13
2207 0
2208 0
2209 0
2210 4
2211 0
2212 13
2213 13
2214 13
2215 0
2216 0
2217 0
2218 4
2219 4
2220 0
2221 13
2222 0
2223 13
2224 4
2225 13
2226 13
2227 13
2228 4
2229 13
2230 13
2231 13
2232 13
2233 13
2234 0
2235 13
2236 13
2237 0
2238 13
2239 0
2240 0
2241 0
2242 0
2243 13
2244 4
2245 13
2246 13
2247 13
2248 0
2249 13
2250 0
2251 0
2252 13
2253 0
2254 13
2255 0
2256 0
2257 4
2258 0
2259 13
2260 13
2261 13
2262 13
2263 13
2264 0
2265 13
2266 13
2267 13
2268 4
2269 13
2270 13
2271 13
2272 13
2273 13
2274 13
2275 13
2276 0
2277 4
2278 13
2279 4
2280 13
2281 4
2282 13
2283 13
2284 0
2285 0
2286 4
2287 4
2288 13
2289 13
2290 4
2291 13
2292 4
2293 4
2294 13
2295 4
2296 13
2297 4
2298 4
2299 4
2300 4
2301 13
2302 4
2303 4
2304 4
2305 4
2306 4
2307 13
2308 4
2309 4
2310 13
2311 4
2312 0
2313 4
2314 4
2315 13
2316 4
2317 13
2318 4
2319 13
2320 4
2321 13
2322 4
2323 4
2324 4
2325 13
2326 4
2327 4
2328 13
2329 13
2330 4
2331 13
2332 13
2333 13
2334 4
2335 4
2336 0
2337 13
2338 4
2339 13
2340 13
2341 4
2342 4
2343 4
2344 0
2345 13
2346 4
2347 4
2348 13
2349 4
2350 13
2351 13
2352 4
2353 13
2354 13
2355 4
2356 13
2357 13
2358 0
2359 13
2360 4
2361 13
2362 4
2363 13
2364 13
2365 4
2366 4
2367 4
2368 4
2369 4
2370 4
2371 4
2372 4
2373 13
2374 4
2375 13
2376 4
2377 0
2378 4
2379 13
2380 0
2381 13
2382 13
2383 13
2384 4
2385 0
2386 4
2387 4
2388 4
2389 13
2390 4
2391 4
2392 4
2393 4
2394 13
2395 4
2396 4
2397 4
2398 4
2399 13
2400 4
2401 4
2402 0
2403 13
2404 4
2405 4
2406 4
2407 4
2408 4
2409 0
2410 4
2411 13
2412 13
2413 13
2414 4
2415 13
2416 0
2417 13
2418 13
2419 13
2420 4
2421 13
2422 13
2423 4
2424 4
2425 4
2426 0
2427 4
2428 13
2429 4
2430 4
2431 0
2432 13
2433 0
2434 13
2435 4
2436 4
2437 13
2438 4
2439 13
2440 4
2441 4
2442 4
2443 4
2444 4
2445 13
2446 4
2447 13
2448 4
2449 0
2450 13
2451 4
2452 13
2453 13
2454 4
2455 4
2456 4
2457 4
2458 4
2459 4
2460 13
2461 13
2462 13
2463 4
2464 13
2465 4
2466 4
2467 13
2468 13
2469 0
2470 4
2471 13
2472 4
2473 13
2474 4
2475 4
2476 4
2477 13
2478 0
2479 13
2480 13
2481 13
2482 4
2483 4
2484 4
2485 4
2486 13
2487 4
2488 4
2489 4
2490 4
2491 4
2492 4
2493 13
2494 13
2495 4
2496 4
2497 13
2498 13
2499 0
2500 13
2501 13
2502 4
2503 4
2504 4
2505 13
2506 13
2507 13
2508 13
2509 4
2510 4
2511 13
2512 0
2513 4
2514 13
2515 4
2516 4
2517 4
2518 4
2519 4
2520 4
2521 13
2522 0
2523 13
2524 4
2525 13
2526 4
2527 13
2528 4
2529 4
2530 13
2531 13
2532 13
2533 4
2534 13
2535 13
2536 13
2537 13
2538 13
2539 13
2540 13
2541 4
2542 13
2543 4
2544 4
2545 4
2546 4
2547 13
2548 13
2549 4
2550 13
2551 13
2552 13
2553 4
2554 4
2555 4
2556 13
2557 13
2558 4
2559 13
2560 4
2561 4
2562 13
2563 4
2564 4
2565 4
2566 13
2567 4
2568 0
2569 4
2570 13
2571 13
2572 13
2573 13
2574 4
2575 4
2576 13
2577 4
2578 13
2579 4
2580 4
2581 4
2582 13
2583 4
2584 4
2585 13
2586 13
2587 13
2588 4
2589 4
2590 4
2591 4
2592 4
2593 4
2594 13
2595 13
2596 4
2597 4
2598 13
2599 13
2600 4
2601 13
2602 13
2603 13
2604 13
2605 0
2606 13
2607 4
2608 13
2609 13
2610 13
2611 13
2612 4
2613 4
2614 13
2615 4
2616 13
2617 4
2618 13
2619 4
2620 0
2621 13
2622 13
2623 13
2624 0
2625 4
2626 13
2627 4
2628 4
2629 13
2630 4
2631 4
2632 4
2633 13
2634 4
2635 4
2636 13
2637 4
2638 0
2639 4
2640 13
2641 13
2642 4
2643 13
2644 4
2645 4
2646 4
2647 4
2648 4
2649 4
2650 13
2651 13
2652 13
2653 13
2654 13
2655 13
2656 13
2657 13
2658 4
2659 13
2660 13
2661 4
2662 13
2663 4
2664 0
2665 13
2666 13
2667 4
2668 4
2669 13
2670 13
2671 13
2672 13
2673 4
2674 4
2675 13
2676 0
2677 4
2678 4
2679 0
2680 13
2681 4
2682 4
2683 4
2684 4
2685 4
2686 0
2687 13
2688 13
2689 4
2690 4
2691 4
2692 4
2693 13
2694 13
2695 13
2696 13
2697 13
2698 13
2699 4
2700 4
2701 4
2702 13
2703 4
2704 4
2705 4
2706 0
2707 13
2708 13
2709 4
2710 13
2711 13
2712 4
2713 13
2714 13
2715 4
2716 13
2717 4
2718 4
2719 13
2720 4
2721 13
2722 4
2723 13
2724 4
2725 13
2726 4
2727 4
2728 0
2729 4
2730 0
2731 4
2732 4
2733 4
2734 13
2735 13
2736 13
2737 13
2738 4
2739 0
2740 13
2741 0
2742 13
2743 0
2744 4
2745 13
2746 13
2747 0
2748 0
2749 0
2750 0
2751 0
2752 0
2753 0
2754 4
2755 0
2756 0
2757 0
2758 4
2759 4
2760 0
2761 0
2762 13
2763 4
2764 4
2765 4
2766 13
2767 4
2768 13
2769 13
2770 4
2771 4
2772 0
2773 0
2774 0
2775 4
2776 0
2777 4
2778 13
2779 4
2780 4
2781 4
2782 0
2783 4
2784 0
2785 4
2786 4
2787 0
2788 0
2789 4
2790 4
2791 4
2792 0
2793 0
2794 4
2795 4
2796 4
2797 4
2798 4
2799 0
2800 13
2801 4
2802 0
2803 4
2804 0
2805 4
2806 0
2807 13
2808 4
2809 4
2810 4
2811 4
2812 4
2813 4
2814 4
2815 4
2816 4
2817 4
2818 4
2819 13
2820 4
2821 13
2822 4
2823 4
2824 4
2825 4
2826 4
2827 4
2828 4
2829 4
2830 4
2831 4
2832 0
2833 4
2834 4
2835 4
2836 4
2837 4
2838 13
2839 4
2840 13
2841 13
2842 13
2843 0
2844 0
2845 13
2846 4
2847 0
2848 0
2849 13
2850 4
2851 13
2852 4
2853 0
2854 4
2855 4
2856 4
2857 4
2858 0
2859 4
2860 4
2861 0
2862 0
2863 4
2864 0
2865 13
2866 4
2867 0
2868 0
2869 4
2870 13
2871 0
2872 0
2873 4
2874 13
2875 4
2876 0
2877 0
2878 4
2879 0
2880 0
2881 0
2882 4
2883 0
2884 0
2885 13
2886 4
2887 4
2888 4
2889 0
2890 0
2891 0
2892 0
2893 13
2894 13
2895 4
2896 4
2897 4
2898 0
2899 0
2900 0
2901 0
2902 0
2903 0
2904 0
2905 0
2906 0
2907 0
2908 13
2909 13
2910 4
2911 13
2912 13
2913 13
2914 0
2915 13
2916 0
2917 13
2918 0
2919 4
2920 13
2921 1
2922 13
2923 4
2924 4
2925 13
2926 1
2927 4
2928 13
2929 4
2930 13
2931 13
2932 0
2933 0
2934 13
2935 0
2936 0
2937 13
2938 0
2939 4
2940 4
2941 4
2942 4
2943 0
2944 0
2945 0
2946 0
2947 0
2948 0
2949 4
2950 4
2951 4
2952 4
2953 13
2954 13
2955 4
2956 13
2957 13
2958 0
2959 13
2960 4
2961 4
2962 4
2963 0
2964 13
2965 4
2966 13
2967 0
2968 13
2969 13
2970 4
2971 0
2972 0
2973 13
2974 13
2975 0
2976 0
2977 4
2978 4
2979 13
2980 4
2981 13
2982 4
2983 4
2984 13
2985 0
2986 4
2987 13
2988 13
2989 4
2990 0
2991 4
2992 0
2993 0
2994 13
2995 13
2996 4
2997 0
2998 0
2999 0
3000 4
3001 0
3002 0
3003 13
3004 13
3005 0
3006 0
3007 13
3008 4
3009 13
3010 13
3011 13
3012 0
3013 4
3014 13
3015 4
3016 13
3017 13
3018 4
3019 4
3020 13
3021 13
3022 13
3023 13
3024 4
3025 0
3026 4
3027 13
3028 4
3029 4
3030 4
3031 4
3032 13
3033 13
3034 13
3035 13
3036 13
3037 4
3038 4
3039 4
3040 13
3041 13
3042 13
3043 13
3044 13
3045 0
3046 13
3047 4
3048 4
3049 4
3050 4
3051 0
3052 4
3053 13
3054 4
3055 0
3056 13
3057 0
3058 4
3059 4
3060 4
3061 13
3062 13
3063 4
3064 0
3065 4
3066 0
3067 0
3068 4
3069 13
3070 4
3071 4
3072 0
3073 13
3074 4
3075 4
3076 13
3077 0
3078 4
3079 4
3080 4
3081 4
3082 0
3083 0
3084 0
3085 0
3086 0
3087 0
3088 0
3089 0
3090 0
3091 0
3092 0
3093 0
3094 0
3095 0
3096 0
3097 0
3098 0
3099 0
3100 0
3101 0
3102 0
3103 0
3104 0
3105 0
3106 0
3107 0
3108 0
3109 0
3110 0
3111 0
3112 13
3113 13
3114 13
3115 0
3116 13
3117 13
3118 13
3119 13
3120 0
3121 13
3122 0
3123 4
3124 13
3125 13
3126 13
3127 13
3128 0
3129 4
3130 4
3131 13
3132 13
3133 13
3134 0
3135 0
3136 0
3137 13
3138 13
3139 4
3140 13
3141 13
3142 13
3143 4
3144 13
3145 4
3146 13
3147 4
3148 13
3149 0
3150 4
3151 13
3152 4
3153 4
3154 0
3155 4
3156 13
3157 0
3158 13
3159 13
3160 13
3161 4
3162 0
3163 13
3164 0
3165 4
3166 4
3167 4
3168 4
3169 0
3170 4
3171 0
3172 4
3173 4
3174 4
3175 4
3176 0
3177 13
3178 0
3179 13
3180 4
3181 13
3182 4
3183 13
3184 0
3185 0
3186 4
3187 13
3188 0
3189 0
3190 4
3191 4
3192 4
3193 4
3194 0
3195 0
3196 0
3197 0
3198 0
3199 0
3200 13
3201 0
3202 13
3203 13
3204 13
3205 13
3206 4
3207 4
3208 4
3209 13
3210 13
3211 13
3212 4
3213 4
3214 13
3215 13
3216 13
3217 13
3218 4
3219 4
3220 13
3221 4
3222 13
3223 13
3224 0
3225 13
3226 4
3227 4
3228 4
3229 13
3230 0
3231 13
3232 0
3233 0
3234 0
3235 0
3236 0
3237 0
3238 0
3239 0
3240 13
3241 4
3242 4
3243 4
3244 13
3245 13
3246 13
3247 0
3248 0
3249 0
3250 0
3251 0
3252 4
3253 0
3254 0
3255 13
3256 13
3257 13
3258 0
3259 13
3260 13
3261 13
3262 0
3263 4
3264 13
3265 0
3266 0
3267 13
3268 0
3269 13
3270 0
3271 13
3272 0
3273 4
3274 0
3275 0
3276 0
3277 4
3278 13
3279 0
3280 4
3281 13
3282 4
3283 13
3284 4
3285 4
3286 0
3287 4
3288 0
3289 0
3290 0
3291 0
3292 0
3293 0
3294 0
3295 0
3296 0
3297 0
3298 0
3299 0
3300 0
3301 0
3302 0
3303 0
3304 13
3305 4
3306 4
3307 13
3308 0
3309 13
3310 13
3311 4
3312 13
3313 13
3314 0
3315 4
3316 0
3317 4
3318 13
3319 13
3320 13
3321 4
3322 13
3323 4
3324 4
3325 13
3326 13
3327 13
3328 13
3329 4
3330 13
3331 13
3332 13
3333 4
3334 13
3335 0
3336 0
3337 0
3338 0
3339 4
3340 0
3341 13
3342 4
3343 4
3344 13
3345 13
3346 13
3347 4
3348 13
3349 13
3350 4
3351 0
3352 13
3353 0
3354 0
3355 13
3356 4
3357 13
3358 13
3359 13
3360 13
3361 13
3362 13
3363 13
3364 13
3365 13
3366 13
3367 0
3368 0
3369 0
3370 0
3371 0
3372 4
3373 13
3374 4
3375 4
3376 0
3377 0
3378 0
3379 13
3380 13
3381 13
3382 13
3383 13
3384 13
3385 4
3386 4
3387 13
3388 13
3389 0
3390 13
3391 0
3392 0
3393 4
3394 4
3395 13
3396 13
3397 13
3398 13
3399 0
3400 4
3401 13
3402 13
3403 13
3404 4
3405 0
3406 4
3407 13
3408 13
3409 4
3410 0
3411 4
3412 13
3413 0
3414 13
3415 4
3416 4
3417 0
3418 13
3419 4
3420 0
3421 13
3422 4
3423 13
3424 4
3425 4
3426 4
3427 4
3428 13
3429 4
3430 0
3431 4
3432 0
3433 13
3434 0
3435 4
3436 0
3437 4
3438 13
3439 0
3440 4
3441 13
3442 13
3443 13
3444 0
3445 0
3446 0
3447 0
3448 13
3449 13
3450 4
3451 4
3452 13
3453 4
3454 13
3455 13
3456 13
3457 13
3458 13
3459 13
3460 4
3461 0
3462 13
3463 13
3464 13
3465 13
3466 4
3467 13
3468 0
3469 4
3470 13
3471 0
3472 13
3473 13
3474 4
3475 0
3476 0
3477 0
3478 13
3479 13
3480 4
3481 0
3482 13
3483 13
3484 13
3485 4
3486 4
3487 4
3488 13
3489 13
3490 4
3491 0
3492 0
3493 13
3494 4
3495 0
3496 0
3497 13
3498 13
3499 13
3500 13
3501 13
3502 13
3503 4
3504 4
3505 4
3506 0
3507 13
3508 0
3509 13
3510 0
3511 0
3512 0
3513 0
3514 0
3515 0
3516 0
3517 0
3518 0
3519 0
3520 0
3521 0
3522 0
3523 0
3524 0
3525 0
3526 0
3527 0
3528 0
3529 0
3530 0
3531 0
3532 0
3533 0
3534 0
3535 0
3536 0
3537 0
3538 0
3539 0
3540 0
3541 0
3542 0
3543 0
3544 0
3545 0
3546 0
3547 0
3548 0
3549 0
3550 0
3551 0
3552 0
3553 0
3554 0
3555 0
3556 0
3557 0
3558 0
3559 0
3560 0
3561 0
3562 0
3563 0
3564 0
3565 0
3566 0
3567 0
3568 0
3569 0
3570 0
3571 0
3572 0
3573 0
3574 0
3575 0
3576 0
3577 0
3578 0
3579 0
3580 0
3581 13
3582 4
3583 4
3584 13
3585 4
3586 4
3587 0
3588 4
3589 13
3590 4
3591 13
3592 13
3593 13
3594 4
3595 0
3596 13
3597 13
3598 13
3599 13
3600 0
3601 13
3602 13
3603 0
3604 0
3605 13
3606 13
3607 13
3608 13
3609 13
3610 4
3611 0
3612 13
3613 13
3614 4
3615 4
3616 13
3617 13
3618 13
3619 13
3620 13
3621 13
3622 13
3623 4
3624 4
3625 0
3626 0
3627 0
3628 13
3629 13
3630 13
3631 0
3632 4
3633 13
3634 4
3635 0
3636 13
3637 4
3638 13
3639 4
3640 4
3641 13
3642 13
3643 13
3644 13
3645 4
3646 4
3647 0
3648 13
3649 0
3650 13
3651 4
3652 13
3653 13
3654 4
3655 13
3656 0
3657 0
3658 0
3659 13
3660 13
3661 4
3662 4
3663 0
3664 0
3665 13
3666 0
3667 0
3668 13
3669 13
3670 4
3671 13
3672 4
3673 4
3674 0
3675 0
3676 0
3677 0
3678 0
3679 0
3680 0
3681 4
3682 0
3683 4
3684 13
3685 13
3686 4
3687 13
3688 13
3689 4
3690 13
3691 4
3692 4
3693 4
3694 0
3695 4
3696 13
3697 13
3698 4
3699 0
3700 0
3701 13
3702 13
3703 4
3704 13
3705 4
3706 13
3707 4
3708 13
3709 13
3710 4
3711 4
3712 13
3713 0
3714 0
3715 0
3716 0
3717 13
3718 4
3719 0
3720 4
3721 4
3722 13
3723 13
3724 4
3725 0
3726 4
3727 0
3728 13
3729 13
3730 13
3731 4
3732 13
3733 13
3734 13
3735 4
3736 4
3737 13
3738 4
3739 4
3740 13
3741 4
3742 4
3743 13
3744 0
3745 13
3746 4
3747 0
3748 13
3749 0
3750 13
3751 13
3752 0
3753 0
3754 0
3755 0
3756 4
3757 13
3758 4
3759 0
3760 13
3761 0
3762 0
3763 0
3764 0
3765 13
3766 13
3767 4
3768 4
3769 0
3770 13
3771 13
3772 0
3773 0
3774 0
3775 0
3776 0
3777 0
3778 0
3779 0
3780 0
3781 0
3782 0
3783 0
3784 0
3785 0
3786 0
3787 0
3788 0
3789 0
3790 0
3791 0
3792 0
3793 0
3794 0
3795 4
3796 0
3797 0
3798 0
3799 0
3800 0
3801 13
3802 0
3803 13
3804 0
3805 13
3806 13
3807 13
3808 4
3809 0
3810 4
3811 13
3812 13
3813 4
3814 0
3815 0
3816 4
3817 4
3818 13
3819 4
3820 13
3821 4
3822 0
3823 13
3824 4
3825 13
3826 4
3827 13
3828 4
3829 13
3830 13
3831 0
3832 0
3833 13
3834 0
3835 4
3836 4
3837 13
3838 0
3839 13
3840 13
3841 13
3842 13
3843 13
3844 13
3845 13
3846 13
3847 0
3848 13
3849 13
3850 13
3851 13
3852 4
3853 13
3854 0
3855 0
3856 4
3857 4
3858 13
3859 13
3860 13
3861 0
3862 0
3863 0
3864 0
3865 0
3866 0
3867 13
3868 0
3869 0
3870 0
3871 0
3872 4
3873 4
3874 0
3875 13
3876 0
3877 0
3878 0
3879 0
3880 0
3881 0
3882 0
3883 0
3884 0
3885 0
3886 0
3887 0
3888 0
3889 0
3890 0
3891 0
3892 0
3893 0
3894 0
3895 0
3896 0
3897 0
3898 0
3899 0
3900 0
3901 0
3902 0
3903 0
3904 0
3905 0
3906 0
3907 0
3908 0
3909 0
3910 0
3911 0
3912 0
3913 0
3914 0
3915 0
3916 0
3917 0
3918 0
3919 13
3920 13
3921 13
3922 13
3923 4
3924 0
3925 0
3926 0
3927 0
3928 0
3929 0
3930 0
3931 0
3932 0
3933 0
3934 0
3935 0
3936 0
3937 0
3938 0
3939 0
3940 13
3941 13
3942 0
3943 0
3944 0
3945 0
3946 0
3947 0
3948 13
3949 13
3950 13
3951 0
3952 13
3953 4
3954 13
3955 4
3956 13
3957 0
3958 13
3959 0
3960 4
3961 13
3962 4
3963 4
3964 4
3965 13
3966 4
3967 13
3968 13
3969 4
3970 13
3971 13
3972 13
3973 0
3974 13
3975 4
3976 4
3977 13
3978 0
3979 13
3980 13
3981 13
3982 13
3983 13
3984 13
3985 13
3986 13
3987 0
3988 0
3989 0
3990 0
3991 0
3992 4
3993 0
3994 0
3995 4
3996 0
3997 0
3998 0
3999 0
4000 0
4001 13
4002 13
4003 13
4004 0
4005 0
4006 0
4007 0
4008 0
4009 0
4010 0
4011 0
4012 0
4013 0
4014 0
4015 0
4016 0
4017 0
4018 0
4019 0
4020 0
4021 0
4022 4
4023 4
4024 4
4025 0
4026 13
4027 13
4028 4
4029 13
4030 4
4031 4
4032 13
4033 4
4034 13
4035 13
4036 13
4037 13
4038 13
4039 0
4040 13
4041 13
4042 13
4043 0
4044 4
4045 4
4046 13
4047 13
4048 4
4049 0
4050 4
4051 13
4052 0
4053 0
4054 13
4055 4
4056 13
4057 13
4058 13
4059 13
4060 4
4061 4
4062 13
4063 13
4064 0
4065 4
4066 0
4067 0
4068 0
4069 13
4070 13
4071 0
4072 13
4073 4
4074 4
4075 13
4076 13
4077 13
4078 0
4079 13
4080 13
4081 13
4082 13
4083 13
4084 4
4085 4
4086 4
4087 13
4088 13
4089 13
4090 4
4091 4
4092 13
4093 13
4094 0
4095 13
4096 0
4097 4
4098 13
4099 13
4100 4
4101 0
4102 13
4103 13
4104 0
4105 4
4106 13
4107 0
4108 13
4109 13
4110 13
4111 4
4112 0
4113 13
4114 13
4115 0
4116 0
4117 0
4118 4
4119 13
4120 4
4121 13
4122 13
4123 13
4124 4
4125 4
4126 0
4127 0
4128 0
4129 0
4130 0
4131 0
4132 0
4133 13
4134 13
4135 4
4136 4
4137 13
4138 4
4139 4
4140 4
4141 13
4142 4
4143 4
4144 0
4145 0
4146 4
4147 13
4148 4
4149 4
4150 4
4151 13
4152 4
4153 13
4154 13
4155 13
4156 4
4157 4
4158 4
4159 13
4160 0
4161 13
4162 4
4163 4
4164 0
4165 13
4166 13
4167 13
4168 13
4169 4
4170 4
4171 13
4172 13
4173 4
4174 4
4175 13
4176 13
4177 13
4178 0
4179 4
4180 4
4181 4
4182 4
4183 13
4184 13
4185 13
4186 4
4187 13
4188 0
4189 0
4190 0
4191 0
4192 4
4193 0
4194 0
4195 0
4196 0
4197 0
4198 0
4199 0
4200 0
4201 0
4202 0
4203 0
4204 4
4205 4
4206 0
4207 0
4208 0
4209 0
4210 0
4211 0
4212 0
4213 4
4214 0
4215 4
4216 13
4217 4
4218 13
4219 4
4220 4
4221 4
4222 13
4223 13
4224 4
4225 4
4226 4
4227 13
4228 0
4229 4
4230 13
4231 4
4232 0
4233 0
4234 13
4235 4
4236 13
4237 13
4238 4
4239 13
4240 13
4241 13
4242 4
4243 0
4244 0
4245 0
4246 0
4247 0
4248 0
4249 0
4250 0
4251 0
4252 0
4253 4
4254 4
4255 13
4256 13
4257 0
4258 0
4259 0
4260 0
4261 0
4262 0
4263 0
4264 0
4265 0
4266 0
4267 0
4268 0
4269 4
4270 0
4271 4
4272 4
4273 13
4274 13
4275 4
4276 0
4277 0
4278 13
4279 0
4280 0
4281 13
4282 4
4283 0
4284 0
4285 0
4286 0
4287 0
4288 13
4289 0
4290 4
4291 4
4292 4
4293 0
4294 4
4295 13
4296 13
4297 4
4298 0
4299 0
4300 0
4301 0
4302 4
4303 0
4304 0
4305 4
4306 4
4307 4
4308 0
4309 4
4310 4
4311 0
4312 0
4313 0
4314 13
4315 0
4316 13
4317 0
4318 4
4319 0
4320 0
4321 13
4322 13
4323 4
4324 13
4325 13
4326 0
4327 13
4328 0
4329 0
4330 13
4331 13
4332 4
4333 13
4334 13
4335 0
4336 13
4337 13
4338 13
4339 0
4340 0
4341 13
4342 4
4343 0
4344 4
4345 4
4346 4
4347 13
4348 13
4349 4
4350 0
4351 4
4352 0
4353 0
4354 0
4355 4
4356 13
4357 4
4358 4
4359 13
4360 4
4361 13
4362 0
4363 4
4364 13
4365 4
4366 4
4367 4
4368 13
4369 0
4370 4
4371 13
4372 13
4373 13
4374 13
4375 13
4376 0
4377 0
4378 4
4379 0
4380 0
4381 0
4382 13
4383 4
4384 13
4385 0
4386 0
4387 0
4388 13
4389 4
4390 13
4391 4
4392 13
4393 4
4394 4
4395 0
4396 13
4397 13
4398 0
4399 13
4400 13
4401 13
4402 4
4403 0
4404 13
4405 13
4406 4
4407 4
4408 13
4409 13
4410 13
4411 13
4412 13
4413 13
4414 0
4415 4
4416 4
4417 0
4418 13
4419 0
4420 13
4421 13
4422 4
4423 4
4424 4
4425 4
4426 4
4427 13
4428 13
4429 13
4430 13
4431 13
4432 0
4433 13
4434 0
4435 0
4436 0
4437 13
4438 0
4439 0
4440 4
4441 4
4442 0
4443 0
4444 4
4445 5
4446 0
4447 4
4448 4
4449 13
4450 0
4451 4
4452 0
4453 13
4454 0
4455 13
4456 13
4457 13
4458 13
4459 13
4460 0
4461 13
4462 4
4463 13
4464 13
4465 13
4466 0
4467 13
4468 13
4469 0
4470 13
4471 4
4472 4
4473 4
4474 4
4475 13
4476 4
4477 4
4478 0
4479 0
4480 13
4481 4
4482 0
4483 0
4484 13
4485 13
4486 13
4487 13
4488 13
4489 13
4490 13
4491 13
4492 13
4493 13
4494 13
4495 13
4496 0
4497 13
4498 13
4499 4
4500 4
4501 13
4502 13
4503 4
4504 13
4505 13
4506 13
4507 13
4508 0
4509 13
4510 13
4511 13
4512 13
4513 0
4514 0
4515 13
4516 4
4517 4
4518 4
4519 0
4520 4
4521 4
4522 4
4523 0
4524 4
4525 4
4526 13
4527 13
4528 13
4529 0
4530 0
4531 0
4532 13
4533 4
4534 0
4535 4
4536 13
4537 13
4538 13
4539 0
4540 13
4541 4
4542 4
4543 4
4544 13
4545 13
4546 13
4547 13
4548 13
4549 4
4550 13
4551 13
4552 0
4553 13
4554 13
4555 13
4556 0
4557 0
4558 0
4559 0
4560 4
4561 4
4562 0
4563 0
4564 0
4565 0
4566 13
4567 13
4568 13
4569 13
4570 13
4571 4
4572 0
4573 4
4574 13
4575 13
4576 13
4577 13
4578 0
4579 13
4580 13
4581 13
4582 13
4583 13
4584 4
4585 13
4586 13
4587 13
4588 4
4589 0
4590 13
4591 13
4592 4
4593 4
4594 13
4595 13
4596 13
4597 13
4598 0
4599 13
4600 13
4601 13
4602 13
4603 4
4604 0
4605 13
4606 13
4607 0
4608 13
4609 13
4610 13
4611 13
4612 0
4613 4
4614 13
4615 13
4616 0
4617 0
4618 13
4619 13
4620 0
4621 4
4622 13
4623 13
4624 4
4625 13
4626 13
4627 13
4628 0
4629 0
4630 13
4631 4
4632 13
4633 13
4634 13
4635 0
4636 13
4637 4
4638 13
4639 4
4640 4
4641 4
4642 0
4643 13
4644 13
4645 4
4646 13
4647 13
4648 13
4649 0
4650 13
4651 13
4652 0
4653 0
4654 13
4655 13
4656 13
4657 0
4658 4
4659 13
4660 13
4661 4
4662 13
4663 13
4664 13
4665 13
4666 13
4667 0
4668 0
4669 0
4670 0
4671 13
4672 13
4673 13
4674 0
4675 4
4676 13
4677 0
4678 0
4679 0
4680 4
4681 0
4682 0
4683 13
4684 4
4685 13
4686 4
4687 0
4688 0
4689 13
4690 13
4691 13
4692 0
4693 13
4694 13
4695 4
4696 13
4697 4
4698 13
4699 13
4700 13
4701 13
4702 13
4703 0
4704 4
4705 0
4706 13
4707 13
4708 13
4709 4
4710 0
4711 13
4712 13
4713 13
4714 0
4715 13
4716 13
4717 13
4718 13
4719 4
4720 13
4721 0
4722 13
4723 4
4724 13
4725 13
4726 13
4727 4
4728 13
4729 13
4730 13
4731 13
4732 13
4733 13
4734 4
4735 13
4736 4
4737 13
4738 4
4739 13
4740 0
4741 4
4742 13
4743 13
4744 13
4745 13
4746 13
4747 0
4748 4
4749 13
4750 13
4751 13
4752 13
4753 13
4754 0
4755 13
4756 13
4757 13
4758 13
4759 4
4760 13
4761 0
4762 13
4763 13
4764 0
4765 13
4766 13
4767 4
4768 0
4769 0
4770 0
4771 0
4772 0
4773 0
4774 0
4775 0
4776 13
4777 0
4778 0
4779 13
4780 13
4781 4
4782 13
4783 13
4784 13
4785 4
4786 13
4787 13
4788 13
4789 13
4790 13
4791 13
4792 0
4793 4
4794 0
4795 0
4796 4
4797 0
4798 13
4799 0
4800 0
4801 0
4802 0
4803 0
4804 13
4805 4
4806 13
4807 13
4808 13
4809 0
4810 13
4811 0
4812 13
4813 13
4814 13
4815 0
4816 13
4817 13
4818 4
4819 13
4820 13
4821 0
4822 13
4823 0
4824 0
4825 4
4826 13
4827 0
4828 0
4829 13
4830 13
4831 0
4832 0
4833 4
4834 13
4835 0
4836 0
4837 13
4838 13
4839 4
4840 13
4841 13
4842 13
4843 4
4844 13
4845 13
4846 0
4847 0
4848 0
4849 0
4850 13
4851 13
4852 13
4853 13
4854 4
4855 4
4856 0
4857 0
4858 0
4859 13
4860 0
4861 0
4862 0
4863 0
4864 4
4865 0
4866 13
4867 13
4868 13
4869 13
4870 0
4871 4
4872 13
4873 0
4874 0
4875 0
4876 4
4877 0
4878 0
4879 13
4880 0
4881 13
4882 0
4883 0
4884 4
4885 0
4886 4
4887 13
4888 0
4889 4
4890 0
4891 13
4892 13
4893 13
4894 13
4895 13
4896 13
4897 13
4898 4
4899 13
4900 0
4901 4
4902 13
4903 4
4904 4
4905 0
4906 0
4907 4
4908 4
4909 13
4910 4
4911 13
4912 4
4913 13
4914 13
4915 0
4916 4
4917 0
4918 13
4919 13
4920 13
4921 0
4922 0
4923 0
4924 13
4925 13
4926 13
4927 13
4928 13
4929 0
4930 4
4931 4
4932 13
4933 13
4934 4
4935 4
4936 13
4937 13
4938 13
4939 4
4940 13
4941 13
4942 4
4943 13
4944 4
4945 4
4946 4
4947 13
4948 4
4949 0
4950 13
4951 13
4952 13
4953 13
4954 0
4955 4
4956 0
4957 13
4958 4
4959 13
4960 13
4961 0
4962 0
4963 0
4964 4
4965 0
4966 0
4967 13
4968 4
4969 0
4970 0
4971 0
4972 13
4973 13
4974 13
4975 1
4976 0
4977 13
4978 4
4979 4
4980 13
4981 0
4982 13
4983 13
4984 4
4985 0
4986 0
4987 0
4988 0
4989 0
4990 0
4991 0
4992 0
4993 0
4994 0
4995 0
4996 0
4997 0
4998 0
4999 0
5000 0
5001 0
5002 0
5003 4
5004 13
5005 13
5006 13
5007 13
5008 0
5009 13
5010 0
5011 0
5012 13
5013 0
5014 13
5015 0
5016 13
5017 0
5018 0
5019 4
5020 13
5021 0
5022 0
5023 0
5024 13
5025 0
5026 0
5027 0
5028 13
5029 13
5030 13
5031 0
5032 13
5033 0
5034 0
5035 13
5036 0
5037 0
5038 0
5039 13
5040 13
5041 4
5042 0
5043 0
5044 13
5045 0
5046 13
5047 4
5048 13
5049 0
5050 13
5051 0
5052 0
5053 0
5054 13
5055 13
5056 0
5057 0
5058 0
5059 0
5060 0
5061 0
5062 0
5063 0
5064 0
5065 0
5066 0
5067 0
5068 0
5069 0
5070 0
5071 0
5072 0
5073 13
5074 13
5075 0
5076 10
5077 4
5078 13
5079 13
5080 0
5081 0
5082 0
5083 0
5084 0
5085 0
5086 0
5087 0
5088 0
5089 0
5090 1
5091 0
5092 0
5093 0
5094 13
5095 13
5096 4
5097 0
5098 0
5099 4
5100 0
5101 13
5102 13
5103 4
5104 13
5105 4
5106 1
5107 13
5108 4
5109 4
5110 0
5111 13
5112 13
5113 0
5114 0
5115 0
5116 0
5117 0
5118 0
5119 13
5120 4
5121 0
5122 0
5123 0
5124 13
5125 0
5126 0
5127 0
5128 0
5129 0
5130 0
5131 13
5132 13
5133 4
5134 3
5135 0
5136 13
5137 13
5138 13
5139 0
5140 4
5141 0
5142 13
5143 4
5144 0
5145 0
5146 0
5147 0
5148 13
5149 13
5150 13
5151 0
5152 13
5153 13
5154 13
5155 13
5156 13
5157 13
5158 13
5159 13
5160 13
5161 13
5162 4
5163 13
5164 13
5165 13
5166 13
5167 13
5168 0
5169 0
5170 0
5171 0
5172 13
5173 0
5174 13
5175 0
5176 13
5177 0
5178 0
5179 0
5180 0
5181 0
5182 0
5183 0
5184 0
5185 13
5186 0
5187 0
5188 0
5189 0
5190 13
5191 0
5192 0
5193 0
5194 0
5195 0
5196 0
5197 0
5198 0
5199 0
5200 0
5201 0
5202 0
5203 0
5204 0
5205 0
5206 0
5207 0
5208 0
5209 0
5210 0
5211 0
5212 0
5213 0
5214 0
5215 0
5216 0
5217 0
5218 0
5219 0
5220 13
5221 0
5222 13
5223 4
5224 0
5225 4
5226 4
5227 4
5228 0
5229 4
5230 4
5231 4
5232 4
5233 4
5234 4
5235 4
5236 1
5237 13
5238 4
5239 1
5240 4
5241 4
5242 4
5243 1
5244 13
5245 4
5246 13
5247 13
5248 13
5249 13
5250 0
5251 4
5252 0
5253 13
5254 13
5255 0
5256 13
5257 13
5258 0
5259 0
5260 0
5261 0
5262 13
5263 0
5264 13
5265 13
5266 0
5267 0
5268 0
5269 0
5270 13
5271 2
5272 13
5273 2
5274 13
5275 13
5276 2
5277 2
5278 2
5279 13
5280 2
5281 0
5282 13
5283 13
5284 4
5285 13
5286 13
5287 13
5288 13
5289 13
5290 4
5291 0
5292 13
5293 4
5294 13
5295 13
5296 13
5297 4
5298 13
5299 4
5300 4
5301 13
5302 4
5303 4
5304 13
5305 13
5306 0
5307 13
5308 13
5309 13
5310 13
5311 13
5312 13
5313 13
5314 4
5315 13
5316 0
5317 4
5318 13
5319 0
5320 13
5321 0
5322 13
5323 4
5324 13
5325 13
5326 13
5327 4
5328 13
5329 0
5330 0
5331 4
5332 13
5333 4
5334 0
5335 4
5336 13
5337 13
5338 13
5339 13
5340 0
5341 13
5342 13
5343 13
5344 13
5345 13
5346 13
5347 13
5348 0
5349 0
5350 13
5351 0
5352 0
5353 0
5354 13
5355 0
5356 0
5357 4
5358 0
5359 0
5360 13
5361 0
5362 0
5363 0
5364 13
5365 0
5366 0
5367 13
5368 0
5369 0
5370 4
5371 0
5372 4
5373 0
5374 0
5375 4
5376 13
5377 0
5378 13
5379 13
5380 0
5381 0
5382 13
5383 0
5384 0
5385 0
5386 4
5387 0
5388 4
5389 0
5390 13
5391 0
5392 0
5393 0
5394 0
5395 0
5396 0
5397 13
5398 13
5399 4
5400 13
5401 0
5402 13
5403 0
5404 4
5405 0
5406 4
5407 13
5408 4
5409 4
5410 0
5411 0
5412 0
5413 4
5414 0
5415 4
5416 13
5417 4
5418 0
5419 13
5420 0
5421 4
5422 13
5423 0
5424 4
5425 13
5426 13
5427 4
5428 13
5429 4
5430 13
5431 4
5432 13
5433 13
5434 13
5435 13
5436 4
5437 13
5438 13
5439 13
5440 13
5441 13
5442 13
5443 13
5444 13
5445 0
5446 13
5447 13
5448 0
5449 13
5450 13
5451 13
5452 13
5453 13
5454 13
5455 13
5456 0
5457 13
5458 0
5459 4
5460 0
5461 4
5462 4
5463 13
5464 13
5465 13
5466 13
5467 13
5468 13
5469 13
5470 13
5471 13
5472 0
5473 13
5474 13
5475 4
5476 0
5477 0
5478 0
5479 13
5480 0
5481 4
5482 0
5483 0
5484 0
5485 0
5486 0
5487 4
5488 13
5489 0
5490 0
5491 4
5492 13
5493 4
5494 13
5495 0
5496 4
5497 4
5498 13
5499 4
5500 13
5501 13
5502 13
5503 13
5504 4
5505 0
5506 13
5507 13
5508 4
5509 13
5510 13
5511 13
5512 13
5513 13
5514 0
5515 13
5516 13
5517 0
5518 4
5519 13
5520 13
5521 13
5522 13
5523 13
5524 0
5525 13
5526 0
5527 13
5528 13
5529 13
5530 4
5531 13
5532 4
5533 13
5534 4
5535 13
5536 13
5537 0
5538 0
5539 13
5540 13
5541 13
5542 13
5543 13
5544 13
5545 13
5546 4
5547 4
5548 4
5549 0
5550 13
5551 13
5552 13
5553 13
5554 0
5555 13
5556 4
5557 13
5558 13
5559 13
5560 4
5561 13
5562 4
5563 13
5564 13
5565 13
5566 13
5567 13
5568 13
5569 4
5570 0
5571 13
5572 4
5573 13
5574 13
5575 13
5576 13
5577 0
5578 13
5579 4
5580 13
5581 0
5582 13
5583 13
5584 13
5585 13
5586 13
5587 0
5588 13
5589 4
5590 0
5591 13
5592 13
5593 13
5594 13
5595 4
5596 13
5597 13
5598 0
5599 13
5600 13
5601 13
5602 13
5603 13
5604 13
5605 4
5606 13
5607 13
5608 0
5609 13
5610 13
5611 13
5612 13
5613 13
5614 13
5615 13
5616 13
5617 13
5618 13
5619 4
5620 13
5621 13
5622 0
5623 13
5624 13
5625 13
5626 13
5627 13
5628 13
5629 13
5630 13
5631 13
5632 13
5633 13
5634 13
5635 13
5636 13
5637 13
5638 13
5639 4
5640 13
5641 13
5642 13
5643 4
5644 13
5645 4
5646 13
5647 13
5648 13
5649 4
5650 13
5651 13
5652 13
5653 4
5654 13
5655 13
5656 13
5657 13
5658 13
5659 13
5660 13
5661 13
5662 0
5663 4
5664 13
5665 4
5666 13
5667 13
5668 13
5669 13
5670 4
5671 13
5672 13
5673 13
5674 13
5675 13
5676 13
5677 13
5678 13
5679 13
5680 13
5681 13
5682 13
5683 13
5684 13
5685 13
5686 13
5687 13
5688 13
5689 13
5690 0
5691 13
5692 13
5693 0
5694 13
5695 13
5696 13
5697 13
5698 13
5699 4
5700 4
5701 0
5702 0
5703 0
5704 0
5705 0
5706 13
5707 4
5708 0
5709 4
5710 0
5711 13
5712 0
5713 0
5714 0
5715 13
5716 4
5717 0
5718 0
5719 4
5720 0
5721 0
5722 13
5723 13
5724 13
5725 13
5726 0
5727 4
5728 13
5729 13
5730 0
5731 0
5732 0
5733 0
5734 0
5735 0
5736 0
5737 4
5738 13
5739 4
5740 13
5741 0
5742 0
5743 13
5744 13
5745 13
5746 13
5747 13
5748 13
5749 0
5750 0
5751 0
5752 13
5753 0
5754 0
5755 13
5756 4
5757 13
5758 4
5759 13
5760 4
5761 4
5762 13
5763 13
5764 13
5765 0
5766 0
5767 0
5768 12
5769 4
5770 0
5771 0
5772 13
5773 13
5774 0
5775 13
5776 13
5777 13
5778 13
5779 13
5780 13
5781 13
5782 13
5783 13
5784 1
5785 4
5786 4
5787 0
5788 13
5789 0
5790 13
5791 4
5792 13
5793 0
5794 13
5795 1
5796 1
5797 13
5798 0
5799 4
5800 4
5801 0
5802 0
5803 0
5804 4
5805 13
5806 13
5807 13
5808 4
5809 13
5810 13
5811 13
5812 4
5813 13
5814 13
5815 4
5816 0
5817 13
5818 13
5819 13
5820 13
5821 13
5822 13
5823 13
5824 0
5825 13
5826 13
5827 4
5828 0
5829 0
5830 13
5831 0
5832 0
5833 0
5834 13
5835 13
5836 4
5837 0
5838 4
5839 4
5840 0
5841 13
5842 0
5843 0
5844 4
5845 13
5846 13
5847 0
5848 13
5849 4
5850 0
5851 0
5852 4
5853 4
5854 13
5855 0
5856 4
5857 13
5858 13
5859 4
5860 13
5861 13
5862 0
5863 0
5864 13
5865 4
5866 13
5867 13
5868 0
5869 0
5870 13
5871 0
5872 13
5873 13
5874 13
5875 13
5876 1
5877 1
5878 0
5879 13
5880 4
5881 1
5882 1
5883 4
5884 0
5885 0
5886 0
5887 3
5888 0
5889 3
5890 13
5891 3
5892 13
5893 3
5894 13
5895 3
5896 3
5897 13
5898 3
5899 3
5900 13
5901 3
5902 13
5903 3
5904 13
5905 13
5906 3
5907 3
5908 3
5909 0
5910 0
5911 0
5912 13
5913 13
5914 13
5915 0
5916 4
5917 13
5918 0
5919 4
5920 13
5921 0
5922 4
5923 4
5924 13
5925 4
5926 4
5927 0
5928 13
5929 0
5930 13
5931 4
5932 13
5933 13
5934 13
5935 0
5936 4
5937 0
5938 0
5939 13
5940 13
5941 13
5942 13
5943 0
5944 4
5945 0
5946 13
5947 13
5948 13
5949 0
5950 13
5951 0
5952 13
5953 13
5954 13
5955 0
5956 13
5957 4
5958 13
5959 13
5960 0
5961 4
5962 4
5963 13
5964 13
5965 4
5966 13
5967 0
5968 13
5969 13
5970 4
5971 13
5972 13
5973 13
5974 13
5975 13
5976 13
5977 13
5978 0
5979 0
5980 13
5981 13
5982 0
5983 13
5984 13
5985 13
5986 0
5987 13
5988 0
5989 13
5990 13
5991 4
5992 0
5993 4
5994 13
5995 0
5996 13
5997 13
5998 13
5999 13
6000 4
6001 13
6002 13
6003 0
6004 13
6005 13
6006 0
6007 0
6008 0
6009 0
6010 0
6011 0
6012 0
6013 0
6014 0
6015 0
6016 0
6017 0
6018 0
6019 0
6020 0
6021 0
6022 0
6023 0
6024 0
6025 0
6026 13
6027 0
6028 13
6029 13
6030 13
6031 0
6032 4
6033 4
6034 13
6035 0
6036 13
6037 13
6038 4
6039 13
6040 13
6041 13
6042 13
6043 13
6044 13
6045 13
6046 0
6047 13
6048 13
6049 13
6050 13
6051 13
6052 13
6053 13
6054 0
6055 4
6056 0
6057 13
6058 13
6059 13
6060 13
6061 4
6062 13
6063 13
6064 13
6065 4
6066 13
6067 4
6068 13
6069 13
6070 13
6071 13
6072 4
6073 13
6074 13
6075 13
6076 0
6077 0
6078 0
6079 4
6080 13
6081 4
6082 4
6083 13
6084 13
6085 0
6086 4
6087 13
6088 13
6089 0
6090 13
6091 13
6092 13
6093 13
6094 13
6095 4
6096 13
6097 4
6098 0
6099 0
6100 0
6101 13
6102 13
6103 13
6104 4
6105 13
6106 4
6107 0
6108 13
6109 13
6110 13
6111 13
6112 13
6113 4
6114 13
6115 0
6116 13
6117 13
6118 13
6119 13
6120 13
6121 4
6122 0
6123 0
6124 0
6125 4
6126 4
6127 13
6128 13
6129 13
6130 0
6131 4
6132 0
6133 0
6134 4
6135 13
6136 4
6137 13
6138 0
6139 0
6140 13
6141 4
6142 0
6143 13
6144 0
6145 0
6146 13
6147 13
6148 13
6149 0
6150 13
6151 4
6152 13
6153 4
6154 13
6155 13
6156 4
6157 0
6158 0
6159 13
6160 4
6161 13
6162 0
6163 0
6164 0
6165 13
6166 13
6167 4
6168 4
6169 4
6170 13
6171 0
6172 13
6173 13
6174 13
6175 13
6176 13
6177 13
6178 0
6179 13
6180 13
6181 0
6182 13
6183 0
6184 4
6185 0
6186 13
6187 4
6188 0
6189 13
6190 4
6191 4
6192 13
6193 13
6194 13
6195 13
6196 0
6197 13
6198 13
6199 13
6200 13
6201 4
6202 13
6203 13
6204 13
6205 13
6206 4
6207 13
6208 4
6209 13
6210 13
6211 13
6212 4
6213 13
6214 13
6215 13
6216 13
6217 4
6218 13
6219 13
6220 13
6221 4
6222 13
6223 13
6224 0
6225 4
6226 0
6227 13
6228 0
6229 0
6230 0
6231 0
6232 0
6233 0
6234 0
6235 13
6236 4
6237 13
6238 13
6239 13
6240 13
6241 4
6242 13
6243 4
6244 4
6245 13
6246 13
6247 13
6248 13
6249 13
6250 13
6251 13
6252 13
6253 13
6254 4
6255 0
6256 0
6257 4
6258 13
6259 0
6260 4
6261 13
6262 0
6263 0
6264 0
6265 0
6266 4
6267 4
6268 13
6269 0
6270 4
6271 4
6272 13
6273 13
6274 0
6275 4
6276 4
6277 4
6278 13
6279 0
6280 13
6281 0
6282 13
6283 13
6284 13
6285 13
6286 4
6287 13
6288 0
6289 13
6290 13
6291 13
6292 13
6293 0
6294 13
6295 13
6296 4
6297 13
6298 13
6299 0
6300 0
6301 13
6302 4
6303 13
6304 13
6305 13
6306 13
6307 13
6308 13
6309 0
6310 0
6311 13
6312 13
6313 13
6314 4
6315 4
6316 13
6317 0
6318 0
6319 13
6320 13
6321 13
6322 13
6323 13
6324 0
6325 0
6326 13
6327 0
6328 0
6329 13
6330 13
6331 13
6332 0
6333 4
6334 13
6335 13
6336 0
6337 13
6338 0
6339 0
6340 4
6341 13
6342 4
6343 13
6344 13
6345 13
6346 13
6347 13
6348 13
6349 13
6350 4
6351 0
6352 13
6353 13
6354 13
6355 4
6356 13
6357 0
6358 13
6359 13
6360 4
6361 13
6362 0
6363 13
6364 13
6365 13
6366 4
6367 4
6368 13
6369 13
6370 0
6371 13
6372 13
6373 13
6374 13
6375 0
6376 13
6377 13
6378 13
6379 0
6380 0
6381 13
6382 0
6383 4
6384 4
6385 13
6386 13
6387 4
6388 4
6389 13
6390 13
6391 13
6392 13
6393 13
6394 0
6395 13
6396 0
6397 13
6398 13
6399 13
6400 13
6401 13
6402 4
6403 0
6404 13
6405 0
6406 0
6407 13
6408 13
6409 13
6410 13
6411 13
6412 0
6413 13
6414 13
6415 0
6416 13
6417 13
6418 4
6419 13
6420 13
6421 13
6422 13
6423 13
6424 13
6425 13
6426 13
6427 13
6428 13
6429 4
6430 13
6431 13
6432 13
6433 13
6434 13
6435 4
6436 0
6437 0
6438 0
6439 0
6440 0
6441 0
6442 13
6443 13
6444 13
6445 13
6446 13
6447 13
6448 13
6449 13
6450 4
6451 13
6452 13
6453 13
6454 4
6455 4
6456 0
6457 0
6458 0
6459 13
6460 4
6461 0
6462 0
6463 13
6464 13
6465 0
6466 13
6467 13
6468 4
6469 13
6470 13
6471 0
6472 13
6473 13
6474 13
6475 0
6476 13
6477 13
6478 13
6479 13
6480 4
6481 13
6482 13
6483 13
6484 0
6485 0
6486 0
6487 0
6488 0
6489 13
6490 0
6491 0
6492 0
6493 4
6494 13
6495 0
6496 0
6497 0
6498 0
6499 0
6500 0
6501 0
6502 0
6503 0
6504 0
6505 0
6506 0
6507 0
6508 0
6509 0
6510 0
6511 4
6512 13
6513 13
6514 4
6515 4
6516 13
6517 0
6518 4
6519 13
6520 13
6521 13
6522 0
6523 13
6524 4
6525 13
6526 13
6527 13
6528 13
6529 13
6530 13
6531 4
6532 13
6533 4
6534 13
6535 13
6536 0
6537 0
6538 13
6539 13
6540 13
6541 13
6542 4
6543 13
6544 0
6545 13
6546 0
6547 13
6548 0
6549 0
6550 13
6551 4
6552 13
6553 0
6554 13
6555 0
6556 13
6557 0
6558 0
6559 0
6560 0
6561 0
6562 0
6563 0
6564 0
6565 0
6566 0
6567 0
6568 0
6569 0
6570 0
6571 0
6572 0
6573 0
6574 13
6575 4
6576 13
6577 13
6578 4
6579 13
6580 13
6581 13
6582 0
6583 13
6584 0
6585 0
6586 0
6587 0
6588 0
6589 13
6590 0
6591 13
6592 13
6593 13
6594 13
6595 13
6596 13
6597 0
6598 13
6599 13
6600 13
6601 0
6602 0
6603 0
6604 0
6605 13
6606 13
6607 13
6608 13
6609 0
6610 13
6611 4
6612 0
6613 13
6614 0
6615 13
6616 13
6617 13
6618 13
6619 0
6620 13
6621 0
6622 13
6623 13
6624 0
6625 0
6626 0
6627 0
6628 0
6629 13
6630 13
6631 13
6632 0
6633 0
6634 13
6635 13
6636 0
6637 13
6638 0
6639 0
6640 0
6641 13
6642 13
6643 13
6644 13
6645 13
6646 4
6647 4
6648 13
6649 13
6650 0
6651 13
6652 13
6653 13
6654 13
6655 0
6656 0
6657 13
6658 0
6659 13
6660 13
6661 13
6662 13
6663 13
6664 13
6665 13
6666 13
6667 13
6668 13
6669 13
6670 13
6671 13
6672 13
6673 4
6674 4
6675 4
6676 4
6677 0
6678 13
6679 13
6680 4
6681 0
6682 0
6683 13
6684 0
6685 13
6686 0
6687 0
6688 13
6689 0
6690 0
6691 13
6692 13
6693 0
6694 4
6695 13
6696 0
6697 13
6698 0
6699 4
6700 0
6701 13
6702 4
6703 13
6704 0
6705 4
6706 13
6707 4
6708 13
6709 13
6710 13
6711 13
6712 13
6713 13
6714 0
6715 13
6716 0
6717 13
6718 0
6719 13
6720 13
6721 4
6722 0
6723 13
6724 13
6725 4
6726 0
6727 13
6728 0
6729 4
6730 13
6731 13
6732 13
6733 13
6734 13
6735 13
6736 13
6737 0
6738 13
6739 13
6740 13
6741 0
6742 13
6743 13
6744 0
6745 0
6746 0
6747 0
6748 0
6749 0
6750 13
6751 13
6752 13
6753 13
6754 13
6755 13
6756 13
6757 4
6758 13
6759 4
6760 0
6761 0
6762 4
6763 4
6764 13
6765 13
6766 4
6767 13
6768 4
6769 13
6770 13
6771 4
6772 13
6773 13
6774 13
6775 0
6776 0
6777 13
6778 13
6779 13
6780 13
6781 13
6782 13
6783 13
6784 0
6785 13
6786 4
6787 13
6788 13
6789 0
6790 0
6791 0
6792 13
6793 13
6794 4
6795 13
6796 13
6797 13
6798 4
6799 0
6800 0
6801 13
6802 13
6803 13
6804 13
6805 0
6806 13
6807 4
6808 0
6809 0
6810 13
6811 0
6812 4
6813 0
6814 0
6815 4
6816 0
6817 0
6818 0
6819 0
6820 0
6821 13
6822 4
6823 0
6824 0
6825 13
6826 4
6827 13
6828 13
6829 13
6830 13
6831 13
6832 13
6833 13
6834 13
6835 13
6836 13
6837 0
6838 13
6839 0
6840 4
6841 13
6842 13
6843 13
6844 4
6845 0
6846 4
6847 4
6848 13
6849 13
6850 13
6851 13
6852 13
6853 13
6854 13
6855 13
6856 13
6857 13
6858 4
6859 4
6860 4
6861 4
6862 4
6863 13
6864 13
6865 4
6866 13
6867 4
6868 13
6869 0
6870 5
6871 13
6872 13
6873 0
6874 13
6875 13
6876 13
6877 13
6878 13
6879 0
6880 13
6881 0
6882 13
6883 13
6884 13
6885 0
6886 0
6887 0
6888 0
6889 0
6890 0
6891 0
6892 0
6893 0
6894 4
6895 0
6896 0
6897 0
6898 0
6899 0
6900 0
6901 13
6902 0
6903 0
6904 0
6905 0
6906 0
6907 0
6908 0
6909 0
6910 0
6911 0
6912 0
6913 0
6914 0
6915 0
6916 4
6917 0
6918 0
6919 13
6920 13
6921 0
6922 0
6923 13
6924 13
6925 13
6926 0
6927 0
6928 4
6929 0
6930 0
6931 0
6932 4
6933 0
6934 0
6935 0
6936 0
6937 0
6938 0
6939 13
6940 13
6941 0
6942 0
6943 0
6944 13
6945 0
6946 0
6947 0
6948 0
6949 0
6950 0
6951 0
6952 0
6953 0
6954 0
6955 0
6956 0
6957 0
6958 0
6959 0
6960 0
6961 0
6962 13
6963 0
6964 0
6965 0
6966 0
6967 0
6968 0
6969 13
6970 0
6971 0
6972 0
6973 0
6974 0
6975 0
6976 0
6977 0
6978 0
6979 0
6980 0
6981 0
6982 13
6983 0
6984 0
6985 0
6986 13
6987 0
6988 0
6989 13
6990 0
6991 4
6992 0
6993 0
6994 4
6995 13
6996 13
6997 0
6998 0
6999 0
7000 0
7001 0
7002 0
7003 0
7004 0
7005 0
7006 0
7007 0
7008 0
7009 0
7010 0
7011 0
7012 0
7013 0
7014 0
7015 0
7016 0
7017 0
7018 0
7019 0
7020 0
7021 0
7022 0
7023 0
7024 0
7025 0
7026 0
7027 0
7028 0
7029 0
7030 0
7031 0
7032 0
7033 0
7034 0
7035 0
7036 0
7037 0
7038 0
7039 0
7040 0
7041 13
7042 0
7043 4
7044 0
7045 0
7046 0
7047 0
7048 0
7049 0
7050 0
7051 0
7052 0
7053 13
7054 0
7055 0
7056 0
7057 0
7058 0
7059 0
7060 0
7061 0
7062 0
7063 0
7064 0
7065 0
7066 0
7067 0
7068 0
7069 0
7070 0
7071 0
7072 13
7073 13
7074 0
7075 13
7076 13
7077 13
7078 13
7079 13
7080 13
7081 13
7082 4
7083 13
7084 0
7085 13
7086 0
7087 13
7088 13
7089 13
7090 13
7091 13
7092 0
7093 0
7094 0
7095 13
7096 13
7097 0
7098 13
7099 13
7100 13
7101 13
7102 13
7103 0
7104 4
7105 13
7106 13
7107 4
7108 4
7109 4
7110 4
7111 4
7112 4
7113 4
7114 4
7115 4
7116 4
7117 4
7118 4
7119 13
7120 4
7121 4
7122 13
7123 4
7124 0
7125 0
7126 13
7127 4
7128 13
7129 4
7130 13
7131 13
7132 0
7133 13
7134 0
7135 13
7136 13
7137 0
7138 0
7139 0
7140 0
7141 0
7142 0
7143 0
7144 0
7145 0
7146 0
7147 0
7148 0
7149 0
7150 13
7151 4
7152 13
7153 13
7154 0
7155 4
7156 4
7157 13
7158 13
7159 0
7160 0
7161 13
7162 4
7163 0
7164 4
7165 4
7166 4
7167 13
7168 13
7169 13
7170 13
7171 13
7172 13
7173 13
7174 13
7175 4
7176 13
7177 13
7178 13
7179 13
7180 13
7181 13
7182 13
7183 13
7184 13
7185 13
7186 13
7187 13
7188 0
7189 0
7190 4
7191 0
7192 0
7193 13
7194 13
7195 13
7196 4
7197 13
7198 0
7199 11
7200 0
7201 0
7202 4
7203 0
7204 0
7205 0
7206 0
7207 0
7208 0
7209 4
7210 0
7211 0
7212 4
7213 0
7214 13
7215 0
7216 0
7217 4
7218 0
7219 0
7220 13
7221 0
7222 0
7223 0
7224 0
7225 4
7226 0
7227 0
7228 0
7229 0
7230 0
7231 4
7232 0
7233 0
7234 11
7235 0
7236 4
7237 0
7238 13
7239 13
7240 13
7241 13
7242 13
7243 13
7244 13
7245 13
7246 13
7247 13
7248 4
7249 13
7250 13
7251 13
7252 13
7253 13
7254 13
7255 13
7256 13
7257 0
7258 0
7259 0
7260 13
7261 13
7262 13
7263 13
7264 13
7265 13
7266 13
7267 4
7268 0
7269 0
7270 0
7271 4
7272 13
7273 13
7274 13
7275 13
7276 0
7277 0
7278 0
7279 0
7280 0
7281 0
7282 0
7283 0
7284 0
7285 4
7286 0
7287 4
7288 5
7289 5
7290 5
7291 5
7292 5
7293 5
7294 13
7295 5
7296 5
7297 5
7298 5
7299 5
7300 5
7301 5
7302 5
7303 5
7304 5
7305 5
7306 5
7307 5
7308 5
7309 5
7310 5
7311 5
7312 5
7313 5
7314 5
7315 5
7316 5
7317 4
7318 13
7319 0
7320 4
7321 4
7322 0
7323 0
7324 0
7325 13
7326 0
7327 0
7328 13
7329 13
7330 4
7331 0
7332 0
7333 0
7334 0
7335 13
7336 0
7337 0
7338 0
7339 0
7340 0
7341 13
7342 13
7343 13
7344 13
7345 13
7346 13
7347 13
7348 0
7349 0
7350 13
7351 13
7352 13
7353 13
7354 0
7355 13
7356 0
7357 0
7358 0
7359 0
7360 0
7361 0
7362 0
7363 0
7364 0
7365 0
7366 0
7367 0
7368 13
7369 0
7370 0
7371 0
7372 0
7373 0
7374 0
7375 0
7376 0
7377 13
7378 0
7379 0
7380 0
7381 4
7382 13
7383 4
7384 13
7385 13
7386 13
7387 4
7388 0
7389 0
7390 0
7391 0
7392 13
7393 13
7394 13
7395 0
7396 0
7397 0
7398 0
7399 4
7400 4
7401 13
7402 4
7403 0
7404 0
7405 4
7406 4
7407 0
7408 0
7409 0
7410 13
7411 0
7412 0
7413 4
7414 13
7415 0
7416 13
7417 13
7418 13
7419 0
7420 0
7421 0
7422 0
7423 0
7424 0
7425 13
7426 4
7427 4
7428 13
7429 4
7430 4
7431 4
7432 4
7433 4
7434 13
7435 13
7436 13
7437 13
7438 4
7439 0
7440 0
7441 0
7442 0
7443 13
7444 0
7445 0
7446 0
7447 0
7448 0
7449 0
7450 0
7451 4
7452 13
7453 0
7454 0
7455 4
7456 0
7457 0
7458 4
7459 0
7460 4
7461 0
7462 0
7463 0
7464 13
7465 0
7466 0
7467 0
7468 0
7469 0
7470 4
7471 0
7472 0
7473 0
7474 0
7475 0
7476 0
7477 0
7478 0
7479 0
7480 0
7481 0
7482 0
7483 0
7484 0
7485 0
7486 0
7487 0
7488 0
7489 0
7490 0
7491 0
7492 0
7493 0
7494 0
7495 0
7496 0
7497 0
7498 0
7499 0
7500 0
7501 0
7502 13
7503 0
7504 0
7505 0
7506 0
7507 0
7508 0
7509 4
7510 4
7511 13
7512 0
7513 13
7514 4
7515 13
7516 13
7517 13
7518 13
7519 13
7520 13
7521 13
7522 0
7523 13
7524 0
7525 0
7526 0
7527 13
7528 13
7529 13
7530 13
7531 13
7532 13
7533 0
7534 6
7535 0
7536 4
7537 13
7538 13
7539 13
7540 13
7541 13
7542 13
7543 13
7544 13
7545 13
7546 13
7547 13
7548 4
7549 13
7550 13
7551 0
7552 13
7553 13
7554 13
7555 13
7556 13
7557 13
7558 13
7559 13
7560 4
7561 4
7562 0
7563 0
7564 0
7565 0
7566 13
7567 13
7568 13
7569 13
7570 0
7571 0
7572 0
7573 0
7574 0
7575 0
7576 4
7577 0
7578 13
7579 0
7580 0
7581 0
7582 0
7583 10
7584 13
7585 4
7586 6
7587 13
7588 6
7589 0
7590 6
7591 6
7592 6
7593 6
7594 6
7595 6
7596 6
7597 6
7598 6
7599 0
7600 6
7601 6
7602 6
7603 13
7604 6
7605 6
7606 6
7607 6
7608 6
7609 0
7610 6
7611 6
7612 6
7613 6
7614 6
7615 6
7616 6
7617 6
7618 6
7619 6
7620 6
7621 6
7622 13
7623 6
7624 6
7625 6
7626 13
7627 6
7628 6
7629 6
7630 13
7631 0
7632 11
7633 13
7634 13
7635 13
7636 4
7637 13
7638 0
7639 13
7640 4
7641 4
7642 4
7643 13
7644 4
7645 13
7646 4
7647 0
7648 0
7649 4
7650 11
7651 6
7652 6
7653 13
7654 4
7655 6
7656 6
7657 6
7658 13
7659 13
7660 13
7661 13
7662 13
7663 13
7664 13
7665 13
7666 13
7667 13
7668 13
7669 13
7670 13
7671 13
7672 13
7673 13
7674 13
7675 0
7676 0
7677 4
7678 13
7679 4
7680 13
7681 13
7682 13
7683 13
7684 4
7685 15
7686 13
7687 13
7688 13
7689 13
7690 13
7691 13
7692 0
7693 13
7694 13
7695 13
7696 13
7697 0
7698 4
7699 4
7700 0
7701 13
7702 0
7703 13
7704 4
7705 4
7706 13
7707 0
7708 0
7709 0
7710 13
7711 0
7712 0
7713 0
7714 0
7715 0
7716 0
7717 0
7718 13
7719 0
7720 0
7721 13
7722 0
7723 0
7724 0
7725 0
7726 0
7727 0
7728 0
7729 0
7730 0
7731 0
7732 4
7733 0
7734 0
7735 0
7736 0
7737 4
7738 13
7739 0
7740 0
7741 0
7742 0
7743 0
7744 0
7745 0
7746 4
7747 4
7748 0
7749 0
7750 0
7751 0
7752 0
7753 0
7754 0
7755 13
7756 4
7757 13
7758 13
7759 13
7760 0
7761 13
7762 1
7763 1
7764 1
7765 4
7766 13
7767 0
7768 0
7769 0
7770 0
7771 0
7772 0
7773 4
7774 13
7775 7
7776 7
7777 7
7778 7
7779 7
7780 0
7781 13
7782 4
7783 11
7784 13
7785 13
7786 0
7787 0
7788 0
7789 0
7790 0
7791 0
7792 0
7793 0
7794 0
7795 0
7796 0
7797 0
7798 13
7799 4
7800 13
7801 13
7802 8
7803 8
7804 8
7805 17
7806 10
7807 0
7808 10
7809 9
7810 13
7811 13
7812 10
7813 9
7814 17
7815 10
7816 10
7817 10
7818 0
7819 13
7820 0
7821 10
7822 10
7823 10
7824 0
7825 0
7826 16
7827 13
7828 0
7829 0
7830 4
7831 0
7832 13
7833 13
7834 0
7835 13
7836 0
7837 0
7838 0
7839 0
7840 0
7841 0
7842 13
7843 0
7844 13
7845 13
7846 13
7847 13
7848 13
7849 0
7850 0
7851 13
7852 0
7853 13
7854 0
7855 0
7856 0
7857 0
7858 0
7859 4
7860 0
7861 0
7862 4
7863 13
7864 0
7865 13
7866 13
7867 0
7868 0
7869 0
7870 15
7871 0
7872 13
7873 13
7874 13
7875 13
7876 13
7877 13
7878 13
7879 13
7880 13
7881 13
7882 13
7883 13
7884 13
7885 13
7886 13
7887 13
7888 13
7889 13
7890 13
7891 13
7892 13
7893 13
7894 13
7895 13
7896 13
7897 13
7898 13
7899 13
7900 13
7901 13
7902 13
7903 13
7904 13
7905 13
7906 13
7907 13
7908 13
7909 13
7910 13
7911 13
7912 13
7913 13
7914 13
7915 13
7916 13
7917 13
7918 13
7919 13
7920 13
7921 13
7922 13
7923 13
7924 13
7925 13
7926 13
7927 13
7928 13
7929 13
7930 13
7931 0
7932 13
7933 13
7934 13
7935 13
7936 13
7937 13
7938 13
7939 13
7940 13
7941 13
7942 13
7943 13
7944 0
7945 13
7946 13
7947 13
7948 13
7949 13
7950 13
7951 13
7952 13
7953 13
7954 13
7955 13
7956 12
7957 13
7958 13
7959 13
7960 13
7961 4
7962 13
7963 13
7964 13
7965 13
7966 4
7967 13
7968 13
7969 13
7970 4
7971 13
7972 13
7973 13
7974 13
7975 13
7976 13
7977 4
7978 0
7979 13
7980 13
7981 4
7982 13
7983 13
7984 13
7985 13
7986 13
7987 13
7988 13
7989 13
7990 13
7991 13
7992 0
7993 13
7994 13
7995 13
7996 13
7997 13
7998 13
7999 13
8000 13
8001 13
8002 13
8003 13
8004 13
8005 13
8006 13
8007 13
8008 4
8009 13
8010 13
8011 13
8012 13
8013 4
8014 13
8015 13
8016 13
8017 13
8018 13
8019 0
8020 13
8021 13
8022 13
8023 13
8024 0
8025 13
8026 13
8027 13
8028 13
8029 13
8030 13
8031 4
8032 13
8033 13
8034 13
8035 13
8036 4
8037 0
8038 4
8039 0
8040 13
8041 13
8042 0
8043 13
8044 13
8045 13
8046 13
8047 13
8048 13
8049 13
8050 13
8051 13
8052 13
8053 13
8054 13
8055 13
8056 13
8057 13
8058 13
8059 13
8060 13
8061 13
8062 13
8063 13
8064 13
8065 13
8066 13
8067 13
8068 13
8069 13
8070 13
8071 13
8072 13
8073 13
8074 13
8075 13
8076 13
8077 13
8078 13
8079 13
8080 13
8081 13
8082 13
8083 13
8084 13
8085 13
8086 4
8087 0
8088 4
8089 13
8090 13
8091 13
8092 13
8093 13
8094 13
8095 13
8096 13
8097 0
8098 13
8099 13
8100 4
8101 13
8102 13
8103 13
8104 13
8105 13
8106 4
8107 0
8108 0
8109 0
8110 0
8111 0
8112 0
8113 0
8114 0
8115 13
8116 0
8117 4
8118 4
8119 4
8120 13
8121 0
8122 13
8123 13
8124 0
8125 0
8126 0
8127 0
8128 0
8129 0
8130 0
8131 0
8132 4
8133 4
8134 4
8135 4
8136 4
8137 4
8138 4
8139 4
8140 4
8141 4
8142 17
8143 4
8144 13
8145 0
8146 0
8147 0
8148 0
8149 0
8150 0
8151 0
8152 0
8153 0
8154 0
8155 0
8156 0
8157 0
8158 0
8159 0
8160 0
8161 0
8162 0
8163 0
8164 0
8165 0
8166 0
8167 0
8168 0
8169 0
8170 0
8171 0
8172 13
8173 13
8174 0
8175 4
8176 4
8177 13
8178 13
8179 13
8180 13
8181 13
8182 4
8183 13
8184 0
8185 4
8186 13
8187 13
8188 13
8189 13
8190 13
8191 13
8192 13
8193 13
8194 13
8195 13
8196 13
8197 13
8198 13
8199 13
8200 13
8201 13
8202 13
8203 13
8204 13
8205 13
8206 13
8207 4
8208 13
8209 13
8210 13
8211 13
8212 13
8213 13
8214 13
8215 13
8216 13
8217 13
8218 13
8219 13
8220 13
8221 13
8222 13
8223 13
8224 13
8225 13
8226 13
8227 13
8228 13
8229 13
8230 13
8231 13
8232 13
8233 13
8234 13
8235 13
8236 13
8237 13
8238 13
8239 13
8240 13
8241 13
8242 13
8243 13
8244 13
8245 13
8246 13
8247 4
8248 4
8249 13
8250 4
8251 4
8252 13
8253 4
8254 0
8255 0
8256 0
8257 13
8258 0
8259 0
8260 0
8261 0
8262 0
8263 0
8264 4
8265 13
8266 0
8267 13
8268 13
8269 4
8270 4
8271 13
8272 4
8273 0
8274 0
8275 4
8276 0
8277 0
8278 0
8279 13
8280 0
8281 0
8282 0
8283 0
8284 0
8285 0
8286 13
8287 13
8288 13
8289 4
8290 0
8291 0
8292 4
8293 0
8294 13
8295 13
8296 13
8297 13
8298 13
8299 13
8300 4
8301 13
8302 13
8303 13
8304 13
8305 13
8306 13
8307 13
8308 13
8309 13
8310 13
8311 13
8312 13
8313 13
8314 0
8315 13
8316 13
8317 13
8318 13
8319 13
8320 13
8321 13
8322 13
8323 13
8324 13
8325 13
8326 0
8327 13
8328 13
8329 13
8330 13
8331 13
8332 13
8333 13
8334 13
8335 13
8336 13
8337 13
8338 13
8339 0
8340 0
8341 0
8342 4
8343 13
8344 13
8345 0
8346 13
8347 13
8348 4
8349 13
8350 13
8351 13
8352 13
8353 0
8354 0
8355 0
8356 13
8357 0
8358 0
8359 0
8360 13
8361 13
8362 13
8363 4
8364 0
8365 4
8366 4
8367 13
8368 13
8369 13
8370 13
8371 13
8372 13
8373 13
8374 13
8375 13
8376 13
8377 0
8378 0
8379 0
8380 0
8381 0
8382 0
8383 0
8384 0
8385 0
8386 0
8387 0
8388 0
8389 0
8390 0
8391 0
8392 0
8393 0
8394 0
8395 0
8396 0
8397 0
8398 0
8399 0
8400 0
8401 0
8402 0
8403 0
8404 0
8405 0
8406 0
8407 0
8408 0
8409 0
8410 0
8411 0
8412 0
8413 0
8414 0
8415 0
8416 0
8417 0
8418 0
8419 0
8420 0
8421 0
8422 14
8423 14
8424 4
8425 4
8426 0
8427 13
8428 13
8429 13
8430 4
8431 4
8432 13
8433 13
8434 13
8435 13
8436 13
8437 13
8438 13
8439 13
8440 13
8441 0
8442 0
8443 0
8444 4
8445 0
8446 4
8447 13
8448 4
8449 0
8450 4
8451 4
8452 4
8453 4
8454 4
8455 4
8456 4
8457 4
8458 13
8459 13
8460 13
8461 13
8462 13
8463 0
8464 4
8465 0
8466 4
8467 15
8468 13
8469 4
8470 4
8471 4
8472 4
8473 4
8474 4
8475 0
8476 0
8477 0
8478 0
8479 0
8480 11
8481 13
8482 0
8483 13
8484 13
8485 13
8486 13
8487 13
8488 0
8489 0
8490 0
8491 13
8492 11
8493 11
8494 11
8495 11
8496 11
8497 11
8498 11
8499 11
8500 11
8501 11
8502 11
8503 11
8504 11
8505 11
8506 11
8507 4
8508 4
8509 4
8510 4
8511 0
8512 0
8513 0
8514 13
8515 13
8516 13
8517 13
8518 4
8519 0
8520 0
8521 13
8522 0
8523 13
8524 4
8525 4
8526 4
8527 0
8528 17
8529 0
8530 0
8531 0
8532 0
8533 0
8534 0
8535 0
8536 0
8537 0
8538 0
8539 0
8540 0
8541 0
8542 0
8543 0
8544 0
8545 0
8546 4
8547 0
8548 0
8549 0
8550 13
8551 0
8552 0
8553 0
8554 0
8555 0
8556 13
8557 0
8558 0
8559 13
8560 4
8561 4
8562 4
8563 0
8564 13
8565 13
8566 4
8567 0
8568 4
8569 4
8570 13
8571 0
8572 0
8573 0
8574 0
8575 0
8576 0
8577 0
8578 0
8579 0
8580 0
8581 0
8582 13
8583 4
8584 0
8585 13
8586 0
8587 0
8588 13
8589 4
8590 13
8591 15
8592 15
8593 15
8594 15
8595 15
8596 13
8597 4
8598 4
8599 13
8600 13
8601 13
8602 13
8603 13
8604 13
8605 13
8606 13
8607 13
8608 13
8609 13
8610 13
8611 13
8612 13
8613 13
8614 13
8615 13
8616 13
8617 13
8618 13
8619 13
8620 13
8621 13
8622 13
8623 13
8624 13
8625 13
8626 13
8627 13
8628 13
8629 13
8630 13
8631 13
8632 13
8633 13
8634 0
8635 4
8636 13
8637 0
8638 0
8639 0
8640 0
8641 4
8642 13
8643 13
8644 13
8645 0
8646 0
8647 0
8648 0
8649 13
8650 13
8651 13
8652 13
8653 13
8654 13
8655 13
8656 4
8657 4
8658 4
8659 0
8660 0
8661 16
8662 13
8663 0
8664 4
8665 0
8666 0
8667 0
8668 17
8669 17
8670 17
8671 17
8672 17
8673 4
8674 0
8675 4
8676 16
8677 0
8678 4
8679 4
8680 13
8681 13
8682 13
8683 0
8684 0
8685 0
8686 13
8687 13
8688 13
8689 4
8690 4
8691 4
8692 4
8693 4
8694 0
8695 0
8696 0
8697 0
8698 0
8699 0
8700 0
8701 0
8702 0
8703 0
8704 0
8705 0
8706 0
8707 0
8708 13
8709 0
8710 13
8711 13
8712 13
8713 13
8714 0
8715 0
8716 0
8717 0
8718 0
8719 0
8720 13
8721 0
8722 0
8723 0
0 2
1 0
2 4
3 4
4 0
5 1
6 1
7 4
8 0
9 1
10 1
11 2
12 3
13 4
14 5
15 2
16 6
17 1
0 0
1 1
2 2
3 3
4 4
5 5
6 6
1e-06 0.100208 338
