0 6
1 0
2 1
3 6
4 6
5 1
6 6
7 6
8 1
9 6
10 6
11 1
12 6
13 6
14 6
15 6
16 1
17 6
18 6
19 6
20 6
21 6
22 6
23 4
24 6
25 6
26 1
27 6
28 6
29 1
30 1
31 6
32 6
33 6
34 6
35 6
36 6
37 6
38 1
39 1
40 6
41 6
42 1
43 1
44 6
45 6
46 6
47 6
48 1
49 6
50 1
51 6
52 6
53 6
54 6
55 6
56 6
57 1
58 6
59 6
60 6
61 6
62 6
63 6
64 6
65 6
66 6
67 6
68 6
69 1
70 6
71 6
72 6
73 6
74 6
75 1
76 6
77 6
78 1
79 4
80 1
81 6
82 1
83 6
84 6
85 1
86 6
87 6
88 1
89 6
90 1
91 6
92 0
93 6
94 1
95 0
96 6
97 0
98 0
99 1
100 1
101 0
102 1
103 1
104 1
105 6
106 4
107 0
108 6
109 4
110 0
111 0
112 0
113 1
114 1
115 0
116 4
117 11
118 4
119 0
120 1
121 1
122 0
123 0
124 1
125 6
126 1
127 1
128 6
129 6
130 1
131 6
132 1
133 6
134 6
135 1
136 1
137 6
138 0
139 1
140 6
141 6
142 1
143 1
144 1
145 1
146 1
147 1
148 4
149 1
150 1
151 6
152 1
153 1
154 1
155 1
156 1
157 1
158 4
159 1
160 6
161 6
162 1
163 1
164 1
165 6
166 1
167 1
168 6
169 6
170 6
171 1
172 1
173 1
174 6
175 1
176 1
177 1
178 6
179 1
180 1
181 1
182 4
183 1
184 6
185 0
186 6
187 1
188 6
189 6
190 1
191 1
192 6
193 1
194 1
195 6
196 1
197 6
198 1
199 4
200 1
201 1
202 6
203 1
204 6
205 1
206 1
207 6
208 0
209 1
210 1
211 6
212 6
213 1
214 1
215 6
216 1
217 6
218 1
219 6
220 6
221 6
222 6
223 6
224 1
225 6
226 1
227 6
228 1
229 6
230 1
231 1
232 1
233 0
234 6
235 6
236 6
237 4
238 1
239 1
240 6
241 6
242 1
243 4
244 6
245 1
246 4
247 6
248 6
249 6
250 1
251 1
252 1
253 6
254 1
255 1
256 6
257 6
258 6
259 6
260 1
261 4
262 1
263 1
264 6
265 1
266 1
267 1
268 6
269 6
270 6
271 6
272 1
273 1
274 1
275 6
276 6
277 1
278 4
279 6
280 4
281 1
282 4
283 1
284 6
285 6
286 6
287 4
288 1
289 1
290 6
291 6
292 6
293 1
294 1
295 6
296 6
297 6
298 0
299 1
300 6
301 6
302 1
303 1
304 6
305 6
306 4
307 1
308 1
309 1
310 1
311 6
312 6
313 1
314 1
315 1
316 1
317 6
318 6
319 6
320 6
321 1
322 0
323 6
324 6
325 6
326 6
327 6
328 1
329 1
330 6
331 6
332 1
333 6
334 1
335 1
336 1
337 1
338 1
339 6
340 6
341 6
342 6
343 1
344 6
345 6
346 6
347 1
348 1
349 6
350 0
351 1
352 1
353 6
354 0
355 1
356 6
357 1
358 1
359 1
360 1
361 6
362 6
363 4
364 1
365 4
366 6
367 6
368 6
369 6
370 6
371 1
372 1
373 1
374 1
375 6
376 1
377 1
378 4
379 6
380 4
381 6
382 1
383 1
384 1
385 6
386 1
387 4
388 1
389 0
390 6
391 1
392 6
393 6
394 1
395 1
396 6
397 4
398 6
399 1
400 4
401 6
402 6
403 1
404 6
405 1
406 1
407 6
408 6
409 6
410 6
411 6
412 0
413 1
414 6
415 1
416 1
417 1
418 1
419 6
420 6
421 6
422 1
423 6
424 6
425 0
426 6
427 6
428 6
429 0
430 6
431 6
432 6
433 6
434 6
435 0
436 6
437 6
438 1
439 6
440 4
441 1
442 1
443 6
444 1
445 1
446 1
447 1
448 6
449 1
450 1
451 6
452 6
453 1
454 6
455 6
456 1
457 0
458 6
459 4
460 6
461 0
462 0
463 6
464 6
465 1
466 6
467 6
468 1
469 6
470 6
471 4
472 1
473 1
474 6
475 1
476 1
477 6
478 1
479 1
480 1
481 0
482 6
483 1
484 1
485 1
486 1
487 6
488 1
489 1
490 6
491 1
492 1
493 6
494 6
495 1
496 6
497 1
498 6
499 6
500 1
501 6
502 6
503 6
504 1
505 6
506 6
507 6
508 1
509 6
510 6
511 4
512 6
513 6
514 6
515 1
516 1
517 6
518 6
519 1
520 1
521 1
522 1
523 1
524 6
525 6
526 6
527 0
528 6
529 6
530 6
531 1
532 6
533 6
534 6
535 1
536 6
537 1
538 6
539 1
540 4
541 1
542 6
543 1
544 1
545 1
546 6
547 6
548 6
549 1
550 4
551 6
552 6
553 1
554 1
555 1
556 1
557 1
558 6
559 6
560 0
561 1
562 1
563 1
564 6
565 6
566 1
567 6
568 1
569 0
570 1
571 1
572 1
573 1
574 1
575 1
576 6
577 6
578 6
579 6
580 6
581 6
582 6
583 6
584 6
585 1
586 6
587 1
588 6
589 6
590 1
591 6
592 4
593 1
594 1
595 1
596 6
597 6
598 6
599 6
600 0
601 6
602 6
603 1
604 1
605 6
606 6
607 6
608 6
609 6
610 1
611 6
612 6
613 6
614 6
615 1
616 1
617 1
618 1
619 1
620 6
621 6
622 1
623 6
624 6
625 6
626 6
627 6
628 6
629 6
630 1
631 4
632 1
633 6
634 6
635 1
636 6
637 6
638 6
639 6
640 1
641 6
642 4
643 6
644 6
645 1
646 6
647 0
648 1
649 6
650 6
651 1
652 1
653 4
654 6
655 1
656 6
657 6
658 6
659 1
660 6
661 6
662 6
663 1
664 6
665 0
666 6
667 4
668 6
669 1
670 1
671 6
672 6
673 1
674 6
675 6
676 1
677 6
678 6
679 0
680 6
681 1
682 6
683 6
684 6
685 1
686 6
687 6
688 6
689 4
690 1
691 1
692 6
693 0
694 6
695 1
696 1
697 1
698 1
699 6
700 6
701 1
702 6
703 1
704 1
705 6
706 4
707 6
708 1
709 1
710 1
711 0
712 1
713 1
714 1
715 6
716 6
717 1
718 6
719 1
720 6
721 1
722 1
723 4
724 6
725 1
726 6
727 6
728 6
729 6
730 0
731 1
732 6
733 4
734 6
735 6
736 1
737 1
738 6
739 4
740 1
741 0
742 6
743 4
744 1
745 0
746 1
747 6
748 1
749 1
750 1
751 6
752 1
753 1
754 4
755 1
756 6
757 6
758 1
759 1
760 1
761 6
762 6
763 1
764 1
765 6
766 6
767 6
768 6
769 6
770 6
771 1
772 1
773 6
774 4
775 6
776 6
777 1
778 6
779 1
780 6
781 6
782 6
783 6
784 0
785 0
786 1
787 6
788 4
789 6
790 1
791 0
792 6
793 0
794 6
795 0
796 1
797 1
798 1
799 6
800 6
801 6
802 1
803 4
804 1
805 6
806 6
807 4
808 1
809 1
810 6
811 1
812 6
813 4
814 6
815 6
816 6
817 6
818 1
819 1
820 6
821 1
822 6
823 6
824 1
825 1
826 6
827 1
828 1
829 4
830 1
831 6
832 1
833 1
834 6
835 1
836 1
837 1
838 6
839 6
840 1
841 1
842 1
843 6
844 6
845 1
846 0
847 6
848 1
849 1
850 1
851 1
852 6
853 1
854 1
855 1
856 6
857 6
858 1
859 1
860 6
861 1
862 6
863 1
864 1
865 6
866 1
867 6
868 6
869 6
870 1
871 1
872 6
873 4
874 1
875 1
876 4
877 6
878 6
879 1
880 1
881 4
882 1
883 6
884 0
885 6
886 0
887 6
888 0
889 6
890 1
891 6
892 1
893 6
894 6
895 6
896 1
897 6
898 1
899 1
900 6
901 0
902 0
903 1
904 6
905 1
906 6
907 6
908 1
909 1
910 6
911 1
912 1
913 1
914 4
915 1
916 1
917 1
918 1
919 1
920 1
921 1
922 1
923 1
924 1
925 0
926 6
927 1
928 6
929 6
930 6
931 1
932 6
933 6
934 1
935 6
936 6
937 6
938 1
939 1
940 6
941 6
942 1
943 1
944 6
945 1
946 1
947 4
948 6
949 6
950 6
951 6
952 1
953 1
954 6
955 1
956 1
957 6
958 6
959 6
960 6
961 1
962 1
963 6
964 1
965 6
966 6
967 6
968 1
969 6
970 6
971 6
972 6
973 6
974 1
975 6
976 0
977 6
978 1
979 0
980 0
981 1
982 6
983 1
984 1
985 6
986 6
987 1
988 6
989 6
990 6
991 1
992 6
993 1
994 1
995 1
996 6
997 6
998 6
999 4
1000 6
1001 6
1002 6
1003 1
1004 0
1005 6
1006 6
1007 0
1008 1
1009 1
1010 1
1011 1
1012 6
1013 6
1014 1
1015 6
1016 6
1017 6
1018 6
1019 1
1020 6
1021 6
1022 6
1023 6
1024 0
1025 1
1026 4
1027 1
1028 6
1029 4
1030 6
1031 6
1032 1
1033 6
1034 6
1035 6
1036 1
1037 6
1038 6
1039 4
1040 1
1041 6
1042 6
1043 1
1044 1
1045 1
1046 0
1047 6
1048 1
1049 1
1050 6
1051 1
1052 6
1053 4
1054 6
1055 6
1056 1
1057 1
1058 6
1059 1
1060 6
1061 4
1062 4
1063 4
1064 1
1065 1
1066 1
1067 1
1068 4
1069 6
1070 1
1071 6
1072 1
1073 1
1074 1
1075 1
1076 1
1077 6
1078 1
1079 1
1080 1
1081 1
1082 1
1083 6
1084 6
1085 6
1086 6
1087 6
1088 6
1089 6
1090 1
1091 1
1092 6
1093 1
1094 6
1095 1
1096 6
1097 6
1098 6
1099 6
1100 1
1101 6
1102 6
1103 6
1104 6
1105 6
1106 1
1107 6
1108 1
1109 6
1110 6
1111 6
1112 6
1113 0
1114 6
1115 6
1116 4
1117 1
1118 6
1119 6
1120 6
1121 6
1122 6
1123 6
1124 6
1125 6
1126 1
1127 1
1128 6
1129 0
1130 6
1131 0
1132 0
1133 6
1134 1
1135 6
1136 0
1137 1
1138 0
1139 1
1140 6
1141 6
1142 0
1143 0
1144 4
1145 6
1146 1
1147 0
1148 6
1149 6
1150 6
1151 6
1152 0
1153 6
1154 6
1155 0
1156 6
1157 6
1158 7
1159 6
1160 6
1161 0
1162 0
1163 6
1164 0
1165 6
1166 6
1167 1
1168 1
1169 6
1170 1
1171 6
1172 0
1173 1
1174 6
1175 1
1176 6
1177 4
1178 6
1179 4
1180 0
1181 1
1182 6
1183 0
1184 6
1185 6
1186 0
1187 1
1188 6
1189 4
1190 0
1191 4
1192 0
1193 0
1194 1
1195 0
1196 0
1197 0
1198 6
1199 1
1200 0
1201 6
1202 6
1203 4
1204 6
1205 1
1206 1
1207 1
1208 4
1209 0
1210 0
1211 6
1212 6
1213 0
1214 1
1215 4
1216 0
1217 4
1218 0
1219 6
1220 0
1221 0
1222 6
1223 0
1224 0
1225 6
1226 1
1227 1
1228 6
1229 6
1230 4
1231 4
1232 0
1233 6
1234 0
1235 0
1236 1
1237 6
1238 6
1239 0
1240 0
1241 1
1242 6
1243 4
1244 6
1245 0
1246 0
1247 6
1248 6
1249 0
1250 6
1251 1
1252 1
1253 6
1254 0
1255 6
1256 0
1257 0
1258 1
1259 6
1260 1
1261 1
1262 6
1263 6
1264 0
1265 6
1266 6
1267 6
1268 6
1269 6
1270 1
1271 6
1272 1
1273 4
1274 4
1275 0
1276 6
1277 6
1278 4
1279 1
1280 6
1281 6
1282 4
1283 0
1284 0
1285 1
1286 1
1287 1
1288 4
1289 1
1290 1
1291 6
1292 4
1293 1
1294 6
1295 1
1296 0
1297 1
1298 1
1299 1
1300 4
1301 6
1302 1
1303 1
1304 1
1305 1
1306 1
1307 1
1308 6
1309 6
1310 0
1311 6
1312 1
1313 4
1314 1
1315 1
1316 1
1317 1
1318 1
1319 1
1320 1
1321 1
1322 6
1323 6
1324 1
1325 0
1326 1
1327 0
1328 4
1329 0
1330 1
1331 0
1332 1
1333 1
1334 4
1335 1
1336 4
1337 6
1338 6
1339 1
1340 6
1341 6
1342 6
1343 6
1344 6
1345 4
1346 1
1347 6
1348 6
1349 6
1350 6
1351 0
1352 0
1353 6
1354 1
1355 0
1356 0
1357 0
1358 1
1359 0
1360 0
1361 0
1362 0
1363 4
1364 1
1365 6
1366 0
1367 0
1368 1
1369 0
1370 4
1371 0
1372 0
1373 0
1374 0
1375 4
1376 0
1377 0
1378 1
1379 6
1380 0
1381 0
1382 0
1383 0
1384 0
1385 4
1386 0
1387 0
1388 0
1389 0
1390 0
1391 0
1392 0
1393 1
1394 0
1395 0
1396 0
1397 0
1398 0
1399 0
1400 0
1401 0
1402 0
1403 0
1404 0
1405 0
1406 4
1407 0
1408 0
1409 6
1410 0
1411 0
1412 0
1413 0
1414 0
1415 0
1416 0
1417 0
1418 4
1419 0
1420 4
1421 0
1422 0
1423 1
1424 0
1425 6
1426 0
1427 6
1428 0
1429 0
1430 4
1431 0
1432 0
1433 0
1434 0
1435 0
1436 1
1437 0
1438 4
1439 4
1440 0
1441 0
1442 1
1443 0
1444 0
1445 0
1446 0
1447 0
1448 0
1449 0
1450 0
1451 0
1452 0
1453 1
1454 0
1455 0
1456 0
1457 0
1458 0
1459 0
1460 1
1461 0
1462 0
1463 0
1464 0
1465 1
1466 0
1467 0
1468 6
1469 0
1470 1
1471 0
1472 0
1473 1
1474 4
1475 0
1476 1
1477 0
1478 6
1479 0
1480 6
1481 0
1482 6
1483 0
1484 0
1485 0
1486 0
1487 6
1488 0
1489 1
1490 6
1491 6
1492 6
1493 1
1494 6
1495 6
1496 1
1497 6
1498 1
1499 1
1500 6
1501 6
1502 6
1503 6
1504 6
1505 6
1506 0
1507 0
1508 6
1509 6
1510 1
1511 6
1512 1
1513 6
1514 6
1515 6
1516 1
1517 6
1518 6
1519 1
1520 6
1521 1
1522 6
1523 6
1524 1
1525 6
1526 6
1527 6
1528 6
1529 4
1530 6
1531 1
1532 4
1533 1
1534 6
1535 6
1536 6
1537 6
1538 6
1539 1
1540 6
1541 6
1542 6
1543 6
1544 6
1545 1
1546 6
1547 1
1548 6
1549 6
1550 6
1551 6
1552 1
1553 1
1554 1
1555 1
1556 6
1557 1
1558 6
1559 1
1560 1
1561 6
1562 6
1563 6
1564 6
1565 1
1566 6
1567 6
1568 6
1569 6
1570 1
1571 6
1572 6
1573 6
1574 6
1575 1
1576 6
1577 6
1578 4
1579 6
1580 6
1581 6
1582 1
1583 6
1584 6
1585 6
1586 6
1587 6
1588 4
1589 6
1590 6
1591 6
1592 6
1593 6
1594 6
1595 1
1596 6
1597 6
1598 6
1599 6
1600 6
1601 1
1602 6
1603 4
1604 1
1605 6
1606 4
1607 6
1608 6
1609 1
1610 6
1611 6
1612 1
1613 6
1614 6
1615 1
1616 6
1617 1
1618 6
1619 0
1620 1
1621 0
1622 1
1623 6
1624 1
1625 6
1626 1
1627 11
1628 1
1629 6
1630 1
1631 4
1632 1
1633 1
1634 4
1635 4
1636 0
1637 1
1638 4
1639 1
1640 6
1641 6
1642 1
1643 4
1644 6
1645 1
1646 4
1647 0
1648 6
1649 6
1650 6
1651 6
1652 1
1653 4
1654 1
1655 1
1656 1
1657 1
1658 1
1659 6
1660 1
1661 4
1662 4
1663 1
1664 6
1665 1
1666 0
1667 6
1668 1
1669 6
1670 6
1671 6
1672 6
1673 6
1674 1
1675 6
1676 6
1677 1
1678 6
1679 6
1680 1
1681 1
1682 6
1683 6
1684 1
1685 6
1686 6
1687 6
1688 6
1689 1
1690 6
1691 4
1692 6
1693 6
1694 6
1695 1
1696 6
1697 0
1698 6
1699 0
1700 6
1701 1
1702 4
1703 6
1704 6
1705 6
1706 1
1707 1
1708 11
1709 6
1710 6
1711 0
1712 6
1713 6
1714 0
1715 0
1716 6
1717 0
1718 1
1719 6
1720 6
1721 0
1722 0
1723 6
1724 1
1725 0
1726 6
1727 6
1728 0
1729 0
1730 0
1731 0
1732 4
1733 6
1734 6
1735 0
1736 0
1737 6
1738 1
1739 0
1740 0
1741 0
1742 1
1743 6
1744 0
1745 6
1746 4
1747 1
1748 1
1749 4
1750 6
1751 1
1752 0
1753 1
1754 1
1755 1
1756 0
1757 1
1758 1
1759 0
1760 1
1761 1
1762 6
1763 0
1764 4
1765 0
1766 6
1767 6
1768 1
1769 4
1770 1
1771 1
1772 6
1773 1
1774 1
1775 1
1776 6
1777 6
1778 11
1779 0
1780 1
1781 0
1782 6
1783 1
1784 0
1785 1
1786 0
1787 6
1788 0
1789 0
1790 1
1791 1
1792 1
1793 6
1794 6
1795 1
1796 1
1797 6
1798 1
1799 4
1800 0
1801 4
1802 0
1803 1
1804 1
1805 1
1806 1
1807 0
1808 6
1809 6
1810 6
1811 6
1812 6
1813 6
1814 6
1815 0
1816 6
1817 0
1818 4
1819 6
1820 4
1821 6
1822 4
1823 0
1824 1
1825 0
1826 6
1827 4
1828 0
1829 0
1830 1
1831 6
1832 1
1833 0
1834 0
1835 0
1836 0
1837 6
1838 6
1839 6
1840 4
1841 0
1842 6
1843 6
1844 6
1845 4
1846 1
1847 6
1848 1
1849 4
1850 6
1851 1
1852 1
1853 0
1854 6
1855 6
1856 1
1857 6
1858 1
1859 4
1860 4
1861 0
1862 0
1863 1
1864 1
1865 1
1866 4
1867 1
1868 1
1869 1
1870 1
1871 1
1872 1
1873 6
1874 1
1875 1
1876 1
1877 1
1878 1
1879 1
1880 6
1881 6
1882 6
1883 1
1884 6
1885 0
1886 6
1887 0
1888 1
1889 6
1890 6
1891 1
1892 6
1893 6
1894 1
1895 6
1896 1
1897 0
1898 6
1899 6
1900 6
1901 0
1902 6
1903 6
1904 6
1905 1
1906 6
1907 1
1908 0
1909 0
1910 0
1911 1
1912 6
1913 6
1914 6
1915 6
1916 6
1917 6
1918 6
1919 6
1920 6
1921 6
1922 1
1923 6
1924 0
1925 6
1926 1
1927 0
1928 1
1929 1
1930 6
1931 0
1932 1
1933 1
1934 1
1935 0
1936 0
1937 6
1938 6
1939 6
1940 6
1941 1
1942 4
1943 6
1944 1
1945 1
1946 1
1947 6
1948 6
1949 1
1950 0
1951 0
1952 0
1953 6
1954 6
1955 6
1956 0
1957 6
1958 0
1959 6
1960 1
1961 6
1962 1
1963 0
1964 1
1965 0
1966 6
1967 0
1968 6
1969 1
1970 4
1971 6
1972 6
1973 0
1974 1
1975 1
1976 4
1977 6
1978 6
1979 6
1980 1
1981 6
1982 1
1983 1
1984 1
1985 1
1986 6
1987 1
1988 1
1989 0
1990 0
1991 6
1992 1
1993 6
1994 0
1995 0
1996 6
1997 0
1998 1
1999 6
2000 6
2001 0
2002 1
2003 1
2004 6
2005 1
2006 6
2007 6
2008 6
2009 0
2010 6
2011 6
2012 6
2013 6
2014 6
2015 1
2016 6
2017 1
2018 4
2019 1
2020 1
2021 6
2022 4
2023 4
2024 1
2025 1
2026 1
2027 1
2028 1
2029 6
2030 0
2031 0
2032 0
2033 1
2034 0
2035 1
2036 0
2037 6
2038 0
2039 1
2040 0
2041 0
2042 0
2043 0
2044 0
2045 6
2046 4
2047 1
2048 0
2049 0
2050 6
2051 0
2052 1
2053 0
2054 0
2055 0
2056 0
2057 0
2058 1
2059 4
2060 1
2061 6
2062 1
2063 6
2064 0
2065 4
2066 1
2067 0
2068 0
2069 0
2070 1
2071 4
2072 6
2073 0
2074 0
2075 1
2076 6
2077 0
2078 6
2079 0
2080 4
2081 0
2082 0
2083 0
2084 0
2085 0
2086 0
2087 6
2088 4
2089 6
2090 0
2091 1
2092 6
2093 0
2094 0
2095 0
2096 0
2097 0
2098 1
2099 6
2100 6
2101 0
2102 4
2103 4
2104 0
2105 0
2106 6
2107 0
2108 0
2109 0
2110 1
2111 0
2112 0
2113 0
2114 0
2115 0
2116 4
2117 0
2118 0
2119 0
2120 0
2121 0
2122 0
2123 0
2124 0
2125 6
2126 0
2127 0
2128 0
2129 6
2130 6
2131 0
2132 6
2133 0
2134 0
2135 1
2136 0
2137 0
2138 1
2139 0
2140 4
2141 0
2142 0
2143 6
2144 0
2145 0
2146 6
2147 6
2148 0
2149 6
2150 0
2151 0
2152 0
2153 0
2154 0
2155 0
2156 0
2157 0
2158 0
2159 0
2160 0
2161 6
2162 0
2163 0
2164 1
2165 0
2166 4
2167 6
2168 6
2169 6
2170 6
2171 0
2172 4
2173 1
2174 1
2175 0
2176 0
2177 0
2178 1
2179 6
2180 1
2181 1
2182 4
2183 0
2184 1
2185 0
2186 1
2187 6
2188 0
2189 4
2190 1
2191 4
2192 0
2193 1
2194 6
2195 1
2196 0
2197 1
2198 1
2199 1
2200 1
2201 1
2202 3
2203 6
2204 6
2205 6
2206 6
2207 6
2208 0
2209 6
2210 6
2211 11
2212 6
2213 0
2214 0
2215 0
2216 1
2217 6
2218 6
2219 6
2220 6
2221 6
2222 6
2223 1
2224 0
2225 6
2226 6
2227 6
2228 6
2229 11
2230 6
2231 0
2232 6
2233 0
2234 6
2235 1
2236 4
2237 4
2238 1
2239 1
2240 6
2241 1
2242 6
2243 6
2244 6
2245 0
2246 6
2247 6
2248 0
2249 0
2250 6
2251 0
2252 0
2253 0
2254 1
2255 6
2256 6
2257 6
2258 6
2259 6
2260 6
2261 6
2262 6
2263 6
2264 6
2265 6
2266 6
2267 6
2268 6
2269 6
2270 6
2271 6
2272 6
2273 6
2274 1
2275 0
2276 0
2277 1
2278 1
2279 6
2280 6
2281 6
2282 6
2283 1
2284 1
2285 6
2286 0
2287 6
2288 1
2289 6
2290 6
2291 6
2292 6
2293 6
2294 6
2295 0
2296 6
2297 6
2298 0
2299 1
2300 6
2301 6
2302 6
2303 6
2304 6
2305 6
2306 6
2307 0
2308 0
2309 0
2310 0
2311 4
2312 6
2313 6
2314 6
2315 6
2316 6
2317 0
2318 6
2319 6
2320 0
2321 6
2322 6
2323 4
2324 6
2325 0
2326 6
2327 0
2328 0
2329 1
2330 11
2331 0
2332 4
2333 0
2334 6
2335 6
2336 6
2337 6
2338 0
2339 0
2340 1
2341 6
2342 6
2343 0
2344 1
2345 0
2346 6
2347 1
2348 6
2349 6
2350 1
2351 6
2352 0
2353 1
2354 6
2355 1
2356 1
2357 1
2358 1
2359 1
2360 4
2361 1
2362 1
2363 1
2364 6
2365 6
2366 0
2367 1
2368 4
2369 1
2370 4
2371 6
2372 1
2373 1
2374 6
2375 0
2376 1
2377 0
2378 6
2379 0
2380 1
2381 0
2382 1
2383 1
2384 6
2385 6
2386 1
2387 1
2388 4
2389 1
2390 1
2391 1
2392 1
2393 0
2394 1
2395 6
2396 6
2397 6
2398 1
2399 1
2400 1
2401 6
2402 6
2403 6
2404 6
2405 0
2406 1
2407 1
2408 6
2409 4
2410 1
2411 1
2412 1
2413 1
2414 1
2415 1
2416 1
2417 1
2418 6
2419 6
2420 4
2421 6
2422 0
2423 6
2424 6
2425 6
2426 4
2427 0
2428 1
2429 0
2430 6
2431 6
2432 0
2433 0
2434 6
2435 6
2436 4
2437 1
2438 1
2439 1
2440 6
2441 6
2442 1
2443 1
2444 1
2445 1
2446 6
2447 1
2448 6
2449 4
2450 1
2451 1
2452 0
2453 1
2454 4
2455 0
2456 6
2457 1
2458 6
2459 6
2460 1
2461 6
2462 4
2463 0
2464 1
2465 4
2466 6
2467 0
2468 6
2469 0
2470 6
2471 0
2472 0
2473 1
2474 1
2475 4
2476 0
2477 0
2478 6
2479 1
2480 4
2481 11
2482 0
2483 1
2484 1
2485 1
2486 6
2487 6
2488 6
2489 1
2490 1
2491 0
2492 1
2493 0
2494 0
2495 1
2496 6
2497 0
2498 1
2499 6
2500 6
2501 6
2502 6
2503 1
2504 6
2505 6
2506 4
2507 6
2508 1
2509 1
2510 1
2511 6
2512 0
2513 1
2514 6
2515 1
2516 6
2517 6
2518 4
2519 4
2520 0
2521 1
2522 0
2523 4
2524 6
2525 0
2526 4
2527 0
2528 1
2529 0
2530 6
2531 1
2532 1
2533 0
2534 1
2535 0
2536 6
2537 0
2538 6
2539 6
2540 6
2541 6
2542 6
2543 4
2544 6
2545 6
2546 1
2547 6
2548 1
2549 0
2550 1
2551 6
2552 1
2553 1
2554 0
2555 6
2556 1
2557 0
2558 6
2559 6
2560 6
2561 0
2562 1
2563 6
2564 6
2565 1
2566 6
2567 1
2568 0
2569 6
2570 1
2571 1
2572 6
2573 4
2574 6
2575 0
2576 6
2577 0
2578 4
2579 6
2580 6
2581 0
2582 0
2583 6
2584 6
2585 6
2586 1
2587 4
2588 1
2589 0
2590 1
2591 6
2592 1
2593 0
2594 1
2595 1
2596 1
2597 6
2598 6
2599 0
2600 0
2601 0
2602 0
2603 4
2604 6
2605 6
2606 6
2607 4
2608 0
2609 1
2610 1
2611 0
2612 0
2613 4
2614 1
2615 6
2616 0
2617 6
2618 6
2619 0
2620 0
2621 1
2622 6
2623 6
2624 1
2625 1
2626 6
2627 0
2628 0
2629 1
2630 6
2631 6
2632 0
2633 6
2634 0
2635 0
2636 1
2637 1
2638 0
2639 0
2640 0
2641 6
2642 0
2643 0
2644 0
2645 6
2646 4
2647 0
2648 6
2649 0
2650 0
2651 0
2652 1
2653 6
2654 6
2655 1
2656 0
2657 0
2658 4
2659 6
2660 0
2661 4
2662 0
2663 0
2664 6
2665 1
2666 1
2667 6
2668 1
2669 1
2670 0
2671 6
2672 0
2673 6
2674 6
2675 6
2676 1
2677 1
2678 1
2679 4
2680 0
2681 1
2682 6
2683 1
2684 4
2685 0
2686 1
2687 6
2688 1
2689 1
2690 1
2691 6
2692 4
2693 1
2694 0
2695 6
2696 0
2697 6
2698 0
2699 1
2700 6
2701 4
2702 0
2703 6
2704 0
2705 6
2706 0
2707 1
2708 6
2709 0
2710 0
2711 1
2712 6
2713 6
2714 0
2715 0
2716 0
2717 6
2718 1
2719 1
2720 0
2721 0
2722 6
2723 6
2724 6
2725 6
2726 0
2727 4
2728 1
2729 0
2730 6
2731 4
2732 1
2733 1
2734 6
2735 0
2736 6
2737 0
2738 6
2739 6
2740 0
2741 0
2742 6
2743 0
2744 6
2745 6
2746 1
2747 6
2748 6
2749 1
2750 6
2751 6
2752 0
2753 0
2754 6
2755 6
2756 6
2757 0
2758 0
2759 6
2760 1
2761 6
2762 4
2763 1
2764 6
2765 0
2766 4
2767 0
2768 0
2769 6
2770 1
2771 0
2772 6
2773 1
2774 0
2775 6
2776 6
2777 1
2778 6
2779 6
2780 6
2781 6
2782 6
2783 6
2784 6
2785 0
2786 6
2787 0
2788 4
2789 1
2790 4
2791 4
2792 6
2793 6
2794 6
2795 6
2796 6
2797 6
2798 6
2799 6
2800 6
2801 6
2802 6
2803 6
2804 6
2805 6
2806 6
2807 6
2808 6
2809 6
2810 1
2811 0
2812 1
2813 6
2814 0
2815 1
2816 1
2817 0
2818 1
2819 0
2820 0
2821 0
2822 1
2823 0
2824 6
2825 1
2826 1
2827 0
2828 6
2829 6
2830 6
2831 1
2832 6
2833 1
2834 4
2835 6
2836 0
2837 6
2838 0
2839 1
2840 4
2841 1
2842 4
2843 0
2844 1
2845 6
2846 0
2847 0
2848 6
2849 0
2850 0
2851 1
2852 1
2853 6
2854 11
2855 4
2856 6
2857 0
2858 4
2859 6
2860 6
2861 6
2862 4
2863 0
2864 6
2865 0
2866 1
2867 6
2868 0
2869 6
2870 6
2871 0
2872 1
2873 6
2874 0
2875 1
2876 0
2877 0
2878 6
2879 6
2880 0
2881 6
2882 6
2883 4
2884 6
2885 6
2886 6
2887 1
2888 0
2889 6
2890 6
2891 0
2892 6
2893 0
2894 0
2895 6
2896 0
2897 6
2898 6
2899 1
2900 0
2901 0
2902 4
2903 1
2904 6
2905 0
2906 6
2907 6
2908 0
2909 6
2910 1
2911 0
2912 0
2913 0
2914 0
2915 6
2916 0
2917 0
2918 6
2919 1
2920 1
2921 0
2922 0
2923 6
2924 1
2925 6
2926 6
2927 0
2928 4
2929 0
2930 4
2931 1
2932 1
2933 6
2934 0
2935 1
2936 6
2937 1
2938 0
2939 4
2940 4
2941 0
2942 4
2943 0
2944 6
2945 0
2946 0
2947 1
2948 1
2949 0
2950 6
2951 6
2952 4
2953 0
2954 0
2955 0
2956 4
2957 6
2958 6
2959 4
2960 6
2961 6
2962 1
2963 1
2964 6
2965 4
2966 1
2967 0
2968 6
2969 1
2970 0
2971 0
2972 0
2973 1
2974 6
2975 4
2976 0
2977 6
2978 0
2979 1
2980 0
2981 1
2982 1
2983 6
2984 6
2985 6
2986 6
2987 4
2988 6
2989 6
2990 6
2991 1
2992 0
2993 0
2994 1
2995 6
2996 0
2997 0
2998 0
2999 0
3000 4
3001 6
3002 6
3003 1
3004 4
3005 6
3006 0
3007 4
3008 1
3009 6
3010 0
3011 0
3012 6
3013 1
3014 0
3015 0
3016 1
3017 6
3018 6
3019 0
3020 0
3021 0
3022 0
3023 0
3024 0
3025 0
3026 6
3027 0
3028 6
3029 0
3030 0
3031 0
3032 0
3033 6
3034 1
3035 0
3036 1
3037 6
3038 4
3039 1
3040 6
3041 0
3042 4
3043 0
3044 1
3045 1
3046 0
3047 0
3048 4
3049 1
3050 6
3051 0
3052 6
3053 6
3054 4
3055 0
3056 0
3057 1
3058 0
3059 0
3060 6
3061 0
3062 0
3063 1
3064 6
3065 4
3066 6
3067 0
3068 1
3069 1
3070 6
3071 6
3072 0
3073 6
3074 0
3075 0
3076 1
3077 6
3078 6
3079 6
3080 6
3081 1
3082 0
3083 6
3084 6
3085 6
3086 1
3087 6
3088 6
3089 6
3090 1
3091 0
3092 1
3093 0
3094 0
3095 0
3096 0
3097 1
3098 6
3099 6
3100 0
3101 6
3102 0
3103 6
3104 6
3105 1
3106 1
3107 6
3108 0
3109 1
3110 6
3111 6
3112 1
3113 0
3114 1
3115 1
3116 6
3117 1
3118 1
3119 0
3120 0
3121 0
3122 1
3123 6
3124 0
3125 0
3126 4
3127 0
3128 6
3129 6
3130 6
3131 4
3132 0
3133 0
3134 6
3135 6
3136 0
3137 0
3138 0
3139 6
3140 0
3141 6
3142 6
3143 1
3144 1
3145 0
3146 0
3147 0
3148 1
3149 1
3150 0
3151 0
3152 6
3153 1
3154 6
3155 0
3156 0
3157 1
3158 6
3159 6
3160 0
3161 1
3162 6
3163 6
3164 6
3165 6
3166 1
3167 0
3168 0
3169 1
3170 0
3171 0
3172 6
3173 4
3174 4
3175 0
3176 1
3177 0
3178 0
3179 6
3180 6
3181 0
3182 6
3183 6
3184 6
3185 0
3186 0
3187 6
3188 4
3189 0
3190 0
3191 0
3192 4
3193 6
3194 0
3195 0
3196 1
3197 6
3198 0
3199 0
3200 0
3201 6
3202 1
3203 0
3204 6
3205 6
3206 4
3207 0
3208 0
3209 0
3210 6
3211 1
3212 6
3213 4
3214 1
3215 0
3216 6
3217 0
3218 0
3219 0
3220 4
3221 0
3222 0
3223 0
3224 0
3225 6
3226 0
3227 0
3228 0
3229 0
3230 0
3231 4
3232 6
3233 0
3234 0
3235 6
3236 0
3237 6
3238 6
3239 0
3240 4
3241 0
3242 0
3243 1
3244 0
3245 0
3246 6
3247 0
3248 0
3249 0
3250 1
3251 6
3252 0
3253 6
3254 0
3255 0
3256 1
3257 1
3258 6
3259 4
3260 4
3261 1
3262 0
3263 1
3264 6
3265 6
3266 6
3267 0
3268 1
3269 6
3270 6
3271 0
3272 1
3273 0
3274 6
3275 1
3276 0
3277 6
3278 4
3279 6
3280 0
3281 0
3282 1
3283 6
3284 1
3285 4
3286 6
3287 0
3288 6
3289 0
3290 1
3291 6
3292 6
3293 11
3294 6
3295 0
3296 0
3297 0
3298 1
3299 0
3300 0
3301 6
3302 1
3303 0
3304 6
3305 0
3306 0
3307 1
3308 0
3309 6
3310 1
3311 0
3312 6
3313 1
3314 1
3315 1
3316 0
3317 0
3318 1
3319 1
3320 1
3321 6
3322 1
3323 4
3324 0
3325 0
3326 4
3327 6
3328 6
3329 0
3330 0
3331 6
3332 6
3333 0
3334 6
3335 4
3336 1
3337 4
3338 0
3339 0
3340 0
3341 1
3342 0
3343 1
3344 1
3345 6
3346 6
3347 4
3348 6
3349 0
3350 0
3351 0
3352 0
3353 0
3354 0
3355 1
3356 1
3357 0
3358 0
3359 0
3360 1
3361 0
3362 0
3363 1
3364 6
3365 0
3366 1
3367 6
3368 6
3369 6
3370 6
3371 6
3372 6
3373 6
3374 6
3375 6
3376 6
3377 6
3378 6
3379 6
3380 6
3381 6
3382 6
3383 6
3384 6
3385 6
3386 6
3387 6
3388 6
3389 6
3390 6
3391 6
3392 6
3393 6
3394 6
3395 6
3396 6
3397 6
3398 6
3399 6
3400 6
3401 6
3402 6
3403 6
3404 6
3405 6
3406 1
3407 0
3408 0
3409 6
3410 4
3411 1
3412 0
3413 6
3414 4
3415 1
3416 6
3417 4
3418 6
3419 6
3420 0
3421 1
3422 4
3423 6
3424 0
3425 0
3426 4
3427 4
3428 0
3429 1
3430 1
3431 0
3432 0
3433 6
3434 1
3435 0
3436 6
3437 0
3438 6
3439 0
3440 6
3441 1
3442 1
3443 0
3444 6
3445 4
3446 0
3447 4
3448 0
3449 0
3450 6
3451 0
3452 4
3453 6
3454 0
3455 6
3456 0
3457 0
3458 1
3459 4
3460 0
3461 0
3462 0
3463 1
3464 1
3465 6
3466 4
3467 0
3468 1
3469 6
3470 0
3471 6
3472 0
3473 0
3474 6
3475 6
3476 6
3477 0
3478 0
3479 0
3480 1
3481 0
3482 0
3483 0
3484 6
3485 4
3486 1
3487 6
3488 4
3489 0
3490 6
3491 6
3492 0
3493 1
3494 1
3495 4
3496 6
3497 1
3498 6
3499 6
3500 1
3501 4
3502 1
3503 0
3504 0
3505 1
3506 0
3507 1
3508 6
3509 0
3510 6
3511 4
3512 6
3513 6
3514 0
3515 0
3516 1
3517 0
3518 0
3519 0
3520 4
3521 0
3522 0
3523 0
3524 0
3525 0
3526 0
3527 1
3528 0
3529 4
3530 1
3531 1
3532 0
3533 1
3534 6
3535 4
3536 1
3537 0
3538 0
3539 0
3540 1
3541 6
3542 6
3543 0
3544 0
3545 0
3546 4
3547 0
3548 4
3549 6
3550 0
3551 0
3552 1
3553 1
3554 0
3555 6
3556 1
3557 6
3558 1
3559 6
3560 0
3561 1
3562 1
3563 0
3564 6
3565 0
3566 6
3567 6
3568 1
3569 1
3570 1
3571 0
3572 0
3573 0
3574 6
3575 0
3576 1
3577 1
3578 1
3579 6
3580 1
3581 0
3582 0
3583 6
3584 1
3585 0
3586 4
3587 1
3588 0
3589 1
3590 0
3591 6
3592 0
3593 0
3594 6
3595 1
3596 6
3597 6
3598 1
3599 6
3600 6
3601 6
3602 1
3603 6
3604 0
3605 0
3606 0
3607 0
3608 0
3609 6
3610 4
3611 0
3612 0
3613 6
3614 0
3615 4
3616 1
3617 4
3618 1
3619 0
3620 1
3621 6
3622 0
3623 1
3624 0
3625 0
3626 6
3627 1
3628 6
3629 4
3630 0
3631 0
3632 0
3633 1
3634 0
3635 0
3636 6
3637 6
3638 6
3639 0
3640 0
3641 0
3642 6
3643 0
3644 4
3645 0
3646 6
3647 1
3648 0
3649 0
3650 6
3651 0
3652 0
3653 0
3654 4
3655 11
3656 0
3657 1
3658 0
3659 1
3660 1
3661 0
3662 1
3663 4
3664 6
3665 1
3666 4
3667 1
3668 6
3669 6
3670 6
3671 4
3672 1
3673 0
3674 0
3675 6
3676 0
3677 1
3678 1
3679 0
3680 6
3681 6
3682 0
3683 1
3684 0
3685 6
3686 0
3687 0
3688 6
3689 6
3690 6
3691 6
3692 0
3693 6
3694 0
3695 1
3696 6
3697 0
3698 1
3699 0
3700 6
3701 0
3702 0
3703 4
3704 0
3705 6
3706 0
3707 1
3708 4
3709 0
3710 0
3711 1
3712 0
3713 0
3714 1
3715 0
3716 6
3717 1
3718 0
3719 0
3720 1
3721 4
3722 0
3723 0
3724 1
3725 1
3726 0
3727 6
3728 6
3729 1
3730 6
3731 0
3732 1
3733 6
3734 6
3735 6
3736 6
3737 1
3738 0
3739 6
3740 6
3741 4
3742 0
3743 0
3744 0
3745 6
3746 0
3747 1
3748 6
3749 1
3750 1
3751 6
3752 6
3753 0
3754 0
3755 0
3756 6
3757 4
3758 1
3759 0
3760 0
3761 0
3762 0
3763 6
3764 6
3765 0
3766 6
3767 1
3768 1
3769 6
3770 0
3771 6
3772 0
3773 0
3774 6
3775 4
3776 0
3777 0
3778 0
3779 0
3780 6
3781 1
3782 6
3783 0
3784 6
3785 0
3786 1
3787 6
3788 1
3789 6
3790 0
3791 0
3792 4
3793 0
3794 1
3795 0
3796 0
3797 0
3798 1
3799 0
3800 6
3801 6
3802 6
3803 4
3804 0
3805 0
3806 6
3807 0
3808 1
3809 6
3810 0
3811 4
3812 6
3813 1
3814 6
3815 1
3816 6
3817 6
3818 6
3819 0
3820 1
3821 0
3822 4
3823 6
3824 0
3825 6
3826 1
3827 0
3828 6
3829 0
3830 0
3831 1
3832 1
3833 0
3834 1
3835 0
3836 1
3837 6
3838 0
3839 0
3840 1
3841 4
3842 0
3843 0
3844 6
3845 4
3846 6
3847 1
3848 4
3849 4
3850 1
3851 6
3852 0
3853 6
3854 0
3855 1
3856 1
3857 0
3858 6
3859 6
3860 4
3861 0
3862 0
3863 0
3864 6
3865 0
3866 1
3867 0
3868 6
3869 1
3870 0
3871 0
3872 1
3873 6
3874 6
3875 1
3876 6
3877 0
3878 6
3879 6
3880 6
3881 0
3882 0
3883 0
3884 0
3885 6
3886 0
3887 0
3888 6
3889 6
3890 6
3891 0
3892 0
3893 0
3894 1
3895 1
3896 0
3897 1
3898 4
3899 1
3900 6
3901 1
3902 0
3903 6
3904 1
3905 0
3906 4
3907 6
3908 0
3909 0
3910 6
3911 0
3912 4
3913 0
3914 6
3915 0
3916 6
3917 0
3918 6
3919 1
3920 1
3921 1
3922 0
3923 6
3924 1
3925 6
3926 6
3927 0
3928 6
3929 6
3930 6
3931 4
3932 6
3933 1
3934 4
3935 6
3936 1
3937 6
3938 1
3939 1
3940 0
3941 6
3942 1
3943 0
3944 1
3945 6
3946 1
3947 4
3948 6
3949 4
3950 4
3951 1
3952 0
3953 0
3954 6
3955 0
3956 6
3957 1
3958 0
3959 0
3960 0
3961 0
3962 0
3963 6
3964 4
3965 4
3966 0
3967 6
3968 4
3969 6
3970 1
3971 6
3972 6
3973 0
3974 6
3975 6
3976 6
3977 6
3978 0
3979 1
3980 1
3981 0
3982 6
3983 4
3984 0
3985 1
3986 1
3987 1
3988 6
3989 6
3990 6
3991 1
3992 6
3993 6
3994 6
3995 6
3996 6
3997 6
3998 1
3999 1
4000 6
4001 1
4002 0
4003 1
4004 6
4005 6
4006 1
4007 6
4008 6
4009 6
4010 6
4011 6
4012 0
4013 4
4014 1
4015 6
4016 11
4017 6
4018 6
4019 6
4020 6
4021 6
4022 6
4023 6
4024 4
4025 0
4026 6
4027 0
4028 6
4029 6
4030 6
4031 6
4032 1
4033 1
4034 1
4035 6
4036 6
4037 6
4038 1
4039 6
4040 6
4041 6
4042 6
4043 1
4044 6
4045 1
4046 6
4047 6
4048 6
4049 1
4050 0
4051 6
4052 1
4053 6
4054 0
4055 1
4056 6
4057 1
4058 0
4059 6
4060 11
4061 1
4062 0
4063 0
4064 0
4065 6
4066 0
4067 1
4068 0
4069 0
4070 0
4071 0
4072 1
4073 6
4074 0
4075 0
4076 0
4077 0
4078 0
4079 6
4080 0
4081 0
4082 0
4083 0
4084 6
4085 0
4086 0
4087 0
4088 0
4089 0
4090 6
4091 0
4092 1
4093 6
4094 0
4095 6
4096 6
4097 6
4098 4
4099 6
4100 6
4101 6
4102 6
4103 6
4104 1
4105 6
4106 6
4107 6
4108 6
4109 4
4110 6
4111 0
4112 0
4113 1
4114 0
4115 0
4116 4
4117 6
4118 0
4119 0
4120 0
4121 6
4122 0
4123 0
4124 0
4125 0
4126 1
4127 0
4128 1
4129 4
4130 0
4131 0
4132 0
4133 0
4134 0
4135 1
4136 1
4137 6
4138 0
4139 0
4140 0
4141 6
4142 6
4143 6
4144 6
4145 1
4146 0
4147 0
4148 1
4149 6
4150 4
4151 1
4152 1
4153 1
4154 1
4155 1
4156 0
4157 6
4158 6
4159 6
4160 6
4161 4
4162 6
4163 6
4164 6
4165 11
4166 0
4167 6
4168 6
4169 6
4170 6
4171 6
4172 4
4173 6
4174 0
4175 8
4176 0
4177 0
4178 1
4179 1
4180 0
4181 0
4182 0
4183 0
4184 3
4185 0
4186 0
4187 1
4188 6
4189 0
4190 0
4191 0
4192 6
4193 6
4194 0
4195 6
4196 6
4197 6
4198 1
4199 1
4200 4
4201 2
4202 0
4203 2
4204 1
4205 0
4206 0
4207 6
4208 0
4209 6
4210 6
4211 6
4212 1
4213 0
4214 1
4215 6
4216 6
4217 0
4218 1
4219 1
4220 0
4221 1
4222 6
4223 1
4224 0
4225 6
4226 4
4227 0
4228 1
4229 1
4230 0
4231 1
4232 1
4233 1
4234 6
4235 6
4236 6
4237 6
4238 6
4239 0
4240 1
4241 0
4242 6
4243 6
4244 1
4245 1
4246 0
4247 6
4248 6
4249 1
4250 1
4251 6
4252 1
4253 4
4254 6
4255 6
4256 4
4257 6
4258 6
4259 6
4260 6
4261 6
4262 6
4263 6
4264 4
4265 6
4266 0
4267 0
4268 0
4269 0
4270 6
4271 6
4272 0
4273 1
4274 1
4275 1
4276 1
4277 6
4278 6
4279 6
4280 1
4281 4
4282 6
4283 6
4284 1
4285 4
4286 6
4287 6
4288 6
4289 6
4290 0
4291 6
4292 6
4293 6
4294 1
4295 1
4296 6
4297 1
4298 0
4299 0
4300 6
4301 6
4302 6
4303 6
4304 1
4305 6
4306 1
4307 6
4308 6
4309 0
4310 0
4311 0
4312 6
4313 0
4314 1
4315 6
4316 6
4317 6
4318 6
4319 6
4320 6
4321 0
4322 1
4323 0
4324 6
4325 6
4326 6
4327 1
4328 1
4329 6
4330 6
4331 1
4332 1
4333 1
4334 0
4335 4
4336 1
4337 6
4338 6
4339 1
4340 1
4341 6
4342 1
4343 1
4344 11
4345 1
4346 1
4347 0
4348 0
4349 1
4350 6
4351 1
4352 6
4353 6
4354 6
4355 6
4356 0
4357 6
4358 1
4359 6
4360 1
4361 1
4362 6
4363 4
4364 6
4365 6
4366 6
4367 0
4368 6
4369 0
4370 0
4371 6
4372 6
4373 0
4374 1
4375 6
4376 6
4377 0
4378 0
4379 0
4380 4
4381 0
4382 0
4383 1
4384 0
4385 0
4386 6
4387 1
4388 1
4389 0
4390 0
4391 0
4392 0
4393 0
4394 0
4395 0
4396 0
4397 6
4398 4
4399 0
4400 6
4401 0
4402 0
4403 0
4404 13
4405 6
4406 0
4407 6
4408 0
4409 0
4410 0
4411 4
4412 6
4413 0
4414 0
4415 4
4416 0
4417 0
4418 0
4419 0
4420 0
4421 0
4422 4
4423 6
4424 0
4425 0
4426 1
4427 0
4428 0
4429 0
4430 1
4431 0
4432 0
4433 0
4434 4
4435 1
4436 6
4437 1
4438 4
4439 4
4440 6
4441 6
4442 1
4443 4
4444 1
4445 6
4446 0
4447 1
4448 6
4449 1
4450 0
4451 6
4452 0
4453 0
4454 0
4455 0
4456 0
4457 0
4458 0
4459 4
4460 4
4461 0
4462 0
4463 0
4464 6
4465 6
4466 6
4467 6
4468 0
4469 6
4470 6
4471 6
4472 6
4473 6
4474 6
4475 6
4476 4
4477 0
4478 0
4479 0
4480 0
4481 0
4482 6
4483 0
4484 0
4485 4
4486 6
4487 0
4488 0
4489 0
4490 0
4491 0
4492 0
4493 0
4494 6
4495 6
4496 1
4497 0
4498 6
4499 0
4500 0
4501 0
4502 0
4503 4
4504 0
4505 6
4506 0
4507 6
4508 1
4509 6
4510 6
4511 0
4512 1
4513 0
4514 0
4515 0
4516 0
4517 0
4518 1
4519 0
4520 0
4521 0
4522 0
4523 6
4524 1
4525 1
4526 6
4527 0
4528 4
4529 6
4530 6
4531 6
4532 1
4533 6
4534 6
4535 6
4536 0
4537 0
4538 0
4539 6
4540 1
4541 0
4542 1
4543 6
4544 6
4545 4
4546 0
4547 6
4548 6
4549 6
4550 1
4551 6
4552 11
4553 6
4554 4
4555 6
4556 6
4557 6
4558 0
4559 0
4560 1
4561 6
4562 17
4563 6
4564 6
4565 6
4566 6
4567 0
4568 6
4569 11
4570 0
4571 6
4572 6
4573 6
4574 6
4575 1
4576 0
4577 0
4578 6
4579 6
4580 0
4581 0
4582 1
4583 0
4584 0
4585 1
4586 6
4587 0
4588 0
4589 6
4590 0
4591 6
4592 6
4593 6
4594 4
4595 6
4596 6
4597 6
4598 6
4599 4
4600 1
4601 6
4602 6
4603 6
4604 4
4605 0
4606 6
4607 0
4608 6
4609 6
4610 6
4611 6
4612 0
4613 4
4614 6
4615 0
4616 6
4617 0
4618 6
4619 6
4620 6
4621 6
4622 6
4623 6
4624 0
4625 6
4626 6
4627 6
4628 6
4629 6
4630 6
4631 6
4632 6
4633 6
4634 6
4635 6
4636 6
4637 6
4638 6
4639 6
4640 0
4641 6
4642 6
4643 6
4644 6
4645 6
4646 6
4647 0
4648 6
4649 6
4650 6
4651 6
4652 6
4653 6
4654 6
4655 6
4656 6
4657 6
4658 6
4659 6
4660 6
4661 6
4662 6
4663 6
4664 6
4665 6
4666 0
4667 6
4668 6
4669 6
4670 6
4671 6
4672 6
4673 6
4674 6
4675 0
4676 6
4677 6
4678 6
4679 6
4680 6
4681 6
4682 0
4683 6
4684 6
4685 6
4686 6
4687 6
4688 6
4689 1
4690 1
4691 6
4692 6
4693 1
4694 1
4695 1
4696 1
4697 1
4698 1
4699 6
4700 6
4701 1
4702 6
4703 1
4704 1
4705 6
4706 6
4707 0
4708 1
4709 6
4710 1
4711 6
4712 1
4713 6
4714 0
4715 6
4716 6
4717 6
4718 6
4719 6
4720 6
4721 6
4722 6
4723 6
4724 6
4725 6
4726 0
4727 1
4728 6
4729 6
4730 6
4731 6
4732 0
4733 1
4734 3
4735 3
4736 3
4737 6
4738 6
4739 1
4740 6
4741 6
4742 6
4743 1
4744 1
4745 1
4746 1
4747 0
4748 1
4749 0
4750 0
4751 1
4752 0
4753 0
4754 1
4755 0
4756 1
4757 1
4758 0
4759 6
4760 1
4761 0
4762 0
4763 0
4764 0
4765 0
4766 1
4767 0
4768 1
4769 0
4770 0
4771 6
4772 6
4773 6
4774 0
4775 0
4776 6
4777 1
4778 0
4779 6
4780 0
4781 6
4782 6
4783 6
4784 6
4785 6
4786 6
4787 6
4788 6
4789 6
4790 0
4791 1
4792 6
4793 6
4794 6
4795 0
4796 6
4797 6
4798 6
4799 6
4800 6
4801 0
4802 0
4803 6
4804 6
4805 6
4806 0
4807 6
4808 0
4809 4
4810 6
4811 6
4812 6
4813 4
4814 6
4815 6
4816 6
4817 6
4818 6
4819 4
4820 4
4821 6
4822 6
4823 6
4824 1
4825 6
4826 6
4827 6
4828 1
4829 1
4830 0
4831 0
4832 0
4833 1
4834 1
4835 0
4836 0
4837 1
4838 1
4839 0
4840 6
4841 4
4842 0
4843 0
4844 0
4845 0
4846 6
4847 6
4848 0
4849 6
4850 1
4851 6
4852 6
4853 6
4854 6
4855 6
4856 4
4857 0
4858 6
4859 6
4860 1
4861 6
4862 6
4863 1
4864 1
4865 1
4866 4
4867 0
4868 0
4869 0
4870 0
4871 0
4872 0
4873 0
4874 0
4875 0
4876 0
4877 4
4878 0
4879 0
4880 4
4881 0
4882 6
4883 0
4884 6
4885 4
4886 6
4887 0
4888 4
4889 1
4890 4
4891 0
4892 0
4893 0
4894 0
4895 0
4896 0
4897 0
4898 1
4899 0
4900 0
4901 0
4902 0
4903 0
4904 0
4905 4
4906 0
4907 0
4908 0
4909 6
4910 6
4911 6
4912 6
4913 7
4914 1
4915 0
4916 6
4917 6
4918 1
4919 0
4920 0
4921 6
4922 1
4923 6
4924 1
4925 1
4926 6
4927 6
4928 0
4929 0
4930 0
4931 0
4932 4
4933 0
4934 0
4935 0
4936 0
4937 0
4938 6
4939 6
4940 0
4941 6
4942 6
4943 6
4944 6
4945 6
4946 6
4947 6
4948 6
4949 6
4950 0
4951 0
4952 0
4953 1
4954 0
4955 6
4956 4
4957 1
4958 4
4959 6
4960 6
4961 0
4962 6
4963 1
4964 6
4965 0
4966 0
4967 6
4968 6
4969 6
4970 6
4971 1
4972 6
4973 1
4974 1
4975 0
4976 6
4977 1
4978 4
4979 4
4980 1
4981 6
4982 0
4983 1
4984 1
4985 0
4986 1
4987 1
4988 0
4989 1
4990 0
4991 0
4992 0
4993 6
4994 1
4995 4
4996 0
4997 1
4998 0
4999 0
5000 0
5001 0
5002 1
5003 4
5004 0
5005 0
5006 6
5007 0
5008 6
5009 1
5010 0
5011 1
5012 4
5013 0
5014 0
5015 0
5016 0
5017 6
5018 0
5019 4
5020 0
5021 0
5022 0
5023 0
5024 6
5025 0
5026 0
5027 6
5028 0
5029 0
5030 1
5031 0
5032 0
5033 0
5034 0
5035 0
5036 6
5037 6
5038 1
5039 4
5040 1
5041 0
5042 1
5043 0
5044 1
5045 0
5046 0
5047 1
5048 1
5049 4
5050 0
5051 1
5052 6
5053 11
5054 0
5055 0
5056 0
5057 0
5058 6
5059 0
5060 0
5061 0
5062 0
5063 0
5064 0
5065 6
5066 0
5067 0
5068 0
5069 0
5070 1
5071 0
5072 0
5073 6
5074 0
5075 0
5076 0
5077 1
5078 0
5079 0
5080 0
5081 6
5082 1
5083 6
5084 0
5085 0
5086 0
5087 6
5088 0
5089 0
5090 1
5091 6
5092 6
5093 0
5094 4
5095 1
5096 1
5097 0
5098 1
5099 0
5100 0
5101 0
5102 6
5103 0
5104 1
5105 0
5106 1
5107 0
5108 4
5109 0
5110 1
5111 0
5112 0
5113 6
5114 0
5115 0
5116 11
5117 0
5118 0
5119 0
5120 0
5121 0
5122 0
5123 1
5124 0
5125 1
5126 0
5127 0
5128 0
5129 0
5130 6
5131 1
5132 0
5133 0
5134 0
5135 6
5136 6
5137 1
5138 0
5139 6
5140 11
5141 0
5142 6
5143 6
5144 0
5145 6
5146 6
5147 6
5148 0
5149 6
5150 1
5151 0
5152 6
5153 4
5154 6
5155 0
5156 6
5157 0
5158 4
5159 6
5160 6
5161 0
5162 0
5163 6
5164 6
5165 6
5166 0
5167 0
5168 1
5169 6
5170 0
5171 6
5172 0
5173 6
5174 6
5175 4
5176 0
5177 6
5178 0
5179 11
5180 6
5181 6
5182 1
5183 6
5184 6
5185 6
5186 6
5187 6
5188 6
5189 6
5190 6
5191 6
5192 6
5193 6
5194 0
5195 0
5196 6
5197 0
5198 0
5199 1
5200 4
5201 6
5202 6
5203 0
5204 0
5205 1
5206 0
5207 6
5208 1
5209 0
5210 6
5211 6
5212 0
5213 1
5214 6
5215 0
5216 6
5217 1
5218 4
5219 6
5220 6
5221 6
5222 6
5223 6
5224 6
5225 6
5226 6
5227 4
5228 4
5229 0
5230 0
5231 6
5232 0
5233 4
5234 6
5235 1
5236 6
5237 0
5238 0
5239 0
5240 0
5241 0
5242 4
5243 4
5244 6
5245 4
5246 0
5247 6
5248 6
5249 6
5250 0
5251 0
5252 1
5253 6
5254 0
5255 6
5256 6
5257 6
5258 4
5259 6
5260 0
5261 0
5262 6
5263 6
5264 0
5265 6
5266 6
5267 6
5268 0
5269 4
5270 1
5271 0
5272 1
5273 1
5274 0
5275 0
5276 0
5277 6
5278 6
5279 6
5280 6
5281 0
5282 6
5283 6
5284 0
5285 6
5286 4
5287 6
5288 4
5289 1
5290 1
5291 0
5292 6
5293 6
5294 6
5295 6
5296 6
5297 6
5298 6
5299 6
5300 6
5301 6
5302 6
5303 6
5304 6
5305 6
5306 6
5307 6
5308 6
5309 6
5310 4
5311 0
5312 6
5313 1
5314 1
5315 6
5316 0
5317 0
5318 6
5319 6
5320 6
5321 6
5322 6
5323 6
5324 6
5325 6
5326 6
5327 0
5328 6
5329 6
5330 0
5331 0
5332 6
5333 6
5334 0
5335 4
5336 0
5337 6
5338 6
5339 6
5340 0
5341 0
5342 6
5343 6
5344 1
5345 0
5346 0
5347 1
5348 6
5349 6
5350 0
5351 0
5352 1
5353 6
5354 6
5355 6
5356 4
5357 6
5358 6
5359 0
5360 1
5361 4
5362 6
5363 6
5364 6
5365 6
5366 6
5367 6
5368 6
5369 6
5370 6
5371 1
5372 0
5373 0
5374 6
5375 6
5376 4
5377 6
5378 0
5379 1
5380 6
5381 6
5382 0
5383 0
5384 0
5385 6
5386 4
5387 6
5388 1
5389 0
5390 0
5391 6
5392 0
5393 0
5394 6
5395 6
5396 6
5397 11
5398 1
5399 4
5400 6
5401 0
5402 0
5403 1
5404 1
5405 4
5406 6
5407 6
5408 6
5409 6
5410 6
5411 11
5412 0
5413 0
5414 6
5415 1
5416 6
5417 4
5418 0
5419 4
5420 6
5421 0
5422 4
5423 6
5424 6
5425 0
5426 0
5427 0
5428 0
5429 0
5430 0
5431 0
5432 0
5433 0
5434 0
5435 0
5436 1
5437 1
5438 6
5439 6
5440 1
5441 1
5442 6
5443 6
5444 6
5445 6
5446 0
5447 4
5448 6
5449 6
5450 4
5451 6
5452 0
5453 6
5454 4
5455 0
5456 6
5457 1
5458 6
5459 6
5460 4
5461 5
5462 0
5463 8
5464 0
5465 1
5466 11
5467 0
5468 6
5469 6
5470 5
5471 5
5472 6
5473 5
5474 5
5475 5
5476 0
5477 5
5478 5
5479 6
5480 6
5481 6
5482 0
5483 0
5484 6
5485 0
5486 6
5487 6
5488 6
5489 6
5490 6
5491 0
5492 6
5493 6
5494 6
5495 0
5496 0
5497 6
5498 0
5499 6
5500 1
5501 1
5502 0
5503 0
5504 6
5505 1
5506 6
5507 6
5508 6
5509 6
5510 6
5511 6
5512 0
5513 1
5514 0
5515 6
5516 1
5517 6
5518 0
5519 0
5520 6
5521 6
5522 6
5523 1
5524 1
5525 0
5526 6
5527 0
5528 1
5529 21
5530 0
5531 0
5532 4
5533 0
5534 0
5535 1
5536 0
5537 1
5538 4
5539 1
5540 4
5541 6
5542 1
5543 6
5544 6
5545 6
5546 0
5547 0
5548 0
5549 4
5550 1
5551 1
5552 4
5553 1
5554 4
5555 4
5556 4
5557 4
5558 6
5559 1
5560 0
5561 6
5562 0
5563 0
5564 0
5565 0
5566 0
5567 6
5568 0
5569 0
5570 6
5571 0
5572 6
5573 1
5574 6
5575 6
5576 0
5577 1
5578 6
5579 1
5580 1
5581 4
5582 4
5583 1
5584 0
5585 0
5586 0
5587 1
5588 0
5589 0
5590 0
5591 0
5592 4
5593 0
5594 6
5595 0
5596 7
5597 7
5598 7
5599 7
5600 0
5601 7
5602 7
5603 7
5604 7
5605 7
5606 6
5607 7
5608 7
5609 7
5610 0
5611 0
5612 7
5613 7
5614 7
5615 7
5616 7
5617 7
5618 0
5619 7
5620 6
5621 7
5622 0
5623 7
5624 7
5625 7
5626 7
5627 7
5628 6
5629 7
5630 7
5631 7
5632 0
5633 7
5634 7
5635 0
5636 7
5637 7
5638 1
5639 7
5640 7
5641 0
5642 7
5643 7
5644 7
5645 7
5646 7
5647 7
5648 6
5649 6
5650 6
5651 0
5652 0
5653 6
5654 6
5655 6
5656 6
5657 6
5658 6
5659 6
5660 6
5661 6
5662 0
5663 6
5664 6
5665 6
5666 0
5667 6
5668 6
5669 6
5670 6
5671 6
5672 6
5673 6
5674 6
5675 6
5676 6
5677 6
5678 6
5679 6
5680 6
5681 0
5682 6
5683 6
5684 0
5685 6
5686 6
5687 4
5688 6
5689 0
5690 6
5691 6
5692 6
5693 6
5694 6
5695 6
5696 6
5697 6
5698 6
5699 6
5700 6
5701 6
5702 6
5703 6
5704 1
5705 0
5706 6
5707 6
5708 6
5709 6
5710 6
5711 6
5712 6
5713 6
5714 4
5715 1
5716 6
5717 6
5718 0
5719 6
5720 6
5721 0
5722 6
5723 6
5724 6
5725 0
5726 0
5727 6
5728 6
5729 11
5730 0
5731 4
5732 6
5733 6
5734 6
5735 0
5736 6
5737 6
5738 6
5739 6
5740 6
5741 6
5742 6
5743 6
5744 1
5745 6
5746 0
5747 6
5748 6
5749 6
5750 6
5751 6
5752 6
5753 6
5754 6
5755 0
5756 6
5757 6
5758 6
5759 6
5760 6
5761 6
5762 6
5763 0
5764 4
5765 0
5766 6
5767 6
5768 6
5769 1
5770 6
5771 6
5772 1
5773 6
5774 6
5775 6
5776 6
5777 6
5778 6
5779 6
5780 0
5781 4
5782 6
5783 1
5784 6
5785 6
5786 6
5787 0
5788 0
5789 6
5790 6
5791 6
5792 6
5793 6
5794 6
5795 0
5796 11
5797 6
5798 6
5799 6
5800 0
5801 1
5802 6
5803 6
5804 0
5805 6
5806 0
5807 1
5808 6
5809 3
5810 0
5811 6
5812 0
5813 0
5814 6
5815 0
5816 6
5817 6
5818 0
5819 6
5820 0
5821 0
5822 6
5823 1
5824 0
5825 1
5826 0
5827 1
5828 1
5829 6
5830 6
5831 0
5832 6
5833 4
5834 4
5835 0
5836 4
5837 4
5838 0
5839 1
5840 6
5841 6
5842 0
5843 0
5844 0
5845 0
5846 4
5847 6
5848 1
5849 11
5850 6
5851 0
5852 1
5853 6
5854 0
5855 1
5856 0
5857 0
5858 0
5859 0
5860 1
5861 0
5862 1
5863 0
5864 1
5865 1
5866 4
5867 4
5868 0
5869 0
5870 0
5871 0
5872 6
5873 0
5874 0
5875 1
5876 1
5877 0
5878 6
5879 4
5880 0
5881 6
5882 6
5883 11
5884 0
5885 11
5886 6
5887 6
5888 6
5889 6
5890 0
5891 3
5892 6
5893 11
5894 6
5895 0
5896 0
5897 6
5898 11
5899 0
5900 11
5901 0
5902 11
5903 6
5904 6
5905 6
5906 6
5907 6
5908 17
5909 6
5910 6
5911 1
5912 6
5913 0
5914 4
5915 0
5916 4
5917 0
5918 0
5919 1
5920 4
5921 0
5922 0
5923 0
5924 0
5925 4
5926 4
5927 4
5928 0
5929 4
5930 4
5931 4
5932 6
5933 6
5934 0
5935 0
5936 0
5937 1
5938 0
5939 0
5940 6
5941 1
5942 6
5943 4
5944 6
5945 0
5946 0
5947 0
5948 6
5949 4
5950 1
5951 0
5952 4
5953 0
5954 0
5955 6
5956 0
5957 6
5958 0
5959 11
5960 11
5961 0
5962 0
5963 0
5964 1
5965 4
5966 6
5967 0
5968 6
5969 6
5970 6
5971 0
5972 0
5973 0
5974 4
5975 0
5976 0
5977 0
5978 6
5979 0
5980 6
5981 6
5982 0
5983 0
5984 6
5985 6
5986 0
5987 6
5988 0
5989 0
5990 6
5991 6
5992 0
5993 6
5994 0
5995 4
5996 0
5997 0
5998 0
5999 0
6000 0
6001 6
6002 6
6003 0
6004 6
6005 6
6006 1
6007 0
6008 1
6009 4
6010 1
6011 0
6012 6
6013 0
6014 0
6015 4
6016 6
6017 6
6018 0
6019 0
6020 6
6021 6
6022 0
6023 0
6024 6
6025 0
6026 0
6027 6
6028 6
6029 0
6030 6
6031 0
6032 0
6033 1
6034 6
6035 0
6036 1
6037 6
6038 0
6039 0
6040 4
6041 1
6042 1
6043 6
6044 11
6045 1
6046 6
6047 1
6048 0
6049 4
6050 6
6051 4
6052 0
6053 0
6054 4
6055 1
6056 0
6057 6
6058 6
6059 0
6060 0
6061 0
6062 6
6063 0
6064 0
6065 0
6066 0
6067 6
6068 0
6069 0
6070 1
6071 0
6072 1
6073 0
6074 0
6075 0
6076 0
6077 0
6078 6
6079 6
6080 6
6081 0
6082 0
6083 6
6084 4
6085 6
6086 6
6087 0
6088 4
6089 0
6090 6
6091 6
6092 1
6093 6
6094 0
6095 1
6096 0
6097 6
6098 0
6099 0
6100 1
6101 1
6102 6
6103 0
6104 0
6105 0
6106 4
6107 0
6108 6
6109 6
6110 6
6111 0
6112 1
6113 0
6114 0
6115 6
6116 0
6117 0
6118 6
6119 6
6120 0
6121 6
6122 6
6123 0
6124 6
6125 6
6126 0
6127 0
6128 0
6129 1
6130 0
6131 6
6132 0
6133 0
6134 0
6135 0
6136 0
6137 0
6138 0
6139 0
6140 0
6141 6
6142 0
6143 0
6144 6
6145 0
6146 0
6147 0
6148 0
6149 0
6150 6
6151 0
6152 0
6153 0
6154 0
6155 1
6156 0
6157 6
6158 0
6159 6
6160 6
6161 0
6162 0
6163 4
6164 0
6165 0
6166 0
6167 0
6168 0
6169 6
6170 0
6171 4
6172 0
6173 0
6174 0
6175 0
6176 0
6177 0
6178 6
6179 6
6180 1
6181 6
6182 0
6183 6
6184 6
6185 0
6186 0
6187 6
6188 1
6189 0
6190 1
6191 0
6192 0
6193 0
6194 4
6195 0
6196 6
6197 6
6198 0
6199 0
6200 6
6201 6
6202 0
6203 6
6204 6
6205 6
6206 0
6207 6
6208 4
6209 0
6210 0
6211 0
6212 0
6213 0
6214 6
6215 0
6216 6
6217 4
6218 0
6219 4
6220 0
6221 6
6222 6
6223 1
6224 4
6225 0
6226 0
6227 0
6228 6
6229 0
6230 6
6231 4
6232 0
6233 6
6234 6
6235 0
6236 0
6237 0
6238 6
6239 4
6240 0
6241 0
6242 1
6243 1
6244 6
6245 6
6246 0
6247 0
6248 0
6249 0
6250 0
6251 0
6252 0
6253 0
6254 6
6255 0
6256 0
6257 0
6258 0
6259 0
6260 0
6261 0
6262 0
6263 0
6264 0
6265 0
6266 0
6267 6
6268 0
6269 6
6270 0
6271 6
6272 6
6273 0
6274 0
6275 0
6276 0
6277 6
6278 0
6279 0
6280 4
6281 6
6282 6
6283 0
6284 0
6285 0
6286 0
6287 0
6288 6
6289 6
6290 0
6291 6
6292 6
6293 0
6294 1
6295 6
6296 0
6297 6
6298 0
6299 4
6300 0
6301 4
6302 0
6303 6
6304 0
6305 11
6306 0
6307 0
6308 0
6309 6
6310 0
6311 0
6312 0
6313 6
6314 0
6315 0
6316 0
6317 6
6318 0
6319 0
6320 0
6321 0
6322 0
6323 1
6324 0
6325 6
6326 6
6327 0
6328 0
6329 6
6330 6
6331 0
6332 6
6333 4
6334 0
6335 6
6336 0
6337 0
6338 0
6339 1
6340 1
6341 0
6342 6
6343 0
6344 6
6345 6
6346 0
6347 6
6348 0
6349 0
6350 0
6351 6
6352 0
6353 6
6354 6
6355 0
6356 6
6357 6
6358 0
6359 4
6360 4
6361 0
6362 0
6363 1
6364 0
6365 0
6366 6
6367 6
6368 0
6369 0
6370 0
6371 0
6372 0
6373 0
6374 6
6375 0
6376 6
6377 0
6378 0
6379 0
6380 6
6381 1
6382 0
6383 0
6384 6
6385 0
6386 6
6387 1
6388 6
6389 4
6390 1
6391 0
6392 1
6393 1
6394 1
6395 11
6396 1
6397 1
6398 1
6399 1
6400 1
6401 1
6402 4
6403 1
6404 1
6405 1
6406 1
6407 1
6408 1
6409 1
6410 1
6411 1
6412 1
6413 1
6414 1
6415 1
6416 0
6417 1
6418 1
6419 1
6420 11
6421 1
6422 1
6423 0
6424 6
6425 6
6426 6
6427 6
6428 12
6429 4
6430 0
6431 0
6432 1
6433 0
6434 0
6435 0
6436 4
6437 0
6438 0
6439 1
6440 0
6441 6
6442 6
6443 1
6444 1
6445 6
6446 4
6447 6
6448 6
6449 6
6450 6
6451 6
6452 6
6453 6
6454 6
6455 6
6456 6
6457 0
6458 0
6459 6
6460 6
6461 6
6462 0
6463 6
6464 6
6465 6
6466 6
6467 6
6468 6
6469 6
6470 6
6471 4
6472 6
6473 6
6474 6
6475 6
6476 1
6477 6
6478 6
6479 6
6480 6
6481 6
6482 0
6483 1
6484 1
6485 4
6486 4
6487 4
6488 0
6489 4
6490 0
6491 0
6492 0
6493 6
6494 0
6495 0
6496 0
6497 0
6498 0
6499 0
6500 0
6501 0
6502 0
6503 0
6504 1
6505 1
6506 0
6507 6
6508 6
6509 0
6510 6
6511 6
6512 6
6513 6
6514 0
6515 6
6516 6
6517 0
6518 6
6519 6
6520 11
6521 1
6522 1
6523 1
6524 0
6525 0
6526 0
6527 0
6528 0
6529 0
6530 0
6531 1
6532 0
6533 0
6534 0
6535 0
6536 1
6537 0
6538 0
6539 0
6540 0
6541 0
6542 0
6543 0
6544 0
6545 0
6546 0
6547 0
6548 0
6549 0
6550 0
6551 0
6552 0
6553 0
6554 0
6555 0
6556 6
6557 0
6558 6
6559 0
6560 6
6561 6
6562 0
6563 4
6564 4
6565 4
6566 0
6567 6
6568 4
6569 4
6570 0
6571 0
6572 0
6573 6
6574 6
6575 6
6576 6
6577 6
6578 6
6579 0
6580 0
6581 6
6582 0
6583 0
6584 6
6585 6
6586 0
6587 0
6588 0
6589 0
6590 0
6591 0
6592 0
6593 0
6594 0
6595 0
6596 0
6597 0
6598 6
6599 0
6600 0
6601 0
6602 0
6603 4
6604 4
6605 0
6606 0
6607 0
6608 0
6609 6
6610 4
6611 0
6612 1
6613 4
6614 4
6615 4
6616 4
6617 4
6618 4
6619 4
6620 0
6621 4
6622 4
6623 6
6624 0
6625 6
6626 6
6627 6
6628 6
6629 6
6630 6
6631 6
6632 6
6633 6
6634 6
6635 6
6636 6
6637 6
6638 6
6639 6
6640 6
6641 6
6642 6
6643 6
6644 6
6645 6
6646 6
6647 6
6648 6
6649 6
6650 0
6651 6
6652 6
6653 6
6654 6
6655 6
6656 6
6657 6
6658 6
6659 6
6660 6
6661 6
6662 6
6663 6
6664 6
6665 0
6666 0
6667 0
6668 6
6669 6
6670 3
6671 6
6672 0
6673 0
6674 0
6675 0
6676 0
6677 0
6678 0
6679 0
6680 4
6681 6
6682 0
6683 4
6684 4
6685 4
6686 0
6687 6
6688 4
6689 4
6690 4
6691 4
6692 4
6693 6
6694 0
6695 0
6696 6
6697 0
6698 0
6699 6
6700 0
6701 6
6702 0
6703 6
6704 4
6705 1
6706 0
6707 0
6708 6
6709 1
6710 0
6711 6
6712 6
6713 6
6714 0
6715 6
6716 6
6717 0
6718 0
6719 6
6720 6
6721 6
6722 1
6723 6
6724 6
6725 1
6726 8
6727 8
6728 8
6729 8
6730 8
6731 8
6732 8
6733 8
6734 8
6735 8
6736 8
6737 8
6738 8
6739 8
6740 0
6741 8
6742 8
6743 8
6744 8
6745 8
6746 8
6747 8
6748 8
6749 8
6750 6
6751 6
6752 0
6753 6
6754 0
6755 6
6756 0
6757 11
6758 0
6759 6
6760 0
6761 4
6762 4
6763 0
6764 0
6765 6
6766 0
6767 6
6768 6
6769 0
6770 6
6771 0
6772 6
6773 6
6774 0
6775 6
6776 6
6777 6
6778 6
6779 6
6780 6
6781 6
6782 0
6783 6
6784 6
6785 6
6786 6
6787 6
6788 0
6789 6
6790 6
6791 0
6792 6
6793 6
6794 0
6795 6
6796 6
6797 6
6798 0
6799 6
6800 11
6801 6
6802 6
6803 6
6804 12
6805 11
6806 6
6807 6
6808 6
6809 6
6810 6
6811 0
6812 6
6813 0
6814 6
6815 6
6816 1
6817 0
6818 16
6819 0
6820 6
6821 6
6822 6
6823 0
6824 0
6825 15
6826 17
6827 0
6828 6
6829 6
6830 9
6831 9
6832 0
6833 6
6834 0
6835 4
6836 6
6837 6
6838 6
6839 6
6840 6
6841 6
6842 0
6843 6
6844 6
6845 6
6846 1
6847 10
6848 0
6849 10
6850 6
6851 0
6852 1
6853 1
6854 6
6855 0
6856 0
6857 0
6858 6
6859 0
6860 0
6861 1
6862 0
6863 0
6864 6
6865 6
6866 0
6867 6
6868 6
6869 0
6870 6
6871 0
6872 6
6873 6
6874 6
6875 6
6876 6
6877 6
6878 6
6879 6
6880 6
6881 6
6882 6
6883 6
6884 11
6885 6
6886 6
6887 0
6888 6
6889 6
6890 6
6891 6
6892 6
6893 6
6894 6
6895 6
6896 11
6897 6
6898 6
6899 6
6900 6
6901 6
6902 6
6903 6
6904 0
6905 6
6906 6
6907 6
6908 6
6909 6
6910 0
6911 6
6912 0
6913 6
6914 4
6915 11
6916 0
6917 6
6918 6
6919 0
6920 0
6921 0
6922 0
6923 1
6924 6
6925 1
6926 1
6927 6
6928 6
6929 1
6930 1
6931 0
6932 0
6933 0
6934 4
6935 0
6936 6
6937 6
6938 1
6939 1
6940 6
6941 6
6942 6
6943 6
6944 11
6945 6
6946 6
6947 6
6948 6
6949 6
6950 6
6951 11
6952 11
6953 6
6954 6
6955 6
6956 6
6957 1
6958 6
6959 4
6960 1
6961 4
6962 6
6963 0
6964 0
6965 0
6966 6
6967 6
6968 6
6969 1
6970 6
6971 6
6972 6
6973 4
6974 4
6975 4
6976 1
6977 0
6978 4
6979 4
6980 4
6981 4
6982 0
6983 6
6984 0
6985 0
6986 0
6987 1
6988 1
6989 1
6990 0
6991 1
6992 1
6993 6
6994 6
6995 6
6996 6
6997 6
6998 6
6999 0
7000 6
7001 3
7002 11
7003 11
7004 11
7005 11
7006 11
7007 11
7008 11
7009 11
7010 11
7011 0
7012 6
7013 0
7014 6
7015 4
7016 0
7017 0
7018 6
7019 0
7020 6
7021 0
7022 0
7023 6
7024 0
7025 0
7026 6
7027 6
7028 0
7029 6
7030 0
7031 6
7032 0
7033 0
7034 4
7035 0
7036 6
7037 6
7038 0
7039 0
7040 0
7041 6
7042 0
7043 6
7044 0
7045 6
7046 6
7047 6
7048 6
7049 4
7050 6
7051 6
7052 0
7053 0
7054 6
7055 6
7056 6
7057 6
7058 0
7059 6
7060 6
7061 6
7062 6
7063 6
7064 6
7065 1
7066 6
7067 0
7068 6
7069 0
7070 0
7071 0
7072 6
7073 0
7074 6
7075 0
7076 6
7077 6
7078 6
7079 6
7080 6
7081 11
7082 6
7083 0
7084 0
7085 0
7086 0
7087 6
7088 6
7089 6
7090 0
7091 6
7092 6
7093 6
7094 6
7095 0
7096 0
7097 6
7098 0
7099 0
7100 0
7101 6
7102 6
7103 0
7104 6
7105 6
7106 6
7107 6
7108 1
7109 4
7110 0
7111 0
7112 0
7113 1
7114 0
7115 6
7116 0
7117 11
7118 6
7119 6
7120 0
7121 4
7122 6
7123 6
7124 3
7125 6
7126 0
7127 6
7128 6
7129 6
7130 6
7131 4
7132 0
7133 0
7134 6
7135 0
7136 17
7137 0
7138 1
7139 4
7140 6
7141 6
7142 6
7143 6
7144 6
7145 6
7146 0
7147 0
7148 0
7149 0
7150 0
7151 0
7152 0
7153 0
7154 0
7155 0
7156 0
7157 0
7158 0
7159 0
7160 0
7161 0
7162 0
7163 0
7164 0
7165 0
7166 0
7167 6
7168 0
7169 0
7170 0
7171 0
7172 0
7173 0
7174 0
7175 0
7176 0
7177 0
7178 0
7179 0
7180 0
7181 0
7182 0
7183 0
7184 0
7185 0
7186 0
7187 0
7188 0
7189 0
7190 0
7191 0
7192 1
7193 4
7194 0
7195 6
7196 0
7197 1
7198 0
7199 0
7200 0
7201 11
7202 6
7203 0
7204 0
7205 4
7206 0
7207 0
7208 0
7209 0
7210 0
7211 0
7212 0
7213 0
7214 0
7215 6
7216 0
7217 0
7218 6
7219 6
7220 0
7221 0
7222 6
7223 6
7224 6
7225 6
7226 6
7227 6
7228 6
7229 4
7230 0
7231 0
7232 0
7233 0
7234 0
7235 0
7236 0
7237 4
7238 0
7239 0
7240 0
7241 0
7242 0
7243 0
7244 0
7245 0
7246 0
7247 0
7248 0
7249 0
7250 0
7251 6
7252 0
7253 0
7254 1
7255 0
7256 1
7257 0
7258 0
7259 0
7260 0
7261 0
7262 0
7263 0
7264 0
7265 0
7266 0
7267 6
7268 4
7269 0
7270 0
7271 0
7272 0
7273 0
7274 0
7275 0
7276 0
7277 0
7278 0
7279 0
7280 4
7281 0
7282 0
7283 0
7284 0
7285 0
7286 0
7287 4
7288 0
7289 0
7290 0
7291 0
7292 0
7293 0
7294 6
7295 0
7296 0
7297 6
7298 0
7299 0
7300 0
7301 0
7302 0
7303 0
7304 0
7305 0
7306 0
7307 0
7308 6
7309 0
7310 0
7311 0
7312 0
7313 0
7314 1
7315 0
7316 0
7317 0
7318 0
7319 0
7320 0
7321 0
7322 0
7323 0
7324 0
7325 0
7326 0
7327 0
7328 6
7329 0
7330 0
7331 4
7332 0
7333 4
7334 0
7335 0
7336 4
7337 0
7338 1
7339 4
7340 0
7341 0
7342 0
7343 0
7344 6
7345 0
7346 0
7347 0
7348 0
7349 0
7350 0
7351 0
7352 0
7353 0
7354 0
7355 6
7356 3
7357 6
7358 0
7359 0
7360 0
7361 3
7362 6
7363 0
7364 0
7365 0
7366 0
7367 0
7368 11
7369 0
7370 0
7371 0
7372 0
7373 0
7374 0
7375 0
7376 6
7377 0
7378 0
7379 0
7380 0
7381 0
7382 0
7383 0
7384 0
7385 0
7386 0
7387 6
7388 0
7389 0
7390 0
7391 0
7392 0
7393 6
7394 0
7395 6
7396 0
7397 0
7398 6
7399 0
7400 6
7401 6
7402 0
7403 0
7404 0
7405 0
7406 6
7407 0
7408 0
7409 0
7410 0
7411 1
7412 0
7413 0
7414 0
7415 0
7416 0
7417 0
7418 0
7419 0
7420 0
7421 0
7422 0
7423 0
7424 0
7425 0
7426 0
7427 0
7428 0
7429 0
7430 0
7431 11
7432 0
7433 0
7434 6
7435 0
7436 0
7437 0
7438 0
7439 0
7440 0
7441 0
7442 0
7443 3
7444 0
7445 0
7446 0
7447 0
7448 0
7449 0
7450 0
7451 0
7452 0
7453 0
7454 0
7455 0
7456 1
7457 0
7458 0
7459 0
7460 0
7461 0
7462 0
7463 0
7464 0
7465 0
7466 0
7467 0
7468 0
7469 0
7470 0
7471 4
7472 0
7473 0
7474 6
7475 0
7476 6
7477 0
7478 0
7479 3
7480 0
7481 0
7482 0
7483 0
7484 0
7485 0
7486 1
7487 6
7488 6
7489 0
7490 0
7491 0
7492 6
7493 0
7494 0
7495 0
7496 0
7497 6
7498 0
7499 1
7500 0
7501 0
7502 6
7503 6
7504 0
7505 0
7506 4
7507 6
7508 6
7509 4
7510 6
7511 6
7512 4
7513 4
7514 0
7515 6
7516 4
7517 4
7518 0
7519 0
7520 1
7521 6
7522 4
7523 6
7524 6
7525 6
7526 11
7527 6
7528 1
7529 6
7530 6
7531 6
7532 6
7533 6
7534 6
7535 0
7536 0
7537 6
7538 6
7539 0
7540 6
7541 6
7542 6
7543 6
7544 0
7545 6
7546 0
7547 12
7548 6
7549 0
7550 6
7551 0
7552 0
7553 6
7554 6
7555 6
7556 6
7557 6
7558 6
7559 6
7560 6
7561 6
7562 6
7563 6
7564 4
7565 6
7566 1
7567 6
7568 6
7569 0
7570 6
7571 6
7572 6
7573 6
7574 6
7575 6
7576 6
7577 0
7578 6
7579 6
7580 6
7581 6
7582 4
7583 6
7584 1
7585 1
7586 4
7587 4
7588 4
7589 6
7590 0
7591 0
7592 1
7593 0
7594 1
7595 11
7596 11
7597 11
7598 1
7599 0
7600 0
7601 0
7602 0
7603 0
7604 0
7605 0
7606 0
7607 0
7608 0
7609 0
7610 0
7611 0
7612 0
7613 0
7614 0
7615 0
7616 0
7617 0
7618 4
7619 0
7620 0
7621 0
7622 0
7623 0
7624 0
7625 0
7626 0
7627 0
7628 0
7629 0
7630 0
7631 0
7632 0
7633 0
7634 0
7635 6
7636 0
7637 0
7638 0
7639 0
7640 0
7641 0
7642 0
7643 0
7644 0
7645 0
7646 0
7647 0
7648 0
7649 0
7650 0
7651 0
7652 0
7653 0
7654 0
7655 0
7656 0
7657 0
7658 0
7659 4
7660 6
7661 6
7662 6
7663 6
7664 6
7665 12
7666 12
7667 12
7668 12
7669 12
7670 1
7671 0
7672 12
7673 12
7674 12
7675 12
7676 12
7677 1
7678 12
7679 6
7680 0
7681 6
7682 6
7683 1
7684 0
7685 6
7686 0
7687 0
7688 1
7689 1
7690 6
7691 6
7692 6
7693 6
7694 11
7695 6
7696 0
7697 6
7698 6
7699 6
7700 1
7701 4
7702 4
7703 0
7704 6
7705 0
7706 4
7707 0
7708 0
7709 0
7710 0
7711 0
7712 0
7713 4
7714 0
7715 0
7716 6
7717 0
7718 0
7719 0
7720 0
7721 6
7722 6
7723 6
7724 6
7725 6
7726 1
7727 1
7728 6
7729 6
7730 6
7731 0
7732 6
7733 6
7734 6
7735 0
7736 0
7737 6
7738 6
7739 11
7740 11
7741 0
7742 6
7743 0
7744 6
7745 6
7746 6
7747 6
7748 6
7749 0
7750 0
7751 0
7752 0
7753 0
7754 0
7755 0
7756 0
7757 0
7758 0
7759 0
7760 0
7761 0
7762 0
7763 0
7764 0
7765 0
7766 0
7767 0
7768 0
7769 0
7770 0
7771 4
7772 0
7773 0
7774 6
7775 0
7776 0
7777 0
7778 0
7779 0
7780 0
7781 0
7782 0
7783 0
7784 0
7785 0
7786 0
7787 0
7788 0
7789 1
7790 0
7791 0
7792 0
7793 0
7794 0
7795 0
7796 0
7797 0
7798 6
7799 0
7800 0
7801 0
7802 0
7803 0
7804 0
7805 0
7806 0
7807 0
7808 0
7809 0
7810 0
7811 0
7812 6
7813 6
7814 6
7815 6
7816 6
7817 6
7818 6
7819 6
7820 0
7821 0
7822 0
7823 6
7824 0
7825 0
7826 1
7827 6
7828 3
7829 3
7830 3
7831 0
7832 3
7833 6
7834 3
7835 3
7836 3
7837 0
7838 3
7839 3
7840 3
7841 3
7842 3
7843 0
7844 6
7845 1
7846 6
7847 6
7848 6
7849 6
7850 6
7851 6
7852 6
7853 6
7854 1
7855 6
7856 6
7857 11
7858 6
7859 6
7860 1
7861 6
7862 6
7863 6
7864 11
7865 6
7866 6
7867 0
7868 6
7869 6
7870 4
7871 11
7872 0
7873 0
7874 0
7875 0
7876 0
7877 0
7878 0
7879 0
7880 4
7881 6
7882 1
7883 1
7884 11
7885 6
7886 4
7887 0
7888 1
7889 1
7890 0
7891 11
7892 6
7893 1
7894 1
7895 6
7896 6
7897 6
7898 6
7899 6
7900 6
7901 6
7902 6
7903 6
7904 6
7905 6
7906 6
7907 0
7908 6
7909 6
7910 6
7911 6
7912 6
7913 6
7914 11
7915 0
7916 6
7917 6
7918 4
7919 6
7920 6
7921 6
7922 6
7923 6
7924 6
7925 0
7926 0
7927 0
7928 6
7929 6
7930 13
7931 13
7932 13
7933 13
7934 13
7935 13
7936 13
7937 13
7938 13
7939 13
7940 13
7941 13
7942 13
7943 6
7944 6
7945 0
7946 0
7947 0
7948 0
7949 0
7950 0
7951 0
7952 0
7953 0
7954 0
7955 0
7956 0
7957 0
7958 0
7959 0
7960 0
7961 0
7962 0
7963 0
7964 6
7965 0
7966 0
7967 6
7968 4
7969 6
7970 0
7971 6
7972 6
7973 18
7974 6
7975 0
7976 4
7977 6
7978 6
7979 6
7980 6
7981 6
7982 6
7983 6
7984 6
7985 6
7986 6
7987 14
7988 0
7989 14
7990 14
7991 14
7992 6
7993 6
7994 0
7995 0
7996 0
7997 0
7998 0
7999 6
8000 6
8001 6
8002 4
8003 0
8004 1
8005 0
8006 0
8007 6
8008 0
8009 4
8010 4
8011 1
8012 4
8013 15
8014 15
8015 15
8016 15
8017 15
8018 0
8019 0
8020 0
8021 0
8022 6
8023 4
8024 11
8025 6
8026 4
8027 4
8028 4
8029 4
8030 0
8031 0
8032 0
8033 6
8034 6
8035 6
8036 0
8037 6
8038 0
8039 0
8040 6
8041 11
8042 6
8043 0
8044 0
8045 0
8046 6
8047 6
8048 0
8049 0
8050 0
8051 0
8052 0
8053 0
8054 0
8055 0
8056 6
8057 6
8058 6
8059 6
8060 11
8061 11
8062 11
8063 11
8064 11
8065 11
8066 11
8067 11
8068 11
8069 11
8070 11
8071 11
8072 11
8073 11
8074 11
8075 11
8076 11
8077 11
8078 11
8079 11
8080 11
8081 11
8082 11
8083 11
8084 11
8085 11
8086 11
8087 11
8088 11
8089 11
8090 11
8091 11
8092 11
8093 11
8094 11
8095 11
8096 11
8097 11
8098 11
8099 11
8100 11
8101 11
8102 11
8103 11
8104 11
8105 11
8106 11
8107 11
8108 11
8109 11
8110 11
8111 11
8112 11
8113 11
8114 11
8115 11
8116 11
8117 11
8118 11
8119 11
8120 11
8121 11
8122 11
8123 11
8124 11
8125 11
8126 11
8127 11
8128 11
8129 11
8130 11
8131 11
8132 11
8133 11
8134 11
8135 11
8136 11
8137 11
8138 11
8139 11
8140 11
8141 11
8142 11
8143 11
8144 11
8145 11
8146 11
8147 11
8148 11
8149 11
8150 11
8151 11
8152 11
8153 11
8154 11
8155 11
8156 11
8157 11
8158 11
8159 11
8160 11
8161 11
8162 11
8163 11
8164 11
8165 11
8166 11
8167 11
8168 11
8169 11
8170 11
8171 11
8172 11
8173 11
8174 11
8175 11
8176 11
8177 11
8178 11
8179 11
8180 11
8181 11
8182 11
8183 11
8184 11
8185 11
8186 11
8187 11
8188 11
8189 11
8190 11
8191 11
8192 11
8193 11
8194 11
8195 11
8196 11
8197 11
8198 11
8199 11
8200 11
8201 11
8202 11
8203 11
8204 11
8205 11
8206 11
8207 11
8208 11
8209 11
8210 11
8211 11
8212 11
8213 11
8214 11
8215 11
8216 11
8217 11
8218 11
8219 11
8220 11
8221 11
8222 11
8223 11
8224 11
8225 11
8226 11
8227 11
8228 11
8229 11
8230 11
8231 11
8232 11
8233 11
8234 11
8235 11
8236 11
8237 11
8238 11
8239 11
8240 11
8241 11
8242 11
8243 11
8244 11
8245 11
8246 11
8247 11
8248 11
8249 11
8250 11
8251 11
8252 11
8253 11
8254 11
8255 11
8256 11
8257 11
8258 11
8259 11
8260 11
8261 11
8262 11
8263 11
8264 11
8265 11
8266 11
8267 11
8268 11
8269 11
8270 11
8271 11
8272 11
8273 11
8274 11
8275 11
8276 11
8277 11
8278 11
8279 11
8280 11
8281 11
8282 11
8283 11
8284 11
8285 11
8286 11
8287 11
8288 11
8289 11
8290 11
8291 11
8292 11
8293 11
8294 11
8295 11
8296 11
8297 11
8298 11
8299 11
8300 6
8301 0
8302 6
8303 6
8304 6
8305 1
8306 1
8307 1
8308 6
8309 0
8310 0
8311 4
8312 6
8313 6
8314 0
8315 1
8316 1
8317 1
8318 1
8319 1
8320 6
8321 6
8322 0
8323 1
8324 1
8325 1
8326 1
8327 0
8328 0
8329 6
8330 6
8331 6
8332 6
8333 6
8334 6
8335 6
8336 6
8337 6
8338 6
8339 6
8340 0
8341 6
8342 6
8343 6
8344 6
8345 6
8346 6
8347 6
8348 6
8349 6
8350 6
8351 6
8352 1
8353 6
8354 6
8355 6
8356 6
8357 6
8358 6
8359 6
8360 6
8361 6
8362 6
8363 6
8364 6
8365 1
8366 0
8367 0
8368 0
8369 0
8370 0
8371 0
8372 0
8373 0
8374 0
8375 1
8376 6
8377 0
8378 4
8379 0
8380 6
8381 6
8382 6
8383 6
8384 6
8385 6
8386 6
8387 6
8388 6
8389 6
8390 6
8391 6
8392 6
8393 6
8394 6
8395 6
8396 6
8397 6
8398 6
8399 6
8400 6
8401 0
8402 6
8403 6
8404 6
8405 6
8406 6
8407 1
8408 6
8409 0
8410 6
8411 0
8412 6
8413 4
8414 0
8415 0
8416 0
8417 6
8418 6
8419 0
8420 4
8421 0
8422 0
8423 16
8424 0
8425 6
8426 0
8427 6
8428 0
8429 1
8430 0
8431 4
8432 6
8433 6
8434 6
8435 0
8436 6
8437 0
8438 0
8439 6
8440 1
8441 1
8442 1
8443 0
8444 1
8445 6
8446 1
8447 17
8448 17
8449 17
8450 17
8451 17
8452 17
8453 6
8454 0
8455 0
8456 0
8457 0
8458 6
8459 6
8460 1
8461 6
8462 0
8463 0
8464 0
8465 0
8466 0
8467 0
8468 18
8469 18
8470 3
8471 3
8472 3
8473 3
8474 6
8475 0
8476 0
8477 0
8478 0
8479 0
8480 0
8481 0
8482 0
8483 0
8484 0
8485 0
8486 0
8487 0
8488 0
8489 0
8490 0
8491 0
8492 0
8493 0
8494 0
8495 0
8496 0
8497 0
8498 0
8499 0
8500 0
8501 0
8502 0
8503 0
8504 0
8505 0
8506 0
8507 0
8508 0
8509 0
8510 6
8511 4
8512 6
8513 6
8514 6
8515 6
8516 6
8517 1
8518 6
8519 6
8520 6
8521 1
8522 6
8523 6
8524 6
8525 6
8526 6
8527 6
8528 4
8529 1
8530 4
8531 4
8532 6
8533 6
8534 0
8535 1
8536 1
8537 0
8538 1
8539 1
8540 0
8541 1
8542 0
8543 0
8544 1
8545 1
8546 4
8547 1
8548 1
8549 0
8550 0
8551 4
8552 6
8553 4
8554 6
8555 0
8556 6
8557 0
8558 0
8559 0
8560 1
8561 6
8562 1
8563 1
8564 6
8565 6
8566 6
8567 6
8568 6
8569 6
8570 6
8571 6
8572 6
8573 0
8574 0
8575 1
8576 1
8577 1
8578 1
8579 4
8580 0
8581 1
8582 6
8583 6
8584 6
8585 4
8586 1
8587 1
8588 0
8589 6
8590 0
8591 1
8592 1
8593 1
8594 6
8595 6
8596 0
8597 6
8598 1
8599 6
8600 0
8601 0
8602 0
8603 0
8604 6
8605 6
8606 0
8607 6
8608 6
8609 6
8610 6
8611 0
8612 0
8613 1
8614 19
8615 19
8616 1
8617 1
8618 1
8619 1
8620 1
8621 1
8622 1
8623 1
8624 0
8625 20
8626 20
8627 4
8628 4
8629 0
8630 21
8631 0
8632 1
8633 6
8634 0
8635 0
8636 0
8637 6
8638 6
8639 6
8640 6
8641 0
8642 6
8643 6
8644 6
8645 6
8646 0
8647 0
8648 0
8649 0
0 2
1 0
2 1
3 2
4 7
5 3
6 6
7 3
8 3
9 4
10 2
11 5
12 6
13 6
14 7
15 3
16 8
17 6
18 2
19 2
20 7
21 6
0 0
1 1
2 2
3 3
4 4
5 5
6 6
7 7
8 8
1e-06 0.086975 220
