0 1
1 2
2 0
3 2
4 2
5 1
6 2
7 1
8 1
9 3
10 1
11 1
12 0
13 2
14 1
15 3
16 1
17 0
18 1
19 3
20 1
21 3
22 3
23 0
24 3
25 2
26 1
27 2
28 0
29 2
30 0
31 1
32 1
33 2
34 1
35 2
36 2
37 0
38 1
39 0
40 1
41 3
42 1
43 2
44 2
45 1
46 2
47 3
48 2
49 1
50 1
51 1
52 2
53 2
54 2
55 2
56 1
57 2
58 1
59 1
60 2
61 1
62 1
63 1
64 0
65 0
66 0
67 1
68 3
69 1
70 2
71 2
72 0
73 0
74 0
75 1
76 1
77 0
78 1
79 1
80 1
81 0
82 2
83 3
84 1
85 2
86 1
87 1
88 1
89 1
90 2
91 1
92 1
93 2
94 0
95 2
96 1
97 2
98 2
99 1
100 1
101 1
102 1
103 2
104 2
105 0
106 2
107 0
108 2
109 0
110 0
111 1
112 2
113 3
114 3
115 0
116 3
117 2
118 3
119 1
120 2
121 1
122 1
123 2
124 3
125 2
126 1
127 2
128 2
129 0
130 1
131 1
132 2
133 0
134 0
135 3
136 1
137 2
138 1
139 0
140 2
141 0
142 3
143 0
144 1
145 2
146 2
147 1
148 1
149 3
150 0
151 2
152 0
153 0
154 2
155 2
156 2
157 2
158 3
159 2
160 1
161 1
162 3
163 0
164 2
165 1
166 1
167 1
168 1
169 0
170 2
171 2
172 1
173 0
174 3
175 1
176 2
177 3
178 1
179 1
180 0
181 1
182 0
183 0
184 0
185 1
186 0
187 0
188 3
189 1
190 3
191 2
192 2
193 1
194 3
195 2
196 3
197 2
198 2
199 2
200 3
201 2
202 0
203 1
204 1
205 3
206 3
207 0
208 1
209 0
210 0
211 2
212 1
213 1
214 0
215 1
216 0
217 2
218 1
219 2
220 1
221 0
222 2
223 3
224 1
225 1
226 3
227 1
228 0
229 1
230 2
231 0
232 1
233 3
234 1
235 1
236 1
237 3
238 1
239 3
240 2
241 1
242 0
243 3
244 1
245 0
246 0
247 1
248 2
249 1
250 2
251 0
252 3
253 2
254 1
255 2
256 1
257 2
258 1
259 0
260 3
261 3
262 1
263 0
264 1
265 2
266 2
267 1
268 3
269 3
270 1
271 0
272 1
273 2
274 0
275 1
276 1
277 1
278 3
279 3
280 1
281 0
282 1
283 2
284 0
285 1
286 1
287 1
288 1
289 0
290 1
291 1
292 0
293 1
294 3
295 0
296 2
297 3
298 0
299 2
300 0
301 0
302 1
303 1
304 1
305 0
306 0
307 1
308 1
309 1
310 1
311 0
312 1
313 1
314 2
315 3
316 1
317 1
318 1
319 3
320 0
321 1
322 2
323 1
324 3
325 1
326 1
327 1
328 1
329 1
330 2
331 2
332 1
333 1
334 1
335 3
336 0
337 1
338 1
339 1
340 1
341 2
342 0
343 1
344 2
345 2
346 0
347 3
348 1
349 0
350 0
351 1
352 1
353 0
354 2
355 1
356 2
357 2
358 2
359 2
360 1
361 1
362 1
363 0
364 1
365 1
366 0
367 2
368 1
369 2
370 3
371 2
372 1
373 2
374 2
375 1
376 1
377 2
378 2
379 1
380 1
381 2
382 0
383 1
384 2
385 3
386 0
387 3
388 0
389 1
390 2
391 0
392 1
393 0
394 3
395 2
396 2
397 2
398 3
399 2
400 0
401 3
402 0
403 3
404 1
405 2
406 2
407 1
408 2
409 0
410 0
411 1
412 2
413 3
414 1
415 0
416 2
417 2
418 2
419 1
420 2
421 2
422 1
423 2
424 2
425 2
426 2
427 3
428 3
429 3
430 2
431 1
432 3
433 3
434 1
435 1
436 2
437 1
438 2
439 3
440 3
441 1
442 0
443 0
444 2
445 1
446 2
447 0
448 2
449 1
450 0
451 3
452 2
453 0
454 2
455 1
456 1
457 0
458 1
459 2
460 1
461 0
462 0
463 3
464 2
465 2
466 1
467 2
468 2
469 2
470 1
471 3
472 2
473 1
474 2
475 2
476 1
477 0
478 2
479 2
480 3
481 3
482 3
483 0
484 3
485 3
486 2
487 2
488 1
489 3
490 2
491 1
492 0
493 1
494 1
495 1
496 1
497 0
498 1
499 1
500 1
501 2
502 2
503 1
504 1
505 1
506 1
507 1
508 1
509 1
510 1
511 1
512 2
513 0
514 2
515 1
516 3
517 1
518 2
519 2
520 1
521 3
522 2
523 2
524 2
525 0
526 0
527 0
528 0
529 1
530 0
531 0
532 1
533 1
534 0
535 1
536 2
537 2
538 2
539 0
540 1
541 3
542 2
543 1
544 0
545 0
546 1
547 1
548 1
549 2
550 0
551 0
552 1
553 2
554 3
555 2
556 2
557 0
558 0
559 1
560 3
561 3
562 1
563 1
564 0
565 2
566 1
567 1
568 1
569 3
570 1
571 0
572 3
573 0
574 3
575 3
576 0
577 0
578 1
579 1
580 1
581 3
582 3
583 2
584 1
585 1
586 3
587 2
588 1
589 1
590 1
591 1
592 1
593 0
594 3
595 1
596 2
597 3
598 2
599 1
600 0
601 2
602 2
603 0
604 1
605 1
606 0
607 1
608 3
609 3
610 0
611 1
612 1
613 3
614 1
615 0
616 0
617 0
618 0
619 1
620 2
621 0
622 3
623 1
624 3
625 2
626 0
627 2
628 3
629 0
630 1
631 0
632 0
633 1
634 0
635 0
636 1
637 1
638 1
639 0
640 0
641 0
642 2
643 1
644 3
645 1
646 0
647 2
648 1
649 2
650 2
651 0
652 0
653 1
654 3
655 3
656 1
657 3
658 2
659 1
660 0
661 3
662 0
663 0
664 2
665 0
666 0
667 0
668 0
669 3
670 2
671 2
672 1
673 1
674 2
675 1
676 0
677 3
678 0
679 2
680 3
681 1
682 1
683 1
684 1
685 2
686 0
687 1
688 1
689 1
690 1
691 3
692 0
693 3
694 0
695 1
696 1
697 3
698 2
699 3
700 0
701 0
702 1
703 0
704 1
705 3
706 1
707 1
708 1
709 1
710 0
711 2
712 1
713 0
714 3
715 1
716 1
717 0
718 3
719 1
720 1
721 2
722 3
723 1
724 1
725 0
726 3
727 3
728 2
729 1
730 1
731 1
732 1
733 1
734 1
735 1
736 1
737 1
738 1
739 1
740 1
741 1
742 1
743 1
744 1
745 1
746 3
747 1
748 1
749 1
750 1
751 1
752 1
753 1
754 1
755 1
756 1
757 1
758 1
759 1
760 1
761 1
762 1
763 1
764 1
765 1
766 1
767 1
768 1
769 1
770 1
771 1
772 1
773 1
774 1
775 1
776 1
777 1
778 1
779 1
780 1
781 1
782 1
783 1
784 1
785 1
786 1
787 3
788 1
789 1
790 1
791 1
792 1
793 1
794 1
795 1
796 1
797 1
798 1
799 1
800 1
801 1
802 1
803 1
804 1
805 1
806 1
807 3
808 2
809 3
810 3
811 3
812 3
813 0
814 0
815 1
816 0
817 1
818 2
819 1
820 3
821 1
822 1
823 3
824 0
825 3
826 0
827 2
828 2
829 0
830 1
831 1
832 0
833 0
834 3
835 2
836 1
837 1
838 0
839 0
840 2
841 2
842 1
843 1
844 2
845 0
846 0
847 1
848 1
849 1
850 0
851 2
852 3
853 1
854 2
855 2
856 2
857 1
858 2
859 3
860 1
861 3
862 3
863 1
864 3
865 0
866 1
867 1
868 3
869 3
870 3
871 0
872 2
873 0
874 1
875 3
876 1
877 2
878 1
879 2
880 2
881 2
882 3
883 1
884 2
885 2
886 3
887 1
888 2
889 2
890 2
891 1
892 1
893 0
894 0
895 3
896 2
897 2
898 1
899 0
900 0
901 0
902 1
903 3
904 0
905 2
906 2
907 0
908 3
909 2
910 0
911 3
912 2
913 1
914 0
915 2
916 2
917 3
918 3
919 2
920 0
921 2
922 2
923 1
924 2
925 1
926 0
927 2
928 0
929 3
930 2
931 1
932 1
933 1
934 0
935 2
936 1
937 0
938 2
939 1
940 1
941 0
942 2
943 3
944 2
945 3
946 2
947 2
948 1
949 1
950 1
951 0
952 3
953 1
954 0
955 3
956 3
957 1
958 2
959 1
960 3
961 2
962 1
963 3
964 2
965 3
966 1
967 0
968 2
969 2
970 2
971 2
972 1
973 1
974 0
975 3
976 2
977 3
978 2
979 2
980 1
981 2
982 3
983 2
984 0
985 3
986 3
987 1
988 0
989 1
990 2
991 1
992 1
993 1
994 3
995 1
996 2
997 1
998 1
999 2
1000 0
1001 2
1002 2
1003 2
1004 1
1005 2
1006 1
1007 1
1008 3
1009 3
1010 3
1011 2
1012 0
1013 0
1014 3
1015 3
1016 0
1017 1
1018 3
1019 3
1020 3
1021 3
1022 1
1023 0
1024 0
1025 1
1026 1
1027 0
1028 3
1029 3
1030 1
1031 2
1032 2
1033 0
1034 0
1035 1
1036 0
1037 1
1038 1
1039 3
1040 0
1041 2
1042 3
1043 1
1044 0
1045 0
1046 0
1047 1
1048 3
1049 3
1050 2
1051 3
1052 1
1053 0
1054 0
1055 0
1056 2
1057 0
1058 2
1059 1
1060 3
1061 2
1062 0
1063 1
1064 1
1065 3
1066 0
1067 1
1068 2
1069 1
1070 1
1071 1
1072 1
1073 2
1074 1
1075 1
1076 2
1077 2
1078 2
1079 2
1080 1
1081 1
1082 1
1083 3
1084 1
1085 1
1086 2
1087 1
1088 3
1089 3
1090 2
1091 3
1092 0
1093 0
1094 0
1095 1
1096 2
1097 1
1098 2
1099 2
1100 1
1101 1
1102 1
1103 1
1104 3
1105 2
1106 1
1107 1
1108 2
1109 2
1110 0
1111 0
1112 1
1113 2
1114 1
1115 0
1116 3
1117 3
1118 2
1119 1
1120 1
1121 0
1122 3
1123 1
1124 0
1125 2
1126 1
1127 3
1128 1
1129 2
1130 2
1131 3
1132 1
1133 3
1134 0
1135 0
1136 2
1137 0
1138 2
1139 1
1140 1
1141 2
1142 3
1143 1
1144 1
1145 1
1146 1
1147 0
1148 1
1149 2
1150 2
1151 1
1152 2
1153 2
1154 2
1155 0
1156 1
1157 1
1158 1
1159 1
1160 1
1161 1
1162 1
1163 1
1164 0
1165 2
1166 2
1167 2
1168 2
1169 2
1170 1
1171 1
1172 1
1173 1
1174 0
1175 2
1176 0
1177 0
1178 1
1179 2
1180 2
1181 1
1182 2
1183 2
1184 3
1185 0
1186 0
1187 1
1188 3
1189 0
1190 1
1191 2
1192 3
1193 2
1194 0
1195 3
1196 3
1197 3
1198 3
1199 3
1200 3
1201 3
1202 2
1203 0
1204 0
1205 0
1206 0
1207 0
1208 1
1209 3
1210 0
1211 1
1212 1
1213 0
1214 0
1215 0
1216 3
1217 2
1218 2
1219 1
1220 3
1221 1
1222 0
1223 0
1224 0
1225 1
1226 3
1227 0
1228 2
1229 2
1230 0
1231 0
1232 2
1233 1
1234 2
1235 1
1236 1
1237 2
1238 2
1239 2
1240 2
1241 2
1242 2
1243 0
1244 0
1245 0
1246 0
1247 1
1248 2
1249 2
1250 1
1251 0
1252 2
1253 1
1254 3
1255 3
1256 1
1257 0
1258 2
1259 0
1260 2
1261 3
1262 1
1263 1
1264 0
1265 2
1266 1
1267 1
1268 0
1269 0
1270 3
1271 1
1272 1
1273 3
1274 1
1275 2
1276 2
1277 2
1278 2
1279 1
1280 0
1281 1
1282 1
1283 0
1284 2
1285 3
1286 2
1287 1
1288 2
1289 1
1290 0
1291 3
1292 1
1293 0
1294 1
1295 2
1296 0
1297 1
1298 1
1299 0
1300 1
1301 2
1302 2
1303 2
1304 2
1305 2
1306 0
1307 1
1308 1
1309 1
1310 1
1311 2
1312 2
1313 0
1314 1
1315 1
1316 0
1317 0
1318 0
1319 1
1320 2
1321 3
1322 2
1323 3
1324 1
1325 1
1326 1
1327 3
1328 2
1329 2
1330 0
1331 1
1332 1
1333 0
1334 1
1335 0
1336 2
1337 1
1338 1
1339 1
1340 1
1341 2
1342 1
1343 1
1344 2
1345 2
1346 1
1347 1
1348 3
1349 3
1350 3
1351 3
1352 1
1353 3
1354 1
1355 3
1356 3
1357 0
1358 1
1359 1
1360 2
1361 2
1362 3
1363 1
1364 2
1365 2
1366 0
1367 1
1368 2
1369 1
1370 3
1371 2
1372 2
1373 0
1374 2
1375 0
1376 1
1377 1
1378 2
1379 1
1380 2
1381 2
1382 2
1383 1
1384 2
1385 2
1386 2
1387 1
1388 1
1389 3
1390 1
1391 3
1392 0
1393 2
1394 0
1395 1
1396 1
1397 1
1398 1
1399 0
1400 1
1401 1
1402 1
1403 0
1404 1
1405 1
1406 1
1407 1
1408 2
1409 0
1410 2
1411 1
1412 2
1413 1
1414 1
1415 1
1416 0
1417 1
1418 3
1419 2
1420 2
1421 1
1422 0
1423 0
1424 2
1425 1
1426 1
1427 2
1428 1
1429 1
1430 0
1431 1
1432 2
1433 0
1434 1
1435 1
1436 1
1437 1
1438 0
1439 3
1440 2
1441 0
1442 2
1443 0
1444 1
1445 2
1446 2
1447 3
1448 1
1449 3
1450 0
1451 2
1452 0
1453 2
1454 1
1455 1
1456 1
1457 1
1458 1
1459 1
1460 2
1461 2
1462 3
1463 2
1464 1
1465 1
1466 0
1467 2
1468 0
1469 1
1470 1
1471 1
1472 2
1473 2
1474 0
1475 1
1476 2
1477 1
1478 3
1479 1
1480 1
1481 0
1482 1
1483 2
1484 1
1485 1
1486 1
1487 2
1488 2
1489 1
1490 3
1491 0
1492 1
1493 2
1494 2
1495 2
1496 1
1497 0
1498 1
1499 1
1500 3
1501 0
1502 2
1503 2
1504 0
1505 1
1506 0
1507 2
1508 2
1509 2
1510 1
1511 1
1512 2
1513 2
1514 1
1515 1
1516 1
1517 3
1518 1
1519 1
1520 1
1521 2
1522 1
1523 2
1524 0
1525 1
1526 1
1527 2
1528 0
1529 2
1530 1
1531 1
1532 1
1533 1
1534 1
1535 3
1536 1
1537 1
1538 0
1539 0
1540 0
1541 2
1542 0
1543 0
1544 1
1545 1
1546 0
1547 1
1548 1
1549 1
1550 1
1551 1
1552 1
1553 3
1554 1
1555 2
1556 3
1557 0
1558 1
1559 0
1560 3
1561 3
1562 2
1563 1
1564 1
1565 2
1566 1
1567 2
1568 0
1569 1
1570 1
1571 0
1572 1
1573 1
1574 0
1575 1
1576 2
1577 1
1578 1
1579 3
1580 1
1581 1
1582 1
1583 0
1584 2
1585 3
1586 1
1587 1
1588 1
1589 1
1590 1
1591 1
1592 1
1593 1
1594 1
1595 1
1596 2
1597 2
1598 1
1599 2
1600 0
1601 0
1602 1
1603 1
1604 1
1605 2
1606 2
1607 1
1608 1
1609 3
1610 1
1611 0
1612 2
1613 1
1614 2
1615 0
1616 2
1617 1
1618 1
1619 1
1620 1
1621 2
1622 3
1623 1
1624 0
1625 3
1626 2
1627 0
1628 2
1629 1
1630 3
1631 0
1632 1
1633 0
1634 3
1635 0
1636 1
1637 1
1638 0
1639 2
1640 1
1641 1
1642 2
1643 2
1644 1
1645 0
1646 3
1647 2
1648 2
1649 1
1650 1
1651 2
1652 1
1653 1
1654 0
1655 0
1656 2
1657 2
1658 2
1659 1
1660 1
1661 0
1662 2
1663 3
1664 1
1665 2
1666 1
1667 1
1668 1
1669 1
1670 1
1671 1
1672 1
1673 0
1674 1
1675 0
1676 0
1677 3
1678 0
1679 3
1680 0
1681 0
1682 1
1683 0
1684 1
1685 0
1686 1
1687 1
1688 2
1689 2
1690 2
1691 1
1692 2
1693 1
1694 2
1695 0
1696 2
1697 0
1698 1
1699 3
1700 2
1701 0
1702 1
1703 1
1704 1
1705 1
1706 1
1707 1
1708 3
1709 2
1710 1
1711 1
1712 0
1713 1
1714 3
1715 1
1716 1
1717 1
1718 0
1719 0
1720 0
1721 1
1722 2
1723 3
1724 1
1725 2
1726 1
1727 1
1728 0
1729 2
1730 0
1731 1
1732 1
1733 1
1734 1
1735 3
1736 1
1737 3
1738 1
1739 3
1740 1
1741 2
1742 1
1743 1
1744 3
1745 1
1746 2
1747 1
1748 1
1749 1
1750 2
1751 1
1752 0
1753 3
1754 3
1755 3
1756 3
1757 3
1758 1
1759 2
1760 2
1761 2
1762 2
1763 1
1764 2
1765 2
1766 0
1767 1
1768 1
1769 1
1770 2
1771 1
1772 0
1773 2
1774 3
1775 2
1776 1
1777 1
1778 2
1779 0
1780 2
1781 0
1782 0
1783 1
1784 0
1785 0
1786 1
1787 1
1788 1
1789 1
1790 1
1791 1
1792 1
1793 2
1794 1
1795 1
1796 1
1797 1
1798 1
1799 1
1800 1
1801 1
1802 1
1803 1
1804 1
1805 1
1806 1
1807 1
1808 0
1809 3
1810 0
1811 2
1812 0
1813 0
1814 0
1815 2
1816 1
1817 1
1818 1
1819 3
1820 1
1821 0
1822 2
1823 0
1824 1
1825 0
1826 1
1827 2
1828 1
1829 1
1830 3
1831 2
1832 1
1833 3
1834 1
1835 2
1836 2
1837 3
1838 2
1839 0
1840 1
1841 1
1842 3
1843 2
1844 1
1845 0
1846 2
1847 1
1848 1
1849 1
1850 1
1851 1
1852 3
1853 0
1854 2
1855 1
1856 3
1857 1
1858 2
1859 2
1860 1
1861 2
1862 1
1863 0
1864 2
1865 2
1866 0
1867 3
1868 1
1869 3
1870 3
1871 3
1872 2
1873 1
1874 3
1875 3
1876 3
1877 3
1878 1
1879 1
1880 3
1881 2
1882 3
1883 2
1884 1
1885 3
1886 2
1887 2
1888 2
1889 0
1890 3
1891 2
1892 0
1893 1
1894 1
1895 3
1896 0
1897 1
1898 3
1899 3
1900 1
1901 0
1902 1
1903 0
1904 0
1905 2
1906 1
1907 1
1908 1
1909 2
1910 1
1911 2
1912 1
1913 0
1914 2
1915 3
1916 2
1917 0
1918 1
1919 0
1920 1
1921 1
1922 3
1923 2
1924 1
1925 2
1926 1
1927 2
1928 2
1929 1
1930 1
1931 1
1932 2
1933 1
1934 1
1935 0
1936 0
1937 1
1938 1
1939 3
1940 1
1941 2
1942 0
1943 0
1944 0
1945 1
1946 0
1947 2
1948 0
1949 2
1950 2
1951 2
1952 0
1953 1
1954 1
1955 0
1956 2
1957 1
1958 3
1959 0
1960 0
1961 2
1962 3
1963 0
1964 3
1965 3
1966 0
1967 3
1968 1
1969 1
1970 1
1971 3
1972 3
1973 2
1974 1
1975 0
1976 1
1977 2
1978 2
1979 0
1980 2
1981 1
1982 0
1983 2
1984 2
1985 1
1986 2
1987 1
1988 0
1989 0
1990 1
1991 3
1992 2
1993 3
1994 1
1995 0
1996 2
1997 2
1998 1
1999 2
2000 1
2001 2
2002 0
2003 3
2004 2
2005 2
2006 1
2007 1
2008 1
2009 0
2010 1
2011 2
2012 1
2013 1
2014 2
2015 3
2016 2
2017 1
2018 0
2019 2
2020 1
2021 3
2022 1
2023 3
2024 2
2025 1
2026 0
2027 1
2028 1
2029 2
2030 1
2031 2
2032 3
2033 1
2034 0
2035 1
2036 1
2037 3
2038 1
2039 0
2040 0
2041 0
2042 0
2043 1
2044 2
2045 1
2046 3
2047 1
2048 1
2049 0
2050 2
2051 3
2052 2
2053 2
2054 3
2055 3
2056 1
2057 1
2058 2
2059 3
2060 0
2061 1
2062 0
2063 2
2064 2
2065 2
2066 2
2067 2
2068 2
2069 0
2070 1
2071 1
2072 3
2073 1
2074 1
2075 2
2076 1
2077 1
2078 1
2079 2
2080 2
2081 1
2082 1
2083 2
2084 2
2085 2
2086 1
2087 2
2088 2
2089 1
2090 2
2091 2
2092 0
2093 1
2094 3
2095 2
2096 1
2097 2
2098 1
2099 2
2100 1
2101 2
2102 2
2103 1
2104 0
2105 1
2106 0
2107 2
2108 1
2109 3
2110 1
2111 1
2112 2
2113 2
2114 1
2115 2
2116 0
2117 3
2118 1
2119 0
2120 1
2121 2
2122 0
2123 0
2124 1
2125 2
2126 2
2127 1
2128 1
2129 0
2130 2
2131 1
2132 2
2133 2
2134 2
2135 1
2136 1
2137 1
2138 2
2139 1
2140 1
2141 0
2142 1
2143 3
2144 0
2145 2
2146 0
2147 2
2148 0
2149 0
2150 1
2151 1
2152 0
2153 2
2154 3
2155 2
2156 1
2157 1
2158 0
2159 1
2160 0
2161 2
2162 1
2163 3
2164 3
2165 2
2166 3
2167 0
2168 1
2169 0
2170 1
2171 0
2172 0
2173 0
2174 0
2175 1
2176 1
2177 1
2178 1
2179 1
2180 0
2181 1
2182 1
2183 1
2184 3
2185 1
2186 1
2187 1
2188 3
2189 1
2190 3
2191 0
2192 1
2193 0
2194 1
2195 2
2196 2
2197 0
2198 1
2199 1
2200 1
2201 2
2202 0
2203 1
2204 0
2205 1
2206 3
2207 3
2208 1
2209 1
2210 0
2211 2
2212 1
2213 2
2214 1
2215 0
2216 3
2217 1
2218 0
2219 2
2220 3
2221 2
2222 1
2223 3
2224 1
2225 2
2226 3
2227 1
2228 1
2229 1
2230 1
2231 3
2232 0
2233 0
2234 2
2235 2
2236 1
2237 1
2238 2
2239 1
2240 0
2241 2
2242 0
2243 1
2244 0
2245 0
2246 2
2247 1
2248 1
2249 0
2250 2
2251 1
2252 2
2253 1
2254 1
2255 1
2256 1
2257 3
2258 1
2259 2
2260 2
2261 1
2262 2
2263 3
2264 1
2265 1
2266 2
2267 3
2268 1
2269 0
2270 3
2271 1
2272 0
2273 1
2274 1
2275 2
2276 0
2277 0
2278 0
2279 2
2280 2
2281 2
2282 0
2283 1
2284 1
2285 0
2286 0
2287 2
2288 1
2289 1
2290 3
2291 1
2292 2
2293 0
2294 0
2295 1
2296 2
2297 1
2298 2
2299 2
2300 0
2301 1
2302 0
2303 3
2304 0
2305 2
2306 0
2307 2
2308 1
2309 2
2310 3
2311 0
2312 1
2313 2
2314 0
2315 0
2316 1
2317 0
2318 1
2319 2
2320 1
2321 0
2322 2
2323 0
2324 2
2325 2
2326 2
2327 2
2328 2
2329 0
2330 1
2331 3
2332 1
2333 0
2334 0
2335 3
2336 2
2337 0
2338 2
2339 3
2340 2
2341 1
2342 1
2343 1
2344 0
2345 0
2346 3
2347 1
2348 2
2349 1
2350 1
2351 1
2352 2
2353 2
2354 1
2355 1
2356 0
2357 2
2358 1
2359 1
2360 3
2361 3
2362 3
2363 1
2364 3
2365 1
2366 2
2367 0
2368 1
2369 0
2370 3
2371 1
2372 0
2373 0
2374 1
2375 3
2376 0
2377 2
2378 3
2379 1
2380 1
2381 2
2382 0
2383 3
2384 1
2385 0
2386 1
2387 1
2388 1
2389 2
2390 3
2391 3
2392 3
2393 1
2394 1
2395 1
2396 3
2397 2
2398 1
2399 2
2400 2
2401 3
2402 1
2403 0
2404 2
2405 1
2406 0
2407 3
2408 2
2409 1
2410 1
2411 1
2412 1
2413 1
2414 2
2415 1
2416 1
2417 2
2418 1
2419 0
2420 3
2421 1
2422 2
2423 1
2424 1
2425 0
2426 1
2427 3
2428 3
2429 1
2430 1
2431 1
2432 1
2433 3
2434 1
2435 1
2436 3
2437 1
2438 1
2439 0
2440 1
2441 1
2442 3
2443 1
2444 0
2445 1
2446 1
2447 1
2448 1
2449 2
2450 1
2451 3
2452 2
2453 1
2454 1
2455 0
2456 1
2457 1
2458 1
2459 0
2460 0
2461 1
2462 0
2463 3
2464 1
2465 1
2466 3
2467 2
2468 1
2469 1
2470 0
2471 1
2472 0
2473 3
2474 1
2475 2
2476 0
2477 2
2478 0
2479 1
2480 1
2481 3
2482 1
2483 0
2484 1
2485 1
2486 1
2487 1
2488 0
2489 2
2490 2
2491 1
2492 0
2493 1
2494 1
2495 0
2496 1
2497 1
2498 1
2499 1
2500 0
2501 0
2502 1
2503 3
2504 1
2505 0
2506 1
2507 0
2508 0
2509 3
2510 2
2511 1
2512 2
2513 0
2514 2
2515 2
2516 1
2517 2
2518 2
2519 3
2520 1
2521 0
2522 2
2523 1
2524 3
2525 2
2526 3
2527 3
2528 1
2529 0
2530 1
2531 1
2532 1
2533 3
2534 1
2535 0
2536 1
2537 1
2538 1
2539 2
2540 2
2541 2
2542 0
2543 0
2544 1
2545 1
2546 2
2547 0
2548 1
2549 1
2550 2
2551 1
2552 3
2553 0
2554 1
2555 1
2556 1
2557 1
2558 1
2559 1
2560 0
2561 2
2562 2
2563 1
2564 3
2565 1
2566 2
2567 2
2568 2
2569 0
2570 1
2571 1
2572 3
2573 2
2574 3
2575 3
2576 1
2577 1
2578 3
2579 0
2580 1
2581 2
2582 2
2583 2
2584 0
2585 2
2586 1
2587 0
2588 1
2589 2
2590 3
2591 1
2592 2
2593 2
2594 3
2595 1
2596 0
2597 0
2598 0
2599 1
2600 2
2601 1
2602 3
2603 1
2604 0
2605 2
2606 1
2607 0
2608 1
2609 0
2610 2
2611 2
2612 1
2613 1
2614 0
2615 1
2616 0
2617 1
2618 0
2619 0
2620 1
2621 1
2622 0
2623 3
2624 0
2625 2
2626 2
2627 1
2628 1
2629 0
2630 1
2631 2
2632 1
2633 3
2634 0
2635 0
2636 1
2637 0
2638 0
2639 3
2640 0
2641 3
2642 1
2643 1
2644 2
2645 2
2646 0
2647 2
2648 0
2649 0
2650 3
2651 0
2652 3
2653 1
2654 0
2655 1
2656 3
2657 2
2658 0
2659 0
2660 1
2661 2
2662 1
2663 1
2664 3
2665 3
2666 2
2667 1
2668 1
2669 2
2670 1
2671 2
2672 0
2673 1
2674 1
2675 0
2676 1
2677 2
2678 1
2679 3
2680 1
2681 1
2682 3
2683 0
2684 1
2685 1
2686 0
2687 1
2688 3
2689 3
2690 1
2691 1
2692 0
2693 3
2694 1
2695 0
2696 1
2697 1
2698 3
2699 1
2700 0
2701 2
2702 2
2703 0
2704 3
2705 3
2706 1
2707 3
2708 0
2709 1
2710 0
2711 2
2712 2
2713 1
2714 2
2715 1
2716 1
2717 1
2718 2
2719 1
2720 0
2721 1
2722 3
2723 0
2724 1
2725 3
2726 1
2727 1
2728 1
2729 3
2730 1
2731 2
2732 2
2733 1
2734 2
2735 3
2736 2
2737 0
2738 1
2739 0
2740 2
2741 2
2742 2
2743 1
2744 3
2745 1
2746 3
2747 1
2748 1
2749 1
2750 3
2751 2
2752 0
2753 1
2754 0
2755 2
2756 2
2757 1
2758 3
2759 1
2760 3
2761 3
2762 1
2763 1
2764 0
2765 1
2766 2
2767 2
2768 1
2769 3
2770 3
2771 2
2772 1
2773 1
2774 2
2775 1
2776 2
2777 2
2778 1
2779 2
2780 1
2781 1
2782 0
2783 1
2784 2
2785 1
2786 1
2787 2
2788 2
2789 1
2790 0
2791 2
2792 1
2793 1
2794 1
2795 2
2796 2
2797 1
2798 0
2799 1
2800 0
2801 1
2802 1
2803 1
2804 2
2805 1
2806 2
2807 1
2808 1
2809 1
2810 2
2811 1
2812 2
2813 0
2814 2
2815 1
2816 2
2817 2
2818 2
2819 2
2820 1
2821 1
2822 3
2823 1
2824 1
2825 1
2826 0
2827 0
2828 2
2829 1
2830 1
2831 1
2832 2
2833 0
2834 3
2835 2
2836 2
2837 1
2838 0
2839 2
2840 2
2841 0
2842 2
2843 1
2844 1
2845 1
2846 0
2847 0
2848 1
2849 0
2850 0
2851 1
2852 2
2853 2
2854 1
2855 2
2856 1
2857 1
2858 1
2859 2
2860 2
2861 0
2862 2
2863 2
2864 1
2865 0
2866 2
2867 1
2868 1
2869 1
2870 3
2871 3
2872 0
2873 1
2874 3
2875 1
2876 1
2877 2
2878 1
2879 2
2880 1
2881 1
2882 0
2883 2
2884 3
2885 1
2886 1
2887 1
2888 1
2889 0
2890 0
2891 1
2892 0
2893 0
2894 1
2895 2
2896 0
2897 1
2898 1
2899 0
2900 3
2901 2
2902 0
2903 2
2904 1
2905 0
2906 0
2907 3
2908 3
2909 1
2910 1
2911 1
2912 1
2913 3
2914 1
2915 0
2916 3
2917 3
2918 3
2919 3
2920 3
2921 3
2922 3
2923 3
2924 3
2925 0
2926 0
2927 3
2928 0
2929 3
2930 0
2931 3
2932 3
2933 3
2934 2
2935 0
2936 3
2937 3
2938 0
2939 1
2940 3
2941 2
2942 0
2943 0
2944 3
2945 3
2946 3
2947 0
2948 3
2949 0
2950 1
2951 1
2952 1
2953 3
2954 0
2955 2
2956 0
2957 0
2958 2
2959 2
2960 2
2961 2
2962 0
2963 0
2964 0
2965 0
2966 0
2967 0
2968 0
2969 0
2970 2
2971 2
2972 2
2973 0
2974 0
2975 0
2976 0
2977 0
2978 2
2979 2
2980 0
2981 0
2982 0
2983 0
2984 0
2985 3
2986 2
2987 0
2988 3
2989 0
2990 3
2991 2
2992 2
2993 0
2994 1
2995 2
2996 1
2997 1
2998 1
2999 1
3000 0
3001 1
3002 3
3003 1
3004 2
3005 0
3006 1
3007 1
3008 2
3009 3
3010 3
3011 0
3012 0
3013 3
3014 1
3015 1
3016 1
3017 0
3018 3
3019 2
3020 2
3021 1
3022 1
3023 1
3024 2
3025 0
3026 2
3027 0
3028 3
3029 0
3030 1
3031 0
3032 2
3033 0
3034 3
3035 0
3036 0
3037 1
3038 1
3039 1
3040 0
3041 1
3042 3
3043 1
3044 3
3045 0
3046 1
3047 0
3048 2
3049 2
3050 1
3051 2
3052 0
3053 2
3054 1
3055 1
3056 3
3057 3
3058 1
3059 2
3060 3
3061 1
3062 3
3063 0
3064 1
3065 2
3066 0
3067 2
3068 2
3069 0
3070 2
3071 2
3072 1
3073 1
3074 2
3075 1
3076 2
3077 2
3078 0
3079 3
3080 2
3081 0
3082 2
3083 2
3084 1
3085 2
3086 3
3087 0
3088 1
3089 1
3090 1
3091 3
3092 1
3093 1
3094 3
3095 3
3096 1
3097 0
3098 2
3099 0
3100 3
3101 0
3102 1
3103 2
3104 0
3105 0
3106 0
3107 3
3108 0
3109 3
3110 1
3111 1
3112 3
3113 0
3114 1
3115 1
3116 1
3117 1
3118 2
3119 0
3120 2
3121 0
3122 0
3123 3
3124 0
3125 3
3126 2
3127 0
3128 3
3129 3
3130 2
3131 3
3132 2
3133 1
3134 0
3135 0
3136 1
3137 2
3138 0
3139 0
3140 2
3141 2
3142 0
3143 2
3144 2
3145 0
3146 3
3147 1
3148 1
3149 1
3150 1
3151 1
3152 3
3153 1
3154 1
3155 1
3156 1
3157 2
3158 1
3159 1
3160 1
3161 2
3162 0
3163 3
3164 2
3165 3
3166 1
3167 0
3168 2
3169 0
3170 0
3171 1
3172 0
3173 2
3174 1
3175 1
3176 1
3177 3
3178 0
3179 2
3180 2
3181 1
3182 1
3183 2
3184 0
3185 1
3186 3
3187 0
3188 1
3189 1
3190 2
3191 2
3192 1
3193 0
3194 2
3195 1
3196 3
3197 1
3198 1
3199 1
3200 1
3201 2
3202 2
3203 2
3204 3
3205 3
3206 3
3207 2
3208 0
3209 2
3210 1
3211 2
3212 2
3213 1
3214 1
3215 1
3216 0
3217 0
3218 1
3219 2
3220 1
3221 0
3222 0
3223 0
3224 0
3225 0
3226 0
3227 2
3228 1
3229 0
3230 2
3231 2
3232 2
3233 2
3234 2
3235 2
3236 0
3237 0
3238 2
3239 1
3240 1
3241 0
3242 3
3243 0
3244 1
3245 0
3246 1
3247 2
3248 1
3249 2
3250 2
3251 0
3252 1
3253 1
3254 3
3255 0
3256 0
3257 3
3258 0
3259 1
3260 2
3261 1
3262 0
3263 1
3264 2
3265 2
3266 0
3267 3
3268 3
3269 2
3270 1
3271 3
3272 0
3273 2
3274 1
3275 1
3276 2
3277 0
3278 0
3279 1
3280 2
3281 1
3282 0
3283 1
3284 0
3285 1
3286 2
3287 1
3288 1
3289 2
3290 3
3291 1
3292 2
3293 2
3294 2
3295 1
3296 1
3297 2
3298 0
3299 0
3300 2
3301 1
3302 2
3303 3
3304 0
3305 0
3306 0
3307 2
3308 1
3309 0
3310 2
3311 1
3312 1
3313 0
3314 2
3315 0
3316 0
3317 0
3318 0
3319 2
3320 1
3321 3
3322 0
3323 3
3324 1
3325 2
3326 1
3327 1
3328 1
3329 1
3330 1
3331 1
3332 1
3333 1
3334 1
3335 2
3336 2
3337 2
3338 1
3339 2
3340 1
3341 0
3342 2
3343 1
3344 3
3345 2
3346 2
3347 0
3348 2
3349 2
3350 1
3351 0
3352 2
3353 1
3354 2
3355 1
3356 3
3357 2
3358 1
3359 1
3360 1
3361 1
3362 3
3363 2
3364 2
3365 2
3366 0
3367 0
3368 1
3369 1
3370 2
3371 1
3372 2
3373 1
3374 0
3375 0
3376 2
3377 1
3378 0
3379 3
3380 1
3381 2
3382 2
3383 1
3384 3
3385 1
3386 3
3387 3
3388 3
3389 1
3390 2
3391 1
3392 2
3393 3
3394 1
3395 1
3396 3
3397 3
3398 1
3399 1
3400 1
3401 0
3402 1
3403 0
3404 2
3405 1
3406 2
3407 1
3408 0
3409 2
3410 3
3411 3
3412 2
3413 0
3414 3
3415 3
3416 2
3417 1
3418 1
3419 3
3420 1
3421 1
3422 3
3423 2
3424 1
3425 0
3426 1
3427 3
3428 1
3429 1
3430 0
3431 1
3432 1
3433 0
3434 0
3435 0
3436 1
3437 2
3438 0
3439 3
3440 0
3441 0
3442 1
3443 3
3444 1
3445 0
3446 3
3447 1
3448 1
3449 2
3450 3
3451 3
3452 1
3453 2
3454 1
3455 2
3456 0
3457 2
3458 2
3459 1
3460 1
3461 2
3462 1
3463 2
3464 0
3465 1
3466 1
3467 0
3468 0
3469 0
3470 1
3471 1
3472 3
3473 2
3474 0
3475 1
3476 1
3477 0
3478 2
3479 3
3480 3
3481 0
3482 3
3483 3
3484 1
3485 0
3486 3
3487 0
3488 0
3489 0
3490 3
3491 3
3492 1
3493 1
3494 2
3495 1
3496 0
3497 0
3498 3
3499 3
3500 2
3501 1
3502 2
3503 1
3504 0
3505 3
3506 1
3507 2
3508 1
3509 1
3510 1
3511 2
3512 0
3513 0
3514 1
3515 3
3516 1
3517 2
3518 3
3519 1
3520 0
3521 1
3522 2
3523 0
3524 2
3525 0
3526 1
3527 2
3528 2
3529 3
3530 0
3531 2
3532 2
3533 1
3534 0
3535 3
3536 1
3537 2
3538 2
3539 2
3540 0
3541 1
3542 1
3543 2
3544 3
3545 3
3546 2
3547 3
3548 3
3549 1
3550 0
3551 2
3552 0
3553 1
3554 1
3555 3
3556 0
3557 1
3558 1
3559 1
3560 3
3561 1
3562 1
3563 1
3564 1
3565 3
3566 1
3567 3
3568 2
3569 0
3570 1
3571 0
3572 1
3573 1
3574 1
3575 2
3576 0
3577 1
3578 3
3579 3
3580 1
3581 1
3582 1
3583 1
3584 1
3585 1
3586 1
3587 0
3588 2
3589 1
3590 2
3591 2
3592 0
3593 2
3594 2
3595 2
3596 1
3597 2
3598 2
3599 1
3600 2
3601 1
3602 1
3603 2
3604 1
3605 2
3606 1
3607 0
3608 1
3609 1
3610 2
3611 1
3612 2
3613 0
3614 1
3615 0
3616 2
3617 2
3618 1
3619 1
3620 1
3621 2
3622 2
3623 3
3624 1
3625 1
3626 1
3627 1
3628 0
3629 0
3630 2
3631 2
3632 1
3633 1
3634 1
3635 2
3636 0
3637 3
3638 1
3639 3
3640 1
3641 1
3642 2
3643 3
3644 1
3645 3
3646 2
3647 3
3648 2
3649 1
3650 1
3651 2
3652 2
3653 2
3654 0
3655 1
3656 0
3657 2
3658 2
3659 2
3660 0
3661 1
3662 0
3663 1
3664 2
3665 1
3666 1
3667 1
3668 0
3669 1
3670 0
3671 2
3672 1
3673 1
3674 1
3675 0
3676 2
3677 1
3678 1
3679 1
3680 3
3681 0
3682 3
3683 1
3684 3
3685 1
3686 3
3687 3
3688 1
3689 1
3690 1
3691 1
3692 1
3693 1
3694 3
3695 1
3696 0
3697 1
3698 1
3699 1
3700 1
3701 1
3702 1
3703 1
3704 1
3705 1
3706 1
3707 1
3708 2
3709 1
3710 2
3711 0
3712 1
3713 1
3714 0
3715 2
3716 1
3717 1
3718 1
3719 1
3720 3
3721 1
3722 2
3723 2
3724 1
3725 2
3726 1
3727 2
3728 0
3729 3
3730 2
3731 0
3732 0
3733 2
3734 1
3735 2
3736 3
3737 1
3738 2
3739 2
3740 1
3741 2
3742 2
3743 1
3744 1
3745 1
3746 0
3747 1
3748 0
3749 1
3750 2
3751 0
3752 2
3753 3
3754 1
3755 2
3756 2
3757 1
3758 1
3759 0
3760 2
3761 3
3762 3
3763 3
3764 2
3765 1
3766 1
3767 1
3768 3
3769 2
3770 1
3771 0
3772 0
3773 1
3774 1
3775 0
3776 3
3777 3
3778 2
3779 1
3780 2
3781 1
3782 3
3783 3
3784 2
3785 0
3786 3
3787 1
3788 1
3789 0
3790 1
3791 2
3792 1
3793 0
3794 3
3795 1
3796 1
3797 0
3798 0
3799 1
3800 1
3801 3
3802 2
3803 3
3804 1
3805 1
3806 1
3807 3
3808 1
3809 2
3810 0
3811 1
3812 2
3813 3
3814 2
3815 0
3816 2
3817 2
3818 2
3819 1
3820 1
3821 2
3822 1
3823 1
3824 1
3825 1
3826 3
3827 0
3828 0
3829 0
3830 1
3831 2
3832 2
3833 1
3834 2
3835 2
3836 1
3837 2
3838 0
3839 1
3840 1
3841 2
3842 2
3843 2
3844 3
3845 2
3846 3
3847 0
3848 1
3849 1
3850 1
3851 1
3852 1
3853 0
3854 0
3855 1
3856 1
3857 1
3858 1
3859 1
3860 3
3861 0
3862 1
3863 1
3864 3
3865 1
3866 3
3867 1
3868 2
3869 0
3870 3
3871 1
3872 0
3873 0
3874 0
3875 2
3876 2
3877 0
3878 3
3879 2
3880 1
3881 3
3882 1
3883 2
3884 3
3885 2
3886 0
3887 3
3888 2
3889 1
3890 3
3891 2
3892 1
3893 1
3894 2
3895 1
3896 0
3897 3
3898 0
3899 0
3900 1
3901 0
3902 3
3903 0
3904 2
3905 1
3906 1
3907 3
3908 2
3909 3
3910 2
3911 1
3912 3
3913 2
3914 0
3915 0
3916 3
3917 2
3918 1
3919 2
3920 1
3921 3
3922 1
3923 1
3924 2
3925 2
3926 0
3927 3
3928 0
3929 2
3930 1
3931 1
3932 1
3933 1
3934 0
3935 2
3936 1
3937 0
3938 1
3939 3
3940 1
3941 1
3942 0
3943 0
3944 0
3945 1
3946 1
3947 0
3948 1
3949 0
3950 3
3951 3
3952 1
3953 3
3954 1
3955 1
3956 2
3957 1
3958 2
3959 2
3960 2
3961 3
3962 1
3963 1
3964 0
3965 1
3966 0
3967 3
3968 3
3969 3
3970 1
3971 1
3972 1
3973 1
3974 1
3975 1
3976 1
3977 1
3978 1
3979 1
3980 1
3981 1
3982 1
3983 1
3984 1
3985 1
3986 1
3987 1
3988 1
3989 1
3990 1
3991 1
3992 1
3993 1
3994 1
3995 1
3996 1
3997 1
3998 1
3999 1
4000 1
4001 1
4002 1
4003 1
4004 1
4005 1
4006 1
4007 1
4008 1
4009 2
4010 1
4011 1
4012 1
4013 0
4014 1
4015 1
4016 0
4017 1
4018 1
4019 1
4020 1
4021 1
4022 1
4023 1
4024 1
4025 1
4026 1
4027 3
4028 0
4029 1
4030 1
4031 1
4032 1
4033 1
4034 1
4035 1
4036 1
4037 2
4038 1
4039 1
4040 1
4041 1
4042 1
4043 1
4044 1
4045 1
4046 1
4047 1
4048 3
4049 1
4050 1
4051 1
4052 2
4053 1
4054 1
4055 1
4056 1
4057 3
4058 1
4059 0
4060 0
4061 3
4062 0
4063 2
4064 1
4065 2
4066 1
4067 1
4068 1
4069 1
4070 1
4071 1
4072 1
4073 1
4074 1
4075 1
4076 1
4077 1
4078 1
4079 1
4080 1
4081 1
4082 1
4083 1
4084 1
4085 1
4086 1
4087 1
4088 0
4089 2
4090 0
4091 2
4092 2
4093 0
4094 1
4095 3
4096 3
4097 1
4098 3
4099 1
4100 2
4101 0
4102 1
4103 3
4104 0
4105 0
4106 1
4107 2
4108 1
4109 1
4110 1
4111 3
4112 2
4113 3
4114 2
4115 1
4116 1
4117 1
4118 2
4119 2
4120 1
4121 1
4122 0
4123 0
4124 1
4125 1
4126 1
4127 2
4128 2
4129 1
4130 2
4131 2
4132 3
4133 1
4134 2
4135 1
4136 3
4137 1
4138 1
4139 3
4140 1
4141 1
4142 0
4143 3
4144 1
4145 1
4146 1
4147 1
4148 1
4149 1
4150 1
4151 0
4152 1
4153 3
4154 3
4155 3
4156 1
4157 2
4158 0
4159 2
4160 3
4161 1
4162 3
4163 2
4164 2
4165 1
4166 3
4167 2
4168 1
4169 0
4170 1
4171 1
4172 1
4173 0
4174 1
4175 1
4176 3
4177 1
4178 2
4179 3
4180 0
4181 3
4182 1
4183 1
4184 0
4185 1
4186 2
4187 1
4188 1
4189 0
4190 0
4191 3
4192 2
4193 1
4194 3
4195 2
4196 0
4197 0
4198 2
4199 1
4200 1
4201 2
4202 2
4203 1
4204 2
4205 2
4206 2
4207 3
4208 1
4209 0
4210 2
4211 1
4212 0
4213 1
4214 0
4215 2
4216 2
4217 1
4218 1
4219 2
4220 1
4221 0
4222 2
4223 1
4224 1
4225 1
4226 2
4227 2
4228 1
4229 0
4230 3
4231 3
4232 2
4233 1
4234 0
4235 0
4236 1
4237 2
4238 1
4239 2
4240 1
4241 3
4242 0
4243 1
4244 0
4245 1
4246 0
4247 1
4248 3
4249 1
4250 1
4251 1
4252 1
4253 2
4254 3
4255 3
4256 1
4257 3
4258 2
4259 1
4260 2
4261 0
4262 2
4263 1
4264 1
4265 1
4266 1
4267 2
4268 0
4269 2
4270 1
4271 1
4272 3
4273 0
4274 0
4275 1
4276 2
4277 2
4278 1
4279 1
4280 0
4281 2
4282 3
4283 2
4284 1
4285 1
4286 1
4287 2
4288 2
4289 1
4290 2
4291 1
4292 1
4293 1
4294 3
4295 0
4296 1
4297 2
4298 2
4299 1
4300 1
4301 3
4302 1
4303 2
4304 1
4305 3
4306 0
4307 1
4308 1
4309 2
4310 1
4311 1
4312 0
4313 3
4314 1
4315 1
4316 2
4317 0
4318 3
4319 1
4320 2
4321 0
4322 0
4323 3
4324 1
4325 2
4326 1
4327 1
4328 2
4329 1
4330 1
4331 0
4332 2
4333 3
4334 0
4335 1
4336 1
4337 2
4338 3
4339 1
4340 1
4341 3
4342 3
4343 0
4344 1
4345 1
4346 2
4347 2
4348 1
4349 1
4350 0
4351 0
4352 1
4353 1
4354 2
4355 1
4356 1
4357 1
4358 0
4359 1
4360 1
4361 1
4362 2
4363 0
4364 0
4365 1
4366 0
4367 0
4368 2
4369 1
4370 0
4371 2
4372 1
4373 1
4374 1
4375 2
4376 1
4377 2
4378 1
4379 1
4380 2
4381 0
4382 1
4383 3
4384 1
4385 0
4386 3
4387 3
4388 3
4389 3
4390 1
4391 3
4392 3
4393 3
4394 0
4395 3
4396 0
4397 1
4398 3
4399 0
4400 1
4401 2
4402 0
4403 3
4404 1
4405 1
4406 1
4407 3
4408 2
4409 3
4410 2
4411 1
4412 0
4413 0
4414 2
4415 3
4416 3
4417 2
4418 2
4419 0
4420 0
4421 1
4422 1
4423 1
4424 1
4425 1
4426 1
4427 1
4428 1
4429 1
4430 1
4431 1
4432 3
4433 1
4434 1
4435 1
4436 1
4437 2
4438 3
4439 2
4440 0
4441 3
4442 1
4443 1
4444 1
4445 3
4446 1
4447 2
4448 1
4449 0
4450 2
4451 0
4452 3
4453 1
4454 3
4455 1
4456 2
4457 0
4458 2
4459 0
4460 2
4461 1
4462 2
4463 2
4464 0
4465 3
4466 1
4467 1
4468 1
4469 3
4470 1
4471 1
4472 0
4473 0
4474 1
4475 2
4476 2
4477 2
4478 2
4479 0
4480 1
4481 0
4482 2
4483 1
4484 1
4485 2
4486 0
4487 3
4488 1
4489 0
4490 3
4491 2
4492 3
4493 2
4494 2
4495 2
4496 1
4497 0
4498 0
4499 2
4500 0
4501 3
4502 3
4503 1
4504 0
4505 1
4506 1
4507 1
4508 1
4509 2
4510 0
4511 2
4512 1
4513 1
4514 2
4515 1
4516 3
4517 2
4518 2
4519 0
4520 0
4521 1
4522 3
4523 1
4524 2
4525 1
4526 1
4527 2
4528 2
4529 2
4530 1
4531 3
4532 1
4533 0
4534 0
4535 1
4536 0
4537 1
4538 1
4539 2
4540 0
4541 3
4542 2
4543 0
4544 2
4545 0
4546 1
4547 1
4548 1
4549 0
4550 1
4551 2
4552 1
4553 1
4554 0
4555 1
4556 0
4557 1
4558 1
4559 1
4560 2
4561 0
4562 1
4563 3
4564 1
4565 2
4566 1
4567 0
4568 1
4569 2
4570 1
4571 0
4572 0
4573 1
4574 3
4575 1
4576 1
4577 0
4578 0
4579 3
4580 1
4581 1
4582 3
4583 0
4584 1
4585 1
4586 1
4587 1
4588 1
4589 1
4590 1
4591 1
4592 1
4593 1
4594 1
4595 1
4596 1
4597 1
4598 1
4599 1
4600 0
4601 1
4602 2
4603 2
4604 1
4605 2
4606 1
4607 1
4608 1
4609 1
4610 1
4611 2
4612 1
4613 2
4614 3
4615 0
4616 2
4617 1
4618 2
4619 1
4620 1
4621 1
4622 2
4623 3
4624 1
4625 3
4626 3
4627 1
4628 1
4629 1
4630 1
4631 1
4632 1
4633 1
4634 1
4635 3
4636 0
4637 1
4638 0
4639 1
4640 1
4641 2
4642 1
4643 2
4644 1
4645 1
4646 0
4647 0
4648 2
4649 2
4650 3
4651 1
4652 0
4653 0
4654 2
4655 2
4656 1
4657 1
4658 2
4659 0
4660 0
4661 0
4662 1
4663 1
4664 2
4665 1
4666 2
4667 1
4668 2
4669 2
4670 0
4671 1
4672 2
4673 3
4674 3
4675 3
4676 3
4677 1
4678 2
4679 0
4680 0
4681 0
4682 1
4683 0
4684 0
4685 2
4686 0
4687 2
4688 0
4689 0
4690 2
4691 1
4692 3
4693 1
4694 1
4695 0
4696 0
4697 0
4698 0
4699 1
4700 1
4701 2
4702 3
4703 0
4704 2
4705 2
4706 0
4707 1
4708 0
4709 1
4710 2
4711 0
4712 0
4713 1
4714 1
4715 2
4716 2
4717 1
4718 2
4719 1
4720 3
4721 1
4722 0
4723 2
4724 1
4725 0
4726 0
4727 0
4728 0
4729 0
4730 3
4731 1
4732 3
4733 2
4734 2
4735 1
4736 1
4737 2
4738 2
4739 1
4740 2
4741 0
4742 0
4743 0
4744 0
4745 2
4746 0
4747 0
4748 2
4749 1
4750 3
4751 1
4752 0
4753 3
4754 0
4755 1
4756 1
4757 2
4758 0
4759 1
4760 1
4761 2
4762 3
4763 1
4764 1
4765 2
4766 0
4767 3
4768 1
4769 1
4770 0
4771 1
4772 1
4773 2
4774 1
4775 3
4776 3
4777 1
4778 1
4779 0
4780 2
4781 3
4782 1
4783 2
4784 2
4785 2
4786 0
4787 1
4788 3
4789 1
4790 2
4791 3
4792 2
4793 3
4794 2
4795 1
4796 1
4797 1
4798 2
4799 0
4800 2
4801 3
4802 1
4803 3
4804 3
4805 1
4806 1
4807 0
4808 0
4809 3
4810 3
4811 3
4812 3
4813 1
4814 3
4815 0
4816 1
4817 1
4818 2
4819 2
4820 2
4821 1
4822 1
4823 1
4824 1
4825 1
4826 0
4827 2
4828 0
4829 2
4830 2
4831 3
4832 0
4833 1
4834 2
4835 0
4836 2
4837 1
4838 1
4839 2
4840 2
4841 1
4842 3
4843 2
4844 2
4845 1
4846 1
4847 3
4848 1
4849 2
4850 1
4851 0
4852 1
4853 0
4854 2
4855 2
4856 2
4857 3
4858 3
4859 2
4860 2
4861 0
4862 0
4863 0
4864 0
4865 0
4866 0
4867 1
4868 1
4869 1
4870 2
4871 2
4872 1
4873 1
4874 0
4875 3
4876 1
4877 2
4878 2
4879 1
4880 0
4881 0
4882 2
4883 2
4884 2
4885 0
4886 2
4887 1
4888 0
4889 0
4890 0
4891 0
4892 3
4893 1
4894 0
4895 1
4896 2
4897 0
4898 0
4899 3
4900 3
4901 1
4902 2
4903 2
4904 1
4905 2
4906 0
4907 2
4908 0
4909 1
4910 2
4911 1
4912 1
4913 1
4914 3
4915 3
4916 2
4917 3
4918 3
4919 3
4920 2
4921 3
4922 1
4923 1
4924 2
4925 3
4926 1
4927 2
4928 1
4929 3
4930 0
4931 2
4932 2
4933 1
4934 1
4935 0
4936 3
4937 0
4938 3
4939 1
4940 3
4941 1
4942 3
4943 1
4944 0
4945 1
4946 0
4947 2
4948 0
4949 1
4950 0
4951 2
4952 0
4953 1
4954 1
4955 0
4956 3
4957 0
4958 3
4959 3
4960 1
4961 3
4962 1
4963 3
4964 1
4965 0
4966 0
4967 2
4968 2
4969 3
4970 0
4971 3
4972 2
4973 0
4974 3
4975 1
4976 0
4977 0
4978 0
4979 0
4980 3
4981 0
4982 0
4983 2
4984 0
4985 2
4986 2
4987 1
4988 3
4989 2
4990 0
4991 0
4992 1
4993 2
4994 2
4995 1
4996 1
4997 2
4998 1
4999 2
5000 0
5001 2
5002 2
5003 1
5004 1
5005 1
5006 0
5007 2
5008 3
5009 1
5010 1
5011 0
5012 0
5013 0
5014 1
5015 2
5016 0
5017 1
5018 1
5019 1
5020 1
5021 1
5022 2
5023 1
5024 1
5025 2
5026 3
5027 1
5028 1
5029 1
5030 3
5031 2
5032 2
5033 1
5034 3
5035 0
5036 1
5037 1
5038 0
5039 1
5040 2
5041 1
5042 2
5043 0
5044 2
5045 1
5046 0
5047 2
5048 0
5049 2
5050 1
5051 0
5052 2
5053 2
5054 2
5055 1
5056 3
5057 2
5058 2
5059 2
5060 2
5061 2
5062 2
5063 3
5064 1
5065 2
5066 0
5067 2
5068 2
5069 3
5070 3
5071 3
5072 3
5073 1
5074 2
5075 1
5076 1
5077 2
5078 2
5079 2
5080 0
5081 1
5082 1
5083 0
5084 0
5085 2
5086 2
5087 3
5088 2
5089 2
5090 3
5091 3
5092 1
5093 1
5094 3
5095 2
5096 3
5097 1
5098 3
5099 1
5100 1
5101 1
5102 0
5103 2
5104 2
5105 1
5106 1
5107 3
5108 1
5109 0
5110 0
5111 2
5112 2
5113 2
5114 2
5115 1
5116 1
5117 1
5118 1
5119 1
5120 2
5121 0
5122 1
5123 1
5124 2
5125 2
5126 0
5127 1
5128 2
5129 2
5130 3
5131 2
5132 2
5133 2
5134 1
5135 2
5136 2
5137 2
5138 0
5139 3
5140 1
5141 3
5142 0
5143 1
5144 3
5145 2
5146 1
5147 1
5148 0
5149 0
5150 2
5151 0
5152 0
5153 2
5154 2
5155 1
5156 0
5157 3
5158 0
5159 2
5160 1
5161 3
5162 1
5163 3
5164 1
5165 1
5166 2
5167 1
5168 1
5169 2
5170 1
5171 1
5172 1
5173 0
5174 3
5175 0
5176 1
5177 0
5178 2
5179 1
5180 3
5181 1
5182 1
5183 1
5184 1
5185 0
5186 1
5187 3
5188 1
5189 0
5190 1
5191 0
5192 3
5193 3
5194 1
5195 2
5196 2
5197 0
5198 1
5199 1
5200 2
5201 2
5202 0
5203 2
5204 2
5205 1
5206 0
5207 0
5208 1
5209 1
5210 1
5211 1
5212 0
5213 3
5214 1
5215 2
5216 2
5217 2
5218 0
5219 2
5220 0
5221 0
5222 0
5223 3
5224 1
5225 2
5226 2
5227 1
5228 3
5229 1
5230 2
5231 0
5232 2
5233 1
5234 3
5235 3
5236 0
5237 1
5238 2
5239 0
5240 1
5241 2
5242 1
5243 2
5244 2
5245 2
5246 2
5247 3
5248 1
5249 3
5250 2
5251 1
5252 3
5253 3
5254 0
5255 1
5256 0
5257 2
5258 1
5259 2
5260 2
5261 1
5262 1
5263 2
5264 2
5265 2
5266 1
5267 2
5268 1
5269 2
5270 0
5271 3
5272 1
5273 2
5274 0
5275 3
5276 2
5277 1
5278 2
5279 2
5280 1
5281 1
5282 3
5283 2
5284 2
5285 0
5286 3
5287 2
5288 1
5289 1
5290 3
5291 3
5292 1
5293 1
5294 2
5295 1
5296 0
5297 3
5298 0
5299 2
5300 1
5301 1
5302 0
5303 2
5304 2
5305 1
5306 1
5307 3
5308 1
5309 1
5310 1
5311 2
5312 0
5313 2
5314 1
5315 2
5316 1
5317 2
5318 1
5319 1
5320 3
5321 1
5322 3
5323 3
5324 1
5325 2
5326 2
5327 2
5328 1
5329 1
5330 2
5331 2
5332 2
5333 3
5334 3
5335 1
5336 1
5337 2
5338 1
5339 1
5340 3
5341 1
5342 0
5343 2
5344 2
5345 1
5346 3
5347 2
5348 1
5349 3
5350 2
5351 0
5352 2
5353 1
5354 2
5355 1
5356 0
5357 1
5358 1
5359 2
5360 3
5361 3
5362 0
5363 1
5364 3
5365 2
5366 1
5367 2
5368 1
5369 1
5370 0
5371 1
5372 3
5373 0
5374 2
5375 1
5376 1
5377 2
5378 1
5379 1
5380 2
5381 1
5382 1
5383 1
5384 3
5385 3
5386 2
5387 2
5388 0
5389 3
5390 3
5391 1
5392 0
5393 1
5394 1
5395 3
5396 2
5397 1
5398 1
5399 1
5400 2
5401 1
5402 1
5403 1
5404 3
5405 2
5406 0
5407 1
5408 1
5409 3
5410 1
5411 1
5412 2
5413 1
5414 1
5415 1
5416 2
5417 0
5418 2
5419 1
5420 2
5421 1
5422 2
5423 2
5424 1
5425 3
5426 0
5427 2
5428 3
5429 3
5430 3
5431 2
5432 1
5433 0
5434 1
5435 1
5436 3
5437 3
5438 2
5439 2
5440 3
5441 1
5442 3
5443 1
5444 1
5445 3
5446 1
5447 0
5448 3
5449 2
5450 1
5451 3
5452 0
5453 2
5454 1
5455 3
5456 3
5457 1
5458 1
5459 3
5460 3
5461 3
5462 1
5463 2
5464 3
5465 3
5466 3
5467 2
5468 2
5469 2
5470 1
5471 1
5472 3
5473 3
5474 3
5475 0
5476 0
5477 3
5478 0
5479 3
5480 0
5481 2
5482 3
5483 2
5484 3
5485 3
5486 3
5487 0
5488 2
5489 1
5490 2
5491 0
5492 1
5493 3
5494 1
5495 3
5496 1
5497 2
5498 3
5499 3
5500 2
5501 2
5502 2
5503 2
5504 0
5505 2
5506 1
5507 2
5508 0
5509 2
5510 3
5511 0
5512 2
5513 0
5514 1
5515 0
5516 1
5517 0
5518 2
5519 0
5520 1
5521 1
5522 2
5523 1
5524 3
5525 1
5526 1
5527 1
5528 1
5529 0
5530 2
5531 3
5532 2
5533 0
5534 2
5535 1
5536 3
5537 1
5538 0
5539 1
5540 1
5541 3
5542 3
5543 1
5544 2
5545 1
5546 2
5547 1
5548 2
5549 2
5550 0
5551 0
5552 1
5553 2
5554 2
5555 1
5556 2
5557 0
5558 1
5559 1
5560 2
5561 2
5562 3
5563 1
5564 1
5565 1
5566 3
5567 1
5568 1
5569 1
5570 3
5571 1
5572 2
5573 1
5574 1
5575 3
5576 1
5577 2
5578 2
5579 0
5580 0
5581 0
5582 1
5583 2
5584 3
5585 1
5586 0
5587 1
5588 2
5589 2
5590 0
5591 2
5592 1
5593 0
5594 1
5595 2
5596 1
5597 0
5598 0
5599 1
5600 1
5601 1
5602 2
5603 2
5604 2
5605 2
5606 2
5607 3
5608 1
5609 1
5610 1
5611 1
5612 2
5613 1
5614 0
5615 2
5616 0
5617 0
5618 0
5619 1
5620 2
5621 0
5622 0
5623 3
5624 3
5625 1
5626 1
5627 1
5628 0
5629 0
5630 0
5631 0
5632 0
5633 1
5634 1
5635 2
5636 2
5637 1
5638 0
5639 0
5640 1
5641 2
5642 0
5643 0
5644 2
5645 2
5646 0
5647 1
5648 1
5649 1
5650 0
5651 3
5652 1
5653 1
5654 2
5655 3
5656 3
5657 3
5658 1
5659 1
5660 2
5661 0
5662 1
5663 1
5664 2
5665 3
5666 3
5667 1
5668 3
5669 2
5670 2
5671 1
5672 1
5673 2
5674 3
5675 2
5676 3
5677 3
5678 2
5679 1
5680 1
5681 0
5682 0
5683 0
5684 2
5685 0
5686 3
5687 1
5688 1
5689 1
5690 2
5691 2
5692 0
5693 1
5694 0
5695 1
5696 1
5697 1
5698 2
5699 1
5700 2
5701 2
5702 1
5703 2
5704 0
5705 0
5706 1
5707 1
5708 2
5709 1
5710 1
5711 1
5712 3
5713 3
5714 2
5715 1
5716 0
5717 0
5718 3
5719 3
5720 1
5721 1
5722 0
5723 1
5724 2
5725 1
5726 1
5727 2
5728 1
5729 3
5730 0
5731 2
5732 2
5733 2
5734 2
5735 1
5736 1
5737 1
5738 1
5739 0
5740 3
5741 3
5742 0
5743 0
5744 2
5745 1
5746 1
5747 2
5748 0
5749 2
5750 1
5751 2
5752 0
5753 2
5754 0
5755 2
5756 1
5757 1
5758 2
5759 1
5760 0
5761 0
5762 2
5763 2
5764 0
5765 1
5766 3
5767 1
5768 0
5769 2
5770 1
5771 0
5772 1
5773 3
5774 1
5775 1
5776 3
5777 1
5778 1
5779 1
5780 1
5781 1
5782 1
5783 1
5784 1
5785 1
5786 1
5787 1
5788 1
5789 1
5790 1
5791 1
5792 1
5793 1
5794 1
5795 1
5796 1
5797 1
5798 1
5799 1
5800 0
5801 3
5802 1
5803 1
5804 1
5805 1
5806 1
5807 1
5808 1
5809 1
5810 0
5811 3
5812 2
5813 2
5814 0
5815 1
5816 0
5817 1
5818 1
5819 0
5820 3
5821 2
5822 1
5823 0
5824 2
5825 2
5826 1
5827 1
5828 0
5829 2
5830 0
5831 0
5832 3
5833 2
5834 2
5835 2
5836 2
5837 2
5838 3
5839 2
5840 2
5841 0
5842 1
5843 1
5844 3
5845 3
5846 1
5847 1
5848 0
5849 0
5850 1
5851 1
5852 1
5853 3
5854 1
5855 2
5856 2
5857 2
5858 1
5859 1
5860 1
5861 1
5862 2
5863 3
5864 2
5865 1
5866 2
5867 1
5868 1
5869 1
5870 1
5871 3
5872 1
5873 1
5874 2
5875 1
5876 2
5877 1
5878 3
5879 1
5880 2
5881 0
5882 1
5883 1
5884 0
5885 3
5886 2
5887 2
5888 2
5889 2
5890 1
5891 0
5892 2
5893 2
5894 2
5895 3
5896 2
5897 0
5898 0
5899 1
5900 2
5901 0
5902 0
5903 0
5904 1
5905 1
5906 0
5907 0
5908 3
5909 2
5910 3
5911 2
5912 1
5913 0
5914 0
5915 3
5916 2
5917 0
5918 1
5919 0
5920 3
5921 0
5922 1
5923 2
5924 3
5925 0
5926 0
5927 1
5928 0
5929 3
5930 2
5931 2
5932 1
5933 0
5934 0
5935 3
5936 0
5937 2
5938 2
5939 1
5940 0
5941 1
5942 2
5943 1
5944 1
5945 0
5946 3
5947 0
5948 0
5949 0
5950 2
5951 0
5952 0
5953 0
5954 3
5955 2
5956 1
5957 1
5958 1
5959 0
5960 1
5961 1
5962 1
5963 2
5964 2
5965 1
5966 0
5967 1
5968 3
5969 3
5970 2
5971 1
5972 1
5973 2
5974 0
5975 0
5976 0
5977 1
5978 1
5979 2
5980 0
5981 2
5982 2
5983 1
5984 1
5985 2
5986 2
5987 2
5988 1
5989 2
5990 2
5991 3
5992 1
5993 0
5994 2
5995 1
5996 2
5997 1
5998 3
5999 1
6000 1
6001 1
6002 1
6003 1
6004 1
6005 1
6006 1
6007 1
6008 1
6009 1
6010 1
6011 1
6012 1
6013 1
6014 0
6015 2
6016 3
6017 1
6018 1
6019 3
6020 2
6021 2
6022 3
6023 3
6024 3
6025 1
6026 2
6027 3
6028 2
6029 0
6030 3
6031 0
6032 2
6033 0
6034 0
6035 0
6036 0
6037 1
6038 1
6039 1
6040 1
6041 3
6042 3
6043 3
6044 0
6045 0
6046 1
6047 2
6048 2
6049 0
6050 1
6051 3
6052 2
6053 1
6054 1
6055 1
6056 1
6057 1
6058 2
6059 3
6060 1
6061 1
6062 0
6063 2
6064 2
6065 3
6066 1
6067 1
6068 1
6069 3
6070 0
6071 0
6072 1
6073 2
6074 2
6075 1
6076 1
6077 2
6078 1
6079 2
6080 1
6081 2
6082 1
6083 1
6084 3
6085 0
6086 0
6087 0
6088 1
6089 0
6090 0
6091 2
6092 3
6093 1
6094 0
6095 1
6096 2
6097 1
6098 0
6099 3
6100 3
6101 2
6102 2
6103 2
6104 2
6105 3
6106 2
6107 2
6108 1
6109 0
6110 1
6111 2
6112 2
6113 2
6114 0
6115 0
6116 1
6117 1
6118 1
6119 1
6120 2
6121 0
6122 3
6123 1
6124 3
6125 0
6126 0
6127 2
6128 2
6129 1
6130 1
6131 1
6132 0
6133 2
6134 2
6135 2
6136 0
6137 1
6138 3
6139 3
6140 0
6141 0
6142 2
6143 1
6144 1
6145 3
6146 1
6147 3
6148 0
6149 1
6150 1
6151 2
6152 0
6153 2
6154 3
6155 1
6156 2
6157 1
6158 1
6159 1
6160 3
6161 2
6162 2
6163 1
6164 0
6165 3
6166 3
6167 2
6168 3
6169 3
6170 1
6171 1
6172 3
6173 0
6174 1
6175 0
6176 2
6177 3
6178 3
6179 1
6180 2
6181 2
6182 3
6183 3
6184 3
6185 3
6186 1
6187 3
6188 3
6189 2
6190 0
6191 1
6192 1
6193 2
6194 1
6195 0
6196 1
6197 2
6198 0
6199 3
6200 2
6201 1
6202 1
6203 0
6204 1
6205 3
6206 2
6207 0
6208 3
6209 3
6210 0
6211 0
6212 0
6213 0
6214 0
6215 3
6216 3
6217 3
6218 3
6219 0
6220 1
6221 3
6222 3
6223 2
6224 1
6225 1
6226 2
6227 1
6228 1
6229 1
6230 2
6231 1
6232 1
6233 2
6234 3
6235 2
6236 1
6237 1
6238 1
6239 1
6240 3
6241 3
6242 1
6243 1
6244 2
6245 2
6246 0
6247 1
6248 3
6249 1
6250 1
6251 1
6252 1
6253 1
6254 2
6255 0
6256 2
6257 3
6258 1
6259 3
6260 3
6261 3
6262 1
6263 3
6264 2
6265 2
6266 2
6267 1
6268 3
6269 3
6270 3
6271 1
6272 3
6273 3
6274 3
6275 1
6276 2
6277 1
6278 2
6279 2
6280 0
6281 2
6282 2
6283 2
6284 0
6285 3
6286 1
6287 0
6288 1
6289 0
6290 3
6291 1
6292 1
6293 0
6294 3
6295 1
6296 1
6297 3
6298 1
6299 0
6300 1
6301 1
6302 2
6303 1
6304 2
6305 3
6306 0
6307 3
6308 2
6309 0
6310 1
6311 0
6312 2
6313 1
6314 0
6315 1
6316 1
6317 0
6318 3
6319 2
6320 3
6321 1
6322 3
6323 1
6324 3
6325 3
6326 2
6327 2
6328 3
6329 3
6330 1
6331 2
6332 1
6333 2
6334 1
6335 1
6336 2
6337 3
6338 0
6339 3
6340 0
6341 0
6342 3
6343 1
6344 1
6345 1
6346 1
6347 1
6348 1
6349 1
6350 1
6351 1
6352 1
6353 1
6354 1
6355 3
6356 0
6357 2
6358 0
6359 0
6360 1
6361 0
6362 1
6363 1
6364 1
6365 0
6366 2
6367 0
6368 2
6369 1
6370 1
6371 1
6372 1
6373 1
6374 1
6375 2
6376 1
6377 1
6378 1
6379 1
6380 1
6381 1
6382 3
6383 2
6384 0
6385 3
6386 1
6387 1
6388 3
6389 1
6390 1
6391 0
6392 3
6393 1
6394 2
6395 1
6396 1
6397 0
6398 0
6399 1
6400 1
6401 2
6402 1
6403 1
6404 1
6405 3
6406 1
6407 1
6408 3
6409 1
6410 3
6411 1
6412 0
6413 1
6414 2
6415 1
6416 1
6417 1
6418 1
6419 1
6420 3
6421 1
6422 2
6423 1
6424 1
6425 1
6426 0
6427 3
6428 3
6429 1
6430 0
6431 1
6432 3
6433 1
6434 1
6435 1
6436 0
6437 3
6438 1
6439 1
6440 0
6441 1
6442 1
6443 1
6444 1
6445 1
6446 1
6447 3
6448 2
6449 1
6450 1
6451 3
6452 1
6453 1
6454 1
6455 0
6456 3
6457 1
6458 1
6459 3
6460 0
6461 1
6462 2
6463 1
6464 1
6465 1
6466 1
6467 1
6468 0
6469 1
6470 1
6471 1
6472 1
6473 0
6474 1
6475 1
6476 2
6477 2
6478 1
6479 3
6480 1
6481 1
6482 0
6483 1
6484 1
6485 1
6486 1
6487 0
6488 1
6489 1
6490 1
6491 3
6492 1
6493 1
6494 1
6495 2
6496 1
6497 1
6498 1
6499 1
6500 1
6501 0
6502 3
6503 1
6504 1
6505 2
6506 1
6507 1
6508 1
6509 2
6510 0
6511 1
6512 1
6513 3
6514 1
6515 2
6516 1
6517 2
6518 3
6519 3
6520 1
6521 1
6522 1
6523 1
6524 1
6525 1
6526 1
6527 0
6528 1
6529 1
6530 0
6531 1
6532 1
6533 2
6534 0
6535 1
6536 3
6537 1
6538 1
6539 1
6540 3
6541 1
6542 1
6543 3
6544 1
6545 3
6546 1
6547 1
6548 0
6549 1
6550 2
6551 1
6552 1
6553 3
6554 1
6555 3
6556 1
6557 1
6558 1
6559 1
6560 0
6561 0
6562 1
6563 1
6564 0
6565 1
6566 0
6567 1
6568 1
6569 1
6570 1
6571 1
6572 1
6573 1
6574 1
6575 0
6576 1
0 0
1 1
2 2
3 3
1e-06 0.127428 71
