0 0
1 0
2 1
3 4
4 0
5 0
6 0
7 0
8 0
9 0
10 0
11 0
12 0
13 4
14 0
15 0
16 0
17 0
18 0
19 0
20 0
21 0
22 0
23 0
24 0
25 0
26 0
27 2
28 0
29 0
30 0
31 4
32 0
33 0
34 0
35 0
36 0
37 0
38 2
39 0
40 0
41 4
42 0
43 0
44 0
45 4
46 0
47 0
48 4
49 0
50 0
51 0
52 0
53 0
54 0
55 0
56 4
57 0
58 4
59 0
60 0
61 0
62 0
63 0
64 0
65 0
66 0
67 0
68 2
69 0
70 0
71 0
72 0
73 0
74 0
75 0
76 0
77 0
78 0
79 4
80 0
81 0
82 2
83 0
84 0
85 0
86 0
87 0
88 0
89 0
90 0
91 0
92 0
93 2
94 2
95 0
96 2
97 1
98 4
99 0
100 0
101 3
102 1
103 2
104 2
105 1
106 4
107 1
108 0
109 0
110 0
111 2
112 0
113 2
114 3
115 1
116 1
117 0
118 0
119 1
120 0
121 2
122 2
123 0
124 2
125 0
126 2
127 2
128 3
129 4
130 0
131 2
132 0
133 0
134 2
135 2
136 2
137 2
138 0
139 2
140 0
141 2
142 0
143 2
144 0
145 0
146 2
147 0
148 0
149 2
150 0
151 2
152 2
153 0
154 0
155 0
156 2
157 4
158 2
159 2
160 4
161 2
162 2
163 0
164 0
165 2
166 0
167 2
168 0
169 0
170 0
171 0
172 0
173 0
174 0
175 0
176 1
177 4
178 0
179 0
180 1
181 1
182 2
183 3
184 2
185 1
186 1
187 1
188 1
189 0
190 4
191 0
192 0
193 1
194 3
195 4
196 4
197 0
198 4
199 2
200 2
201 1
202 0
203 4
204 1
205 3
206 1
207 0
208 1
209 0
210 0
211 1
212 0
213 4
214 0
215 3
216 4
217 0
218 4
219 1
220 1
221 0
222 0
223 1
224 4
225 1
226 4
227 2
228 4
229 2
230 0
231 4
232 4
233 2
234 0
235 1
236 1
237 1
238 0
239 1
240 0
241 1
242 3
243 1
244 1
245 1
246 1
247 1
248 1
249 0
250 1
251 2
252 1
253 1
254 0
255 0
256 0
257 1
258 0
259 0
260 1
261 3
262 1
263 2
264 3
265 2
266 4
267 2
268 2
269 2
270 2
271 0
272 4
273 0
274 4
275 4
276 0
277 1
278 4
279 0
280 0
281 4
282 2
283 1
284 2
285 2
286 1
287 0
288 3
289 2
290 1
291 0
292 4
293 4
294 2
295 1
296 1
297 2
298 1
299 2
300 0
301 1
302 1
303 1
304 2
305 4
306 1
307 1
308 1
309 1
310 0
311 1
312 2
313 0
314 4
315 2
316 2
317 2
318 4
319 1
320 0
321 2
322 2
323 3
324 0
325 2
326 4
327 1
328 1
329 2
330 1
331 1
332 4
333 1
334 1
335 0
336 0
337 2
338 2
339 0
340 0
341 0
342 2
343 4
344 3
345 2
346 0
347 0
348 2
349 1
350 2
351 4
352 2
353 2
354 2
355 2
356 4
357 2
358 2
359 4
360 2
361 2
362 0
363 2
364 4
365 3
366 2
367 1
368 4
369 0
370 2
371 2
372 2
373 2
374 1
375 2
376 1
377 4
378 2
379 0
380 2
381 2
382 2
383 2
384 4
385 2
386 0
387 2
388 0
389 2
390 1
391 4
392 2
393 2
394 2
395 2
396 0
397 0
398 4
399 1
400 2
401 0
402 3
403 2
404 2
405 2
406 2
407 2
408 2
409 2
410 2
411 0
412 2
413 0
414 1
415 1
416 0
417 2
418 2
419 2
420 2
421 4
422 2
423 2
424 2
425 2
426 1
427 0
428 0
429 2
430 2
431 1
432 2
433 2
434 0
435 0
436 2
437 2
438 2
439 1
440 2
441 1
442 0
443 2
444 4
445 2
446 0
447 2
448 1
449 2
450 2
451 1
452 2
453 2
454 0
455 0
456 2
457 4
458 0
459 1
460 2
461 0
462 2
463 2
464 2
465 2
466 0
467 4
468 0
469 0
470 0
471 4
472 0
473 0
474 1
475 1
476 1
477 1
478 1
479 1
480 1
481 1
482 1
483 1
484 3
485 1
486 1
487 1
488 1
489 1
490 1
491 4
492 1
493 1
494 1
495 2
496 1
497 1
498 1
499 4
500 1
501 4
502 1
503 1
504 1
505 8
506 1
507 1
508 1
509 1
510 1
511 1
512 1
513 4
514 1
515 1
516 1
517 1
518 1
519 1
520 1
521 1
522 1
523 1
524 1
525 1
526 1
527 1
528 2
529 2
530 1
531 1
532 4
533 1
534 1
535 4
536 1
537 1
538 1
539 1
540 1
541 1
542 1
543 1
544 1
545 2
546 1
547 2
548 2
549 1
550 2
551 1
552 1
553 1
554 1
555 4
556 4
557 4
558 4
559 1
560 2
561 1
562 1
563 1
564 1
565 1
566 1
567 2
568 4
569 1
570 4
571 1
572 2
573 1
574 4
575 1
576 1
577 1
578 1
579 1
580 1
581 4
582 1
583 1
584 1
585 0
586 1
587 4
588 2
589 1
590 1
591 1
592 1
593 1
594 2
595 1
596 0
597 1
598 4
599 4
600 1
601 1
602 1
603 1
604 1
605 4
606 1
607 1
608 1
609 1
610 1
611 0
612 0
613 0
614 4
615 0
616 0
617 0
618 0
619 0
620 0
621 4
622 0
623 0
624 0
625 0
626 0
627 0
628 0
629 0
630 0
631 0
632 2
633 0
634 0
635 0
636 0
637 0
638 0
639 0
640 0
641 2
642 0
643 0
644 0
645 0
646 0
647 0
648 0
649 0
650 0
651 0
652 0
653 0
654 0
655 4
656 0
657 0
658 0
659 0
660 0
661 1
662 0
663 0
664 0
665 0
666 1
667 0
668 0
669 0
670 0
671 4
672 0
673 0
674 0
675 0
676 2
677 0
678 0
679 0
680 0
681 0
682 2
683 0
684 0
685 0
686 0
687 0
688 0
689 3
690 0
691 0
692 0
693 0
694 0
695 0
696 0
697 0
698 0
699 0
700 0
701 0
702 0
703 0
704 0
705 0
706 0
707 0
708 0
709 0
710 2
711 0
712 0
713 0
714 0
715 0
716 0
717 0
718 0
719 0
720 0
721 0
722 0
723 0
724 0
725 0
726 0
727 0
728 0
729 0
730 3
731 0
732 0
733 0
734 0
735 0
736 0
737 0
738 0
739 0
740 0
741 0
742 0
743 0
744 0
745 0
746 0
747 0
748 0
749 0
750 0
751 0
752 0
753 0
754 3
755 0
756 0
757 0
758 1
759 0
760 0
761 0
762 0
763 0
764 0
765 0
766 0
767 0
768 4
769 3
770 0
771 0
772 0
773 0
774 0
775 0
776 0
777 2
778 2
779 0
780 0
781 0
782 0
783 0
784 0
785 0
786 0
787 0
788 0
789 0
790 0
791 0
792 0
793 0
794 0
795 0
796 0
797 0
798 0
799 2
800 0
801 0
802 0
803 0
804 0
805 0
806 0
807 0
808 0
809 0
810 0
811 3
812 0
813 0
814 0
815 0
816 0
817 0
818 0
819 0
820 1
821 4
822 4
823 4
824 4
825 4
826 4
827 4
828 4
829 4
830 4
831 4
832 4
833 4
834 4
835 4
836 4
837 4
838 4
839 4
840 4
841 4
842 4
843 4
844 4
845 4
846 0
847 2
848 0
849 0
850 0
851 0
852 0
853 0
854 0
855 0
856 0
857 0
858 0
859 0
860 0
861 0
862 0
863 0
864 0
865 0
866 0
867 0
868 0
869 0
870 0
871 0
872 2
873 0
874 0
875 0
876 3
877 0
878 0
879 0
880 3
881 0
882 0
883 0
884 0
885 0
886 0
887 0
888 2
889 0
890 0
891 0
892 4
893 0
894 0
895 0
896 0
897 0
898 0
899 0
900 0
901 0
902 0
903 0
904 0
905 0
906 0
907 0
908 0
909 0
910 3
911 0
912 0
913 0
914 0
915 0
916 0
917 0
918 0
919 0
920 0
921 0
922 0
923 0
924 0
925 0
926 0
927 0
928 0
929 0
930 0
931 0
932 2
933 0
934 0
935 0
936 0
937 0
938 0
939 0
940 0
941 0
942 3
943 0
944 0
945 0
946 4
947 4
948 0
949 0
950 0
951 0
952 0
953 2
954 0
955 0
956 0
957 0
958 0
959 0
960 0
961 0
962 0
963 0
964 0
965 0
966 3
967 4
968 0
969 0
970 0
971 0
972 0
973 0
974 3
975 0
976 4
977 4
978 4
979 0
980 0
981 0
982 0
983 0
984 0
985 0
986 0
987 0
988 4
989 0
990 0
991 4
992 4
993 4
994 4
995 4
996 4
997 0
998 4
999 0
1000 0
1001 0
1002 0
1003 0
1004 0
1005 0
1006 0
1007 0
1008 0
1009 0
1010 0
1011 0
1012 0
1013 4
1014 0
1015 0
1016 3
1017 0
1018 0
1019 0
1020 4
1021 0
1022 4
1023 0
1024 0
1025 3
1026 0
1027 4
1028 0
1029 0
1030 0
1031 0
1032 0
1033 0
1034 0
1035 0
1036 0
1037 0
1038 0
1039 0
1040 4
1041 4
1042 0
1043 0
1044 0
1045 4
1046 0
1047 1
1048 0
1049 0
1050 2
1051 2
1052 0
1053 0
1054 0
1055 0
1056 0
1057 0
1058 0
1059 0
1060 4
1061 4
1062 4
1063 0
1064 0
1065 4
1066 0
1067 2
1068 0
1069 0
1070 0
1071 2
1072 0
1073 0
1074 0
1075 0
1076 0
1077 0
1078 0
1079 0
1080 0
1081 0
1082 0
1083 3
1084 0
1085 0
1086 0
1087 0
1088 0
1089 0
1090 0
1091 0
1092 0
1093 0
1094 0
1095 0
1096 0
1097 0
1098 0
1099 0
1100 0
1101 0
1102 0
1103 2
1104 0
1105 2
1106 3
1107 4
1108 4
1109 2
1110 2
1111 0
1112 0
1113 2
1114 1
1115 2
1116 2
1117 2
1118 2
1119 2
1120 2
1121 1
1122 0
1123 2
1124 2
1125 2
1126 2
1127 0
1128 0
1129 1
1130 2
1131 1
1132 2
1133 2
1134 0
1135 2
1136 0
1137 1
1138 2
1139 2
1140 2
1141 2
1142 2
1143 4
1144 2
1145 2
1146 1
1147 2
1148 2
1149 2
1150 2
1151 2
1152 2
1153 0
1154 2
1155 2
1156 1
1157 0
1158 0
1159 0
1160 4
1161 2
1162 2
1163 2
1164 2
1165 2
1166 1
1167 2
1168 0
1169 2
1170 0
1171 2
1172 1
1173 2
1174 0
1175 1
1176 2
1177 2
1178 2
1179 0
1180 0
1181 4
1182 2
1183 0
1184 2
1185 2
1186 4
1187 1
1188 0
1189 1
1190 4
1191 2
1192 2
1193 1
1194 2
1195 4
1196 4
1197 2
1198 0
1199 4
1200 2
1201 2
1202 4
1203 0
1204 0
1205 2
1206 2
1207 2
1208 4
1209 1
1210 2
1211 2
1212 2
1213 0
1214 0
1215 2
1216 2
1217 2
1218 0
1219 2
1220 2
1221 2
1222 4
1223 2
1224 2
1225 0
1226 0
1227 2
1228 0
1229 0
1230 0
1231 4
1232 0
1233 4
1234 0
1235 1
1236 2
1237 2
1238 0
1239 2
1240 0
1241 2
1242 1
1243 1
1244 4
1245 0
1246 2
1247 2
1248 2
1249 2
1250 2
1251 2
1252 2
1253 0
1254 2
1255 2
1256 2
1257 4
1258 0
1259 2
1260 2
1261 0
1262 0
1263 0
1264 2
1265 0
1266 2
1267 0
1268 0
1269 2
1270 1
1271 1
1272 2
1273 2
1274 2
1275 2
1276 4
1277 2
1278 4
1279 0
1280 1
1281 4
1282 2
1283 2
1284 2
1285 2
1286 2
1287 2
1288 2
1289 2
1290 2
1291 2
1292 1
1293 2
1294 1
1295 2
1296 2
1297 2
1298 2
1299 2
1300 2
1301 1
1302 2
1303 2
1304 2
1305 2
1306 2
1307 2
1308 0
1309 4
1310 2
1311 4
1312 2
1313 4
1314 0
1315 1
1316 1
1317 2
1318 2
1319 4
1320 1
1321 1
1322 2
1323 2
1324 2
1325 1
1326 2
1327 0
1328 2
1329 2
1330 2
1331 4
1332 2
1333 2
1334 2
1335 2
1336 2
1337 2
1338 0
1339 2
1340 2
1341 0
1342 2
1343 0
1344 4
1345 2
1346 1
1347 4
1348 2
1349 2
1350 4
1351 1
1352 2
1353 2
1354 0
1355 2
1356 2
1357 2
1358 2
1359 2
1360 1
1361 2
1362 2
1363 0
1364 2
1365 0
1366 1
1367 0
1368 0
1369 2
1370 2
1371 2
1372 4
1373 1
1374 0
1375 2
1376 2
1377 4
1378 1
1379 2
1380 2
1381 0
1382 1
1383 2
1384 2
1385 2
1386 2
1387 1
1388 4
1389 2
1390 0
1391 0
1392 4
1393 4
1394 2
1395 2
1396 2
1397 2
1398 2
1399 2
1400 1
1401 0
1402 2
1403 2
1404 1
1405 3
1406 0
1407 2
1408 2
1409 2
1410 2
1411 0
1412 0
1413 2
1414 2
1415 2
1416 2
1417 0
1418 0
1419 2
1420 0
1421 2
1422 0
1423 0
1424 2
1425 2
1426 1
1427 0
1428 2
1429 0
1430 2
1431 0
1432 2
1433 2
1434 2
1435 2
1436 2
1437 4
1438 2
1439 1
1440 4
1441 0
1442 0
1443 1
1444 2
1445 2
1446 1
1447 2
1448 0
1449 0
1450 4
1451 0
1452 2
1453 0
1454 0
1455 2
1456 2
1457 1
1458 1
1459 2
1460 1
1461 1
1462 4
1463 2
1464 0
1465 1
1466 2
1467 0
1468 4
1469 0
1470 2
1471 0
1472 2
1473 4
1474 2
1475 2
1476 2
1477 2
1478 1
1479 2
1480 2
1481 2
1482 2
1483 2
1484 2
1485 2
1486 2
1487 1
1488 2
1489 4
1490 0
1491 2
1492 0
1493 2
1494 1
1495 1
1496 2
1497 2
1498 2
1499 2
1500 2
1501 2
1502 2
1503 4
1504 1
1505 0
1506 2
1507 2
1508 2
1509 2
1510 2
1511 2
1512 4
1513 0
1514 4
1515 0
1516 2
1517 1
1518 2
1519 2
1520 2
1521 2
1522 2
1523 2
1524 1
1525 2
1526 0
1527 2
1528 2
1529 2
1530 2
1531 2
1532 2
1533 1
1534 2
1535 2
1536 4
1537 2
1538 2
1539 1
1540 0
1541 0
1542 2
1543 2
1544 1
1545 2
1546 2
1547 0
1548 2
1549 2
1550 2
1551 2
1552 4
1553 2
1554 3
1555 2
1556 2
1557 0
1558 1
1559 2
1560 0
1561 4
1562 2
1563 2
1564 2
1565 0
1566 2
1567 2
1568 1
1569 0
1570 4
1571 0
1572 2
1573 2
1574 0
1575 0
1576 1
1577 2
1578 2
1579 1
1580 2
1581 2
1582 1
1583 2
1584 2
1585 0
1586 0
1587 0
1588 2
1589 2
1590 2
1591 0
1592 2
1593 0
1594 4
1595 1
1596 1
1597 0
1598 1
1599 1
1600 0
1601 2
1602 2
1603 2
1604 1
1605 1
1606 2
1607 1
1608 2
1609 2
1610 2
1611 2
1612 2
1613 4
1614 2
1615 1
1616 2
1617 2
1618 0
1619 0
1620 4
1621 2
1622 1
1623 2
1624 4
1625 0
1626 2
1627 4
1628 2
1629 0
1630 0
1631 2
1632 2
1633 2
1634 2
1635 0
1636 0
1637 2
1638 2
1639 0
1640 1
1641 0
1642 1
1643 4
1644 2
1645 2
1646 4
1647 1
1648 2
1649 2
1650 2
1651 4
1652 1
1653 2
1654 2
1655 2
1656 1
1657 2
1658 2
1659 2
1660 1
1661 1
1662 2
1663 2
1664 1
1665 2
1666 4
1667 2
1668 2
1669 2
1670 2
1671 0
1672 2
1673 2
1674 2
1675 0
1676 2
1677 1
1678 2
1679 2
1680 2
1681 2
1682 1
1683 0
1684 2
1685 4
1686 2
1687 0
1688 0
1689 2
1690 2
1691 2
1692 0
1693 1
1694 1
1695 4
1696 0
1697 2
1698 0
1699 2
1700 2
1701 2
1702 2
1703 2
1704 2
1705 2
1706 1
1707 2
1708 0
1709 2
1710 2
1711 0
1712 4
1713 1
1714 1
1715 1
1716 4
1717 4
1718 2
1719 4
1720 4
1721 4
1722 2
1723 4
1724 1
1725 0
1726 2
1727 4
1728 1
1729 0
1730 0
1731 0
1732 2
1733 1
1734 0
1735 2
1736 2
1737 4
1738 2
1739 2
1740 0
1741 2
1742 4
1743 4
1744 2
1745 1
1746 1
1747 1
1748 3
1749 3
1750 3
1751 3
1752 4
1753 3
1754 2
1755 2
1756 1
1757 1
1758 4
1759 0
1760 0
1761 1
1762 3
1763 3
1764 1
1765 2
1766 1
1767 2
1768 1
1769 2
1770 1
1771 2
1772 1
1773 0
1774 0
1775 0
1776 2
1777 0
1778 2
1779 4
1780 0
1781 2
1782 4
1783 2
1784 4
1785 2
1786 2
1787 2
1788 2
1789 4
1790 1
1791 0
1792 1
1793 1
1794 2
1795 2
1796 0
1797 1
1798 4
1799 2
1800 2
1801 0
1802 0
1803 3
1804 2
1805 2
1806 2
1807 2
1808 3
1809 1
1810 2
1811 0
1812 1
1813 3
1814 3
1815 2
1816 0
1817 1
1818 2
1819 2
1820 2
1821 2
1822 1
1823 2
1824 0
1825 1
1826 2
1827 1
1828 0
1829 2
1830 2
1831 2
1832 0
1833 1
1834 1
1835 1
1836 1
1837 0
1838 2
1839 2
1840 2
1841 2
1842 4
1843 0
1844 1
1845 4
1846 2
1847 0
1848 4
1849 1
1850 0
1851 4
1852 1
1853 0
1854 1
1855 2
1856 3
1857 2
1858 1
1859 0
1860 0
1861 2
1862 2
1863 0
1864 0
1865 2
1866 1
1867 1
1868 3
1869 2
1870 0
1871 2
1872 0
1873 1
1874 4
1875 2
1876 2
1877 2
1878 3
1879 1
1880 3
1881 1
1882 2
1883 2
1884 0
1885 3
1886 2
1887 1
1888 1
1889 1
1890 1
1891 0
1892 2
1893 0
1894 4
1895 2
1896 2
1897 4
1898 2
1899 2
1900 1
1901 1
1902 2
1903 1
1904 2
1905 2
1906 3
1907 4
1908 2
1909 2
1910 4
1911 2
1912 0
1913 0
1914 4
1915 1
1916 2
1917 3
1918 2
1919 6
1920 3
1921 2
1922 2
1923 2
1924 2
1925 0
1926 2
1927 2
1928 3
1929 2
1930 1
1931 1
1932 4
1933 1
1934 2
1935 2
1936 4
1937 2
1938 2
1939 2
1940 2
1941 2
1942 2
1943 4
1944 3
1945 4
1946 0
1947 1
1948 2
1949 1
1950 4
1951 2
1952 1
1953 2
1954 3
1955 2
1956 1
1957 1
1958 1
1959 3
1960 4
1961 3
1962 0
1963 1
1964 2
1965 1
1966 4
1967 2
1968 2
1969 2
1970 2
1971 1
1972 2
1973 2
1974 2
1975 1
1976 2
1977 1
1978 3
1979 2
1980 4
1981 2
1982 2
1983 0
1984 1
1985 1
1986 2
1987 0
1988 0
1989 2
1990 1
1991 2
1992 0
1993 2
1994 2
1995 2
1996 0
1997 2
1998 2
1999 0
2000 2
2001 0
2002 2
2003 0
2004 2
2005 0
2006 1
2007 1
2008 1
2009 0
2010 4
2011 4
2012 1
2013 4
2014 2
2015 1
2016 1
2017 1
2018 1
2019 2
2020 4
2021 4
2022 1
2023 1
2024 1
2025 1
2026 1
2027 3
2028 1
2029 0
2030 1
2031 4
2032 3
2033 3
2034 4
2035 3
2036 1
2037 3
2038 1
2039 4
2040 0
2041 4
2042 2
2043 0
2044 2
2045 4
2046 4
2047 4
2048 4
2049 4
2050 4
2051 4
2052 4
2053 4
2054 4
2055 4
2056 4
2057 4
2058 3
2059 4
2060 2
2061 1
2062 2
2063 2
2064 4
2065 2
2066 2
2067 2
2068 1
2069 2
2070 0
2071 2
2072 2
2073 2
2074 0
2075 2
2076 2
2077 0
2078 0
2079 0
2080 2
2081 2
2082 1
2083 2
2084 2
2085 2
2086 0
2087 1
2088 2
2089 1
2090 4
2091 2
2092 0
2093 4
2094 4
2095 1
2096 2
2097 2
2098 0
2099 0
2100 4
2101 2
2102 1
2103 1
2104 1
2105 1
2106 4
2107 1
2108 1
2109 4
2110 2
2111 2
2112 4
2113 4
2114 1
2115 1
2116 1
2117 1
2118 4
2119 1
2120 1
2121 4
2122 4
2123 2
2124 1
2125 0
2126 2
2127 1
2128 4
2129 2
2130 2
2131 4
2132 4
2133 4
2134 4
2135 1
2136 1
2137 1
2138 1
2139 4
2140 4
2141 1
2142 2
2143 2
2144 2
2145 1
2146 2
2147 1
2148 2
2149 1
2150 1
2151 1
2152 1
2153 1
2154 4
2155 4
2156 4
2157 1
2158 1
2159 4
2160 1
2161 1
2162 1
2163 4
2164 4
2165 4
2166 2
2167 4
2168 4
2169 1
2170 4
2171 4
2172 4
2173 1
2174 1
2175 4
2176 2
2177 1
2178 0
2179 2
2180 4
2181 1
2182 1
2183 0
2184 4
2185 0
2186 4
2187 1
2188 4
2189 4
2190 4
2191 4
2192 4
2193 1
2194 1
2195 0
2196 0
2197 1
2198 4
2199 1
2200 1
2201 1
2202 1
2203 4
2204 1
2205 4
2206 0
2207 4
2208 4
2209 1
2210 4
2211 0
2212 4
2213 0
2214 1
2215 1
2216 1
2217 1
2218 4
2219 1
2220 1
2221 1
2222 2
2223 2
2224 1
2225 1
2226 1
2227 1
2228 4
2229 0
2230 1
2231 4
2232 1
2233 4
2234 1
2235 4
2236 1
2237 4
2238 1
2239 1
2240 2
2241 4
2242 0
2243 2
2244 1
2245 1
2246 1
2247 2
2248 2
2249 2
2250 2
2251 2
2252 2
2253 2
2254 2
2255 1
2256 2
2257 0
2258 0
2259 2
2260 2
2261 2
2262 0
2263 2
2264 2
2265 2
2266 0
2267 0
2268 2
2269 2
2270 2
2271 2
2272 2
2273 2
2274 2
2275 0
2276 2
2277 0
2278 2
2279 2
2280 2
2281 2
2282 0
2283 2
2284 1
2285 1
2286 2
2287 2
2288 1
2289 0
2290 2
2291 0
2292 0
2293 2
2294 2
2295 0
2296 2
2297 2
2298 2
2299 2
2300 2
2301 1
2302 2
2303 2
2304 2
2305 2
2306 1
2307 2
2308 2
2309 2
2310 2
2311 2
2312 1
2313 2
2314 2
2315 2
2316 2
2317 2
2318 1
2319 2
2320 1
2321 2
2322 2
2323 2
2324 2
2325 1
2326 0
2327 2
2328 2
2329 2
2330 2
2331 3
2332 1
2333 2
2334 4
2335 0
2336 2
2337 2
2338 2
2339 2
2340 2
2341 0
2342 2
2343 2
2344 2
2345 2
2346 2
2347 0
2348 0
2349 4
2350 0
2351 2
2352 2
2353 0
2354 2
2355 2
2356 2
2357 4
2358 2
2359 2
2360 0
2361 0
2362 2
2363 2
2364 2
2365 0
2366 0
2367 2
2368 0
2369 0
2370 0
2371 2
2372 2
2373 4
2374 2
2375 2
2376 2
2377 0
2378 0
2379 2
2380 2
2381 2
2382 2
2383 2
2384 1
2385 2
2386 0
2387 2
2388 2
2389 2
2390 2
2391 2
2392 0
2393 2
2394 1
2395 2
2396 2
2397 0
2398 0
2399 4
2400 4
2401 0
2402 2
2403 2
2404 2
2405 1
2406 2
2407 0
2408 2
2409 2
2410 0
2411 2
2412 0
2413 4
2414 2
2415 1
2416 0
2417 2
2418 2
2419 2
2420 4
2421 2
2422 2
2423 0
2424 1
2425 2
2426 2
2427 2
2428 1
2429 2
2430 2
2431 0
2432 2
2433 0
2434 2
2435 2
2436 2
2437 2
2438 4
2439 2
2440 2
2441 2
2442 0
2443 2
2444 2
2445 2
2446 0
2447 4
2448 2
2449 2
2450 0
2451 2
2452 2
2453 0
2454 0
2455 2
2456 2
2457 2
2458 0
2459 2
2460 2
2461 1
2462 2
2463 0
2464 2
2465 2
2466 2
2467 2
2468 2
2469 2
2470 2
2471 4
2472 2
2473 1
2474 2
2475 2
2476 2
2477 0
2478 0
2479 2
2480 2
2481 2
2482 4
2483 2
2484 2
2485 2
2486 0
2487 2
2488 2
2489 4
2490 1
2491 2
2492 2
2493 2
2494 1
2495 2
2496 0
2497 2
2498 2
2499 2
2500 2
2501 0
2502 1
2503 2
2504 0
2505 2
2506 2
2507 2
2508 2
2509 1
2510 2
2511 4
2512 0
2513 2
2514 1
2515 2
2516 4
2517 2
2518 2
2519 2
2520 2
2521 2
2522 2
2523 2
2524 2
2525 2
2526 2
2527 1
2528 2
2529 2
2530 2
2531 2
2532 2
2533 2
2534 0
2535 2
2536 2
2537 2
2538 2
2539 1
2540 2
2541 0
2542 1
2543 2
2544 2
2545 2
2546 2
2547 2
2548 2
2549 4
2550 2
2551 0
2552 2
2553 0
2554 2
2555 0
2556 1
2557 2
2558 2
2559 2
2560 0
2561 1
2562 2
2563 2
2564 2
2565 2
2566 2
2567 0
2568 2
2569 0
2570 2
2571 2
2572 2
2573 0
2574 2
2575 1
2576 2
2577 2
2578 2
2579 2
2580 1
2581 4
2582 2
2583 2
2584 0
2585 2
2586 2
2587 0
2588 4
2589 2
2590 0
2591 2
2592 2
2593 2
2594 0
2595 2
2596 1
2597 1
2598 2
2599 2
2600 2
2601 2
2602 0
2603 1
2604 2
2605 2
2606 1
2607 1
2608 0
2609 2
2610 0
2611 2
2612 1
2613 0
2614 2
2615 2
2616 0
2617 2
2618 2
2619 2
2620 2
2621 2
2622 2
2623 2
2624 1
2625 2
2626 2
2627 1
2628 2
2629 2
2630 2
2631 2
2632 2
2633 1
2634 2
2635 1
2636 0
2637 2
2638 2
2639 2
2640 0
2641 2
2642 2
2643 2
2644 2
2645 0
2646 2
2647 2
2648 2
2649 2
2650 2
2651 2
2652 2
2653 2
2654 2
2655 0
2656 3
2657 2
2658 2
2659 2
2660 2
2661 1
2662 0
2663 2
2664 2
2665 1
2666 4
2667 2
2668 1
2669 2
2670 2
2671 2
2672 4
2673 2
2674 2
2675 2
2676 2
2677 2
2678 2
2679 2
2680 2
2681 2
2682 2
2683 2
2684 2
2685 0
2686 2
2687 0
2688 1
2689 2
2690 0
2691 0
2692 2
2693 1
2694 2
2695 2
2696 2
2697 2
2698 2
2699 2
2700 2
2701 2
2702 2
2703 2
2704 2
2705 2
2706 2
2707 4
2708 4
2709 2
2710 0
2711 0
2712 2
2713 0
2714 2
2715 1
2716 4
2717 2
2718 0
2719 4
2720 1
2721 1
2722 1
2723 1
2724 1
2725 2
2726 1
2727 4
2728 3
2729 4
2730 4
2731 2
2732 1
2733 4
2734 4
2735 4
2736 4
2737 4
2738 4
2739 4
2740 4
2741 4
2742 3
2743 1
2744 4
2745 4
2746 2
2747 1
2748 1
2749 4
2750 2
2751 1
2752 1
2753 4
2754 2
2755 0
2756 4
2757 1
2758 2
2759 3
2760 4
2761 1
2762 4
2763 4
2764 0
2765 1
2766 2
2767 1
2768 1
2769 2
2770 4
2771 4
2772 2
2773 4
2774 1
2775 4
2776 1
2777 4
2778 2
2779 2
2780 2
2781 2
2782 1
2783 1
2784 0
2785 1
2786 2
2787 2
2788 4
2789 2
2790 2
2791 2
2792 2
2793 2
2794 2
2795 2
2796 2
2797 2
2798 4
2799 2
2800 2
2801 2
2802 2
2803 1
2804 3
2805 2
2806 4
2807 4
2808 4
2809 2
2810 2
2811 2
2812 2
2813 1
2814 2
2815 1
2816 4
2817 1
2818 2
2819 4
2820 1
2821 2
2822 1
2823 1
2824 2
2825 1
2826 4
2827 2
2828 1
2829 2
2830 2
2831 2
2832 2
2833 2
2834 2
2835 1
2836 2
2837 4
2838 4
2839 4
2840 0
2841 2
2842 2
2843 2
2844 0
2845 2
2846 2
2847 0
2848 2
2849 3
2850 2
2851 0
2852 2
2853 1
2854 2
2855 0
2856 4
2857 2
2858 0
2859 4
2860 4
2861 2
2862 0
2863 2
2864 2
2865 2
2866 2
2867 0
2868 4
2869 2
2870 2
2871 2
2872 2
2873 4
2874 1
2875 1
2876 2
2877 3
2878 4
2879 4
2880 4
2881 4
2882 4
2883 4
2884 4
2885 4
2886 4
2887 4
2888 4
2889 4
2890 4
2891 1
2892 4
2893 0
2894 0
2895 4
2896 2
2897 0
2898 0
2899 0
2900 2
2901 1
2902 4
2903 1
2904 1
2905 4
2906 1
2907 4
2908 1
2909 4
2910 1
2911 4
2912 4
2913 2
2914 4
2915 1
2916 1
2917 2
2918 4
2919 4
2920 4
2921 4
2922 4
2923 4
2924 4
2925 1
2926 5
2927 5
2928 1
2929 1
2930 2
2931 2
2932 4
2933 2
2934 1
2935 2
2936 4
2937 1
2938 2
2939 1
2940 1
2941 4
2942 1
2943 3
2944 1
2945 4
2946 1
2947 2
2948 2
2949 1
2950 4
2951 2
2952 4
2953 1
2954 2
2955 4
2956 1
2957 3
2958 2
2959 2
2960 1
2961 1
2962 2
2963 2
2964 1
2965 4
2966 0
2967 4
2968 4
2969 4
2970 1
2971 4
2972 3
2973 2
2974 4
2975 4
2976 4
2977 4
2978 2
2979 2
2980 2
2981 2
2982 4
2983 4
2984 4
2985 2
2986 2
2987 2
2988 1
2989 2
2990 1
2991 3
2992 2
2993 2
2994 2
2995 1
2996 2
2997 1
2998 0
2999 1
3000 1
3001 1
3002 2
3003 0
3004 3
3005 2
3006 4
3007 4
3008 1
3009 2
3010 4
3011 2
3012 1
3013 2
3014 4
3015 2
3016 1
3017 2
3018 4
3019 4
3020 4
3021 4
3022 4
3023 4
3024 1
3025 1
3026 2
3027 1
3028 3
3029 0
3030 4
3031 0
3032 2
3033 1
3034 2
3035 0
3036 4
3037 4
3038 4
3039 1
3040 1
3041 1
3042 4
3043 2
3044 4
3045 1
3046 4
3047 4
3048 1
3049 1
3050 2
3051 2
3052 1
3053 1
3054 3
3055 4
3056 2
3057 4
3058 4
3059 4
3060 4
3061 4
3062 4
3063 4
3064 4
3065 4
3066 4
3067 4
3068 4
3069 4
3070 4
3071 0
3072 4
3073 4
3074 4
3075 4
3076 4
3077 4
3078 4
3079 4
3080 4
3081 4
3082 4
3083 4
3084 4
3085 2
3086 1
3087 1
3088 2
3089 2
3090 2
3091 4
3092 2
3093 1
3094 1
3095 1
3096 4
3097 4
3098 3
3099 2
3100 1
3101 4
3102 2
3103 2
3104 2
3105 3
3106 2
3107 2
3108 2
3109 1
3110 4
3111 4
3112 4
3113 4
3114 1
3115 2
3116 4
3117 2
3118 1
3119 0
3120 4
3121 1
3122 1
3123 0
3124 4
3125 1
3126 2
3127 1
3128 1
3129 2
3130 2
3131 1
3132 2
3133 0
3134 2
3135 2
3136 4
3137 1
3138 4
3139 4
3140 2
3141 4
3142 4
3143 2
3144 1
3145 3
3146 0
3147 0
3148 2
3149 1
3150 2
3151 2
3152 2
3153 1
3154 2
3155 4
3156 4
3157 4
3158 4
3159 3
3160 1
3161 1
3162 4
3163 4
3164 1
3165 0
3166 2
3167 4
3168 1
3169 4
3170 4
3171 4
3172 4
3173 4
3174 4
3175 1
3176 4
3177 2
3178 2
3179 2
3180 2
3181 1
3182 2
3183 2
3184 4
3185 2
3186 1
3187 2
3188 4
3189 2
3190 2
3191 4
3192 4
3193 4
3194 3
3195 1
3196 1
3197 4
3198 2
3199 1
3200 1
3201 2
3202 4
3203 2
3204 0
3205 1
3206 4
3207 2
3208 2
3209 2
3210 4
3211 4
3212 4
3213 4
3214 4
3215 4
3216 4
3217 2
3218 4
3219 4
3220 1
3221 2
3222 4
3223 4
3224 4
3225 4
3226 4
3227 2
3228 4
3229 4
3230 4
3231 4
3232 0
3233 2
3234 4
3235 4
3236 1
3237 2
3238 2
3239 1
3240 2
3241 1
3242 4
3243 1
3244 2
3245 4
3246 0
3247 4
3248 4
3249 4
3250 1
3251 2
3252 1
3253 2
3254 2
3255 4
3256 2
3257 2
3258 4
3259 4
3260 4
3261 4
3262 4
3263 4
3264 4
3265 4
3266 4
3267 4
3268 4
3269 4
3270 4
3271 4
3272 4
3273 4
3274 4
3275 2
3276 1
3277 3
3278 1
3279 1
3280 2
3281 2
3282 1
3283 4
3284 2
3285 2
3286 3
3287 4
3288 2
3289 2
3290 2
3291 4
3292 1
3293 0
3294 2
3295 2
3296 2
3297 2
3298 4
3299 2
3300 1
3301 2
3302 4
3303 4
3304 1
3305 1
3306 4
3307 4
3308 4
3309 4
3310 4
3311 1
3312 2
3313 2
3314 2
3315 1
3316 2
3317 0
3318 2
3319 2
3320 2
3321 2
3322 1
3323 2
3324 4
3325 1
3326 4
3327 4
3328 2
3329 2
3330 0
3331 4
3332 0
3333 2
3334 2
3335 2
3336 0
3337 0
3338 1
3339 1
3340 4
3341 4
3342 4
3343 4
3344 4
3345 0
3346 4
3347 2
3348 1
3349 2
3350 4
3351 2
3352 1
3353 4
3354 3
3355 0
3356 2
3357 2
3358 4
3359 4
3360 4
3361 4
3362 4
3363 2
3364 3
3365 1
3366 1
3367 1
3368 1
3369 1
3370 2
3371 4
3372 4
3373 1
3374 1
3375 3
3376 4
3377 4
3378 4
3379 4
3380 2
3381 2
3382 1
3383 4
3384 1
3385 2
3386 4
3387 4
3388 3
3389 1
3390 1
3391 2
3392 2
3393 4
3394 4
3395 2
3396 2
3397 2
3398 2
3399 1
3400 3
3401 2
3402 2
3403 4
3404 0
3405 2
3406 4
3407 4
3408 2
3409 1
3410 4
3411 4
3412 4
3413 4
3414 2
3415 2
3416 2
3417 2
3418 3
3419 1
3420 2
3421 1
3422 2
3423 1
3424 1
3425 0
3426 1
3427 4
3428 2
3429 2
3430 2
3431 1
3432 1
3433 1
3434 1
3435 1
3436 2
3437 2
3438 2
3439 2
3440 4
3441 1
3442 4
3443 1
3444 2
3445 2
3446 4
3447 4
3448 1
3449 4
3450 4
3451 4
3452 1
3453 2
3454 1
3455 2
3456 4
3457 2
3458 2
3459 2
3460 2
3461 1
3462 4
3463 2
3464 4
3465 2
3466 2
3467 4
3468 0
3469 4
3470 2
3471 2
3472 2
3473 0
3474 2
3475 2
3476 2
3477 4
3478 2
3479 4
3480 4
3481 1
3482 4
3483 1
3484 1
3485 2
3486 4
3487 4
3488 4
3489 4
3490 4
3491 4
3492 4
3493 4
3494 4
3495 4
3496 4
3497 4
3498 4
3499 4
3500 4
3501 4
3502 4
3503 4
3504 4
3505 4
3506 4
3507 4
3508 4
3509 4
3510 4
3511 4
3512 4
3513 4
3514 4
3515 4
3516 4
3517 4
3518 4
3519 4
3520 4
3521 4
3522 4
3523 4
3524 4
3525 4
3526 4
3527 4
3528 4
3529 4
3530 4
3531 4
3532 4
3533 4
3534 4
3535 4
3536 4
3537 4
3538 4
3539 4
3540 4
3541 4
3542 4
3543 4
3544 4
3545 4
3546 4
3547 4
3548 4
3549 4
3550 4
3551 4
3552 4
3553 1
3554 1
3555 4
3556 1
3557 2
3558 1
3559 4
3560 4
3561 2
3562 4
3563 2
3564 2
3565 2
3566 2
3567 4
3568 1
3569 1
3570 1
3571 2
3572 4
3573 1
3574 2
3575 1
3576 1
3577 1
3578 1
3579 4
3580 1
3581 2
3582 2
3583 1
3584 1
3585 0
3586 1
3587 2
3588 1
3589 0
3590 2
3591 4
3592 4
3593 4
3594 1
3595 4
3596 1
3597 2
3598 1
3599 2
3600 2
3601 4
3602 2
3603 1
3604 1
3605 1
3606 2
3607 2
3608 4
3609 1
3610 4
3611 1
3612 4
3613 2
3614 2
3615 1
3616 4
3617 2
3618 1
3619 4
3620 2
3621 4
3622 4
3623 4
3624 4
3625 2
3626 4
3627 4
3628 3
3629 1
3630 4
3631 1
3632 1
3633 4
3634 4
3635 4
3636 4
3637 4
3638 4
3639 4
3640 2
3641 2
3642 2
3643 1
3644 1
3645 1
3646 2
3647 1
3648 2
3649 2
3650 2
3651 4
3652 1
3653 1
3654 2
3655 4
3656 0
3657 1
3658 2
3659 4
3660 2
3661 2
3662 3
3663 1
3664 2
3665 4
3666 1
3667 2
3668 2
3669 2
3670 2
3671 4
3672 4
3673 4
3674 2
3675 2
3676 2
3677 4
3678 2
3679 1
3680 4
3681 4
3682 3
3683 4
3684 1
3685 1
3686 1
3687 1
3688 1
3689 4
3690 4
3691 1
3692 1
3693 1
3694 4
3695 2
3696 2
3697 1
3698 1
3699 1
3700 0
3701 2
3702 4
3703 3
3704 4
3705 1
3706 1
3707 4
3708 4
3709 2
3710 2
3711 4
3712 4
3713 1
3714 4
3715 4
3716 4
3717 4
3718 1
3719 3
3720 2
3721 1
3722 1
3723 4
3724 1
3725 2
3726 4
3727 4
3728 4
3729 4
3730 4
3731 4
3732 4
3733 4
3734 4
3735 4
3736 4
3737 0
3738 4
3739 4
3740 4
3741 4
3742 4
3743 4
3744 4
3745 1
3746 4
3747 1
3748 4
3749 4
3750 4
3751 4
3752 2
3753 2
3754 4
3755 0
3756 4
3757 0
3758 1
3759 3
3760 1
3761 4
3762 2
3763 1
3764 2
3765 1
3766 4
3767 2
3768 1
3769 4
3770 4
3771 1
3772 4
3773 1
3774 2
3775 4
3776 2
3777 4
3778 2
3779 1
3780 2
3781 4
3782 2
3783 1
3784 4
3785 0
3786 1
3787 2
3788 0
3789 1
3790 1
3791 1
3792 4
3793 2
3794 2
3795 2
3796 2
3797 1
3798 4
3799 2
3800 2
3801 4
3802 4
3803 4
3804 4
3805 4
3806 4
3807 2
3808 4
3809 4
3810 2
3811 1
3812 4
3813 2
3814 4
3815 4
3816 4
3817 4
3818 4
3819 4
3820 4
3821 4
3822 4
3823 4
3824 4
3825 4
3826 4
3827 4
3828 4
3829 4
3830 4
3831 4
3832 4
3833 4
3834 4
3835 4
3836 4
3837 4
3838 4
3839 4
3840 4
3841 4
3842 4
3843 4
3844 4
3845 4
3846 4
3847 4
3848 4
3849 4
3850 4
3851 4
3852 4
3853 4
3854 4
3855 4
3856 4
3857 4
3858 2
3859 1
3860 2
3861 2
3862 4
3863 4
3864 4
3865 4
3866 4
3867 4
3868 4
3869 4
3870 4
3871 1
3872 2
3873 4
3874 2
3875 2
3876 4
3877 4
3878 4
3879 4
3880 1
3881 2
3882 1
3883 1
3884 3
3885 3
3886 2
3887 4
3888 4
3889 1
3890 2
3891 1
3892 1
3893 1
3894 4
3895 4
3896 1
3897 1
3898 0
3899 1
3900 2
3901 4
3902 4
3903 1
3904 1
3905 2
3906 1
3907 4
3908 4
3909 1
3910 1
3911 2
3912 1
3913 4
3914 4
3915 4
3916 4
3917 4
3918 4
3919 4
3920 4
3921 4
3922 4
3923 2
3924 4
3925 4
3926 4
3927 4
3928 4
3929 4
3930 4
3931 4
3932 4
3933 4
3934 4
3935 4
3936 4
3937 4
3938 4
3939 4
3940 4
3941 4
3942 4
3943 4
3944 4
3945 4
3946 4
3947 1
3948 4
3949 4
3950 2
3951 1
3952 0
3953 2
3954 2
3955 2
3956 2
3957 1
3958 3
3959 0
3960 2
3961 1
3962 2
3963 2
3964 1
3965 4
3966 2
3967 2
3968 4
3969 4
3970 1
3971 1
3972 4
3973 4
3974 0
3975 3
3976 4
3977 2
3978 2
3979 4
3980 1
3981 2
3982 4
3983 2
3984 4
3985 1
3986 1
3987 4
3988 4
3989 1
3990 3
3991 2
3992 4
3993 2
3994 4
3995 4
3996 1
3997 2
3998 4
3999 2
4000 2
4001 2
4002 1
4003 1
4004 2
4005 1
4006 2
4007 4
4008 1
4009 4
4010 4
4011 1
4012 4
4013 0
4014 1
4015 4
4016 1
4017 4
4018 1
4019 4
4020 2
4021 1
4022 1
4023 2
4024 2
4025 0
4026 1
4027 4
4028 2
4029 4
4030 4
4031 1
4032 4
4033 1
4034 4
4035 1
4036 1
4037 2
4038 2
4039 4
4040 0
4041 4
4042 4
4043 2
4044 4
4045 4
4046 4
4047 2
4048 4
4049 2
4050 1
4051 1
4052 3
4053 4
4054 1
4055 3
4056 1
4057 4
4058 1
4059 1
4060 3
4061 3
4062 1
4063 4
4064 4
4065 1
4066 2
4067 2
4068 2
4069 4
4070 2
4071 4
4072 4
4073 2
4074 2
4075 1
4076 4
4077 4
4078 1
4079 2
4080 1
4081 2
4082 2
4083 0
4084 4
4085 1
4086 4
4087 4
4088 4
4089 2
4090 2
4091 1
4092 2
4093 4
4094 1
4095 2
4096 0
4097 1
4098 4
4099 4
4100 4
4101 4
4102 4
4103 2
4104 4
4105 4
4106 4
4107 4
4108 4
4109 4
4110 4
4111 4
4112 4
4113 4
4114 1
4115 4
4116 4
4117 4
4118 4
4119 4
4120 4
4121 4
4122 4
4123 2
4124 4
4125 1
4126 2
4127 2
4128 0
4129 2
4130 4
4131 2
4132 0
4133 1
4134 1
4135 2
4136 1
4137 4
4138 2
4139 4
4140 1
4141 0
4142 2
4143 0
4144 4
4145 4
4146 1
4147 1
4148 4
4149 2
4150 0
4151 1
4152 2
4153 1
4154 2
4155 4
4156 4
4157 4
4158 4
4159 4
4160 4
4161 4
4162 4
4163 2
4164 2
4165 1
4166 2
4167 4
4168 4
4169 4
4170 4
4171 4
4172 4
4173 4
4174 4
4175 4
4176 4
4177 4
4178 1
4179 4
4180 4
4181 3
4182 3
4183 2
4184 1
4185 4
4186 1
4187 4
4188 2
4189 4
4190 1
4191 4
4192 1
4193 4
4194 2
4195 4
4196 1
4197 1
4198 3
4199 1
4200 1
4201 0
4202 4
4203 1
4204 4
4205 1
4206 4
4207 4
4208 0
4209 2
4210 4
4211 4
4212 4
4213 4
4214 4
4215 4
4216 4
4217 4
4218 4
4219 4
4220 1
4221 4
4222 1
4223 4
4224 0
4225 0
4226 3
4227 1
4228 1
4229 1
4230 4
4231 4
4232 2
4233 4
4234 1
4235 1
4236 1
4237 6
4238 2
4239 1
4240 1
4241 4
4242 4
4243 1
4244 1
4245 1
4246 2
4247 0
4248 1
4249 4
4250 1
4251 4
4252 4
4253 3
4254 4
4255 4
4256 1
4257 2
4258 1
4259 2
4260 1
4261 1
4262 0
4263 1
4264 2
4265 0
4266 4
4267 4
4268 2
4269 1
4270 2
4271 1
4272 1
4273 0
4274 2
4275 1
4276 1
4277 2
4278 4
4279 4
4280 1
4281 4
4282 2
4283 4
4284 1
4285 4
4286 1
4287 4
4288 1
4289 2
4290 1
4291 2
4292 1
4293 1
4294 4
4295 1
4296 1
4297 1
4298 0
4299 4
4300 1
4301 1
4302 1
4303 1
4304 0
4305 1
4306 1
4307 1
4308 1
4309 1
4310 1
4311 4
4312 4
4313 0
4314 4
4315 1
4316 1
4317 1
4318 1
4319 1
4320 4
4321 1
4322 1
4323 4
4324 4
4325 1
4326 1
4327 3
4328 1
4329 1
4330 1
4331 4
4332 4
4333 1
4334 4
4335 4
4336 0
4337 0
4338 0
4339 0
4340 10
4341 4
4342 1
4343 1
4344 0
4345 1
4346 1
4347 4
4348 1
4349 1
4350 0
4351 1
4352 1
4353 4
4354 1
4355 0
4356 0
4357 4
4358 0
4359 0
4360 4
4361 1
4362 1
4363 1
4364 1
4365 4
4366 4
4367 4
4368 4
4369 1
4370 1
4371 1
4372 2
4373 2
4374 4
4375 0
4376 0
4377 1
4378 1
4379 4
4380 1
4381 0
4382 4
4383 1
4384 1
4385 1
4386 4
4387 0
4388 4
4389 1
4390 1
4391 1
4392 1
4393 1
4394 1
4395 0
4396 1
4397 1
4398 1
4399 1
4400 1
4401 0
4402 3
4403 4
4404 3
4405 2
4406 4
4407 1
4408 4
4409 1
4410 1
4411 1
4412 1
4413 3
4414 4
4415 2
4416 4
4417 0
4418 4
4419 4
4420 4
4421 1
4422 1
4423 4
4424 4
4425 4
4426 4
4427 1
4428 4
4429 0
4430 1
4431 2
4432 1
4433 0
4434 0
4435 1
4436 1
4437 1
4438 1
4439 4
4440 1
4441 4
4442 1
4443 1
4444 1
4445 1
4446 4
4447 1
4448 1
4449 0
4450 4
4451 1
4452 3
4453 4
4454 4
4455 4
4456 1
4457 4
4458 1
4459 1
4460 1
4461 1
4462 1
4463 4
4464 0
4465 1
4466 1
4467 1
4468 4
4469 1
4470 2
4471 1
4472 1
4473 3
4474 1
4475 4
4476 4
4477 1
4478 3
4479 1
4480 1
4481 1
4482 1
4483 4
4484 1
4485 0
4486 4
4487 1
4488 3
4489 1
4490 1
4491 1
4492 1
4493 4
4494 0
4495 2
4496 4
4497 1
4498 1
4499 1
4500 1
4501 4
4502 3
4503 1
4504 1
4505 1
4506 4
4507 4
4508 4
4509 4
4510 4
4511 4
4512 1
4513 4
4514 4
4515 2
4516 1
4517 4
4518 4
4519 1
4520 1
4521 1
4522 1
4523 1
4524 4
4525 1
4526 4
4527 1
4528 4
4529 1
4530 1
4531 1
4532 4
4533 0
4534 2
4535 4
4536 4
4537 2
4538 1
4539 1
4540 1
4541 1
4542 4
4543 0
4544 2
4545 1
4546 4
4547 1
4548 1
4549 1
4550 1
4551 4
4552 4
4553 4
4554 3
4555 1
4556 4
4557 1
4558 4
4559 1
4560 4
4561 2
4562 1
4563 4
4564 4
4565 0
4566 1
4567 1
4568 4
4569 0
4570 4
4571 4
4572 4
4573 4
4574 4
4575 4
4576 4
4577 2
4578 4
4579 4
4580 1
4581 4
4582 0
4583 4
4584 4
4585 4
4586 4
4587 4
4588 4
4589 4
4590 4
4591 1
4592 1
4593 2
4594 1
4595 1
4596 1
4597 0
4598 4
4599 1
4600 1
4601 3
4602 1
4603 1
4604 0
4605 1
4606 1
4607 1
4608 1
4609 4
4610 1
4611 1
4612 0
4613 0
4614 1
4615 1
4616 4
4617 1
4618 4
4619 4
4620 1
4621 4
4622 1
4623 4
4624 1
4625 1
4626 1
4627 4
4628 4
4629 0
4630 0
4631 0
4632 0
4633 1
4634 4
4635 1
4636 1
4637 4
4638 0
4639 0
4640 4
4641 1
4642 4
4643 4
4644 4
4645 1
4646 1
4647 0
4648 1
4649 0
4650 4
4651 4
4652 4
4653 1
4654 4
4655 4
4656 4
4657 4
4658 4
4659 4
4660 4
4661 4
4662 4
4663 4
4664 0
4665 4
4666 4
4667 4
4668 4
4669 1
4670 1
4671 4
4672 1
4673 4
4674 0
4675 4
4676 4
4677 4
4678 4
4679 1
4680 4
4681 0
4682 4
4683 1
4684 4
4685 4
4686 4
4687 4
4688 4
4689 4
4690 4
4691 1
4692 0
4693 1
4694 1
4695 4
4696 4
4697 1
4698 4
4699 4
4700 4
4701 4
4702 4
4703 4
4704 4
4705 4
4706 4
4707 4
4708 4
4709 4
4710 1
4711 1
4712 4
4713 4
4714 4
4715 4
4716 4
4717 4
4718 0
4719 4
4720 1
4721 4
4722 4
4723 4
4724 4
4725 4
4726 4
4727 4
4728 4
4729 1
4730 4
4731 1
4732 4
4733 4
4734 4
4735 1
4736 4
4737 4
4738 1
4739 4
4740 1
4741 1
4742 3
4743 4
4744 4
4745 4
4746 4
4747 4
4748 4
4749 4
4750 4
4751 4
4752 1
4753 0
4754 4
4755 4
4756 4
4757 1
4758 4
4759 6
4760 4
4761 1
4762 4
4763 4
4764 4
4765 4
4766 1
4767 0
4768 0
4769 0
4770 1
4771 2
4772 0
4773 0
4774 4
4775 4
4776 1
4777 2
4778 4
4779 4
4780 4
4781 4
4782 4
4783 4
4784 4
4785 4
4786 0
4787 4
4788 4
4789 0
4790 1
4791 4
4792 4
4793 4
4794 4
4795 4
4796 4
4797 0
4798 4
4799 4
4800 4
4801 1
4802 1
4803 4
4804 1
4805 4
4806 4
4807 0
4808 4
4809 2
4810 4
4811 4
4812 4
4813 1
4814 4
4815 4
4816 4
4817 1
4818 4
4819 2
4820 1
4821 4
4822 1
4823 1
4824 1
4825 1
4826 1
4827 1
4828 1
4829 1
4830 1
4831 1
4832 1
4833 0
4834 1
4835 4
4836 1
4837 4
4838 4
4839 2
4840 4
4841 4
4842 1
4843 0
4844 1
4845 4
4846 4
4847 4
4848 4
4849 4
4850 4
4851 4
4852 4
4853 4
4854 4
4855 4
4856 4
4857 4
4858 4
4859 1
4860 4
4861 0
4862 4
4863 4
4864 4
4865 4
4866 4
4867 4
4868 0
4869 4
4870 4
4871 4
4872 4
4873 4
4874 4
4875 4
4876 4
4877 4
4878 4
4879 4
4880 4
4881 4
4882 4
4883 4
4884 4
4885 4
4886 4
4887 1
4888 3
4889 4
4890 4
4891 4
4892 4
4893 1
4894 0
4895 2
4896 0
4897 0
4898 0
4899 2
4900 1
4901 0
4902 4
4903 4
4904 0
4905 4
4906 4
4907 4
4908 4
4909 4
4910 4
4911 1
4912 4
4913 1
4914 4
4915 4
4916 4
4917 4
4918 4
4919 4
4920 0
4921 3
4922 4
4923 4
4924 4
4925 1
4926 7
4927 7
4928 7
4929 4
4930 4
4931 0
4932 1
4933 1
4934 1
4935 1
4936 4
4937 1
4938 1
4939 4
4940 1
4941 1
4942 1
4943 0
4944 1
4945 1
4946 4
4947 4
4948 1
4949 1
4950 4
4951 1
4952 1
4953 1
4954 1
4955 1
4956 1
4957 1
4958 1
4959 1
4960 1
4961 1
4962 1
4963 1
4964 2
4965 1
4966 1
4967 1
4968 1
4969 1
4970 4
4971 1
4972 1
4973 1
4974 4
4975 2
4976 1
4977 1
4978 2
4979 1
4980 1
4981 1
4982 1
4983 1
4984 1
4985 1
4986 2
4987 4
4988 1
4989 1
4990 3
4991 4
4992 1
4993 2
4994 1
4995 1
4996 2
4997 2
4998 1
4999 4
5000 1
5001 4
5002 4
5003 4
5004 2
5005 4
5006 4
5007 0
5008 4
5009 4
5010 4
5011 0
5012 4
5013 1
5014 4
5015 1
5016 2
5017 0
5018 4
5019 4
5020 4
5021 4
5022 1
5023 4
5024 2
5025 4
5026 4
5027 3
5028 2
5029 4
5030 1
5031 4
5032 0
5033 4
5034 2
5035 4
5036 4
5037 4
5038 4
5039 4
5040 1
5041 1
5042 3
5043 3
5044 4
5045 4
5046 1
5047 4
5048 4
5049 3
5050 4
5051 4
5052 1
5053 4
5054 4
5055 4
5056 2
5057 4
5058 4
5059 4
5060 4
5061 1
5062 4
5063 4
5064 4
5065 4
5066 4
5067 0
5068 1
5069 3
5070 4
5071 4
5072 4
5073 4
5074 4
5075 2
5076 4
5077 0
5078 1
5079 1
5080 3
5081 1
5082 4
5083 1
5084 4
5085 1
5086 4
5087 2
5088 4
5089 2
5090 4
5091 1
5092 2
5093 0
5094 4
5095 1
5096 1
5097 2
5098 1
5099 1
5100 2
5101 1
5102 4
5103 0
5104 4
5105 4
5106 4
5107 1
5108 1
5109 0
5110 3
5111 1
5112 4
5113 3
5114 1
5115 1
5116 1
5117 1
5118 1
5119 1
5120 1
5121 1
5122 1
5123 2
5124 4
5125 1
5126 4
5127 1
5128 0
5129 1
5130 1
5131 1
5132 1
5133 1
5134 3
5135 4
5136 3
5137 3
5138 3
5139 1
5140 4
5141 3
5142 3
5143 1
5144 3
5145 4
5146 3
5147 1
5148 1
5149 1
5150 4
5151 1
5152 1
5153 4
5154 1
5155 1
5156 1
5157 1
5158 4
5159 4
5160 4
5161 4
5162 4
5163 4
5164 4
5165 4
5166 4
5167 4
5168 4
5169 0
5170 1
5171 1
5172 4
5173 1
5174 4
5175 1
5176 1
5177 1
5178 0
5179 4
5180 1
5181 2
5182 4
5183 1
5184 4
5185 0
5186 2
5187 4
5188 1
5189 1
5190 1
5191 1
5192 2
5193 1
5194 1
5195 1
5196 1
5197 4
5198 1
5199 1
5200 1
5201 1
5202 1
5203 1
5204 1
5205 1
5206 1
5207 1
5208 1
5209 3
5210 1
5211 2
5212 1
5213 1
5214 1
5215 1
5216 4
5217 4
5218 1
5219 4
5220 1
5221 1
5222 1
5223 4
5224 4
5225 1
5226 1
5227 1
5228 1
5229 1
5230 1
5231 1
5232 2
5233 3
5234 4
5235 1
5236 1
5237 1
5238 1
5239 1
5240 3
5241 4
5242 2
5243 1
5244 1
5245 1
5246 1
5247 1
5248 1
5249 0
5250 0
5251 1
5252 1
5253 1
5254 1
5255 1
5256 2
5257 1
5258 1
5259 1
5260 1
5261 1
5262 1
5263 1
5264 1
5265 1
5266 1
5267 1
5268 1
5269 3
5270 3
5271 1
5272 1
5273 3
5274 1
5275 1
5276 3
5277 1
5278 1
5279 1
5280 1
5281 4
5282 1
5283 1
5284 1
5285 4
5286 1
5287 4
5288 4
5289 4
5290 1
5291 1
5292 1
5293 2
5294 1
5295 1
5296 1
5297 1
5298 1
5299 4
5300 1
5301 1
5302 2
5303 2
5304 4
5305 3
5306 3
5307 1
5308 1
5309 1
5310 1
5311 4
5312 4
5313 4
5314 1
5315 1
5316 1
5317 1
5318 3
5319 1
5320 4
5321 1
5322 1
5323 1
5324 1
5325 1
5326 1
5327 1
5328 1
5329 1
5330 1
5331 1
5332 1
5333 1
5334 3
5335 1
5336 1
5337 1
5338 1
5339 1
5340 1
5341 1
5342 1
5343 1
5344 3
5345 1
5346 1
5347 1
5348 1
5349 1
5350 2
5351 1
5352 1
5353 1
5354 1
5355 1
5356 1
5357 4
5358 1
5359 1
5360 1
5361 1
5362 1
5363 1
5364 4
5365 3
5366 1
5367 1
5368 2
5369 1
5370 2
5371 1
5372 1
5373 1
5374 1
5375 4
5376 4
5377 1
5378 1
5379 1
5380 2
5381 4
5382 1
5383 1
5384 1
5385 4
5386 2
5387 1
5388 1
5389 1
5390 1
5391 1
5392 1
5393 1
5394 1
5395 1
5396 1
5397 1
5398 1
5399 1
5400 1
5401 1
5402 4
5403 2
5404 1
5405 1
5406 12
5407 1
5408 1
5409 4
5410 1
5411 1
5412 1
5413 1
5414 1
5415 1
5416 1
5417 1
5418 1
5419 1
5420 4
5421 1
5422 1
5423 1
5424 1
5425 1
5426 2
5427 2
5428 1
5429 0
5430 0
5431 1
5432 2
5433 0
5434 4
5435 1
5436 1
5437 1
5438 0
5439 1
5440 2
5441 1
5442 1
5443 4
5444 2
5445 4
5446 1
5447 1
5448 2
5449 2
5450 1
5451 1
5452 1
5453 1
5454 3
5455 4
5456 1
5457 1
5458 1
5459 1
5460 4
5461 4
5462 1
5463 1
5464 1
5465 4
5466 4
5467 0
5468 0
5469 0
5470 1
5471 1
5472 1
5473 1
5474 4
5475 1
5476 4
5477 1
5478 1
5479 1
5480 1
5481 4
5482 4
5483 1
5484 1
5485 3
5486 4
5487 4
5488 1
5489 4
5490 4
5491 4
5492 1
5493 1
5494 0
5495 0
5496 0
5497 0
5498 0
5499 4
5500 4
5501 2
5502 2
5503 1
5504 0
5505 1
5506 4
5507 4
5508 4
5509 0
5510 4
5511 4
5512 1
5513 4
5514 0
5515 1
5516 4
5517 4
5518 0
5519 1
5520 1
5521 4
5522 1
5523 1
5524 1
5525 3
5526 4
5527 4
5528 1
5529 2
5530 4
5531 4
5532 4
5533 2
5534 0
5535 4
5536 1
5537 2
5538 4
5539 4
5540 4
5541 1
5542 0
5543 2
5544 0
5545 0
5546 1
5547 0
5548 4
5549 0
5550 0
5551 1
5552 1
5553 0
5554 4
5555 4
5556 1
5557 1
5558 1
5559 1
5560 4
5561 4
5562 4
5563 1
5564 3
5565 4
5566 0
5567 0
5568 2
5569 4
5570 4
5571 1
5572 3
5573 1
5574 1
5575 3
5576 4
5577 4
5578 4
5579 2
5580 1
5581 1
5582 4
5583 2
5584 2
5585 4
5586 1
5587 1
5588 1
5589 1
5590 1
5591 1
5592 4
5593 4
5594 4
5595 4
5596 4
5597 1
5598 1
5599 3
5600 4
5601 4
5602 4
5603 0
5604 4
5605 4
5606 4
5607 1
5608 4
5609 0
5610 0
5611 2
5612 0
5613 1
5614 1
5615 1
5616 4
5617 4
5618 1
5619 1
5620 4
5621 4
5622 8
5623 8
5624 1
5625 1
5626 8
5627 1
5628 4
5629 1
5630 1
5631 4
5632 1
5633 4
5634 1
5635 1
5636 1
5637 1
5638 1
5639 1
5640 3
5641 4
5642 4
5643 1
5644 1
5645 4
5646 4
5647 1
5648 1
5649 1
5650 1
5651 1
5652 4
5653 4
5654 1
5655 0
5656 1
5657 1
5658 1
5659 1
5660 4
5661 3
5662 4
5663 4
5664 4
5665 4
5666 4
5667 1
5668 1
5669 1
5670 4
5671 4
5672 4
5673 1
5674 4
5675 1
5676 1
5677 1
5678 4
5679 1
5680 1
5681 1
5682 2
5683 4
5684 4
5685 1
5686 4
5687 2
5688 1
5689 1
5690 1
5691 0
5692 0
5693 1
5694 2
5695 4
5696 4
5697 1
5698 1
5699 0
5700 2
5701 1
5702 4
5703 0
5704 1
5705 3
5706 4
5707 4
5708 4
5709 4
5710 4
5711 4
5712 4
5713 4
5714 4
5715 4
5716 4
5717 4
5718 4
5719 4
5720 4
5721 4
5722 4
5723 1
5724 4
5725 4
5726 1
5727 1
5728 1
5729 1
5730 1
5731 1
5732 4
5733 4
5734 1
5735 1
5736 4
5737 1
5738 1
5739 1
5740 4
5741 0
5742 4
5743 2
5744 0
5745 1
5746 1
5747 2
5748 4
5749 4
5750 4
5751 4
5752 4
5753 2
5754 4
5755 1
5756 1
5757 1
5758 4
5759 1
5760 1
5761 1
5762 1
5763 4
5764 1
5765 4
5766 4
5767 1
5768 1
5769 2
5770 2
5771 1
5772 4
5773 4
5774 1
5775 1
5776 1
5777 1
5778 0
5779 4
5780 1
5781 1
5782 4
5783 0
5784 4
5785 4
5786 1
5787 4
5788 4
5789 4
5790 1
5791 1
5792 4
5793 4
5794 4
5795 1
5796 3
5797 1
5798 1
5799 1
5800 4
5801 4
5802 4
5803 1
5804 1
5805 4
5806 1
5807 1
5808 2
5809 4
5810 4
5811 2
5812 4
5813 4
5814 1
5815 4
5816 1
5817 1
5818 1
5819 1
5820 4
5821 1
5822 1
5823 4
5824 1
5825 4
5826 4
5827 1
5828 4
5829 4
5830 4
5831 4
5832 1
5833 1
5834 4
5835 1
5836 2
5837 1
5838 4
5839 0
5840 1
5841 4
5842 1
5843 4
5844 4
5845 1
5846 4
5847 4
5848 1
5849 4
5850 1
5851 1
5852 1
5853 4
5854 1
5855 1
5856 4
5857 2
5858 1
5859 1
5860 2
5861 1
5862 4
5863 1
5864 1
5865 0
5866 4
5867 1
5868 0
5869 4
5870 4
5871 1
5872 1
5873 1
5874 4
5875 1
5876 4
5877 1
5878 4
5879 1
5880 4
5881 4
5882 1
5883 4
5884 4
5885 4
5886 4
5887 4
5888 4
5889 4
5890 1
5891 4
5892 1
5893 1
5894 4
5895 1
5896 1
5897 1
5898 1
5899 1
5900 1
5901 1
5902 1
5903 2
5904 4
5905 4
5906 1
5907 1
5908 1
5909 1
5910 1
5911 4
5912 0
5913 4
5914 1
5915 1
5916 1
5917 1
5918 4
5919 4
5920 1
5921 1
5922 1
5923 1
5924 1
5925 1
5926 4
5927 4
5928 4
5929 1
5930 2
5931 2
5932 1
5933 1
5934 4
5935 1
5936 4
5937 1
5938 0
5939 1
5940 1
5941 1
5942 3
5943 4
5944 2
5945 4
5946 4
5947 1
5948 1
5949 1
5950 1
5951 1
5952 4
5953 0
5954 1
5955 4
5956 1
5957 4
5958 0
5959 4
5960 1
5961 4
5962 2
5963 1
5964 1
5965 1
5966 1
5967 4
5968 4
5969 1
5970 4
5971 2
5972 4
5973 1
5974 0
5975 2
5976 1
5977 0
5978 1
5979 1
5980 4
5981 1
5982 1
5983 1
5984 4
5985 1
5986 0
5987 4
5988 1
5989 4
5990 1
5991 1
5992 1
5993 4
5994 4
5995 1
5996 1
5997 1
5998 1
5999 1
6000 1
6001 1
6002 1
6003 4
6004 4
6005 1
6006 1
6007 4
6008 1
6009 4
6010 0
6011 4
6012 1
6013 4
6014 1
6015 1
6016 0
6017 1
6018 1
6019 1
6020 1
6021 3
6022 1
6023 1
6024 1
6025 1
6026 1
6027 1
6028 1
6029 1
6030 4
6031 1
6032 1
6033 0
6034 1
6035 2
6036 4
6037 4
6038 1
6039 4
6040 1
6041 1
6042 1
6043 4
6044 1
6045 1
6046 2
6047 4
6048 1
6049 1
6050 3
6051 0
6052 1
6053 4
6054 1
6055 4
6056 0
6057 1
6058 0
6059 4
6060 4
6061 4
6062 4
6063 1
6064 4
6065 1
6066 1
6067 4
6068 4
6069 4
6070 4
6071 4
6072 4
6073 4
6074 4
6075 4
6076 1
6077 4
6078 1
6079 3
6080 1
6081 1
6082 1
6083 4
6084 4
6085 1
6086 1
6087 1
6088 1
6089 1
6090 1
6091 2
6092 1
6093 1
6094 1
6095 1
6096 2
6097 4
6098 1
6099 4
6100 4
6101 4
6102 1
6103 4
6104 3
6105 1
6106 1
6107 4
6108 4
6109 1
6110 1
6111 1
6112 4
6113 1
6114 1
6115 1
6116 1
6117 1
6118 4
6119 0
6120 1
6121 4
6122 4
6123 1
6124 4
6125 4
6126 4
6127 4
6128 4
6129 4
6130 4
6131 4
6132 4
6133 1
6134 1
6135 4
6136 4
6137 4
6138 1
6139 1
6140 2
6141 1
6142 0
6143 1
6144 4
6145 4
6146 4
6147 4
6148 4
6149 1
6150 4
6151 4
6152 1
6153 1
6154 1
6155 1
6156 1
6157 1
6158 0
6159 4
6160 1
6161 1
6162 1
6163 4
6164 1
6165 4
6166 4
6167 4
6168 1
6169 1
6170 1
6171 1
6172 2
6173 1
6174 4
6175 4
6176 2
6177 2
6178 1
6179 1
6180 1
6181 1
6182 1
6183 1
6184 1
6185 4
6186 1
6187 1
6188 1
6189 1
6190 4
6191 4
6192 4
6193 0
6194 0
6195 1
6196 4
6197 4
6198 2
6199 1
6200 4
6201 4
6202 1
6203 1
6204 1
6205 1
6206 4
6207 1
6208 1
6209 4
6210 4
6211 4
6212 3
6213 4
6214 4
6215 1
6216 1
6217 1
6218 4
6219 1
6220 4
6221 1
6222 1
6223 4
6224 4
6225 4
6226 0
6227 3
6228 1
6229 1
6230 4
6231 4
6232 3
6233 4
6234 1
6235 1
6236 4
6237 1
6238 1
6239 1
6240 1
6241 1
6242 4
6243 1
6244 1
6245 1
6246 4
6247 1
6248 1
6249 4
6250 4
6251 1
6252 3
6253 4
6254 1
6255 1
6256 4
6257 1
6258 1
6259 1
6260 1
6261 1
6262 1
6263 4
6264 4
6265 4
6266 4
6267 1
6268 1
6269 4
6270 4
6271 4
6272 4
6273 1
6274 4
6275 4
6276 1
6277 1
6278 1
6279 1
6280 1
6281 1
6282 1
6283 4
6284 1
6285 3
6286 1
6287 1
6288 4
6289 1
6290 1
6291 4
6292 4
6293 4
6294 0
6295 1
6296 1
6297 4
6298 1
6299 1
6300 4
6301 1
6302 1
6303 1
6304 1
6305 1
6306 0
6307 1
6308 4
6309 1
6310 1
6311 1
6312 1
6313 4
6314 1
6315 4
6316 4
6317 1
6318 4
6319 4
6320 1
6321 1
6322 4
6323 1
6324 1
6325 1
6326 0
6327 0
6328 0
6329 0
6330 1
6331 0
6332 4
6333 4
6334 4
6335 4
6336 4
6337 1
6338 1
6339 1
6340 1
6341 1
6342 1
6343 4
6344 2
6345 1
6346 4
6347 1
6348 4
6349 1
6350 1
6351 0
6352 1
6353 4
6354 0
6355 1
6356 1
6357 4
6358 4
6359 4
6360 4
6361 4
6362 4
6363 0
6364 4
6365 1
6366 1
6367 1
6368 1
6369 1
6370 1
6371 2
6372 2
6373 1
6374 1
6375 1
6376 4
6377 0
6378 4
6379 1
6380 4
6381 1
6382 1
6383 1
6384 4
6385 1
6386 4
6387 4
6388 1
6389 4
6390 1
6391 2
6392 1
6393 1
6394 4
6395 1
6396 1
6397 1
6398 4
6399 3
6400 1
6401 1
6402 1
6403 1
6404 1
6405 1
6406 1
6407 1
6408 1
6409 1
6410 2
6411 0
6412 2
6413 2
6414 2
6415 2
6416 4
6417 0
6418 3
6419 2
6420 1
6421 1
6422 1
6423 1
6424 4
6425 4
6426 0
6427 1
6428 4
6429 4
6430 1
6431 0
6432 2
6433 4
6434 2
6435 1
6436 1
6437 4
6438 0
6439 4
6440 1
6441 1
6442 4
6443 2
6444 4
6445 2
6446 1
6447 0
6448 3
6449 0
6450 1
6451 1
6452 1
6453 1
6454 0
6455 0
6456 3
6457 0
6458 2
6459 3
6460 1
6461 1
6462 1
6463 1
6464 1
6465 4
6466 1
6467 4
6468 1
6469 1
6470 4
6471 1
6472 1
6473 3
6474 1
6475 1
6476 1
6477 1
6478 4
6479 4
6480 0
6481 0
6482 0
6483 0
6484 4
6485 4
6486 4
6487 4
6488 4
6489 2
6490 4
6491 4
6492 4
6493 4
6494 4
6495 4
6496 4
6497 4
6498 1
6499 1
6500 0
6501 4
6502 4
6503 1
6504 4
6505 4
6506 4
6507 4
6508 4
6509 4
6510 4
6511 4
6512 4
6513 4
6514 4
6515 4
6516 4
6517 3
6518 0
6519 4
6520 4
6521 1
6522 4
6523 4
6524 1
6525 1
6526 4
6527 4
6528 4
6529 1
6530 4
6531 4
6532 1
6533 4
6534 1
6535 4
6536 4
6537 4
6538 4
6539 4
6540 4
6541 4
6542 4
6543 4
6544 4
6545 4
6546 4
6547 4
6548 4
6549 4
6550 4
6551 4
6552 4
6553 4
6554 4
6555 4
6556 4
6557 4
6558 4
6559 1
6560 1
6561 4
6562 4
6563 4
6564 1
6565 4
6566 4
6567 4
6568 4
6569 4
6570 4
6571 4
6572 4
6573 0
6574 4
6575 4
6576 4
6577 4
6578 3
6579 4
6580 4
6581 4
6582 4
6583 4
6584 4
6585 4
6586 4
6587 4
6588 0
6589 4
6590 4
6591 1
6592 1
6593 3
6594 1
6595 4
6596 4
6597 9
6598 9
6599 1
6600 1
6601 4
6602 4
6603 4
6604 4
6605 1
6606 1
6607 4
6608 1
6609 2
6610 4
6611 4
6612 4
6613 0
6614 0
6615 0
6616 1
6617 4
6618 2
6619 0
6620 4
6621 4
6622 3
6623 4
6624 2
6625 4
6626 2
6627 2
6628 2
6629 1
6630 2
6631 2
6632 4
6633 2
6634 4
6635 2
6636 0
6637 4
6638 0
6639 4
6640 4
6641 4
6642 0
6643 1
6644 4
6645 4
6646 4
6647 4
6648 4
6649 4
6650 4
6651 1
6652 4
6653 1
6654 0
6655 0
6656 0
6657 1
6658 1
6659 4
6660 4
6661 3
6662 3
6663 4
6664 4
6665 0
6666 4
6667 0
6668 4
6669 4
6670 1
6671 1
6672 0
6673 2
6674 1
6675 1
6676 1
6677 2
6678 4
6679 4
6680 1
6681 4
6682 1
6683 1
6684 1
6685 4
6686 4
6687 4
6688 4
6689 0
6690 0
6691 1
6692 4
6693 4
6694 4
6695 3
6696 2
6697 0
6698 1
6699 1
6700 1
6701 1
6702 2
6703 1
6704 1
6705 1
6706 1
6707 2
6708 2
6709 0
6710 1
6711 0
6712 0
6713 3
6714 0
6715 1
6716 1
6717 4
6718 4
6719 4
6720 4
6721 3
6722 0
6723 1
6724 4
6725 4
6726 0
6727 4
6728 3
6729 0
6730 4
6731 4
6732 4
6733 4
6734 4
6735 4
6736 4
6737 4
6738 1
6739 4
6740 4
6741 4
6742 4
6743 4
6744 4
6745 4
6746 4
6747 0
6748 4
6749 4
6750 4
6751 0
6752 10
6753 3
6754 3
6755 10
6756 10
6757 10
6758 10
6759 10
6760 2
6761 0
6762 4
6763 4
6764 4
6765 4
6766 0
6767 4
6768 0
6769 0
6770 4
6771 1
6772 1
6773 1
6774 1
6775 2
6776 4
6777 1
6778 2
6779 4
6780 4
6781 0
6782 0
6783 4
6784 4
6785 1
6786 1
6787 4
6788 4
6789 4
6790 4
6791 0
6792 0
6793 4
6794 0
6795 0
6796 4
6797 4
6798 4
6799 4
6800 4
6801 4
6802 4
6803 4
6804 4
6805 4
6806 4
6807 4
6808 4
6809 4
6810 4
6811 4
6812 4
6813 4
6814 4
6815 4
6816 4
6817 4
6818 4
6819 4
6820 2
6821 1
6822 4
6823 4
6824 1
6825 1
6826 1
6827 0
6828 1
6829 4
6830 0
6831 4
6832 4
6833 1
6834 3
6835 1
6836 1
6837 4
6838 4
6839 4
6840 4
6841 4
6842 0
6843 0
6844 4
6845 4
6846 4
6847 1
6848 4
6849 1
6850 4
6851 4
6852 1
6853 1
6854 1
6855 4
6856 4
6857 4
6858 4
6859 0
6860 2
6861 2
6862 2
6863 2
6864 4
6865 2
6866 2
6867 0
6868 4
6869 4
6870 0
6871 4
6872 0
6873 0
6874 4
6875 4
6876 1
6877 4
6878 1
6879 4
6880 4
6881 2
6882 4
6883 2
6884 0
6885 1
6886 0
6887 3
6888 3
6889 4
6890 3
6891 4
6892 4
6893 4
6894 1
6895 4
6896 1
6897 0
6898 1
6899 0
6900 0
6901 12
6902 1
6903 1
6904 0
6905 3
6906 0
6907 0
6908 4
6909 4
6910 1
6911 4
6912 4
6913 4
6914 4
6915 1
6916 1
6917 4
6918 4
6919 4
6920 4
6921 4
6922 4
6923 4
6924 2
6925 4
6926 4
6927 4
6928 4
6929 4
6930 4
6931 4
6932 4
6933 4
6934 4
6935 4
6936 4
6937 4
6938 4
6939 4
6940 1
6941 4
6942 4
6943 4
6944 4
6945 4
6946 4
6947 4
6948 4
6949 4
6950 4
6951 4
6952 4
6953 4
6954 4
6955 4
6956 4
6957 4
6958 4
6959 4
6960 4
6961 4
6962 4
6963 4
6964 4
6965 4
6966 4
6967 4
6968 4
6969 4
6970 4
6971 4
6972 4
6973 4
6974 4
6975 4
6976 4
6977 4
6978 4
6979 4
6980 4
6981 4
6982 4
6983 4
6984 4
6985 4
6986 4
6987 4
6988 4
6989 4
6990 0
6991 0
6992 1
6993 1
6994 1
6995 2
6996 1
6997 1
6998 4
6999 4
7000 1
7001 4
7002 4
7003 4
7004 4
7005 4
7006 0
7007 0
7008 0
7009 2
7010 1
7011 4
7012 4
7013 0
7014 0
7015 0
7016 4
7017 4
7018 4
7019 1
7020 1
7021 4
7022 2
7023 1
7024 3
7025 3
7026 4
7027 1
7028 4
7029 4
7030 4
7031 4
7032 1
7033 0
7034 0
7035 4
7036 4
7037 0
7038 0
7039 1
7040 4
7041 0
7042 4
7043 4
7044 0
7045 4
7046 4
7047 0
7048 0
7049 0
7050 4
7051 1
7052 3
7053 3
7054 11
7055 3
7056 3
7057 4
7058 3
7059 3
7060 4
7061 3
7062 3
7063 3
7064 3
7065 3
7066 1
7067 3
7068 3
7069 1
7070 0
7071 0
7072 0
7073 1
7074 2
7075 1
7076 1
7077 1
7078 1
7079 1
7080 1
7081 1
7082 4
7083 1
7084 1
7085 1
7086 1
7087 3
7088 1
7089 1
7090 1
7091 1
7092 1
7093 1
7094 4
7095 1
7096 1
7097 1
7098 4
7099 1
7100 3
7101 4
7102 3
7103 4
7104 1
7105 1
7106 1
7107 1
7108 1
7109 1
7110 0
7111 0
7112 0
7113 0
7114 0
7115 3
7116 0
7117 0
7118 1
7119 1
7120 0
7121 1
7122 1
7123 1
7124 1
7125 4
7126 1
7127 3
7128 3
7129 3
7130 3
7131 3
7132 0
7133 1
7134 1
7135 1
7136 4
7137 0
7138 0
7139 4
7140 4
7141 4
7142 12
7143 4
7144 4
7145 4
7146 0
7147 4
7148 1
7149 4
7150 4
7151 4
7152 1
7153 4
7154 0
7155 1
7156 0
7157 4
7158 4
7159 1
7160 1
7161 1
7162 0
7163 4
7164 1
7165 4
7166 0
7167 4
7168 4
7169 4
7170 4
7171 4
7172 1
7173 3
7174 4
7175 2
7176 3
7177 0
7178 0
7179 4
7180 4
7181 4
7182 4
7183 4
7184 4
7185 4
7186 4
7187 4
7188 1
7189 4
7190 4
7191 4
7192 4
7193 4
7194 1
7195 4
7196 4
7197 4
7198 4
7199 4
7200 4
7201 4
7202 1
7203 2
7204 2
7205 2
7206 2
7207 0
7208 1
7209 1
7210 1
7211 0
7212 1
7213 0
7214 4
7215 4
7216 4
7217 4
7218 4
7219 4
7220 4
7221 4
7222 4
7223 4
7224 4
7225 4
7226 4
7227 4
7228 2
7229 0
7230 0
7231 11
7232 4
7233 11
7234 11
7235 11
7236 11
7237 11
7238 11
7239 11
7240 11
7241 11
7242 11
7243 11
7244 11
7245 4
7246 4
7247 4
7248 4
7249 4
7250 4
7251 4
7252 4
7253 4
7254 4
7255 4
7256 4
7257 4
7258 4
7259 4
7260 4
7261 4
7262 4
7263 4
7264 4
7265 4
7266 4
7267 0
7268 4
7269 4
7270 4
7271 4
7272 4
7273 4
7274 4
7275 4
7276 1
7277 0
7278 4
7279 4
7280 1
7281 4
7282 1
7283 1
7284 1
7285 1
7286 1
7287 1
7288 2
7289 1
7290 1
7291 1
7292 1
7293 1
7294 1
7295 1
7296 1
7297 1
7298 1
7299 1
7300 1
7301 1
7302 1
7303 1
7304 1
7305 1
7306 4
7307 4
7308 4
7309 4
7310 4
7311 2
7312 4
7313 4
7314 4
7315 4
7316 4
7317 4
7318 4
7319 4
7320 1
7321 4
7322 4
7323 1
7324 0
7325 1
7326 1
7327 2
7328 1
7329 1
7330 1
7331 1
7332 1
7333 1
7334 1
7335 4
7336 1
7337 4
7338 1
7339 1
7340 2
7341 1
7342 4
7343 4
7344 1
7345 13
7346 1
7347 1
7348 1
7349 1
7350 1
7351 1
7352 0
7353 1
7354 1
7355 1
7356 1
7357 1
7358 1
7359 1
7360 1
7361 1
7362 0
7363 2
7364 0
7365 4
7366 1
7367 1
7368 4
7369 1
7370 0
7371 4
7372 4
7373 1
7374 0
7375 0
7376 0
7377 4
7378 12
7379 12
7380 1
7381 12
7382 4
7383 4
7384 4
7385 12
7386 12
7387 12
7388 12
7389 12
7390 12
7391 1
7392 12
7393 12
7394 12
7395 4
7396 12
7397 0
7398 1
7399 12
7400 12
7401 0
7402 0
7403 0
7404 0
7405 0
7406 4
7407 0
7408 0
7409 0
7410 0
7411 4
7412 1
7413 4
7414 2
7415 4
7416 1
7417 4
7418 0
7419 0
7420 0
7421 0
7422 4
7423 0
7424 4
7425 4
7426 4
7427 4
7428 4
7429 1
7430 4
7431 2
7432 2
7433 2
7434 2
7435 4
7436 4
7437 4
7438 4
7439 4
7440 4
7441 4
7442 4
7443 4
7444 0
7445 2
7446 2
7447 2
7448 4
7449 4
7450 4
7451 4
7452 4
7453 4
7454 4
7455 4
7456 4
7457 4
7458 4
7459 4
7460 4
7461 0
7462 4
7463 4
7464 4
7465 4
7466 4
7467 4
7468 4
7469 4
7470 4
7471 4
7472 4
7473 4
7474 4
7475 1
7476 2
7477 1
7478 1
7479 1
7480 1
7481 1
7482 1
7483 1
7484 0
7485 4
7486 4
7487 4
7488 4
7489 2
7490 2
7491 2
7492 4
7493 4
7494 4
7495 4
7496 4
7497 4
7498 4
7499 4
7500 4
7501 2
7502 4
7503 0
7504 1
7505 1
7506 1
7507 4
7508 0
7509 0
7510 0
7511 0
7512 0
7513 0
7514 2
7515 4
7516 4
7517 4
7518 4
7519 4
7520 4
7521 0
7522 4
7523 0
7524 0
7525 0
7526 0
7527 1
7528 4
7529 1
7530 1
7531 0
7532 1
7533 1
7534 1
7535 1
7536 1
7537 1
7538 1
7539 1
7540 1
7541 1
7542 1
7543 1
7544 4
7545 0
7546 4
7547 4
7548 4
7549 4
7550 4
7551 0
7552 4
7553 3
7554 3
7555 3
7556 3
7557 3
7558 4
7559 4
7560 0
7561 1
7562 2
7563 1
7564 1
7565 4
7566 1
7567 1
7568 1
7569 0
7570 0
7571 0
7572 2
7573 1
7574 4
7575 4
7576 1
7577 1
7578 1
7579 0
7580 0
7581 0
7582 0
7583 0
7584 0
7585 0
7586 0
7587 0
7588 0
7589 0
7590 0
7591 0
7592 0
7593 1
7594 0
7595 0
7596 0
7597 0
7598 0
7599 0
7600 0
7601 0
7602 2
7603 4
7604 4
7605 4
7606 4
7607 4
7608 4
7609 4
7610 4
7611 4
7612 4
7613 4
7614 4
7615 4
7616 4
7617 4
7618 4
7619 4
7620 4
7621 4
7622 4
7623 4
7624 4
7625 4
7626 4
7627 4
7628 4
7629 4
7630 4
7631 4
7632 4
7633 4
7634 4
7635 4
7636 4
7637 4
7638 4
7639 4
7640 4
7641 4
7642 4
7643 4
7644 4
7645 4
7646 0
7647 0
7648 0
7649 0
7650 0
7651 1
7652 1
7653 0
7654 0
7655 1
7656 1
7657 1
7658 1
7659 1
7660 1
7661 0
7662 0
7663 4
7664 0
7665 4
7666 4
7667 4
7668 4
7669 4
7670 4
7671 4
7672 4
7673 4
7674 4
7675 4
7676 1
7677 0
7678 1
7679 0
7680 0
7681 1
7682 0
7683 0
7684 0
7685 4
7686 0
7687 4
7688 4
7689 4
7690 0
7691 1
7692 2
7693 0
7694 4
7695 0
7696 0
7697 1
7698 1
7699 1
7700 1
7701 1
7702 4
7703 4
7704 1
7705 0
7706 4
7707 4
7708 4
7709 1
7710 2
7711 0
7712 0
7713 0
7714 4
7715 1
7716 1
7717 1
7718 1
7719 1
7720 2
7721 2
7722 0
7723 4
7724 0
7725 1
7726 0
7727 4
7728 4
7729 4
7730 4
7731 1
7732 4
7733 0
7734 0
7735 0
7736 0
7737 1
7738 0
7739 4
7740 0
7741 4
7742 4
7743 4
7744 4
7745 4
7746 0
7747 0
7748 4
7749 0
7750 0
7751 0
7752 0
7753 0
7754 0
7755 4
7756 2
7757 4
7758 2
7759 4
7760 4
7761 1
7762 0
7763 4
7764 2
7765 3
7766 0
7767 4
7768 4
7769 1
7770 1
7771 1
7772 4
7773 4
7774 4
7775 1
7776 1
7777 1
7778 1
7779 4
7780 4
7781 4
7782 1
7783 2
7784 0
7785 3
7786 2
7787 0
7788 4
7789 4
7790 4
7791 4
7792 4
7793 0
7794 13
7795 13
7796 13
7797 13
7798 13
7799 4
7800 4
7801 4
7802 4
7803 4
7804 0
7805 1
7806 0
7807 0
7808 4
7809 4
7810 4
7811 1
7812 1
7813 1
7814 4
7815 4
7816 4
7817 4
7818 4
7819 4
7820 4
7821 4
7822 4
7823 4
7824 4
7825 0
7826 0
7827 2
7828 1
7829 4
7830 1
7831 1
7832 1
7833 1
7834 1
7835 2
7836 0
7837 0
7838 0
7839 0
7840 0
7841 4
7842 4
7843 4
7844 4
7845 0
7846 4
7847 4
7848 4
7849 4
7850 4
7851 4
7852 0
7853 0
7854 0
7855 0
7856 0
7857 1
7858 4
7859 4
7860 0
7861 0
7862 2
7863 2
7864 2
7865 2
7866 2
7867 2
7868 2
7869 4
7870 4
7871 4
7872 14
7873 4
7874 4
7875 2
7876 4
7877 4
7878 0
7879 3
7880 3
7881 14
7882 14
7883 0
7884 0
7885 0
7886 0
7887 4
7888 4
7889 4
7890 4
7891 4
7892 4
7893 4
7894 4
7895 4
7896 4
7897 4
7898 0
7899 0
7900 0
7901 4
7902 4
7903 4
7904 0
7905 4
7906 4
7907 4
7908 4
7909 4
7910 4
7911 0
7912 4
7913 4
7914 1
7915 1
7916 4
7917 4
7918 4
7919 4
7920 4
7921 4
7922 4
7923 4
7924 4
7925 4
7926 4
7927 4
7928 4
7929 4
7930 1
7931 1
7932 4
7933 4
7934 4
7935 4
7936 1
7937 2
7938 2
7939 2
7940 2
7941 0
7942 0
0 5
1 4
2 0
3 1
4 1
5 5
6 4
7 2
8 4
9 4
10 4
11 3
12 4
13 5
14 1
0 0
1 1
2 2
3 3
4 4
5 5
1e-06 0.149168 136
