0 0
1 0
2 0
3 0
4 0
5 0
6 0
7 0
8 0
9 0
10 5
11 0
12 1
13 0
14 0
15 1
16 0
17 0
18 0
19 0
20 0
21 0
22 0
23 3
24 5
25 0
26 0
27 0
28 0
29 1
30 0
31 0
32 0
33 0
34 0
35 0
36 0
37 5
38 5
39 0
40 0
41 0
42 0
43 0
44 0
45 5
46 0
47 0
48 0
49 0
50 0
51 0
52 0
53 0
54 5
55 0
56 0
57 0
58 0
59 1
60 0
61 0
62 0
63 1
64 0
65 5
66 5
67 0
68 0
69 0
70 0
71 6
72 2
73 0
74 0
75 0
76 2
77 0
78 2
79 2
80 2
81 2
82 1
83 2
84 1
85 2
86 5
87 1
88 2
89 0
90 2
91 5
92 5
93 5
94 2
95 2
96 2
97 1
98 1
99 2
100 0
101 0
102 1
103 2
104 6
105 0
106 2
107 0
108 5
109 1
110 2
111 1
112 2
113 2
114 2
115 1
116 2
117 2
118 1
119 2
120 2
121 2
122 2
123 1
124 2
125 1
126 0
127 1
128 2
129 5
130 0
131 2
132 0
133 0
134 0
135 2
136 3
137 2
138 0
139 2
140 0
141 0
142 0
143 2
144 0
145 5
146 0
147 2
148 2
149 1
150 0
151 2
152 2
153 0
154 1
155 2
156 1
157 0
158 0
159 0
160 2
161 2
162 0
163 0
164 2
165 1
166 1
167 0
168 0
169 1
170 1
171 2
172 1
173 3
174 2
175 1
176 2
177 2
178 1
179 2
180 0
181 0
182 2
183 1
184 0
185 2
186 1
187 0
188 1
189 0
190 0
191 0
192 1
193 1
194 1
195 2
196 0
197 1
198 0
199 1
200 1
201 0
202 1
203 2
204 2
205 2
206 0
207 0
208 6
209 2
210 3
211 0
212 0
213 2
214 2
215 0
216 1
217 2
218 1
219 1
220 2
221 2
222 5
223 2
224 1
225 2
226 2
227 1
228 0
229 1
230 2
231 0
232 2
233 2
234 2
235 1
236 2
237 1
238 2
239 1
240 2
241 0
242 5
243 0
244 0
245 1
246 1
247 2
248 0
249 2
250 5
251 2
252 1
253 2
254 2
255 1
256 0
257 2
258 1
259 1
260 2
261 2
262 1
263 1
264 2
265 2
266 0
267 3
268 0
269 0
270 0
271 1
272 0
273 1
274 2
275 2
276 2
277 6
278 0
279 5
280 0
281 1
282 2
283 2
284 1
285 2
286 1
287 0
288 2
289 0
290 0
291 0
292 2
293 0
294 2
295 0
296 2
297 1
298 2
299 1
300 1
301 2
302 0
303 2
304 2
305 2
306 0
307 2
308 0
309 1
310 1
311 2
312 2
313 1
314 1
315 2
316 2
317 2
318 2
319 2
320 1
321 2
322 1
323 1
324 1
325 2
326 0
327 0
328 0
329 2
330 2
331 1
332 3
333 0
334 0
335 2
336 1
337 2
338 0
339 2
340 2
341 1
342 0
343 6
344 1
345 2
346 0
347 0
348 2
349 0
350 1
351 2
352 0
353 3
354 1
355 0
356 2
357 1
358 2
359 0
360 1
361 0
362 2
363 0
364 1
365 1
366 2
367 0
368 0
369 2
370 0
371 1
372 2
373 2
374 1
375 2
376 1
377 0
378 0
379 1
380 0
381 0
382 2
383 2
384 2
385 0
386 2
387 5
388 1
389 1
390 2
391 2
392 1
393 1
394 0
395 2
396 1
397 1
398 0
399 1
400 0
401 0
402 2
403 3
404 0
405 2
406 2
407 2
408 1
409 0
410 0
411 2
412 0
413 2
414 2
415 1
416 1
417 1
418 0
419 2
420 2
421 0
422 0
423 1
424 0
425 2
426 1
427 0
428 2
429 1
430 2
431 0
432 1
433 0
434 1
435 1
436 1
437 3
438 0
439 1
440 2
441 3
442 0
443 2
444 1
445 0
446 0
447 0
448 1
449 2
450 2
451 2
452 0
453 0
454 2
455 1
456 2
457 1
458 0
459 1
460 0
461 1
462 0
463 1
464 2
465 2
466 2
467 2
468 2
469 2
470 2
471 1
472 0
473 2
474 2
475 2
476 2
477 2
478 0
479 2
480 2
481 2
482 2
483 1
484 2
485 3
486 2
487 0
488 1
489 1
490 1
491 1
492 0
493 0
494 1
495 0
496 1
497 1
498 0
499 5
500 2
501 1
502 0
503 2
504 2
505 0
506 1
507 1
508 0
509 0
510 5
511 0
512 0
513 2
514 3
515 0
516 0
517 0
518 2
519 0
520 1
521 0
522 2
523 2
524 1
525 5
526 0
527 1
528 1
529 1
530 1
531 2
532 1
533 1
534 1
535 1
536 0
537 2
538 1
539 0
540 1
541 0
542 0
543 1
544 0
545 0
546 2
547 2
548 0
549 0
550 2
551 0
552 0
553 1
554 1
555 2
556 0
557 2
558 1
559 0
560 2
561 2
562 5
563 2
564 2
565 1
566 1
567 2
568 2
569 2
570 0
571 1
572 2
573 0
574 2
575 0
576 2
577 0
578 0
579 2
580 2
581 1
582 0
583 0
584 5
585 2
586 2
587 0
588 0
589 2
590 2
591 0
592 3
593 0
594 3
595 2
596 0
597 1
598 2
599 1
600 0
601 2
602 5
603 1
604 1
605 1
606 1
607 2
608 1
609 5
610 2
611 0
612 0
613 2
614 1
615 1
616 2
617 2
618 0
619 5
620 5
621 5
622 2
623 0
624 5
625 0
626 1
627 1
628 1
629 1
630 0
631 2
632 1
633 2
634 2
635 0
636 1
637 2
638 1
639 0
640 2
641 0
642 0
643 1
644 0
645 1
646 1
647 6
648 0
649 0
650 0
651 2
652 6
653 0
654 2
655 1
656 2
657 2
658 1
659 1
660 2
661 0
662 3
663 1
664 1
665 2
666 3
667 2
668 6
669 2
670 0
671 2
672 2
673 2
674 2
675 1
676 1
677 1
678 2
679 0
680 1
681 0
682 2
683 2
684 2
685 2
686 0
687 1
688 0
689 1
690 1
691 0
692 1
693 5
694 2
695 0
696 1
697 1
698 2
699 0
700 1
701 2
702 1
703 0
704 0
705 1
706 2
707 2
708 5
709 1
710 1
711 0
712 1
713 5
714 1
715 1
716 5
717 1
718 1
719 2
720 2
721 0
722 6
723 1
724 2
725 2
726 2
727 1
728 2
729 0
730 1
731 0
732 0
733 1
734 0
735 2
736 2
737 0
738 1
739 1
740 2
741 2
742 2
743 2
744 5
745 2
746 2
747 2
748 1
749 0
750 1
751 0
752 2
753 2
754 2
755 3
756 1
757 6
758 2
759 2
760 2
761 2
762 2
763 0
764 5
765 1
766 0
767 1
768 2
769 2
770 1
771 1
772 2
773 1
774 0
775 2
776 0
777 0
778 2
779 0
780 1
781 1
782 0
783 2
784 1
785 1
786 0
787 0
788 1
789 0
790 2
791 5
792 1
793 1
794 1
795 2
796 2
797 1
798 0
799 2
800 0
801 2
802 2
803 2
804 1
805 2
806 0
807 0
808 0
809 2
810 2
811 2
812 0
813 0
814 0
815 0
816 0
817 0
818 2
819 2
820 1
821 2
822 2
823 0
824 2
825 1
826 2
827 3
828 0
829 0
830 0
831 3
832 2
833 2
834 1
835 2
836 0
837 0
838 1
839 0
840 1
841 2
842 0
843 2
844 2
845 0
846 1
847 2
848 2
849 0
850 1
851 0
852 2
853 0
854 2
855 0
856 2
857 1
858 0
859 0
860 1
861 1
862 2
863 2
864 3
865 0
866 2
867 0
868 0
869 1
870 0
871 2
872 2
873 2
874 0
875 1
876 2
877 2
878 2
879 2
880 0
881 0
882 0
883 2
884 2
885 2
886 2
887 2
888 0
889 2
890 0
891 2
892 0
893 0
894 1
895 0
896 2
897 1
898 1
899 2
900 2
901 1
902 1
903 2
904 2
905 0
906 2
907 2
908 0
909 1
910 2
911 2
912 5
913 2
914 0
915 0
916 2
917 0
918 1
919 2
920 2
921 1
922 2
923 2
924 1
925 0
926 0
927 1
928 1
929 2
930 0
931 1
932 1
933 2
934 1
935 2
936 2
937 3
938 0
939 1
940 0
941 0
942 0
943 2
944 0
945 2
946 2
947 0
948 0
949 1
950 1
951 1
952 0
953 0
954 2
955 3
956 2
957 2
958 1
959 0
960 0
961 2
962 2
963 2
964 2
965 2
966 5
967 0
968 0
969 1
970 6
971 5
972 0
973 5
974 0
975 0
976 6
977 1
978 0
979 0
980 0
981 0
982 1
983 1
984 1
985 1
986 1
987 1
988 1
989 1
990 2
991 1
992 2
993 2
994 1
995 1
996 0
997 1
998 0
999 0
1000 2
1001 2
1002 0
1003 1
1004 2
1005 2
1006 1
1007 5
1008 2
1009 5
1010 5
1011 2
1012 1
1013 1
1014 1
1015 5
1016 5
1017 2
1018 1
1019 5
1020 1
1021 2
1022 1
1023 5
1024 1
1025 2
1026 1
1027 0
1028 1
1029 1
1030 2
1031 2
1032 2
1033 1
1034 1
1035 1
1036 5
1037 2
1038 2
1039 2
1040 1
1041 0
1042 1
1043 1
1044 2
1045 5
1046 2
1047 1
1048 5
1049 2
1050 0
1051 2
1052 3
1053 0
1054 2
1055 0
1056 5
1057 3
1058 2
1059 5
1060 1
1061 0
1062 6
1063 5
1064 5
1065 3
1066 5
1067 2
1068 6
1069 5
1070 0
1071 5
1072 5
1073 1
1074 0
1075 3
1076 6
1077 5
1078 2
1079 2
1080 3
1081 2
1082 2
1083 3
1084 6
1085 5
1086 5
1087 3
1088 5
1089 2
1090 2
1091 0
1092 5
1093 6
1094 5
1095 5
1096 3
1097 0
1098 0
1099 2
1100 1
1101 5
1102 6
1103 2
1104 2
1105 2
1106 6
1107 5
1108 1
1109 2
1110 1
1111 6
1112 6
1113 6
1114 0
1115 5
1116 2
1117 6
1118 6
1119 6
1120 6
1121 6
1122 0
1123 6
1124 2
1125 2
1126 6
1127 1
1128 1
1129 1
1130 6
1131 0
1132 6
1133 6
1134 5
1135 6
1136 5
1137 6
1138 0
1139 0
1140 1
1141 6
1142 6
1143 6
1144 6
1145 6
1146 0
1147 2
1148 0
1149 3
1150 0
1151 1
1152 5
1153 1
1154 6
1155 6
1156 0
1157 0
1158 5
1159 1
1160 5
1161 6
1162 3
1163 0
1164 0
1165 6
1166 0
1167 2
1168 0
1169 0
1170 2
1171 6
1172 6
1173 5
1174 6
1175 0
1176 0
1177 6
1178 0
1179 5
1180 0
1181 0
1182 6
1183 5
1184 0
1185 0
1186 0
1187 6
1188 0
1189 3
1190 5
1191 2
1192 6
1193 6
1194 1
1195 6
1196 6
1197 2
1198 6
1199 6
1200 0
1201 0
1202 1
1203 0
1204 0
1205 3
1206 0
1207 0
1208 5
1209 5
1210 1
1211 3
1212 1
1213 2
1214 0
1215 1
1216 1
1217 0
1218 1
1219 2
1220 2
1221 1
1222 2
1223 3
1224 0
1225 0
1226 1
1227 3
1228 5
1229 1
1230 2
1231 2
1232 0
1233 0
1234 5
1235 6
1236 2
1237 2
1238 2
1239 1
1240 0
1241 5
1242 0
1243 6
1244 5
1245 0
1246 0
1247 0
1248 5
1249 2
1250 0
1251 1
1252 1
1253 0
1254 1
1255 5
1256 3
1257 0
1258 1
1259 3
1260 0
1261 0
1262 2
1263 0
1264 6
1265 0
1266 5
1267 1
1268 0
1269 3
1270 6
1271 5
1272 2
1273 0
1274 0
1275 2
1276 2
1277 0
1278 1
1279 1
1280 5
1281 3
1282 2
1283 1
1284 0
1285 2
1286 2
1287 2
1288 1
1289 0
1290 2
1291 0
1292 2
1293 2
1294 1
1295 0
1296 1
1297 0
1298 2
1299 0
1300 0
1301 5
1302 2
1303 2
1304 2
1305 3
1306 0
1307 5
1308 2
1309 0
1310 0
1311 0
1312 2
1313 1
1314 1
1315 2
1316 2
1317 2
1318 2
1319 2
1320 2
1321 0
1322 0
1323 1
1324 2
1325 5
1326 2
1327 3
1328 5
1329 2
1330 2
1331 2
1332 5
1333 2
1334 2
1335 5
1336 2
1337 2
1338 2
1339 0
1340 2
1341 0
1342 2
1343 1
1344 1
1345 1
1346 2
1347 0
1348 2
1349 2
1350 2
1351 0
1352 2
1353 0
1354 1
1355 5
1356 2
1357 2
1358 2
1359 2
1360 2
1361 2
1362 2
1363 3
1364 2
1365 0
1366 3
1367 0
1368 1
1369 5
1370 2
1371 6
1372 2
1373 2
1374 0
1375 3
1376 5
1377 2
1378 0
1379 5
1380 0
1381 1
1382 2
1383 2
1384 1
1385 1
1386 0
1387 2
1388 2
1389 0
1390 2
1391 2
1392 2
1393 2
1394 0
1395 0
1396 6
1397 6
1398 2
1399 5
1400 5
1401 5
1402 5
1403 2
1404 2
1405 0
1406 2
1407 5
1408 1
1409 2
1410 0
1411 1
1412 1
1413 0
1414 0
1415 2
1416 1
1417 2
1418 2
1419 0
1420 5
1421 2
1422 0
1423 3
1424 0
1425 2
1426 0
1427 0
1428 2
1429 2
1430 0
1431 2
1432 2
1433 2
1434 2
1435 2
1436 1
1437 2
1438 0
1439 0
1440 0
1441 2
1442 2
1443 3
1444 5
1445 2
1446 0
1447 0
1448 0
1449 1
1450 5
1451 5
1452 0
1453 1
1454 2
1455 2
1456 1
1457 1
1458 3
1459 2
1460 2
1461 0
1462 0
1463 3
1464 2
1465 1
1466 3
1467 2
1468 2
1469 0
1470 1
1471 0
1472 0
1473 2
1474 2
1475 0
1476 5
1477 5
1478 0
1479 1
1480 5
1481 0
1482 5
1483 0
1484 2
1485 0
1486 0
1487 2
1488 2
1489 3
1490 3
1491 2
1492 2
1493 3
1494 2
1495 2
1496 5
1497 1
1498 1
1499 0
1500 6
1501 0
1502 2
1503 2
1504 5
1505 0
1506 2
1507 2
1508 2
1509 0
1510 0
1511 2
1512 0
1513 2
1514 1
1515 2
1516 1
1517 1
1518 1
1519 0
1520 0
1521 1
1522 2
1523 2
1524 3
1525 2
1526 1
1527 3
1528 2
1529 3
1530 6
1531 1
1532 2
1533 1
1534 2
1535 3
1536 0
1537 1
1538 0
1539 0
1540 0
1541 0
1542 2
1543 5
1544 0
1545 0
1546 5
1547 2
1548 2
1549 5
1550 7
1551 6
1552 2
1553 2
1554 3
1555 2
1556 2
1557 1
1558 2
1559 2
1560 2
1561 1
1562 2
1563 1
1564 1
1565 5
1566 1
1567 0
1568 0
1569 0
1570 1
1571 2
1572 5
1573 0
1574 2
1575 2
1576 3
1577 2
1578 2
1579 2
1580 0
1581 2
1582 5
1583 2
1584 3
1585 5
1586 5
1587 2
1588 0
1589 0
1590 6
1591 5
1592 2
1593 2
1594 2
1595 3
1596 2
1597 2
1598 2
1599 1
1600 2
1601 2
1602 5
1603 0
1604 2
1605 2
1606 2
1607 2
1608 1
1609 2
1610 1
1611 2
1612 2
1613 2
1614 2
1615 2
1616 2
1617 2
1618 0
1619 5
1620 2
1621 3
1622 1
1623 1
1624 1
1625 2
1626 2
1627 1
1628 2
1629 1
1630 1
1631 0
1632 1
1633 5
1634 2
1635 0
1636 5
1637 2
1638 1
1639 5
1640 5
1641 2
1642 5
1643 5
1644 3
1645 6
1646 2
1647 3
1648 5
1649 5
1650 5
1651 5
1652 5
1653 2
1654 5
1655 3
1656 3
1657 1
1658 2
1659 5
1660 2
1661 2
1662 2
1663 3
1664 3
1665 5
1666 3
1667 0
1668 3
1669 5
1670 3
1671 5
1672 1
1673 5
1674 3
1675 2
1676 3
1677 5
1678 5
1679 3
1680 3
1681 5
1682 5
1683 0
1684 3
1685 3
1686 3
1687 2
1688 5
1689 5
1690 5
1691 3
1692 3
1693 5
1694 2
1695 2
1696 3
1697 5
1698 1
1699 3
1700 3
1701 0
1702 2
1703 2
1704 2
1705 2
1706 2
1707 5
1708 5
1709 2
1710 1
1711 5
1712 3
1713 2
1714 3
1715 5
1716 3
1717 5
1718 5
1719 2
1720 3
1721 5
1722 5
1723 5
1724 2
1725 5
1726 2
1727 5
1728 5
1729 5
1730 2
1731 2
1732 5
1733 0
1734 0
1735 0
1736 0
1737 0
1738 0
1739 0
1740 3
1741 0
1742 2
1743 0
1744 0
1745 0
1746 0
1747 0
1748 0
1749 0
1750 0
1751 0
1752 0
1753 0
1754 0
1755 0
1756 0
1757 0
1758 0
1759 0
1760 0
1761 5
1762 2
1763 0
1764 0
1765 0
1766 0
1767 1
1768 0
1769 0
1770 0
1771 0
1772 0
1773 0
1774 0
1775 0
1776 1
1777 0
1778 0
1779 0
1780 0
1781 0
1782 6
1783 0
1784 0
1785 0
1786 1
1787 0
1788 0
1789 0
1790 0
1791 0
1792 0
1793 0
1794 3
1795 2
1796 5
1797 5
1798 5
1799 0
1800 0
1801 0
1802 5
1803 0
1804 0
1805 0
1806 2
1807 0
1808 1
1809 1
1810 0
1811 3
1812 5
1813 1
1814 5
1815 5
1816 0
1817 5
1818 0
1819 0
1820 5
1821 0
1822 0
1823 0
1824 0
1825 0
1826 1
1827 3
1828 5
1829 0
1830 5
1831 2
1832 0
1833 5
1834 5
1835 5
1836 1
1837 0
1838 2
1839 0
1840 1
1841 2
1842 0
1843 0
1844 0
1845 0
1846 0
1847 0
1848 0
1849 0
1850 0
1851 0
1852 0
1853 0
1854 0
1855 5
1856 0
1857 1
1858 1
1859 0
1860 0
1861 0
1862 0
1863 0
1864 0
1865 0
1866 5
1867 5
1868 0
1869 0
1870 5
1871 0
1872 6
1873 2
1874 0
1875 5
1876 5
1877 0
1878 1
1879 2
1880 1
1881 2
1882 0
1883 0
1884 1
1885 0
1886 5
1887 5
1888 5
1889 5
1890 2
1891 5
1892 1
1893 0
1894 5
1895 2
1896 1
1897 0
1898 0
1899 2
1900 0
1901 1
1902 1
1903 0
1904 5
1905 0
1906 0
1907 0
1908 1
1909 1
1910 5
1911 0
1912 0
1913 3
1914 0
1915 0
1916 2
1917 3
1918 0
1919 0
1920 0
1921 0
1922 5
1923 0
1924 0
1925 0
1926 4
1927 5
1928 4
1929 5
1930 4
1931 4
1932 4
1933 4
1934 3
1935 2
1936 5
1937 5
1938 2
1939 2
1940 3
1941 1
1942 2
1943 0
1944 0
1945 2
1946 2
1947 1
1948 2
1949 2
1950 3
1951 2
1952 2
1953 2
1954 6
1955 2
1956 2
1957 2
1958 2
1959 2
1960 2
1961 2
1962 3
1963 0
1964 1
1965 3
1966 2
1967 5
1968 2
1969 2
1970 2
1971 3
1972 1
1973 2
1974 3
1975 2
1976 2
1977 3
1978 1
1979 2
1980 2
1981 3
1982 5
1983 1
1984 3
1985 6
1986 1
1987 3
1988 5
1989 6
1990 3
1991 5
1992 5
1993 2
1994 3
1995 5
1996 6
1997 3
1998 3
1999 1
2000 3
2001 0
2002 1
2003 3
2004 2
2005 0
2006 2
2007 1
2008 1
2009 2
2010 5
2011 2
2012 1
2013 5
2014 2
2015 2
2016 0
2017 2
2018 5
2019 1
2020 2
2021 5
2022 0
2023 0
2024 2
2025 1
2026 1
2027 3
2028 1
2029 5
2030 2
2031 1
2032 2
2033 2
2034 1
2035 2
2036 2
2037 2
2038 1
2039 0
2040 2
2041 1
2042 1
2043 5
2044 2
2045 1
2046 2
2047 1
2048 3
2049 3
2050 2
2051 5
2052 3
2053 2
2054 5
2055 3
2056 1
2057 2
2058 5
2059 5
2060 2
2061 2
2062 5
2063 5
2064 5
2065 2
2066 2
2067 5
2068 5
2069 5
2070 2
2071 5
2072 5
2073 5
2074 2
2075 5
2076 1
2077 5
2078 1
2079 5
2080 2
2081 5
2082 2
2083 5
2084 1
2085 5
2086 2
2087 2
2088 1
2089 2
2090 5
2091 5
2092 2
2093 2
2094 5
2095 1
2096 2
2097 5
2098 2
2099 3
2100 5
2101 5
2102 5
2103 5
2104 0
2105 5
2106 5
2107 3
2108 5
2109 5
2110 5
2111 5
2112 5
2113 2
2114 1
2115 5
2116 0
2117 5
2118 2
2119 3
2120 5
2121 5
2122 5
2123 5
2124 5
2125 5
2126 5
2127 5
2128 5
2129 5
2130 5
2131 5
2132 5
2133 5
2134 5
2135 5
2136 5
2137 5
2138 5
2139 5
2140 5
2141 5
2142 5
2143 0
2144 2
2145 2
2146 5
2147 2
2148 1
2149 0
2150 5
2151 3
2152 2
2153 1
2154 0
2155 5
2156 2
2157 5
2158 1
2159 3
2160 2
2161 5
2162 5
2163 5
2164 0
2165 5
2166 5
2167 1
2168 0
2169 1
2170 3
2171 5
2172 3
2173 2
2174 5
2175 5
2176 5
2177 5
2178 2
2179 1
2180 5
2181 5
2182 3
2183 5
2184 3
2185 5
2186 5
2187 2
2188 0
2189 1
2190 0
2191 3
2192 3
2193 5
2194 5
2195 2
2196 1
2197 5
2198 0
2199 5
2200 2
2201 5
2202 5
2203 2
2204 1
2205 5
2206 2
2207 5
2208 3
2209 0
2210 5
2211 2
2212 5
2213 5
2214 5
2215 3
2216 5
2217 5
2218 0
2219 0
2220 5
2221 5
2222 1
2223 5
2224 2
2225 5
2226 5
2227 0
2228 3
2229 1
2230 3
2231 3
2232 5
2233 5
2234 1
2235 2
2236 5
2237 0
2238 1
2239 3
2240 5
2241 5
2242 5
2243 1
2244 5
2245 2
2246 5
2247 5
2248 3
2249 2
2250 5
2251 1
2252 2
2253 5
2254 5
2255 1
2256 1
2257 5
2258 2
2259 1
2260 3
2261 5
2262 5
2263 2
2264 5
2265 2
2266 5
2267 3
2268 2
2269 2
2270 6
2271 5
2272 0
2273 5
2274 3
2275 1
2276 5
2277 5
2278 5
2279 5
2280 3
2281 5
2282 5
2283 5
2284 5
2285 5
2286 3
2287 2
2288 2
2289 2
2290 2
2291 2
2292 0
2293 0
2294 5
2295 5
2296 5
2297 0
2298 5
2299 5
2300 3
2301 2
2302 0
2303 5
2304 5
2305 5
2306 1
2307 2
2308 5
2309 3
2310 5
2311 5
2312 5
2313 2
2314 0
2315 5
2316 2
2317 2
2318 5
2319 2
2320 5
2321 5
2322 5
2323 5
2324 3
2325 2
2326 2
2327 5
2328 2
2329 5
2330 5
2331 5
2332 5
2333 5
2334 3
2335 2
2336 5
2337 3
2338 2
2339 5
2340 3
2341 3
2342 3
2343 3
2344 3
2345 3
2346 3
2347 3
2348 3
2349 3
2350 3
2351 3
2352 3
2353 3
2354 2
2355 3
2356 3
2357 5
2358 5
2359 5
2360 3
2361 3
2362 3
2363 3
2364 3
2365 3
2366 0
2367 3
2368 2
2369 3
2370 6
2371 3
2372 3
2373 3
2374 3
2375 2
2376 5
2377 3
2378 3
2379 3
2380 3
2381 5
2382 3
2383 3
2384 3
2385 3
2386 3
2387 3
2388 3
2389 3
2390 3
2391 2
2392 3
2393 3
2394 3
2395 1
2396 1
2397 3
2398 3
2399 3
2400 5
2401 3
2402 5
2403 3
2404 3
2405 3
2406 2
2407 5
2408 3
2409 3
2410 3
2411 3
2412 5
2413 3
2414 3
2415 3
2416 3
2417 3
2418 2
2419 1
2420 5
2421 3
2422 3
2423 3
2424 3
2425 3
2426 5
2427 5
2428 5
2429 3
2430 3
2431 2
2432 5
2433 3
2434 5
2435 2
2436 2
2437 3
2438 2
2439 2
2440 0
2441 2
2442 2
2443 1
2444 2
2445 2
2446 1
2447 2
2448 5
2449 2
2450 2
2451 2
2452 3
2453 3
2454 2
2455 2
2456 0
2457 2
2458 2
2459 2
2460 3
2461 2
2462 1
2463 2
2464 2
2465 2
2466 3
2467 2
2468 2
2469 2
2470 1
2471 1
2472 2
2473 2
2474 1
2475 2
2476 3
2477 2
2478 2
2479 2
2480 3
2481 2
2482 2
2483 1
2484 1
2485 1
2486 2
2487 3
2488 2
2489 3
2490 2
2491 2
2492 3
2493 3
2494 3
2495 2
2496 3
2497 2
2498 2
2499 2
2500 5
2501 1
2502 2
2503 2
2504 3
2505 2
2506 2
2507 2
2508 3
2509 3
2510 3
2511 3
2512 2
2513 2
2514 2
2515 1
2516 2
2517 2
2518 5
2519 2
2520 3
2521 3
2522 2
2523 3
2524 1
2525 3
2526 3
2527 3
2528 2
2529 2
2530 2
2531 2
2532 2
2533 3
2534 2
2535 3
2536 2
2537 2
2538 2
2539 2
2540 5
2541 2
2542 1
2543 2
2544 1
2545 0
2546 2
2547 2
2548 1
2549 2
2550 2
2551 1
2552 3
2553 3
2554 2
2555 0
2556 1
2557 2
2558 1
2559 3
2560 2
2561 3
2562 1
2563 1
2564 3
2565 2
2566 5
2567 2
2568 2
2569 2
2570 2
2571 5
2572 1
2573 2
2574 1
2575 0
2576 1
2577 2
2578 1
2579 2
2580 5
2581 6
2582 2
2583 1
2584 3
2585 1
2586 2
2587 1
2588 1
2589 2
2590 3
2591 5
2592 2
2593 1
2594 2
2595 2
2596 2
2597 2
2598 2
2599 2
2600 2
2601 1
2602 2
2603 2
2604 1
2605 3
2606 3
2607 2
2608 2
2609 1
2610 2
2611 1
2612 3
2613 2
2614 2
2615 0
2616 2
2617 1
2618 1
2619 2
2620 2
2621 3
2622 2
2623 2
2624 2
2625 2
2626 2
2627 2
2628 3
2629 2
2630 2
2631 2
2632 0
2633 2
2634 3
2635 2
2636 1
2637 3
2638 2
2639 2
2640 3
2641 5
2642 2
2643 3
2644 1
2645 2
2646 5
2647 2
2648 5
2649 1
2650 3
2651 3
2652 3
2653 1
2654 2
2655 3
2656 5
2657 2
2658 1
2659 3
2660 2
2661 3
2662 1
2663 2
2664 3
2665 3
2666 2
2667 0
2668 3
2669 2
2670 3
2671 3
2672 2
2673 1
2674 1
2675 2
2676 5
2677 2
2678 1
2679 2
2680 2
2681 1
2682 2
2683 2
2684 2
2685 3
2686 2
2687 1
2688 1
2689 3
2690 1
2691 2
2692 3
2693 3
2694 3
2695 3
2696 3
2697 3
2698 2
2699 2
2700 3
2701 5
2702 2
2703 1
2704 2
2705 2
2706 2
2707 2
2708 1
2709 2
2710 3
2711 3
2712 3
2713 3
2714 3
2715 3
2716 2
2717 2
2718 2
2719 2
2720 2
2721 2
2722 3
2723 5
2724 2
2725 3
2726 2
2727 3
2728 2
2729 1
2730 1
2731 2
2732 1
2733 1
2734 2
2735 2
2736 0
2737 0
2738 1
2739 3
2740 2
2741 1
2742 3
2743 3
2744 1
2745 2
2746 0
2747 2
2748 2
2749 2
2750 2
2751 1
2752 3
2753 2
2754 2
2755 2
2756 2
2757 3
2758 2
2759 2
2760 2
2761 1
2762 1
2763 0
2764 5
2765 5
2766 2
2767 2
2768 1
2769 1
2770 2
2771 2
2772 3
2773 3
2774 3
2775 2
2776 0
2777 3
2778 2
2779 3
2780 2
2781 3
2782 3
2783 3
2784 3
2785 3
2786 0
2787 2
2788 3
2789 5
2790 5
2791 2
2792 2
2793 2
2794 0
2795 3
2796 2
2797 3
2798 3
2799 2
2800 2
2801 3
2802 3
2803 2
2804 3
2805 3
2806 2
2807 2
2808 5
2809 1
2810 2
2811 2
2812 3
2813 3
2814 2
2815 3
2816 3
2817 3
2818 2
2819 3
2820 2
2821 2
2822 2
2823 2
2824 0
2825 5
2826 1
2827 0
2828 0
2829 6
2830 0
2831 5
2832 2
2833 6
2834 2
2835 1
2836 6
2837 5
2838 1
2839 0
2840 5
2841 5
2842 3
2843 5
2844 5
2845 5
2846 5
2847 5
2848 5
2849 1
2850 3
2851 5
2852 5
2853 3
2854 5
2855 2
2856 5
2857 0
2858 2
2859 5
2860 2
2861 5
2862 1
2863 1
2864 5
2865 5
2866 0
2867 3
2868 3
2869 2
2870 5
2871 5
2872 0
2873 5
2874 5
2875 2
2876 0
2877 2
2878 5
2879 5
2880 2
2881 2
2882 2
2883 1
2884 3
2885 5
2886 5
2887 2
2888 5
2889 1
2890 3
2891 5
2892 2
2893 2
2894 5
2895 1
2896 0
2897 2
2898 3
2899 3
2900 2
2901 2
2902 3
2903 2
2904 2
2905 3
2906 0
2907 5
2908 2
2909 1
2910 0
2911 3
2912 5
2913 5
2914 3
2915 3
2916 3
2917 5
2918 0
2919 1
2920 0
2921 5
2922 1
2923 7
2924 0
2925 5
2926 5
2927 3
2928 3
2929 3
2930 5
2931 5
2932 0
2933 3
2934 3
2935 3
2936 5
2937 5
2938 0
2939 0
2940 0
2941 2
2942 5
2943 3
2944 3
2945 5
2946 5
2947 2
2948 5
2949 5
2950 0
2951 5
2952 0
2953 5
2954 3
2955 5
2956 3
2957 3
2958 1
2959 5
2960 5
2961 3
2962 5
2963 0
2964 2
2965 5
2966 3
2967 2
2968 1
2969 1
2970 2
2971 0
2972 3
2973 0
2974 0
2975 0
2976 5
2977 5
2978 5
2979 2
2980 0
2981 6
2982 5
2983 3
2984 6
2985 2
2986 5
2987 1
2988 1
2989 2
2990 0
2991 3
2992 2
2993 0
2994 5
2995 3
2996 5
2997 2
2998 2
2999 5
3000 0
3001 2
3002 5
3003 5
3004 2
3005 2
3006 5
3007 3
3008 5
3009 0
3010 5
3011 5
3012 5
3013 5
3014 5
3015 5
3016 0
3017 5
3018 2
3019 2
3020 5
3021 5
3022 2
3023 3
3024 2
3025 0
3026 5
3027 1
3028 2
3029 5
3030 5
3031 0
3032 0
3033 5
3034 5
3035 0
3036 5
3037 5
3038 0
3039 5
3040 0
3041 5
3042 3
3043 0
3044 6
3045 5
3046 5
3047 0
3048 0
3049 5
3050 0
3051 0
3052 5
3053 5
3054 0
3055 2
3056 1
3057 2
3058 5
3059 2
3060 5
3061 2
3062 0
3063 5
3064 0
3065 3
3066 1
3067 3
3068 0
3069 5
3070 0
3071 3
3072 0
3073 2
3074 5
3075 5
3076 3
3077 5
3078 2
3079 2
3080 1
3081 2
3082 0
3083 5
3084 3
3085 1
3086 1
3087 5
3088 1
3089 5
3090 0
3091 5
3092 5
3093 2
3094 2
3095 0
3096 5
3097 1
3098 5
3099 5
3100 5
3101 0
3102 0
3103 3
3104 0
3105 0
3106 0
3107 3
3108 5
3109 0
3110 2
3111 5
3112 5
3113 2
3114 2
3115 2
3116 2
3117 2
3118 2
3119 2
3120 2
3121 3
3122 3
3123 2
3124 2
3125 5
3126 5
3127 1
3128 3
3129 2
3130 1
3131 2
3132 5
3133 1
3134 0
3135 2
3136 0
3137 0
3138 5
3139 5
3140 3
3141 2
3142 5
3143 5
3144 5
3145 5
3146 5
3147 1
3148 6
3149 1
3150 0
3151 0
3152 3
3153 3
3154 3
3155 5
3156 3
3157 2
3158 1
3159 1
3160 1
3161 5
3162 5
3163 5
3164 3
3165 0
3166 1
3167 3
3168 3
3169 1
3170 0
3171 5
3172 2
3173 2
3174 5
3175 3
3176 3
3177 5
3178 3
3179 1
3180 3
3181 3
3182 2
3183 3
3184 5
3185 0
3186 5
3187 0
3188 3
3189 0
3190 3
3191 2
3192 3
3193 3
3194 0
3195 3
3196 1
3197 1
3198 1
3199 6
3200 5
3201 0
3202 0
3203 2
3204 0
3205 2
3206 5
3207 3
3208 2
3209 2
3210 3
3211 2
3212 3
3213 2
3214 2
3215 2
3216 5
3217 0
3218 2
3219 5
3220 1
3221 3
3222 3
3223 0
3224 2
3225 1
3226 0
3227 5
3228 2
3229 3
3230 2
3231 2
3232 3
3233 2
3234 0
3235 3
3236 0
3237 3
3238 3
3239 0
3240 2
3241 1
3242 2
3243 2
3244 2
3245 1
3246 3
3247 2
3248 2
3249 5
3250 3
3251 3
3252 1
3253 2
3254 3
3255 1
3256 2
3257 3
3258 5
3259 3
3260 3
3261 3
3262 1
3263 3
3264 3
3265 2
3266 3
3267 1
3268 5
3269 2
3270 2
3271 5
3272 3
3273 3
3274 3
3275 1
3276 5
3277 1
3278 3
3279 5
3280 2
3281 2
3282 2
3283 2
3284 2
3285 3
3286 3
3287 0
3288 3
3289 3
3290 3
3291 2
3292 1
3293 3
3294 2
3295 2
3296 1
3297 0
3298 2
3299 5
3300 3
3301 2
3302 3
3303 1
3304 2
3305 3
3306 3
3307 3
3308 2
3309 2
3310 5
3311 3
3312 3
3313 3
3314 3
3315 0
3316 0
3317 3
3318 0
3319 2
3320 2
3321 2
3322 3
3323 2
3324 2
3325 3
3326 3
3327 1
3328 0
3329 3
3330 2
3331 2
3332 1
3333 2
3334 5
3335 3
3336 2
3337 3
3338 3
3339 6
3340 5
3341 2
3342 5
3343 2
3344 2
3345 3
3346 2
3347 3
3348 3
3349 5
3350 0
3351 2
3352 5
3353 3
3354 5
3355 2
3356 3
3357 2
3358 5
3359 5
3360 2
3361 3
3362 2
3363 2
3364 5
3365 1
3366 3
3367 2
3368 2
3369 5
3370 2
3371 1
3372 2
3373 2
3374 2
3375 3
3376 2
3377 2
3378 2
3379 1
3380 5
3381 5
3382 0
3383 2
3384 3
3385 3
3386 1
3387 5
3388 2
3389 6
3390 0
3391 2
3392 3
3393 3
3394 2
3395 3
3396 0
3397 3
3398 3
3399 5
3400 0
3401 2
3402 3
3403 1
3404 5
3405 2
3406 3
3407 3
3408 2
3409 2
3410 2
3411 2
3412 3
3413 3
3414 0
3415 0
3416 5
3417 2
3418 5
3419 2
3420 3
3421 5
3422 2
3423 1
3424 1
3425 2
3426 3
3427 0
3428 2
3429 3
3430 1
3431 5
3432 2
3433 0
3434 1
3435 2
3436 3
3437 0
3438 2
3439 1
3440 0
3441 2
3442 1
3443 2
3444 3
3445 0
3446 2
3447 3
3448 3
3449 3
3450 3
3451 2
3452 2
3453 3
3454 2
3455 3
3456 1
3457 2
3458 3
3459 0
3460 2
3461 3
3462 3
3463 3
3464 3
3465 3
3466 0
3467 5
3468 0
3469 2
3470 2
3471 2
3472 2
3473 1
3474 3
3475 3
3476 3
3477 0
3478 1
3479 0
3480 2
3481 3
3482 2
3483 2
3484 2
3485 1
3486 3
3487 1
3488 2
3489 5
3490 2
3491 3
3492 0
3493 2
3494 2
3495 2
3496 3
3497 2
3498 5
3499 3
3500 3
3501 1
3502 2
3503 3
3504 0
3505 1
3506 0
3507 0
3508 5
3509 5
3510 0
3511 3
3512 3
3513 2
3514 1
3515 1
3516 2
3517 3
3518 3
3519 5
3520 3
3521 3
3522 0
3523 3
3524 2
3525 3
3526 2
3527 2
3528 2
3529 3
3530 2
3531 1
3532 2
3533 2
3534 3
3535 3
3536 3
3537 3
3538 3
3539 3
3540 0
3541 0
3542 5
3543 6
3544 3
3545 2
3546 3
3547 3
3548 1
3549 5
3550 2
3551 5
3552 1
3553 2
3554 2
3555 3
3556 0
3557 3
3558 1
3559 3
3560 2
3561 2
3562 3
3563 3
3564 2
3565 2
3566 0
3567 5
3568 3
3569 3
3570 1
3571 3
3572 3
3573 3
3574 2
3575 1
3576 5
3577 3
3578 3
3579 1
3580 3
3581 3
3582 3
3583 2
3584 3
3585 2
3586 2
3587 5
3588 5
3589 5
3590 1
3591 2
3592 2
3593 1
3594 2
3595 3
3596 3
3597 5
3598 0
3599 2
3600 2
3601 3
3602 3
3603 0
3604 5
3605 2
3606 2
3607 2
3608 3
3609 3
3610 2
3611 5
3612 2
3613 3
3614 2
3615 2
3616 2
3617 2
3618 2
3619 3
3620 2
3621 1
3622 2
3623 2
3624 2
3625 5
3626 3
3627 2
3628 0
3629 2
3630 2
3631 1
3632 5
3633 3
3634 3
3635 2
3636 3
3637 2
3638 3
3639 2
3640 2
3641 3
3642 5
3643 1
3644 1
3645 2
3646 1
3647 3
3648 3
3649 6
3650 3
3651 2
3652 5
3653 3
3654 2
3655 2
3656 3
3657 1
3658 3
3659 2
3660 3
3661 5
3662 3
3663 3
3664 5
3665 2
3666 2
3667 2
3668 2
3669 3
3670 3
3671 5
3672 2
3673 1
3674 3
3675 3
3676 6
3677 3
3678 2
3679 5
3680 2
3681 3
3682 3
3683 2
3684 3
3685 1
3686 5
3687 3
3688 3
3689 5
3690 3
3691 2
3692 2
3693 2
3694 2
3695 1
3696 3
3697 15
3698 2
3699 1
3700 6
3701 2
3702 2
3703 0
3704 2
3705 3
3706 3
3707 3
3708 2
3709 2
3710 3
3711 2
3712 2
3713 2
3714 2
3715 1
3716 3
3717 5
3718 3
3719 5
3720 2
3721 3
3722 3
3723 5
3724 1
3725 6
3726 3
3727 1
3728 2
3729 2
3730 3
3731 2
3732 3
3733 1
3734 2
3735 2
3736 5
3737 5
3738 3
3739 3
3740 2
3741 1
3742 2
3743 3
3744 3
3745 3
3746 5
3747 1
3748 3
3749 2
3750 2
3751 2
3752 3
3753 5
3754 2
3755 2
3756 2
3757 2
3758 2
3759 2
3760 5
3761 5
3762 1
3763 2
3764 0
3765 2
3766 2
3767 3
3768 3
3769 2
3770 2
3771 5
3772 1
3773 2
3774 2
3775 2
3776 2
3777 2
3778 3
3779 2
3780 3
3781 3
3782 2
3783 3
3784 1
3785 2
3786 2
3787 0
3788 2
3789 2
3790 0
3791 3
3792 5
3793 3
3794 2
3795 2
3796 3
3797 2
3798 1
3799 1
3800 3
3801 3
3802 0
3803 5
3804 5
3805 2
3806 2
3807 1
3808 1
3809 0
3810 1
3811 3
3812 3
3813 3
3814 1
3815 3
3816 3
3817 5
3818 2
3819 3
3820 2
3821 2
3822 5
3823 2
3824 3
3825 2
3826 5
3827 3
3828 5
3829 0
3830 3
3831 1
3832 1
3833 1
3834 0
3835 5
3836 2
3837 1
3838 3
3839 3
3840 2
3841 2
3842 1
3843 1
3844 2
3845 5
3846 2
3847 2
3848 2
3849 2
3850 3
3851 0
3852 3
3853 5
3854 2
3855 1
3856 1
3857 3
3858 5
3859 0
3860 3
3861 0
3862 3
3863 3
3864 3
3865 0
3866 5
3867 5
3868 5
3869 0
3870 2
3871 3
3872 5
3873 5
3874 5
3875 0
3876 0
3877 0
3878 5
3879 5
3880 5
3881 0
3882 5
3883 5
3884 3
3885 5
3886 0
3887 0
3888 0
3889 5
3890 5
3891 6
3892 5
3893 5
3894 5
3895 5
3896 5
3897 0
3898 2
3899 5
3900 5
3901 5
3902 5
3903 5
3904 5
3905 5
3906 5
3907 5
3908 5
3909 5
3910 0
3911 5
3912 3
3913 5
3914 0
3915 5
3916 2
3917 5
3918 5
3919 5
3920 3
3921 5
3922 0
3923 5
3924 0
3925 5
3926 0
3927 0
3928 2
3929 5
3930 5
3931 5
3932 6
3933 5
3934 5
3935 0
3936 5
3937 5
3938 0
3939 5
3940 0
3941 0
3942 5
3943 6
3944 5
3945 2
3946 5
3947 2
3948 2
3949 5
3950 5
3951 5
3952 5
3953 1
3954 1
3955 5
3956 2
3957 3
3958 2
3959 5
3960 2
3961 6
3962 0
3963 3
3964 2
3965 3
3966 0
3967 0
3968 1
3969 2
3970 5
3971 2
3972 0
3973 5
3974 2
3975 1
3976 2
3977 0
3978 5
3979 3
3980 5
3981 5
3982 5
3983 5
3984 6
3985 1
3986 5
3987 2
3988 1
3989 3
3990 5
3991 5
3992 5
3993 2
3994 5
3995 3
3996 5
3997 3
3998 0
3999 3
4000 3
4001 3
4002 5
4003 3
4004 5
4005 2
4006 3
4007 2
4008 3
4009 5
4010 5
4011 5
4012 0
4013 0
4014 5
4015 5
4016 0
4017 3
4018 5
4019 5
4020 5
4021 0
4022 0
4023 2
4024 3
4025 0
4026 0
4027 0
4028 0
4029 0
4030 3
4031 3
4032 0
4033 3
4034 1
4035 5
4036 2
4037 2
4038 2
4039 3
4040 6
4041 0
4042 1
4043 0
4044 5
4045 2
4046 2
4047 5
4048 3
4049 3
4050 3
4051 2
4052 5
4053 5
4054 5
4055 3
4056 3
4057 5
4058 3
4059 2
4060 1
4061 5
4062 2
4063 1
4064 0
4065 0
4066 5
4067 2
4068 5
4069 2
4070 0
4071 5
4072 3
4073 5
4074 5
4075 2
4076 5
4077 1
4078 2
4079 5
4080 3
4081 2
4082 5
4083 0
4084 2
4085 2
4086 2
4087 0
4088 0
4089 0
4090 5
4091 0
4092 0
4093 3
4094 2
4095 6
4096 2
4097 5
4098 2
4099 3
4100 5
4101 5
4102 5
4103 2
4104 3
4105 5
4106 5
4107 2
4108 0
4109 0
4110 5
4111 5
4112 2
4113 5
4114 5
4115 2
4116 3
4117 0
4118 5
4119 0
4120 5
4121 0
4122 3
4123 5
4124 5
4125 3
4126 0
4127 3
4128 3
4129 2
4130 5
4131 5
4132 3
4133 2
4134 5
4135 2
4136 2
4137 2
4138 2
4139 5
4140 2
4141 5
4142 5
4143 5
4144 5
4145 2
4146 3
4147 5
4148 0
4149 0
4150 5
4151 5
4152 5
4153 5
4154 5
4155 6
4156 5
4157 5
4158 5
4159 3
4160 3
4161 0
4162 3
4163 3
4164 3
4165 3
4166 3
4167 3
4168 3
4169 3
4170 3
4171 3
4172 3
4173 5
4174 0
4175 3
4176 3
4177 5
4178 3
4179 3
4180 3
4181 3
4182 3
4183 3
4184 2
4185 3
4186 3
4187 3
4188 3
4189 3
4190 3
4191 3
4192 3
4193 3
4194 3
4195 3
4196 2
4197 3
4198 2
4199 0
4200 3
4201 0
4202 5
4203 3
4204 3
4205 3
4206 3
4207 3
4208 3
4209 3
4210 5
4211 3
4212 3
4213 3
4214 3
4215 5
4216 2
4217 5
4218 3
4219 3
4220 3
4221 3
4222 1
4223 3
4224 5
4225 2
4226 3
4227 3
4228 3
4229 3
4230 3
4231 3
4232 2
4233 3
4234 5
4235 0
4236 5
4237 3
4238 2
4239 3
4240 3
4241 2
4242 5
4243 5
4244 3
4245 1
4246 3
4247 0
4248 5
4249 2
4250 5
4251 5
4252 3
4253 3
4254 3
4255 6
4256 3
4257 3
4258 3
4259 3
4260 3
4261 3
4262 5
4263 2
4264 1
4265 0
4266 3
4267 3
4268 3
4269 3
4270 3
4271 3
4272 3
4273 3
4274 5
4275 5
4276 3
4277 5
4278 0
4279 5
4280 5
4281 0
4282 5
4283 5
4284 1
4285 3
4286 5
4287 5
4288 5
4289 5
4290 5
4291 0
4292 2
4293 0
4294 2
4295 5
4296 5
4297 5
4298 0
4299 5
4300 5
4301 3
4302 3
4303 5
4304 5
4305 5
4306 1
4307 5
4308 5
4309 5
4310 5
4311 3
4312 5
4313 5
4314 5
4315 5
4316 2
4317 7
4318 2
4319 0
4320 3
4321 5
4322 5
4323 5
4324 3
4325 5
4326 0
4327 5
4328 5
4329 5
4330 5
4331 3
4332 5
4333 2
4334 5
4335 5
4336 5
4337 9
4338 2
4339 7
4340 3
4341 3
4342 5
4343 1
4344 5
4345 3
4346 5
4347 3
4348 2
4349 3
4350 5
4351 0
4352 3
4353 1
4354 0
4355 3
4356 5
4357 5
4358 3
4359 5
4360 1
4361 1
4362 5
4363 5
4364 1
4365 0
4366 3
4367 6
4368 1
4369 1
4370 3
4371 6
4372 0
4373 5
4374 5
4375 6
4376 5
4377 5
4378 0
4379 5
4380 5
4381 2
4382 0
4383 2
4384 5
4385 5
4386 0
4387 0
4388 1
4389 3
4390 5
4391 6
4392 5
4393 5
4394 5
4395 5
4396 3
4397 3
4398 1
4399 2
4400 1
4401 1
4402 0
4403 1
4404 2
4405 5
4406 2
4407 5
4408 3
4409 2
4410 3
4411 1
4412 3
4413 1
4414 6
4415 3
4416 0
4417 3
4418 6
4419 5
4420 3
4421 5
4422 1
4423 3
4424 3
4425 3
4426 2
4427 3
4428 3
4429 1
4430 5
4431 3
4432 5
4433 2
4434 3
4435 2
4436 5
4437 3
4438 3
4439 5
4440 3
4441 0
4442 0
4443 2
4444 0
4445 1
4446 0
4447 2
4448 5
4449 5
4450 2
4451 2
4452 2
4453 3
4454 3
4455 3
4456 5
4457 0
4458 3
4459 2
4460 2
4461 2
4462 5
4463 2
4464 0
4465 7
4466 0
4467 5
4468 5
4469 2
4470 3
4471 0
4472 5
4473 2
4474 5
4475 5
4476 5
4477 3
4478 5
4479 5
4480 0
4481 5
4482 5
4483 5
4484 5
4485 5
4486 5
4487 5
4488 2
4489 5
4490 3
4491 5
4492 2
4493 0
4494 6
4495 6
4496 6
4497 3
4498 6
4499 6
4500 6
4501 6
4502 6
4503 6
4504 5
4505 2
4506 5
4507 5
4508 1
4509 0
4510 5
4511 0
4512 0
4513 5
4514 0
4515 5
4516 3
4517 5
4518 5
4519 5
4520 3
4521 0
4522 5
4523 0
4524 5
4525 2
4526 0
4527 5
4528 2
4529 2
4530 3
4531 2
4532 5
4533 5
4534 2
4535 2
4536 3
4537 5
4538 5
4539 2
4540 2
4541 3
4542 3
4543 5
4544 5
4545 5
4546 5
4547 5
4548 5
4549 2
4550 3
4551 6
4552 3
4553 2
4554 2
4555 5
4556 5
4557 2
4558 5
4559 5
4560 1
4561 2
4562 5
4563 5
4564 5
4565 5
4566 0
4567 3
4568 0
4569 0
4570 0
4571 3
4572 3
4573 3
4574 3
4575 3
4576 3
4577 3
4578 2
4579 5
4580 1
4581 3
4582 2
4583 2
4584 5
4585 2
4586 5
4587 5
4588 5
4589 3
4590 2
4591 3
4592 5
4593 5
4594 5
4595 5
4596 6
4597 5
4598 5
4599 3
4600 3
4601 3
4602 1
4603 5
4604 5
4605 3
4606 3
4607 5
4608 5
4609 3
4610 2
4611 2
4612 0
4613 0
4614 5
4615 3
4616 2
4617 3
4618 5
4619 5
4620 3
4621 3
4622 3
4623 2
4624 3
4625 3
4626 5
4627 5
4628 5
4629 3
4630 3
4631 5
4632 5
4633 5
4634 2
4635 2
4636 5
4637 5
4638 5
4639 0
4640 3
4641 5
4642 3
4643 0
4644 6
4645 3
4646 5
4647 5
4648 6
4649 5
4650 2
4651 5
4652 3
4653 0
4654 0
4655 5
4656 5
4657 5
4658 2
4659 5
4660 5
4661 5
4662 5
4663 3
4664 5
4665 3
4666 3
4667 3
4668 2
4669 2
4670 3
4671 1
4672 2
4673 5
4674 5
4675 0
4676 2
4677 13
4678 5
4679 0
4680 0
4681 2
4682 5
4683 3
4684 3
4685 0
4686 3
4687 5
4688 5
4689 5
4690 3
4691 3
4692 3
4693 3
4694 3
4695 3
4696 5
4697 5
4698 3
4699 3
4700 3
4701 3
4702 3
4703 3
4704 3
4705 3
4706 3
4707 3
4708 5
4709 2
4710 3
4711 3
4712 3
4713 3
4714 5
4715 3
4716 5
4717 2
4718 3
4719 2
4720 3
4721 3
4722 3
4723 3
4724 3
4725 3
4726 5
4727 3
4728 3
4729 3
4730 3
4731 3
4732 3
4733 3
4734 3
4735 3
4736 3
4737 3
4738 1
4739 3
4740 3
4741 3
4742 5
4743 3
4744 3
4745 0
4746 1
4747 5
4748 6
4749 5
4750 2
4751 2
4752 0
4753 5
4754 6
4755 5
4756 5
4757 5
4758 5
4759 5
4760 2
4761 3
4762 3
4763 3
4764 3
4765 3
4766 3
4767 3
4768 2
4769 5
4770 0
4771 1
4772 6
4773 0
4774 3
4775 0
4776 0
4777 0
4778 5
4779 0
4780 3
4781 3
4782 3
4783 1
4784 1
4785 5
4786 2
4787 0
4788 0
4789 5
4790 5
4791 0
4792 5
4793 5
4794 5
4795 0
4796 5
4797 3
4798 5
4799 5
4800 7
4801 0
4802 5
4803 0
4804 0
4805 5
4806 3
4807 5
4808 5
4809 5
4810 0
4811 1
4812 3
4813 5
4814 5
4815 0
4816 3
4817 3
4818 3
4819 0
4820 5
4821 3
4822 5
4823 3
4824 3
4825 6
4826 3
4827 0
4828 0
4829 3
4830 3
4831 3
4832 6
4833 0
4834 0
4835 0
4836 5
4837 3
4838 5
4839 3
4840 0
4841 3
4842 3
4843 3
4844 3
4845 3
4846 3
4847 3
4848 0
4849 5
4850 3
4851 5
4852 5
4853 0
4854 0
4855 5
4856 0
4857 3
4858 3
4859 3
4860 3
4861 5
4862 0
4863 0
4864 6
4865 3
4866 3
4867 2
4868 0
4869 3
4870 0
4871 3
4872 5
4873 2
4874 3
4875 3
4876 3
4877 0
4878 0
4879 5
4880 0
4881 0
4882 5
4883 5
4884 5
4885 0
4886 5
4887 3
4888 0
4889 0
4890 0
4891 0
4892 3
4893 5
4894 6
4895 0
4896 5
4897 5
4898 5
4899 0
4900 0
4901 0
4902 0
4903 0
4904 5
4905 0
4906 0
4907 3
4908 5
4909 1
4910 5
4911 3
4912 5
4913 3
4914 2
4915 1
4916 0
4917 0
4918 2
4919 2
4920 0
4921 3
4922 5
4923 0
4924 3
4925 3
4926 3
4927 6
4928 5
4929 3
4930 5
4931 0
4932 5
4933 5
4934 0
4935 3
4936 0
4937 0
4938 0
4939 1
4940 0
4941 3
4942 5
4943 0
4944 0
4945 5
4946 3
4947 3
4948 5
4949 3
4950 5
4951 5
4952 5
4953 3
4954 3
4955 0
4956 3
4957 7
4958 3
4959 0
4960 0
4961 5
4962 5
4963 5
4964 1
4965 0
4966 5
4967 5
4968 5
4969 1
4970 3
4971 5
4972 5
4973 5
4974 5
4975 3
4976 3
4977 0
4978 3
4979 0
4980 0
4981 0
4982 0
4983 0
4984 3
4985 0
4986 0
4987 0
4988 0
4989 0
4990 3
4991 3
4992 6
4993 1
4994 3
4995 3
4996 3
4997 5
4998 3
4999 0
5000 0
5001 5
5002 3
5003 0
5004 0
5005 5
5006 2
5007 0
5008 0
5009 2
5010 5
5011 5
5012 5
5013 3
5014 5
5015 6
5016 1
5017 5
5018 2
5019 5
5020 2
5021 2
5022 3
5023 5
5024 2
5025 6
5026 0
5027 5
5028 0
5029 1
5030 2
5031 1
5032 5
5033 3
5034 3
5035 3
5036 1
5037 2
5038 5
5039 3
5040 5
5041 2
5042 5
5043 3
5044 5
5045 1
5046 3
5047 6
5048 5
5049 0
5050 0
5051 0
5052 0
5053 2
5054 5
5055 2
5056 2
5057 5
5058 5
5059 6
5060 6
5061 6
5062 6
5063 0
5064 6
5065 1
5066 5
5067 1
5068 1
5069 6
5070 2
5071 3
5072 3
5073 0
5074 5
5075 5
5076 3
5077 0
5078 3
5079 8
5080 8
5081 2
5082 0
5083 5
5084 5
5085 1
5086 0
5087 3
5088 3
5089 3
5090 3
5091 5
5092 3
5093 3
5094 5
5095 3
5096 3
5097 2
5098 3
5099 5
5100 1
5101 5
5102 5
5103 6
5104 5
5105 5
5106 2
5107 3
5108 3
5109 5
5110 2
5111 5
5112 5
5113 2
5114 5
5115 5
5116 3
5117 3
5118 5
5119 2
5120 2
5121 5
5122 3
5123 3
5124 3
5125 5
5126 3
5127 5
5128 3
5129 5
5130 0
5131 5
5132 1
5133 5
5134 3
5135 3
5136 3
5137 5
5138 1
5139 3
5140 1
5141 3
5142 2
5143 0
5144 6
5145 5
5146 5
5147 5
5148 2
5149 0
5150 0
5151 5
5152 5
5153 1
5154 5
5155 5
5156 0
5157 0
5158 5
5159 0
5160 5
5161 3
5162 2
5163 3
5164 0
5165 1
5166 0
5167 2
5168 6
5169 5
5170 0
5171 5
5172 5
5173 0
5174 5
5175 5
5176 5
5177 5
5178 5
5179 5
5180 6
5181 1
5182 5
5183 3
5184 5
5185 5
5186 5
5187 5
5188 3
5189 0
5190 2
5191 6
5192 3
5193 5
5194 3
5195 0
5196 3
5197 5
5198 3
5199 3
5200 3
5201 0
5202 5
5203 3
5204 2
5205 3
5206 5
5207 5
5208 3
5209 3
5210 5
5211 9
5212 3
5213 3
5214 5
5215 5
5216 6
5217 1
5218 3
5219 2
5220 0
5221 5
5222 0
5223 6
5224 5
5225 5
5226 5
5227 5
5228 5
5229 5
5230 3
5231 5
5232 0
5233 2
5234 2
5235 5
5236 5
5237 5
5238 5
5239 5
5240 0
5241 5
5242 5
5243 3
5244 2
5245 3
5246 2
5247 5
5248 5
5249 5
5250 5
5251 5
5252 2
5253 5
5254 1
5255 2
5256 5
5257 5
5258 3
5259 1
5260 5
5261 5
5262 1
5263 3
5264 3
5265 3
5266 2
5267 5
5268 5
5269 2
5270 0
5271 6
5272 5
5273 5
5274 1
5275 1
5276 3
5277 5
5278 1
5279 2
5280 1
5281 2
5282 5
5283 5
5284 5
5285 5
5286 5
5287 0
5288 2
5289 0
5290 3
5291 3
5292 5
5293 3
5294 0
5295 0
5296 0
5297 5
5298 2
5299 3
5300 3
5301 3
5302 2
5303 5
5304 0
5305 3
5306 3
5307 3
5308 0
5309 5
5310 2
5311 1
5312 5
5313 3
5314 0
5315 5
5316 0
5317 0
5318 1
5319 0
5320 0
5321 0
5322 18
5323 1
5324 0
5325 0
5326 3
5327 0
5328 0
5329 3
5330 0
5331 0
5332 2
5333 0
5334 5
5335 6
5336 5
5337 5
5338 3
5339 5
5340 5
5341 5
5342 5
5343 5
5344 5
5345 5
5346 0
5347 0
5348 2
5349 5
5350 5
5351 5
5352 2
5353 5
5354 2
5355 5
5356 5
5357 5
5358 2
5359 5
5360 1
5361 5
5362 1
5363 5
5364 3
5365 5
5366 3
5367 3
5368 6
5369 3
5370 3
5371 5
5372 5
5373 2
5374 5
5375 3
5376 5
5377 2
5378 5
5379 0
5380 5
5381 0
5382 0
5383 3
5384 5
5385 5
5386 2
5387 5
5388 2
5389 2
5390 5
5391 5
5392 2
5393 1
5394 3
5395 5
5396 3
5397 0
5398 3
5399 3
5400 0
5401 3
5402 5
5403 3
5404 3
5405 1
5406 5
5407 5
5408 3
5409 3
5410 5
5411 3
5412 0
5413 2
5414 5
5415 3
5416 5
5417 2
5418 5
5419 2
5420 3
5421 5
5422 3
5423 5
5424 3
5425 3
5426 3
5427 1
5428 2
5429 3
5430 3
5431 5
5432 5
5433 3
5434 5
5435 2
5436 3
5437 1
5438 5
5439 3
5440 5
5441 3
5442 3
5443 6
5444 3
5445 2
5446 1
5447 2
5448 3
5449 3
5450 5
5451 0
5452 2
5453 3
5454 2
5455 5
5456 5
5457 5
5458 3
5459 0
5460 5
5461 3
5462 5
5463 3
5464 3
5465 5
5466 3
5467 0
5468 3
5469 3
5470 3
5471 3
5472 5
5473 5
5474 0
5475 3
5476 5
5477 1
5478 2
5479 5
5480 2
5481 1
5482 0
5483 3
5484 0
5485 3
5486 5
5487 3
5488 5
5489 0
5490 2
5491 2
5492 5
5493 2
5494 3
5495 3
5496 3
5497 3
5498 5
5499 2
5500 3
5501 3
5502 5
5503 5
5504 0
5505 5
5506 2
5507 5
5508 3
5509 2
5510 1
5511 2
5512 3
5513 5
5514 5
5515 5
5516 3
5517 2
5518 5
5519 3
5520 3
5521 3
5522 5
5523 3
5524 3
5525 5
5526 5
5527 3
5528 5
5529 5
5530 3
5531 5
5532 0
5533 2
5534 3
5535 3
5536 5
5537 0
5538 2
5539 5
5540 5
5541 2
5542 0
5543 5
5544 3
5545 3
5546 2
5547 5
5548 2
5549 5
5550 2
5551 3
5552 3
5553 5
5554 5
5555 3
5556 3
5557 5
5558 5
5559 3
5560 3
5561 3
5562 3
5563 0
5564 2
5565 2
5566 3
5567 11
5568 1
5569 2
5570 5
5571 5
5572 5
5573 5
5574 2
5575 5
5576 5
5577 0
5578 5
5579 1
5580 5
5581 3
5582 5
5583 5
5584 3
5585 6
5586 3
5587 2
5588 5
5589 5
5590 3
5591 5
5592 5
5593 2
5594 5
5595 3
5596 5
5597 5
5598 2
5599 5
5600 5
5601 5
5602 5
5603 3
5604 5
5605 5
5606 5
5607 5
5608 3
5609 5
5610 5
5611 5
5612 5
5613 2
5614 5
5615 5
5616 5
5617 3
5618 5
5619 5
5620 5
5621 5
5622 5
5623 3
5624 5
5625 5
5626 5
5627 2
5628 5
5629 5
5630 5
5631 5
5632 5
5633 2
5634 5
5635 5
5636 5
5637 3
5638 3
5639 5
5640 5
5641 5
5642 5
5643 5
5644 5
5645 0
5646 5
5647 3
5648 5
5649 5
5650 5
5651 5
5652 3
5653 5
5654 5
5655 3
5656 5
5657 3
5658 5
5659 5
5660 5
5661 5
5662 5
5663 5
5664 3
5665 5
5666 0
5667 3
5668 5
5669 5
5670 5
5671 5
5672 3
5673 3
5674 5
5675 5
5676 3
5677 5
5678 5
5679 2
5680 5
5681 5
5682 5
5683 5
5684 5
5685 5
5686 3
5687 3
5688 5
5689 3
5690 5
5691 5
5692 3
5693 3
5694 1
5695 0
5696 5
5697 5
5698 3
5699 3
5700 3
5701 2
5702 0
5703 0
5704 3
5705 0
5706 5
5707 2
5708 1
5709 0
5710 5
5711 5
5712 2
5713 2
5714 5
5715 2
5716 5
5717 5
5718 3
5719 3
5720 0
5721 0
5722 0
5723 0
5724 0
5725 0
5726 0
5727 0
5728 0
5729 0
5730 0
5731 2
5732 3
5733 0
5734 5
5735 1
5736 3
5737 0
5738 1
5739 3
5740 3
5741 5
5742 0
5743 3
5744 2
5745 5
5746 3
5747 3
5748 5
5749 3
5750 5
5751 1
5752 3
5753 5
5754 5
5755 3
5756 3
5757 3
5758 3
5759 2
5760 0
5761 3
5762 0
5763 3
5764 5
5765 0
5766 3
5767 3
5768 2
5769 2
5770 0
5771 2
5772 3
5773 5
5774 5
5775 0
5776 2
5777 0
5778 0
5779 6
5780 3
5781 1
5782 11
5783 3
5784 3
5785 0
5786 0
5787 3
5788 2
5789 6
5790 0
5791 0
5792 5
5793 3
5794 3
5795 5
5796 5
5797 5
5798 5
5799 0
5800 2
5801 0
5802 0
5803 5
5804 0
5805 5
5806 5
5807 3
5808 5
5809 5
5810 5
5811 5
5812 3
5813 3
5814 5
5815 5
5816 2
5817 5
5818 5
5819 5
5820 2
5821 5
5822 5
5823 0
5824 5
5825 2
5826 3
5827 5
5828 5
5829 5
5830 5
5831 5
5832 5
5833 3
5834 5
5835 5
5836 1
5837 1
5838 0
5839 0
5840 0
5841 2
5842 5
5843 2
5844 5
5845 2
5846 0
5847 2
5848 3
5849 5
5850 5
5851 5
5852 1
5853 0
5854 0
5855 2
5856 0
5857 2
5858 5
5859 5
5860 5
5861 5
5862 5
5863 3
5864 3
5865 5
5866 5
5867 5
5868 2
5869 3
5870 0
5871 3
5872 0
5873 0
5874 0
5875 0
5876 3
5877 5
5878 5
5879 0
5880 0
5881 0
5882 3
5883 3
5884 3
5885 3
5886 2
5887 0
5888 1
5889 3
5890 5
5891 5
5892 3
5893 3
5894 5
5895 5
5896 0
5897 5
5898 5
5899 0
5900 6
5901 5
5902 5
5903 5
5904 2
5905 2
5906 1
5907 3
5908 0
5909 5
5910 0
5911 2
5912 0
5913 0
5914 5
5915 0
5916 5
5917 1
5918 2
5919 2
5920 2
5921 6
5922 0
5923 5
5924 3
5925 5
5926 2
5927 2
5928 3
5929 2
5930 1
5931 0
5932 5
5933 3
5934 5
5935 1
5936 5
5937 1
5938 6
5939 5
5940 0
5941 2
5942 0
5943 5
5944 0
5945 0
5946 0
5947 1
5948 5
5949 2
5950 2
5951 2
5952 5
5953 1
5954 3
5955 1
5956 5
5957 3
5958 2
5959 0
5960 5
5961 3
5962 5
5963 3
5964 0
5965 5
5966 1
5967 5
5968 2
5969 5
5970 5
5971 5
5972 5
5973 3
5974 5
5975 3
5976 3
5977 3
5978 16
5979 0
5980 5
5981 5
5982 5
5983 6
5984 5
5985 5
5986 5
5987 0
5988 3
5989 3
5990 5
5991 3
5992 3
5993 3
5994 0
5995 5
5996 5
5997 2
5998 5
5999 3
6000 3
6001 3
6002 0
6003 10
6004 10
6005 5
6006 10
6007 10
6008 0
6009 3
6010 3
6011 3
6012 3
6013 5
6014 5
6015 5
6016 1
6017 3
6018 3
6019 3
6020 3
6021 3
6022 3
6023 0
6024 3
6025 2
6026 5
6027 5
6028 2
6029 3
6030 0
6031 3
6032 3
6033 5
6034 3
6035 3
6036 5
6037 2
6038 3
6039 3
6040 5
6041 2
6042 3
6043 2
6044 3
6045 3
6046 5
6047 3
6048 3
6049 3
6050 3
6051 3
6052 3
6053 3
6054 3
6055 3
6056 3
6057 3
6058 3
6059 3
6060 5
6061 3
6062 3
6063 3
6064 3
6065 5
6066 3
6067 5
6068 3
6069 3
6070 3
6071 3
6072 2
6073 3
6074 3
6075 3
6076 0
6077 3
6078 5
6079 0
6080 3
6081 5
6082 0
6083 5
6084 1
6085 2
6086 3
6087 5
6088 5
6089 3
6090 3
6091 1
6092 3
6093 3
6094 2
6095 3
6096 1
6097 2
6098 3
6099 3
6100 3
6101 3
6102 5
6103 3
6104 5
6105 3
6106 2
6107 3
6108 0
6109 3
6110 3
6111 3
6112 5
6113 5
6114 3
6115 5
6116 3
6117 3
6118 3
6119 3
6120 3
6121 3
6122 2
6123 3
6124 3
6125 0
6126 5
6127 5
6128 1
6129 3
6130 3
6131 3
6132 3
6133 3
6134 3
6135 3
6136 5
6137 3
6138 3
6139 11
6140 2
6141 3
6142 3
6143 3
6144 3
6145 3
6146 5
6147 3
6148 3
6149 3
6150 3
6151 0
6152 3
6153 3
6154 2
6155 3
6156 5
6157 5
6158 3
6159 3
6160 3
6161 0
6162 3
6163 3
6164 3
6165 3
6166 3
6167 3
6168 3
6169 5
6170 3
6171 3
6172 3
6173 5
6174 3
6175 2
6176 3
6177 3
6178 3
6179 3
6180 0
6181 3
6182 5
6183 0
6184 3
6185 0
6186 3
6187 3
6188 3
6189 3
6190 3
6191 3
6192 2
6193 0
6194 3
6195 0
6196 2
6197 3
6198 5
6199 3
6200 3
6201 3
6202 3
6203 5
6204 0
6205 2
6206 3
6207 0
6208 3
6209 5
6210 5
6211 0
6212 5
6213 3
6214 5
6215 0
6216 3
6217 3
6218 3
6219 2
6220 3
6221 3
6222 0
6223 5
6224 2
6225 5
6226 3
6227 5
6228 0
6229 3
6230 5
6231 1
6232 3
6233 18
6234 5
6235 2
6236 3
6237 1
6238 1
6239 0
6240 2
6241 2
6242 2
6243 5
6244 5
6245 5
6246 5
6247 5
6248 5
6249 0
6250 2
6251 12
6252 12
6253 12
6254 3
6255 3
6256 5
6257 5
6258 0
6259 0
6260 0
6261 1
6262 1
6263 1
6264 5
6265 1
6266 5
6267 5
6268 5
6269 5
6270 0
6271 0
6272 5
6273 5
6274 2
6275 5
6276 5
6277 0
6278 2
6279 0
6280 0
6281 3
6282 2
6283 1
6284 3
6285 5
6286 1
6287 5
6288 3
6289 2
6290 2
6291 0
6292 5
6293 0
6294 2
6295 3
6296 3
6297 6
6298 3
6299 5
6300 1
6301 3
6302 0
6303 3
6304 3
6305 3
6306 1
6307 3
6308 0
6309 3
6310 3
6311 0
6312 0
6313 3
6314 3
6315 2
6316 3
6317 0
6318 3
6319 5
6320 0
6321 5
6322 0
6323 5
6324 5
6325 0
6326 0
6327 3
6328 3
6329 0
6330 3
6331 3
6332 3
6333 3
6334 0
6335 2
6336 5
6337 3
6338 3
6339 3
6340 3
6341 2
6342 3
6343 5
6344 2
6345 3
6346 5
6347 2
6348 3
6349 5
6350 3
6351 5
6352 5
6353 5
6354 2
6355 2
6356 3
6357 13
6358 1
6359 5
6360 5
6361 5
6362 5
6363 0
6364 5
6365 3
6366 3
6367 0
6368 6
6369 1
6370 0
6371 0
6372 5
6373 1
6374 5
6375 0
6376 5
6377 5
6378 3
6379 5
6380 3
6381 6
6382 5
6383 2
6384 0
6385 5
6386 3
6387 3
6388 3
6389 5
6390 3
6391 6
6392 6
6393 0
6394 0
6395 2
6396 3
6397 5
6398 3
6399 0
6400 5
6401 5
6402 3
6403 5
6404 5
6405 0
6406 2
6407 0
6408 0
6409 0
6410 0
6411 5
6412 5
6413 0
6414 5
6415 5
6416 5
6417 5
6418 5
6419 6
6420 5
6421 5
6422 5
6423 0
6424 5
6425 5
6426 5
6427 5
6428 5
6429 5
6430 5
6431 0
6432 5
6433 5
6434 5
6435 0
6436 5
6437 5
6438 0
6439 5
6440 5
6441 5
6442 0
6443 5
6444 2
6445 5
6446 5
6447 2
6448 5
6449 5
6450 5
6451 5
6452 5
6453 1
6454 1
6455 1
6456 1
6457 1
6458 1
6459 1
6460 1
6461 1
6462 3
6463 2
6464 5
6465 3
6466 3
6467 3
6468 3
6469 5
6470 3
6471 1
6472 0
6473 0
6474 0
6475 5
6476 3
6477 1
6478 5
6479 3
6480 3
6481 5
6482 3
6483 3
6484 3
6485 3
6486 3
6487 3
6488 3
6489 0
6490 3
6491 0
6492 0
6493 0
6494 0
6495 3
6496 3
6497 3
6498 5
6499 5
6500 3
6501 5
6502 2
6503 2
6504 1
6505 5
6506 5
6507 3
6508 3
6509 5
6510 0
6511 2
6512 0
6513 0
6514 0
6515 14
6516 0
6517 1
6518 2
6519 3
6520 5
6521 2
6522 0
6523 5
6524 5
6525 0
6526 5
6527 5
6528 3
6529 2
6530 1
6531 0
6532 5
6533 5
6534 1
6535 2
6536 2
6537 3
6538 2
6539 5
6540 3
6541 3
6542 5
6543 5
6544 14
6545 14
6546 0
6547 5
6548 1
6549 0
6550 5
6551 0
6552 0
6553 2
6554 3
6555 0
6556 0
6557 2
6558 3
6559 3
6560 3
6561 2
6562 3
6563 5
6564 3
6565 2
6566 0
6567 6
6568 5
6569 1
6570 2
6571 0
6572 0
6573 0
6574 3
6575 0
6576 0
6577 5
6578 5
6579 5
6580 5
6581 5
6582 3
6583 2
6584 2
6585 5
6586 5
6587 5
6588 5
6589 5
6590 5
6591 5
6592 5
6593 5
6594 5
6595 5
6596 5
6597 5
6598 5
6599 2
6600 5
6601 5
6602 5
6603 5
6604 2
6605 5
6606 5
6607 5
6608 0
6609 3
6610 3
6611 3
6612 3
6613 5
6614 5
6615 2
6616 5
6617 1
6618 2
6619 3
6620 3
6621 1
6622 5
6623 2
6624 2
6625 2
6626 2
6627 2
6628 5
6629 0
6630 5
6631 5
6632 0
6633 0
6634 3
6635 1
6636 0
6637 5
6638 2
6639 0
6640 0
6641 5
6642 0
6643 0
6644 11
6645 11
6646 11
6647 0
6648 1
6649 0
6650 5
6651 2
6652 5
6653 0
6654 0
6655 3
6656 5
6657 3
6658 3
6659 5
6660 3
6661 5
6662 5
6663 5
6664 5
6665 5
6666 5
6667 5
6668 2
6669 5
6670 5
6671 5
6672 5
6673 5
6674 0
6675 0
6676 0
6677 3
6678 0
6679 0
6680 0
6681 5
6682 2
6683 0
6684 18
6685 0
6686 0
6687 0
6688 2
6689 0
6690 0
6691 0
6692 0
6693 0
6694 1
6695 0
6696 0
6697 3
6698 5
6699 5
6700 5
6701 5
6702 0
6703 0
6704 0
6705 1
6706 5
6707 5
6708 0
6709 5
6710 0
6711 2
6712 0
6713 5
6714 5
6715 3
6716 3
6717 2
6718 5
6719 5
6720 5
6721 5
6722 5
6723 5
6724 5
6725 5
6726 5
6727 5
6728 5
6729 5
6730 5
6731 5
6732 5
6733 5
6734 5
6735 5
6736 5
6737 5
6738 5
6739 5
6740 5
6741 5
6742 5
6743 5
6744 5
6745 5
6746 5
6747 5
6748 5
6749 5
6750 5
6751 5
6752 5
6753 5
6754 5
6755 5
6756 5
6757 5
6758 5
6759 5
6760 5
6761 5
6762 5
6763 5
6764 5
6765 5
6766 5
6767 5
6768 0
6769 5
6770 5
6771 5
6772 5
6773 5
6774 5
6775 5
6776 5
6777 5
6778 5
6779 5
6780 5
6781 5
6782 5
6783 5
6784 5
6785 5
6786 5
6787 5
6788 0
6789 0
6790 5
6791 0
6792 5
6793 5
6794 5
6795 5
6796 5
6797 5
6798 1
6799 5
6800 5
6801 5
6802 6
6803 5
6804 0
6805 0
6806 0
6807 0
6808 2
6809 2
6810 0
6811 0
6812 5
6813 0
6814 0
6815 0
6816 0
6817 0
6818 0
6819 0
6820 0
6821 0
6822 5
6823 5
6824 5
6825 5
6826 5
6827 5
6828 5
6829 5
6830 5
6831 5
6832 5
6833 5
6834 5
6835 5
6836 5
6837 5
6838 5
6839 5
6840 5
6841 5
6842 0
6843 0
6844 5
6845 5
6846 0
6847 0
6848 0
6849 5
6850 0
6851 5
6852 0
6853 0
6854 5
6855 5
6856 5
6857 0
6858 5
6859 5
6860 0
6861 5
6862 5
6863 5
6864 5
6865 5
6866 5
6867 0
6868 1
6869 1
6870 5
6871 5
6872 5
6873 5
6874 5
6875 5
6876 5
6877 5
6878 5
6879 5
6880 5
6881 5
6882 5
6883 5
6884 5
6885 5
6886 5
6887 5
6888 5
6889 5
6890 5
6891 5
6892 5
6893 5
6894 5
6895 5
6896 2
6897 2
6898 0
6899 5
6900 5
6901 5
6902 0
6903 5
6904 2
6905 2
6906 2
6907 5
6908 5
6909 1
6910 0
6911 2
6912 2
6913 2
6914 2
6915 2
6916 2
6917 1
6918 2
6919 2
6920 2
6921 2
6922 2
6923 0
6924 1
6925 2
6926 5
6927 0
6928 0
6929 0
6930 0
6931 1
6932 2
6933 2
6934 2
6935 2
6936 2
6937 2
6938 5
6939 2
6940 2
6941 2
6942 0
6943 2
6944 2
6945 5
6946 5
6947 1
6948 0
6949 0
6950 0
6951 0
6952 0
6953 0
6954 5
6955 3
6956 0
6957 0
6958 5
6959 5
6960 5
6961 1
6962 1
6963 0
6964 5
6965 5
6966 5
6967 1
6968 1
6969 1
6970 5
6971 5
6972 5
6973 5
6974 5
6975 5
6976 3
6977 5
6978 2
6979 2
6980 5
6981 5
6982 0
6983 3
6984 1
6985 1
6986 2
6987 0
6988 0
6989 2
6990 2
6991 5
6992 5
6993 5
6994 5
6995 5
6996 3
6997 5
6998 5
6999 5
7000 5
7001 5
7002 5
7003 2
7004 2
7005 1
7006 15
7007 3
7008 3
7009 3
7010 0
7011 0
7012 5
7013 5
7014 5
7015 5
7016 5
7017 5
7018 5
7019 17
7020 5
7021 5
7022 5
7023 3
7024 0
7025 16
7026 16
7027 16
7028 16
7029 16
7030 16
7031 3
7032 0
7033 0
7034 3
7035 3
7036 0
7037 2
7038 2
7039 5
7040 5
7041 5
7042 5
7043 2
7044 0
7045 3
7046 3
7047 3
7048 3
7049 3
7050 3
7051 3
7052 3
7053 3
7054 3
7055 3
7056 3
7057 5
7058 5
7059 5
7060 17
7061 17
7062 17
7063 17
7064 17
7065 17
7066 17
7067 2
7068 5
7069 2
7070 0
7071 0
7072 3
7073 0
7074 1
7075 0
7076 0
7077 2
7078 5
7079 2
7080 0
7081 2
7082 1
7083 1
7084 1
7085 5
7086 5
7087 5
7088 5
7089 5
7090 5
7091 5
7092 5
7093 5
7094 5
7095 0
7096 0
7097 1
7098 1
7099 1
7100 5
7101 5
7102 6
7103 6
7104 3
7105 0
7106 0
7107 0
7108 0
7109 3
7110 1
7111 5
7112 0
7113 0
7114 5
7115 5
7116 0
7117 2
7118 2
7119 2
7120 5
7121 5
7122 5
7123 5
7124 5
7125 5
7126 1
7127 3
7128 3
7129 18
7130 18
7131 18
7132 18
7133 18
7134 18
0 1
1 2
2 4
3 3
4 0
5 0
6 0
7 1
8 2
9 1
10 2
11 0
12 0
13 2
14 0
15 5
16 0
17 0
18 0
0 0
1 1
2 2
3 3
4 4
5 5
1e-06 0.130449 51
0 0
1 0
2 0
3 0
4 0
5 0
6 0
7 0
8 0
9 0
10 5
11 0
12 1
13 0
14 0
15 1
16 0
17 0
18 0
19 0
20 0
21 0
22 0
23 3
24 5
25 0
26 0
27 0
28 0
29 1
30 0
31 0
32 0
33 0
34 0
35 0
36 0
37 5
38 5
39 0
40 0
41 0
42 0
43 0
44 0
45 5
46 0
47 0
48 0
49 0
50 0
51 0
52 0
53 0
54 5
55 0
56 0
57 0
58 0
59 1
60 0
61 0
62 0
63 1
64 0
65 5
66 5
67 0
68 0
69 0
70 0
71 6
72 2
73 0
74 0
75 0
76 2
77 0
78 2
79 2
80 2
81 2
82 1
83 2
84 1
85 2
86 5
87 1
88 2
89 0
90 2
91 5
92 5
93 5
94 2
95 2
96 2
97 1
98 1
99 2
100 0
101 0
102 1
103 2
104 6
105 0
106 2
107 0
108 5
109 1
110 2
111 1
112 2
113 2
114 2
115 1
116 2
117 2
118 1
119 2
120 2
121 2
122 2
123 1
124 2
125 1
126 0
127 1
128 2
129 5
130 0
131 2
132 0
133 0
134 0
135 2
136 3
137 2
138 0
139 2
140 0
141 0
142 0
143 2
144 0
145 5
146 0
147 2
148 2
149 1
150 0
151 2
152 2
153 0
154 1
155 2
156 1
157 0
158 0
159 0
160 2
161 2
162 0
163 0
164 2
165 1
166 1
167 0
168 0
169 1
170 1
171 2
172 1
173 3
174 2
175 1
176 2
177 2
178 1
179 2
180 0
181 0
182 2
183 1
184 0
185 2
186 1
187 0
188 1
189 0
190 0
191 0
192 1
193 1
194 1
195 2
196 0
197 1
198 0
199 1
200 1
201 0
202 1
203 2
204 2
205 2
206 0
207 0
208 6
209 2
210 3
211 0
212 0
213 2
214 2
215 0
216 1
217 2
218 1
219 1
220 2
221 2
222 5
223 2
224 1
225 2
226 2
227 1
228 0
229 1
230 2
231 0
232 2
233 2
234 2
235 1
236 2
237 1
238 2
239 1
240 2
241 0
242 5
243 0
244 0
245 1
246 1
247 2
248 0
249 2
250 5
251 2
252 1
253 2
254 2
255 1
256 0
257 2
258 1
259 1
260 2
261 2
262 1
263 1
264 2
265 2
266 0
267 3
268 0
269 0
270 0
271 1
272 0
273 1
274 2
275 2
276 2
277 6
278 0
279 5
280 0
281 1
282 2
283 2
284 1
285 2
286 1
287 0
288 2
289 0
290 0
291 0
292 2
293 0
294 2
295 0
296 2
297 1
298 2
299 1
300 1
301 2
302 0
303 2
304 2
305 2
306 0
307 2
308 0
309 1
310 1
311 2
312 2
313 1
314 1
315 2
316 2
317 2
318 2
319 2
320 1
321 2
322 1
323 1
324 1
325 2
326 0
327 0
328 0
329 2
330 2
331 1
332 3
333 0
334 0
335 2
336 1
337 2
338 0
339 2
340 2
341 1
342 0
343 6
344 1
345 2
346 0
347 0
348 2
349 0
350 1
351 2
352 0
353 3
354 1
355 0
356 2
357 1
358 2
359 0
360 1
361 0
362 2
363 0
364 1
365 1
366 2
367 0
368 0
369 2
370 0
371 1
372 2
373 2
374 1
375 2
376 1
377 0
378 0
379 1
380 0
381 0
382 2
383 2
384 2
385 0
386 2
387 5
388 1
389 1
390 2
391 2
392 1
393 1
394 0
395 2
396 1
397 1
398 0
399 1
400 0
401 0
402 2
403 3
404 0
405 2
406 2
407 2
408 1
409 0
410 0
411 2
412 0
413 2
414 2
415 1
416 1
417 1
418 0
419 2
420 2
421 0
422 0
423 1
424 0
425 2
426 1
427 0
428 2
429 1
430 2
431 0
432 1
433 0
434 1
435 1
436 1
437 3
438 0
439 1
440 2
441 3
442 0
443 2
444 1
445 0
446 0
447 0
448 1
449 2
450 2
451 2
452 0
453 0
454 2
455 1
456 2
457 1
458 0
459 1
460 0
461 1
462 0
463 1
464 2
465 2
466 2
467 2
468 2
469 2
470 2
471 1
472 0
473 2
474 2
475 2
476 2
477 2
478 0
479 2
480 2
481 2
482 2
483 1
484 2
485 3
486 2
487 0
488 1
489 1
490 1
491 1
492 0
493 0
494 1
495 0
496 1
497 1
498 0
499 5
500 2
501 1
502 0
503 2
504 2
505 0
506 1
507 1
508 0
509 0
510 5
511 0
512 0
513 2
514 3
515 0
516 0
517 0
518 2
519 0
520 1
521 0
522 2
523 2
524 1
525 5
526 0
527 1
528 1
529 1
530 1
531 2
532 1
533 1
534 1
535 1
536 0
537 2
538 1
539 0
540 1
541 0
542 0
543 1
544 0
545 0
546 2
547 2
548 0
549 0
550 2
551 0
552 0
553 1
554 1
555 2
556 0
557 2
558 1
559 0
560 2
561 2
562 5
563 2
564 2
565 1
566 1
567 2
568 2
569 2
570 0
571 1
572 2
573 0
574 2
575 0
576 2
577 0
578 0
579 2
580 2
581 1
582 0
583 0
584 5
585 2
586 2
587 0
588 0
589 2
590 2
591 0
592 3
593 0
594 3
595 2
596 0
597 1
598 2
599 1
600 0
601 2
602 5
603 1
604 1
605 1
606 1
607 2
608 1
609 5
610 2
611 0
612 0
613 2
614 1
615 1
616 2
617 2
618 0
619 5
620 5
621 5
622 2
623 0
624 5
625 0
626 1
627 1
628 1
629 1
630 0
631 2
632 1
633 2
634 2
635 0
636 1
637 2
638 1
639 0
640 2
641 0
642 0
643 1
644 0
645 1
646 1
647 6
648 0
649 0
650 0
651 2
652 6
653 0
654 2
655 1
656 2
657 2
658 1
659 1
660 2
661 0
662 3
663 1
664 1
665 2
666 3
667 2
668 6
669 2
670 0
671 2
672 2
673 2
674 2
675 1
676 1
677 1
678 2
679 0
680 1
681 0
682 2
683 2
684 2
685 2
686 0
687 1
688 0
689 1
690 1
691 0
692 1
693 5
694 2
695 0
696 1
697 1
698 2
699 0
700 1
701 2
702 1
703 0
704 0
705 1
706 2
707 2
708 5
709 1
710 1
711 0
712 1
713 5
714 1
715 1
716 5
717 1
718 1
719 2
720 2
721 0
722 6
723 1
724 2
725 2
726 2
727 1
728 2
729 0
730 1
731 0
732 0
733 1
734 0
735 2
736 2
737 0
738 1
739 1
740 2
741 2
742 2
743 2
744 5
745 2
746 2
747 2
748 1
749 0
750 1
751 0
752 2
753 2
754 2
755 3
756 1
757 6
758 2
759 2
760 2
761 2
762 2
763 0
764 5
765 1
766 0
767 1
768 2
769 2
770 1
771 1
772 2
773 1
774 0
775 2
776 0
777 0
778 2
779 0
780 1
781 1
782 0
783 2
784 1
785 1
786 0
787 0
788 1
789 0
790 2
791 5
792 1
793 1
794 1
795 2
796 2
797 1
798 0
799 2
800 0
801 2
802 2
803 2
804 1
805 2
806 0
807 0
808 0
809 2
810 2
811 2
812 0
813 0
814 0
815 0
816 0
817 0
818 2
819 2
820 1
821 2
822 2
823 0
824 2
825 1
826 2
827 3
828 0
829 0
830 0
831 3
832 2
833 2
834 1
835 2
836 0
837 0
838 1
839 0
840 1
841 2
842 0
843 2
844 2
845 0
846 1
847 2
848 2
849 0
850 1
851 0
852 2
853 0
854 2
855 0
856 2
857 1
858 0
859 0
860 1
861 1
862 2
863 2
864 3
865 0
866 2
867 0
868 0
869 1
870 0
871 2
872 2
873 2
874 0
875 1
876 2
877 2
878 2
879 2
880 0
881 0
882 0
883 2
884 2
885 2
886 2
887 2
888 0
889 2
890 0
891 2
892 0
893 0
894 1
895 0
896 2
897 1
898 1
899 2
900 2
901 1
902 1
903 2
904 2
905 0
906 2
907 2
908 0
909 1
910 2
911 2
912 5
913 2
914 0
915 0
916 2
917 0
918 1
919 2
920 2
921 1
922 2
923 2
924 1
925 0
926 0
927 1
928 1
929 2
930 0
931 1
932 1
933 2
934 1
935 2
936 2
937 3
938 0
939 1
940 0
941 0
942 0
943 2
944 0
945 2
946 2
947 0
948 0
949 1
950 1
951 1
952 0
953 0
954 2
955 3
956 2
957 2
958 1
959 0
960 0
961 2
962 2
963 2
964 2
965 2
966 5
967 0
968 0
969 1
970 6
971 5
972 0
973 5
974 0
975 0
976 6
977 1
978 0
979 0
980 0
981 0
982 1
983 1
984 1
985 1
986 1
987 1
988 1
989 1
990 2
991 1
992 2
993 2
994 1
995 1
996 0
997 1
998 0
999 0
1000 2
1001 2
1002 0
1003 1
1004 2
1005 2
1006 1
1007 5
1008 2
1009 5
1010 5
1011 2
1012 1
1013 1
1014 1
1015 5
1016 5
1017 2
1018 1
1019 5
1020 1
1021 2
1022 1
1023 5
1024 1
1025 2
1026 1
1027 0
1028 1
1029 1
1030 2
1031 2
1032 2
1033 1
1034 1
1035 1
1036 5
1037 2
1038 2
1039 2
1040 1
1041 0
1042 1
1043 1
1044 2
1045 5
1046 2
1047 1
1048 5
1049 2
1050 0
1051 2
1052 3
1053 0
1054 2
1055 0
1056 5
1057 3
1058 2
1059 5
1060 1
1061 0
1062 6
1063 5
1064 5
1065 3
1066 5
1067 2
1068 6
1069 5
1070 0
1071 5
1072 5
1073 1
1074 0
1075 3
1076 6
1077 5
1078 2
1079 2
1080 3
1081 2
1082 2
1083 3
1084 6
1085 5
1086 5
1087 3
1088 5
1089 2
1090 2
1091 0
1092 5
1093 6
1094 5
1095 5
1096 3
1097 0
1098 0
1099 2
1100 1
1101 5
1102 6
1103 2
1104 2
1105 2
1106 6
1107 5
1108 1
1109 2
1110 1
1111 6
1112 6
1113 6
1114 0
1115 5
1116 2
1117 6
1118 6
1119 6
1120 6
1121 6
1122 0
1123 6
1124 2
1125 2
1126 6
1127 1
1128 1
1129 1
1130 6
1131 0
1132 6
1133 6
1134 5
1135 6
1136 5
1137 6
1138 0
1139 0
1140 1
1141 6
1142 6
1143 6
1144 6
1145 6
1146 0
1147 2
1148 0
1149 3
1150 0
1151 1
1152 5
1153 1
1154 6
1155 6
1156 0
1157 0
1158 5
1159 1
1160 5
1161 6
1162 3
1163 0
1164 0
1165 6
1166 0
1167 2
1168 0
1169 0
1170 2
1171 6
1172 6
1173 5
1174 6
1175 0
1176 0
1177 6
1178 0
1179 5
1180 0
1181 0
1182 6
1183 5
1184 0
1185 0
1186 0
1187 6
1188 0
1189 3
1190 5
1191 2
1192 6
1193 6
1194 1
1195 6
1196 6
1197 2
1198 6
1199 6
1200 0
1201 0
1202 1
1203 0
1204 0
1205 3
1206 0
1207 0
1208 5
1209 5
1210 1
1211 3
1212 1
1213 2
1214 0
1215 1
1216 1
1217 0
1218 1
1219 2
1220 2
1221 1
1222 2
1223 3
1224 0
1225 0
1226 1
1227 3
1228 5
1229 1
1230 2
1231 2
1232 0
1233 0
1234 5
1235 6
1236 2
1237 2
1238 2
1239 1
1240 0
1241 5
1242 0
1243 6
1244 5
1245 0
1246 0
1247 0
1248 5
1249 2
1250 0
1251 1
1252 1
1253 0
1254 1
1255 5
1256 3
1257 0
1258 1
1259 3
1260 0
1261 0
1262 2
1263 0
1264 6
1265 0
1266 5
1267 1
1268 0
1269 3
1270 6
1271 5
1272 2
1273 0
1274 0
1275 2
1276 2
1277 0
1278 1
1279 1
1280 5
1281 3
1282 2
1283 1
1284 0
1285 2
1286 2
1287 2
1288 1
1289 0
1290 2
1291 0
1292 2
1293 2
1294 1
1295 0
1296 1
1297 0
1298 2
1299 0
1300 0
1301 5
1302 2
1303 2
1304 2
1305 3
1306 0
1307 5
1308 2
1309 0
1310 0
1311 0
1312 2
1313 1
1314 1
1315 2
1316 2
1317 2
1318 2
1319 2
1320 2
1321 0
1322 0
1323 1
1324 2
1325 5
1326 2
1327 3
1328 5
1329 2
1330 2
1331 2
1332 5
1333 2
1334 2
1335 5
1336 2
1337 2
1338 2
1339 0
1340 2
1341 0
1342 2
1343 1
1344 1
1345 1
1346 2
1347 0
1348 2
1349 2
1350 2
1351 0
1352 2
1353 0
1354 1
1355 5
1356 2
1357 2
1358 2
1359 2
1360 2
1361 2
1362 2
1363 3
1364 2
1365 0
1366 3
1367 0
1368 1
1369 5
1370 2
1371 6
1372 2
1373 2
1374 0
1375 3
1376 5
1377 2
1378 0
1379 5
1380 0
1381 1
1382 2
1383 2
1384 1
1385 1
1386 0
1387 2
1388 2
1389 0
1390 2
1391 2
1392 2
1393 2
1394 0
1395 0
1396 6
1397 6
1398 2
1399 5
1400 5
1401 5
1402 5
1403 2
1404 2
1405 0
1406 2
1407 5
1408 1
1409 2
1410 0
1411 1
1412 1
1413 0
1414 0
1415 2
1416 1
1417 2
1418 2
1419 0
1420 5
1421 2
1422 0
1423 3
1424 0
1425 2
1426 0
1427 0
1428 2
1429 2
1430 0
1431 2
1432 2
1433 2
1434 2
1435 2
1436 1
1437 2
1438 0
1439 0
1440 0
1441 2
1442 2
1443 3
1444 5
1445 2
1446 0
1447 0
1448 0
1449 1
1450 5
1451 5
1452 0
1453 1
1454 2
1455 2
1456 1
1457 1
1458 3
1459 2
1460 2
1461 0
1462 0
1463 3
1464 2
1465 1
1466 3
1467 2
1468 2
1469 0
1470 1
1471 0
1472 0
1473 2
1474 2
1475 0
1476 5
1477 5
1478 0
1479 1
1480 5
1481 0
1482 5
1483 0
1484 2
1485 0
1486 0
1487 2
1488 2
1489 3
1490 3
1491 2
1492 2
1493 3
1494 2
1495 2
1496 5
1497 1
1498 1
1499 0
1500 6
1501 0
1502 2
1503 2
1504 5
1505 0
1506 2
1507 2
1508 2
1509 0
1510 0
1511 2
1512 0
1513 2
1514 1
1515 2
1516 1
1517 1
1518 1
1519 0
1520 0
1521 1
1522 2
1523 2
1524 3
1525 2
1526 1
1527 3
1528 2
1529 3
1530 6
1531 1
1532 2
1533 1
1534 2
1535 3
1536 0
1537 1
1538 0
1539 0
1540 0
1541 0
1542 2
1543 5
1544 0
1545 0
1546 5
1547 2
1548 2
1549 5
1550 7
1551 6
1552 2
1553 2
1554 3
1555 2
1556 2
1557 1
1558 2
1559 2
1560 2
1561 1
1562 2
1563 1
1564 1
1565 5
1566 1
1567 0
1568 0
1569 0
1570 1
1571 2
1572 5
1573 0
1574 2
1575 2
1576 3
1577 2
1578 2
1579 2
1580 0
1581 2
1582 5
1583 2
1584 3
1585 5
1586 5
1587 2
1588 0
1589 0
1590 6
1591 5
1592 2
1593 2
1594 2
1595 3
1596 2
1597 2
1598 2
1599 1
1600 2
1601 2
1602 5
1603 0
1604 2
1605 2
1606 2
1607 2
1608 1
1609 2
1610 1
1611 2
1612 2
1613 2
1614 2
1615 2
1616 2
1617 2
1618 0
1619 5
1620 2
1621 3
1622 1
1623 1
1624 1
1625 2
1626 2
1627 1
1628 2
1629 1
1630 1
1631 0
1632 1
1633 5
1634 2
1635 0
1636 5
1637 2
1638 1
1639 5
1640 5
1641 2
1642 5
1643 5
1644 3
1645 6
1646 2
1647 3
1648 5
1649 5
1650 5
1651 5
1652 5
1653 2
1654 5
1655 3
1656 3
1657 1
1658 2
1659 5
1660 2
1661 2
1662 2
1663 3
1664 3
1665 5
1666 3
1667 0
1668 3
1669 5
1670 3
1671 5
1672 1
1673 5
1674 3
1675 2
1676 3
1677 5
1678 5
1679 3
1680 3
1681 5
1682 5
1683 0
1684 3
1685 3
1686 3
1687 2
1688 5
1689 5
1690 5
1691 3
1692 3
1693 5
1694 2
1695 2
1696 3
1697 5
1698 1
1699 3
1700 3
1701 0
1702 2
1703 2
1704 2
1705 2
1706 2
1707 5
1708 5
1709 2
1710 1
1711 5
1712 3
1713 2
1714 3
1715 5
1716 3
1717 5
1718 5
1719 2
1720 3
1721 5
1722 5
1723 5
1724 2
1725 5
1726 2
1727 5
1728 5
1729 5
1730 2
1731 2
1732 5
1733 0
1734 0
1735 0
1736 0
1737 0
1738 0
1739 0
1740 3
1741 0
1742 2
1743 0
1744 0
1745 0
1746 0
1747 0
1748 0
1749 0
1750 0
1751 0
1752 0
1753 0
1754 0
1755 0
1756 0
1757 0
1758 0
1759 0
1760 0
1761 5
1762 2
1763 0
1764 0
1765 0
1766 0
1767 1
1768 0
1769 0
1770 0
1771 0
1772 0
1773 0
1774 0
1775 0
1776 1
1777 0
1778 0
1779 0
1780 0
1781 0
1782 6
1783 0
1784 0
1785 0
1786 1
1787 0
1788 0
1789 0
1790 0
1791 0
1792 0
1793 0
1794 3
1795 2
1796 5
1797 5
1798 5
1799 0
1800 0
1801 0
1802 5
1803 0
1804 0
1805 0
1806 2
1807 0
1808 1
1809 1
1810 0
1811 3
1812 5
1813 1
1814 5
1815 5
1816 0
1817 5
1818 0
1819 0
1820 5
1821 0
1822 0
1823 0
1824 0
1825 0
1826 1
1827 3
1828 5
1829 0
1830 5
1831 2
1832 0
1833 5
1834 5
1835 5
1836 1
1837 0
1838 2
1839 0
1840 1
1841 2
1842 0
1843 0
1844 0
1845 0
1846 0
1847 0
1848 0
1849 0
1850 0
1851 0
1852 0
1853 0
1854 0
1855 5
1856 0
1857 1
1858 1
1859 0
1860 0
1861 0
1862 0
1863 0
1864 0
1865 0
1866 5
1867 5
1868 0
1869 0
1870 5
1871 0
1872 6
1873 2
1874 0
1875 5
1876 5
1877 0
1878 1
1879 2
1880 1
1881 2
1882 0
1883 0
1884 1
1885 0
1886 5
1887 5
1888 5
1889 5
1890 2
1891 5
1892 1
1893 0
1894 5
1895 2
1896 1
1897 0
1898 0
1899 2
1900 0
1901 1
1902 1
1903 0
1904 5
1905 0
1906 0
1907 0
1908 1
1909 1
1910 5
1911 0
1912 0
1913 3
1914 0
1915 0
1916 2
1917 3
1918 0
1919 0
1920 0
1921 0
1922 5
1923 0
1924 0
1925 0
1926 4
1927 5
1928 4
1929 5
1930 4
1931 4
1932 4
1933 4
1934 3
1935 2
1936 5
1937 5
1938 2
1939 2
1940 3
1941 1
1942 2
1943 0
1944 0
1945 2
1946 2
1947 1
1948 2
1949 2
1950 3
1951 2
1952 2
1953 2
1954 6
1955 2
1956 2
1957 2
1958 2
1959 2
1960 2
1961 2
1962 3
1963 0
1964 1
1965 3
1966 2
1967 5
1968 2
1969 2
1970 2
1971 3
1972 1
1973 2
1974 3
1975 2
1976 2
1977 3
1978 1
1979 2
1980 2
1981 3
1982 5
1983 1
1984 3
1985 6
1986 1
1987 3
1988 5
1989 6
1990 3
1991 5
1992 5
1993 2
1994 3
1995 5
1996 6
1997 3
1998 3
1999 1
2000 3
2001 0
2002 1
2003 3
2004 2
2005 0
2006 2
2007 1
2008 1
2009 2
2010 5
2011 2
2012 1
2013 5
2014 2
2015 2
2016 0
2017 2
2018 5
2019 1
2020 2
2021 5
2022 0
2023 0
2024 2
2025 1
2026 1
2027 3
2028 1
2029 5
2030 2
2031 1
2032 2
2033 2
2034 1
2035 2
2036 2
2037 2
2038 1
2039 0
2040 2
2041 1
2042 1
2043 5
2044 2
2045 1
2046 2
2047 1
2048 3
2049 3
2050 2
2051 5
2052 3
2053 2
2054 5
2055 3
2056 1
2057 2
2058 5
2059 5
2060 2
2061 2
2062 5
2063 5
2064 5
2065 2
2066 2
2067 5
2068 5
2069 5
2070 2
2071 5
2072 5
2073 5
2074 2
2075 5
2076 1
2077 5
2078 1
2079 5
2080 2
2081 5
2082 2
2083 5
2084 1
2085 5
2086 2
2087 2
2088 1
2089 2
2090 5
2091 5
2092 2
2093 2
2094 5
2095 1
2096 2
2097 5
2098 2
2099 3
2100 5
2101 5
2102 5
2103 5
2104 0
2105 5
2106 5
2107 3
2108 5
2109 5
2110 5
2111 5
2112 5
2113 2
2114 1
2115 5
2116 0
2117 5
2118 2
2119 3
2120 5
2121 5
2122 5
2123 5
2124 5
2125 5
2126 5
2127 5
2128 5
2129 5
2130 5
2131 5
2132 5
2133 5
2134 5
2135 5
2136 5
2137 5
2138 5
2139 5
2140 5
2141 5
2142 5
2143 0
2144 2
2145 2
2146 5
2147 2
2148 1
2149 0
2150 5
2151 3
2152 2
2153 1
2154 0
2155 5
2156 2
2157 5
2158 1
2159 3
2160 2
2161 5
2162 5
2163 5
2164 0
2165 5
2166 5
2167 1
2168 0
2169 1
2170 3
2171 5
2172 3
2173 2
2174 5
2175 5
2176 5
2177 5
2178 2
2179 1
2180 5
2181 5
2182 3
2183 5
2184 3
2185 5
2186 5
2187 2
2188 0
2189 1
2190 0
2191 3
2192 3
2193 5
2194 5
2195 2
2196 1
2197 5
2198 0
2199 5
2200 2
2201 5
2202 5
2203 2
2204 1
2205 5
2206 2
2207 5
2208 3
2209 0
2210 5
2211 2
2212 5
2213 5
2214 5
2215 3
2216 5
2217 5
2218 0
2219 0
2220 5
2221 5
2222 1
2223 5
2224 2
2225 5
2226 5
2227 0
2228 3
2229 1
2230 3
2231 3
2232 5
2233 5
2234 1
2235 2
2236 5
2237 0
2238 1
2239 3
2240 5
2241 5
2242 5
2243 1
2244 5
2245 2
2246 5
2247 5
2248 3
2249 2
2250 5
2251 1
2252 2
2253 5
2254 5
2255 1
2256 1
2257 5
2258 2
2259 1
2260 3
2261 5
2262 5
2263 2
2264 5
2265 2
2266 5
2267 3
2268 2
2269 2
2270 6
2271 5
2272 0
2273 5
2274 3
2275 1
2276 5
2277 5
2278 5
2279 5
2280 3
2281 5
2282 5
2283 5
2284 5
2285 5
2286 3
2287 2
2288 2
2289 2
2290 2
2291 2
2292 0
2293 0
2294 5
2295 5
2296 5
2297 0
2298 5
2299 5
2300 3
2301 2
2302 0
2303 5
2304 5
2305 5
2306 1
2307 2
2308 5
2309 3
2310 5
2311 5
2312 5
2313 2
2314 0
2315 5
2316 2
2317 2
2318 5
2319 2
2320 5
2321 5
2322 5
2323 5
2324 3
2325 2
2326 2
2327 5
2328 2
2329 5
2330 5
2331 5
2332 5
2333 5
2334 3
2335 2
2336 5
2337 3
2338 2
2339 5
2340 3
2341 3
2342 3
2343 3
2344 3
2345 3
2346 3
2347 3
2348 3
2349 3
2350 3
2351 3
2352 3
2353 3
2354 2
2355 3
2356 3
2357 5
2358 5
2359 5
2360 3
2361 3
2362 3
2363 3
2364 3
2365 3
2366 0
2367 3
2368 2
2369 3
2370 6
2371 3
2372 3
2373 3
2374 3
2375 2
2376 5
2377 3
2378 3
2379 3
2380 3
2381 5
2382 3
2383 3
2384 3
2385 3
2386 3
2387 3
2388 3
2389 3
2390 3
2391 2
2392 3
2393 3
2394 3
2395 1
2396 1
2397 3
2398 3
2399 3
2400 5
2401 3
2402 5
2403 3
2404 3
2405 3
2406 2
2407 5
2408 3
2409 3
2410 3
2411 3
2412 5
2413 3
2414 3
2415 3
2416 3
2417 3
2418 2
2419 1
2420 5
2421 3
2422 3
2423 3
2424 3
2425 3
2426 5
2427 5
2428 5
2429 3
2430 3
2431 2
2432 5
2433 3
2434 5
2435 2
2436 2
2437 3
2438 2
2439 2
2440 0
2441 2
2442 2
2443 1
2444 2
2445 2
2446 1
2447 2
2448 5
2449 2
2450 2
2451 2
2452 3
2453 3
2454 2
2455 2
2456 0
2457 2
2458 2
2459 2
2460 3
2461 2
2462 1
2463 2
2464 2
2465 2
2466 3
2467 2
2468 2
2469 2
2470 1
2471 1
2472 2
2473 2
2474 1
2475 2
2476 3
2477 2
2478 2
2479 2
2480 3
2481 2
2482 2
2483 1
2484 1
2485 1
2486 2
2487 3
2488 2
2489 3
2490 2
2491 2
2492 3
2493 3
2494 3
2495 2
2496 3
2497 2
2498 2
2499 2
2500 5
2501 1
2502 2
2503 2
2504 3
2505 2
2506 2
2507 2
2508 3
2509 3
2510 3
2511 3
2512 2
2513 2
2514 2
2515 1
2516 2
2517 2
2518 5
2519 2
2520 3
2521 3
2522 2
2523 3
2524 1
2525 3
2526 3
2527 3
2528 2
2529 2
2530 2
2531 2
2532 2
2533 3
2534 2
2535 3
2536 2
2537 2
2538 2
2539 2
2540 5
2541 2
2542 1
2543 2
2544 1
2545 0
2546 2
2547 2
2548 1
2549 2
2550 2
2551 1
2552 3
2553 3
2554 2
2555 0
2556 1
2557 2
2558 1
2559 3
2560 2
2561 3
2562 1
2563 1
2564 3
2565 2
2566 5
2567 2
2568 2
2569 2
2570 2
2571 5
2572 1
2573 2
2574 1
2575 0
2576 1
2577 2
2578 1
2579 2
2580 5
2581 6
2582 2
2583 1
2584 3
2585 1
2586 2
2587 1
2588 1
2589 2
2590 3
2591 5
2592 2
2593 1
2594 2
2595 2
2596 2
2597 2
2598 2
2599 2
2600 2
2601 1
2602 2
2603 2
2604 1
2605 3
2606 3
2607 2
2608 2
2609 1
2610 2
2611 1
2612 3
2613 2
2614 2
2615 0
2616 2
2617 1
2618 1
2619 2
2620 2
2621 3
2622 2
2623 2
2624 2
2625 2
2626 2
2627 2
2628 3
2629 2
2630 2
2631 2
2632 0
2633 2
2634 3
2635 2
2636 1
2637 3
2638 2
2639 2
2640 3
2641 5
2642 2
2643 3
2644 1
2645 2
2646 5
2647 2
2648 5
2649 1
2650 3
2651 3
2652 3
2653 1
2654 2
2655 3
2656 5
2657 2
2658 1
2659 3
2660 2
2661 3
2662 1
2663 2
2664 3
2665 3
2666 2
2667 0
2668 3
2669 2
2670 3
2671 3
2672 2
2673 1
2674 1
2675 2
2676 5
2677 2
2678 1
2679 2
2680 2
2681 1
2682 2
2683 2
2684 2
2685 3
2686 2
2687 1
2688 1
2689 3
2690 1
2691 2
2692 3
2693 3
2694 3
2695 3
2696 3
2697 3
2698 2
2699 2
2700 3
2701 5
2702 2
2703 1
2704 2
2705 2
2706 2
2707 2
2708 1
2709 2
2710 3
2711 3
2712 3
2713 3
2714 3
2715 3
2716 2
2717 2
2718 2
2719 2
2720 2
2721 2
2722 3
2723 5
2724 2
2725 3
2726 2
2727 3
2728 2
2729 1
2730 1
2731 2
2732 1
2733 1
2734 2
2735 2
2736 0
2737 0
2738 1
2739 3
2740 2
2741 1
2742 3
2743 3
2744 1
2745 2
2746 0
2747 2
2748 2
2749 2
2750 2
2751 1
2752 3
2753 2
2754 2
2755 2
2756 2
2757 3
2758 2
2759 2
2760 2
2761 1
2762 1
2763 0
2764 5
2765 5
2766 2
2767 2
2768 1
2769 1
2770 2
2771 2
2772 3
2773 3
2774 3
2775 2
2776 0
2777 3
2778 2
2779 3
2780 2
2781 3
2782 3
2783 3
2784 3
2785 3
2786 0
2787 2
2788 3
2789 5
2790 5
2791 2
2792 2
2793 2
2794 0
2795 3
2796 2
2797 3
2798 3
2799 2
2800 2
2801 3
2802 3
2803 2
2804 3
2805 3
2806 2
2807 2
2808 5
2809 1
2810 2
2811 2
2812 3
2813 3
2814 2
2815 3
2816 3
2817 3
2818 2
2819 3
2820 2
2821 2
2822 2
2823 2
2824 0
2825 5
2826 1
2827 0
2828 0
2829 6
2830 0
2831 5
2832 2
2833 6
2834 2
2835 1
2836 6
2837 5
2838 1
2839 0
2840 5
2841 5
2842 3
2843 5
2844 5
2845 5
2846 5
2847 5
2848 5
2849 1
2850 3
2851 5
2852 5
2853 3
2854 5
2855 2
2856 5
2857 0
2858 2
2859 5
2860 2
2861 5
2862 1
2863 1
2864 5
2865 5
2866 0
2867 3
2868 3
2869 2
2870 5
2871 5
2872 0
2873 5
2874 5
2875 2
2876 0
2877 2
2878 5
2879 5
2880 2
2881 2
2882 2
2883 1
2884 3
2885 5
2886 5
2887 2
2888 5
2889 1
2890 3
2891 5
2892 2
2893 2
2894 5
2895 1
2896 0
2897 2
2898 3
2899 3
2900 2
2901 2
2902 3
2903 2
2904 2
2905 3
2906 0
2907 5
2908 2
2909 1
2910 0
2911 3
2912 5
2913 5
2914 3
2915 3
2916 3
2917 5
2918 0
2919 1
2920 0
2921 5
2922 1
2923 7
2924 0
2925 5
2926 5
2927 3
2928 3
2929 3
2930 5
2931 5
2932 0
2933 3
2934 3
2935 3
2936 5
2937 5
2938 0
2939 0
2940 0
2941 2
2942 5
2943 3
2944 3
2945 5
2946 5
2947 2
2948 5
2949 5
2950 0
2951 5
2952 0
2953 5
2954 3
2955 5
2956 3
2957 3
2958 1
2959 5
2960 5
2961 3
2962 5
2963 0
2964 2
2965 5
2966 3
2967 2
2968 1
2969 1
2970 2
2971 0
2972 3
2973 0
2974 0
2975 0
2976 5
2977 5
2978 5
2979 2
2980 0
2981 6
2982 5
2983 3
2984 6
2985 2
2986 5
2987 1
2988 1
2989 2
2990 0
2991 3
2992 2
2993 0
2994 5
2995 3
2996 5
2997 2
2998 2
2999 5
3000 0
3001 2
3002 5
3003 5
3004 2
3005 2
3006 5
3007 3
3008 5
3009 0
3010 5
3011 5
3012 5
3013 5
3014 5
3015 5
3016 0
3017 5
3018 2
3019 2
3020 5
3021 5
3022 2
3023 3
3024 2
3025 0
3026 5
3027 1
3028 2
3029 5
3030 5
3031 0
3032 0
3033 5
3034 5
3035 0
3036 5
3037 5
3038 0
3039 5
3040 0
3041 5
3042 3
3043 0
3044 6
3045 5
3046 5
3047 0
3048 0
3049 5
3050 0
3051 0
3052 5
3053 5
3054 0
3055 2
3056 1
3057 2
3058 5
3059 2
3060 5
3061 2
3062 0
3063 5
3064 0
3065 3
3066 1
3067 3
3068 0
3069 5
3070 0
3071 3
3072 0
3073 2
3074 5
3075 5
3076 3
3077 5
3078 2
3079 2
3080 1
3081 2
3082 0
3083 5
3084 3
3085 1
3086 1
3087 5
3088 1
3089 5
3090 0
3091 5
3092 5
3093 2
3094 2
3095 0
3096 5
3097 1
3098 5
3099 5
3100 5
3101 0
3102 0
3103 3
3104 0
3105 0
3106 0
3107 3
3108 5
3109 0
3110 2
3111 5
3112 5
3113 2
3114 2
3115 2
3116 2
3117 2
3118 2
3119 2
3120 2
3121 3
3122 3
3123 2
3124 2
3125 5
3126 5
3127 1
3128 3
3129 2
3130 1
3131 2
3132 5
3133 1
3134 0
3135 2
3136 0
3137 0
3138 5
3139 5
3140 3
3141 2
3142 5
3143 5
3144 5
3145 5
3146 5
3147 1
3148 6
3149 1
3150 0
3151 0
3152 3
3153 3
3154 3
3155 5
3156 3
3157 2
3158 1
3159 1
3160 1
3161 5
3162 5
3163 5
3164 3
3165 0
3166 1
3167 3
3168 3
3169 1
3170 0
3171 5
3172 2
3173 2
3174 5
3175 3
3176 3
3177 5
3178 3
3179 1
3180 3
3181 3
3182 2
3183 3
3184 5
3185 0
3186 5
3187 0
3188 3
3189 0
3190 3
3191 2
3192 3
3193 3
3194 0
3195 3
3196 1
3197 1
3198 1
3199 6
3200 5
3201 0
3202 0
3203 2
3204 0
3205 2
3206 5
3207 3
3208 2
3209 2
3210 3
3211 2
3212 3
3213 2
3214 2
3215 2
3216 5
3217 0
3218 2
3219 5
3220 1
3221 3
3222 3
3223 0
3224 2
3225 1
3226 0
3227 5
3228 2
3229 3
3230 2
3231 2
3232 3
3233 2
3234 0
3235 3
3236 0
3237 3
3238 3
3239 0
3240 2
3241 1
3242 2
3243 2
3244 2
3245 1
3246 3
3247 2
3248 2
3249 5
3250 3
3251 3
3252 1
3253 2
3254 3
3255 1
3256 2
3257 3
3258 5
3259 3
3260 3
3261 3
3262 1
3263 3
3264 3
3265 2
3266 3
3267 1
3268 5
3269 2
3270 2
3271 5
3272 3
3273 3
3274 3
3275 1
3276 5
3277 1
3278 3
3279 5
3280 2
3281 2
3282 2
3283 2
3284 2
3285 3
3286 3
3287 0
3288 3
3289 3
3290 3
3291 2
3292 1
3293 3
3294 2
3295 2
3296 1
3297 0
3298 2
3299 5
3300 3
3301 2
3302 3
3303 1
3304 2
3305 3
3306 3
3307 3
3308 2
3309 2
3310 5
3311 3
3312 3
3313 3
3314 3
3315 0
3316 0
3317 3
3318 0
3319 2
3320 2
3321 2
3322 3
3323 2
3324 2
3325 3
3326 3
3327 1
3328 0
3329 3
3330 2
3331 2
3332 1
3333 2
3334 5
3335 3
3336 2
3337 3
3338 3
3339 6
3340 5
3341 2
3342 5
3343 2
3344 2
3345 3
3346 2
3347 3
3348 3
3349 5
3350 0
3351 2
3352 5
3353 3
3354 5
3355 2
3356 3
3357 2
3358 5
3359 5
3360 2
3361 3
3362 2
3363 2
3364 5
3365 1
3366 3
3367 2
3368 2
3369 5
3370 2
3371 1
3372 2
3373 2
3374 2
3375 3
3376 2
3377 2
3378 2
3379 1
3380 5
3381 5
3382 0
3383 2
3384 3
3385 3
3386 1
3387 5
3388 2
3389 6
3390 0
3391 2
3392 3
3393 3
3394 2
3395 3
3396 0
3397 3
3398 3
3399 5
3400 0
3401 2
3402 3
3403 1
3404 5
3405 2
3406 3
3407 3
3408 2
3409 2
3410 2
3411 2
3412 3
3413 3
3414 0
3415 0
3416 5
3417 2
3418 5
3419 2
3420 3
3421 5
3422 2
3423 1
3424 1
3425 2
3426 3
3427 0
3428 2
3429 3
3430 1
3431 5
3432 2
3433 0
3434 1
3435 2
3436 3
3437 0
3438 2
3439 1
3440 0
3441 2
3442 1
3443 2
3444 3
3445 0
3446 2
3447 3
3448 3
3449 3
3450 3
3451 2
3452 2
3453 3
3454 2
3455 3
3456 1
3457 2
3458 3
3459 0
3460 2
3461 3
3462 3
3463 3
3464 3
3465 3
3466 0
3467 5
3468 0
3469 2
3470 2
3471 2
3472 2
3473 1
3474 3
3475 3
3476 3
3477 0
3478 1
3479 0
3480 2
3481 3
3482 2
3483 2
3484 2
3485 1
3486 3
3487 1
3488 2
3489 5
3490 2
3491 3
3492 0
3493 2
3494 2
3495 2
3496 3
3497 2
3498 5
3499 3
3500 3
3501 1
3502 2
3503 3
3504 0
3505 1
3506 0
3507 0
3508 5
3509 5
3510 0
3511 3
3512 3
3513 2
3514 1
3515 1
3516 2
3517 3
3518 3
3519 5
3520 3
3521 3
3522 0
3523 3
3524 2
3525 3
3526 2
3527 2
3528 2
3529 3
3530 2
3531 1
3532 2
3533 2
3534 3
3535 3
3536 3
3537 3
3538 3
3539 3
3540 0
3541 0
3542 5
3543 6
3544 3
3545 2
3546 3
3547 3
3548 1
3549 5
3550 2
3551 5
3552 1
3553 2
3554 2
3555 3
3556 0
3557 3
3558 1
3559 3
3560 2
3561 2
3562 3
3563 3
3564 2
3565 2
3566 0
3567 5
3568 3
3569 3
3570 1
3571 3
3572 3
3573 3
3574 2
3575 1
3576 5
3577 3
3578 3
3579 1
3580 3
3581 3
3582 3
3583 2
3584 3
3585 2
3586 2
3587 5
3588 5
3589 5
3590 1
3591 2
3592 2
3593 1
3594 2
3595 3
3596 3
3597 5
3598 0
3599 2
3600 2
3601 3
3602 3
3603 0
3604 5
3605 2
3606 2
3607 2
3608 3
3609 3
3610 2
3611 5
3612 2
3613 3
3614 2
3615 2
3616 2
3617 2
3618 2
3619 3
3620 2
3621 1
3622 2
3623 2
3624 2
3625 5
3626 3
3627 2
3628 0
3629 2
3630 2
3631 1
3632 5
3633 3
3634 3
3635 2
3636 3
3637 2
3638 3
3639 2
3640 2
3641 3
3642 5
3643 1
3644 1
3645 2
3646 1
3647 3
3648 3
3649 6
3650 3
3651 2
3652 5
3653 3
3654 2
3655 2
3656 3
3657 1
3658 3
3659 2
3660 3
3661 5
3662 3
3663 3
3664 5
3665 2
3666 2
3667 2
3668 2
3669 3
3670 3
3671 5
3672 2
3673 1
3674 3
3675 3
3676 6
3677 3
3678 2
3679 5
3680 2
3681 3
3682 3
3683 2
3684 3
3685 1
3686 5
3687 3
3688 3
3689 5
3690 3
3691 2
3692 2
3693 2
3694 2
3695 1
3696 3
3697 15
3698 2
3699 1
3700 6
3701 2
3702 2
3703 0
3704 2
3705 3
3706 3
3707 3
3708 2
3709 2
3710 3
3711 2
3712 2
3713 2
3714 2
3715 1
3716 3
3717 5
3718 3
3719 5
3720 2
3721 3
3722 3
3723 5
3724 1
3725 6
3726 3
3727 1
3728 2
3729 2
3730 3
3731 2
3732 3
3733 1
3734 2
3735 2
3736 5
3737 5
3738 3
3739 3
3740 2
3741 1
3742 2
3743 3
3744 3
3745 3
3746 5
3747 1
3748 3
3749 2
3750 2
3751 2
3752 3
3753 5
3754 2
3755 2
3756 2
3757 2
3758 2
3759 2
3760 5
3761 5
3762 1
3763 2
3764 0
3765 2
3766 2
3767 3
3768 3
3769 2
3770 2
3771 5
3772 1
3773 2
3774 2
3775 2
3776 2
3777 2
3778 3
3779 2
3780 3
3781 3
3782 2
3783 3
3784 1
3785 2
3786 2
3787 0
3788 2
3789 2
3790 0
3791 3
3792 5
3793 3
3794 2
3795 2
3796 3
3797 2
3798 1
3799 1
3800 3
3801 3
3802 0
3803 5
3804 5
3805 2
3806 2
3807 1
3808 1
3809 0
3810 1
3811 3
3812 3
3813 3
3814 1
3815 3
3816 3
3817 5
3818 2
3819 3
3820 2
3821 2
3822 5
3823 2
3824 3
3825 2
3826 5
3827 3
3828 5
3829 0
3830 3
3831 1
3832 1
3833 1
3834 0
3835 5
3836 2
3837 1
3838 3
3839 3
3840 2
3841 2
3842 1
3843 1
3844 2
3845 5
3846 2
3847 2
3848 2
3849 2
3850 3
3851 0
3852 3
3853 5
3854 2
3855 1
3856 1
3857 3
3858 5
3859 0
3860 3
3861 0
3862 3
3863 3
3864 3
3865 0
3866 5
3867 5
3868 5
3869 0
3870 2
3871 3
3872 5
3873 5
3874 5
3875 0
3876 0
3877 0
3878 5
3879 5
3880 5
3881 0
3882 5
3883 5
3884 3
3885 5
3886 0
3887 0
3888 0
3889 5
3890 5
3891 6
3892 5
3893 5
3894 5
3895 5
3896 5
3897 0
3898 2
3899 5
3900 5
3901 5
3902 5
3903 5
3904 5
3905 5
3906 5
3907 5
3908 5
3909 5
3910 0
3911 5
3912 3
3913 5
3914 0
3915 5
3916 2
3917 5
3918 5
3919 5
3920 3
3921 5
3922 0
3923 5
3924 0
3925 5
3926 0
3927 0
3928 2
3929 5
3930 5
3931 5
3932 6
3933 5
3934 5
3935 0
3936 5
3937 5
3938 0
3939 5
3940 0
3941 0
3942 5
3943 6
3944 5
3945 2
3946 5
3947 2
3948 2
3949 5
3950 5
3951 5
3952 5
3953 1
3954 1
3955 5
3956 2
3957 3
3958 2
3959 5
3960 2
3961 6
3962 0
3963 3
3964 2
3965 3
3966 0
3967 0
3968 1
3969 2
3970 5
3971 2
3972 0
3973 5
3974 2
3975 1
3976 2
3977 0
3978 5
3979 3
3980 5
3981 5
3982 5
3983 5
3984 6
3985 1
3986 5
3987 2
3988 1
3989 3
3990 5
3991 5
3992 5
3993 2
3994 5
3995 3
3996 5
3997 3
3998 0
3999 3
4000 3
4001 3
4002 5
4003 3
4004 5
4005 2
4006 3
4007 2
4008 3
4009 5
4010 5
4011 5
4012 0
4013 0
4014 5
4015 5
4016 0
4017 3
4018 5
4019 5
4020 5
4021 0
4022 0
4023 2
4024 3
4025 0
4026 0
4027 0
4028 0
4029 0
4030 3
4031 3
4032 0
4033 3
4034 1
4035 5
4036 2
4037 2
4038 2
4039 3
4040 6
4041 0
4042 1
4043 0
4044 5
4045 2
4046 2
4047 5
4048 3
4049 3
4050 3
4051 2
4052 5
4053 5
4054 5
4055 3
4056 3
4057 5
4058 3
4059 2
4060 1
4061 5
4062 2
4063 1
4064 0
4065 0
4066 5
4067 2
4068 5
4069 2
4070 0
4071 5
4072 3
4073 5
4074 5
4075 2
4076 5
4077 1
4078 2
4079 5
4080 3
4081 2
4082 5
4083 0
4084 2
4085 2
4086 2
4087 0
4088 0
4089 0
4090 5
4091 0
4092 0
4093 3
4094 2
4095 6
4096 2
4097 5
4098 2
4099 3
4100 5
4101 5
4102 5
4103 2
4104 3
4105 5
4106 5
4107 2
4108 0
4109 0
4110 5
4111 5
4112 2
4113 5
4114 5
4115 2
4116 3
4117 0
4118 5
4119 0
4120 5
4121 0
4122 3
4123 5
4124 5
4125 3
4126 0
4127 3
4128 3
4129 2
4130 5
4131 5
4132 3
4133 2
4134 5
4135 2
4136 2
4137 2
4138 2
4139 5
4140 2
4141 5
4142 5
4143 5
4144 5
4145 2
4146 3
4147 5
4148 0
4149 0
4150 5
4151 5
4152 5
4153 5
4154 5
4155 6
4156 5
4157 5
4158 5
4159 3
4160 3
4161 0
4162 3
4163 3
4164 3
4165 3
4166 3
4167 3
4168 3
4169 3
4170 3
4171 3
4172 3
4173 5
4174 0
4175 3
4176 3
4177 5
4178 3
4179 3
4180 3
4181 3
4182 3
4183 3
4184 2
4185 3
4186 3
4187 3
4188 3
4189 3
4190 3
4191 3
4192 3
4193 3
4194 3
4195 3
4196 2
4197 3
4198 2
4199 0
4200 3
4201 0
4202 5
4203 3
4204 3
4205 3
4206 3
4207 3
4208 3
4209 3
4210 5
4211 3
4212 3
4213 3
4214 3
4215 5
4216 2
4217 5
4218 3
4219 3
4220 3
4221 3
4222 1
4223 3
4224 5
4225 2
4226 3
4227 3
4228 3
4229 3
4230 3
4231 3
4232 2
4233 3
4234 5
4235 0
4236 5
4237 3
4238 2
4239 3
4240 3
4241 2
4242 5
4243 5
4244 3
4245 1
4246 3
4247 0
4248 5
4249 2
4250 5
4251 5
4252 3
4253 3
4254 3
4255 6
4256 3
4257 3
4258 3
4259 3
4260 3
4261 3
4262 5
4263 2
4264 1
4265 0
4266 3
4267 3
4268 3
4269 3
4270 3
4271 3
4272 3
4273 3
4274 5
4275 5
4276 3
4277 5
4278 0
4279 5
4280 5
4281 0
4282 5
4283 5
4284 1
4285 3
4286 5
4287 5
4288 5
4289 5
4290 5
4291 0
4292 2
4293 0
4294 2
4295 5
4296 5
4297 5
4298 0
4299 5
4300 5
4301 3
4302 3
4303 5
4304 5
4305 5
4306 1
4307 5
4308 5
4309 5
4310 5
4311 3
4312 5
4313 5
4314 5
4315 5
4316 2
4317 7
4318 2
4319 0
4320 3
4321 5
4322 5
4323 5
4324 3
4325 5
4326 0
4327 5
4328 5
4329 5
4330 5
4331 3
4332 5
4333 2
4334 5
4335 5
4336 5
4337 9
4338 2
4339 7
4340 3
4341 3
4342 5
4343 1
4344 5
4345 3
4346 5
4347 3
4348 2
4349 3
4350 5
4351 0
4352 3
4353 1
4354 0
4355 3
4356 5
4357 5
4358 3
4359 5
4360 1
4361 1
4362 5
4363 5
4364 1
4365 0
4366 3
4367 6
4368 1
4369 1
4370 3
4371 6
4372 0
4373 5
4374 5
4375 6
4376 5
4377 5
4378 0
4379 5
4380 5
4381 2
4382 0
4383 2
4384 5
4385 5
4386 0
4387 0
4388 1
4389 3
4390 5
4391 6
4392 5
4393 5
4394 5
4395 5
4396 3
4397 3
4398 1
4399 2
4400 1
4401 1
4402 0
4403 1
4404 2
4405 5
4406 2
4407 5
4408 3
4409 2
4410 3
4411 1
4412 3
4413 1
4414 6
4415 3
4416 0
4417 3
4418 6
4419 5
4420 3
4421 5
4422 1
4423 3
4424 3
4425 3
4426 2
4427 3
4428 3
4429 1
4430 5
4431 3
4432 5
4433 2
4434 3
4435 2
4436 5
4437 3
4438 3
4439 5
4440 3
4441 0
4442 0
4443 2
4444 0
4445 1
4446 0
4447 2
4448 5
4449 5
4450 2
4451 2
4452 2
4453 3
4454 3
4455 3
4456 5
4457 0
4458 3
4459 2
4460 2
4461 2
4462 5
4463 2
4464 0
4465 7
4466 0
4467 5
4468 5
4469 2
4470 3
4471 0
4472 5
4473 2
4474 5
4475 5
4476 5
4477 3
4478 5
4479 5
4480 0
4481 5
4482 5
4483 5
4484 5
4485 5
4486 5
4487 5
4488 2
4489 5
4490 3
4491 5
4492 2
4493 0
4494 6
4495 6
4496 6
4497 3
4498 6
4499 6
4500 6
4501 6
4502 6
4503 6
4504 5
4505 2
4506 5
4507 5
4508 1
4509 0
4510 5
4511 0
4512 0
4513 5
4514 0
4515 5
4516 3
4517 5
4518 5
4519 5
4520 3
4521 0
4522 5
4523 0
4524 5
4525 2
4526 0
4527 5
4528 2
4529 2
4530 3
4531 2
4532 5
4533 5
4534 2
4535 2
4536 3
4537 5
4538 5
4539 2
4540 2
4541 3
4542 3
4543 5
4544 5
4545 5
4546 5
4547 5
4548 5
4549 2
4550 3
4551 6
4552 3
4553 2
4554 2
4555 5
4556 5
4557 2
4558 5
4559 5
4560 1
4561 2
4562 5
4563 5
4564 5
4565 5
4566 0
4567 3
4568 0
4569 0
4570 0
4571 3
4572 3
4573 3
4574 3
4575 3
4576 3
4577 3
4578 2
4579 5
4580 1
4581 3
4582 2
4583 2
4584 5
4585 2
4586 5
4587 5
4588 5
4589 3
4590 2
4591 3
4592 5
4593 5
4594 5
4595 5
4596 6
4597 5
4598 5
4599 3
4600 3
4601 3
4602 1
4603 5
4604 5
4605 3
4606 3
4607 5
4608 5
4609 3
4610 2
4611 2
4612 0
4613 0
4614 5
4615 3
4616 2
4617 3
4618 5
4619 5
4620 3
4621 3
4622 3
4623 2
4624 3
4625 3
4626 5
4627 5
4628 5
4629 3
4630 3
4631 5
4632 5
4633 5
4634 2
4635 2
4636 5
4637 5
4638 5
4639 0
4640 3
4641 5
4642 3
4643 0
4644 6
4645 3
4646 5
4647 5
4648 6
4649 5
4650 2
4651 5
4652 3
4653 0
4654 0
4655 5
4656 5
4657 5
4658 2
4659 5
4660 5
4661 5
4662 5
4663 3
4664 5
4665 3
4666 3
4667 3
4668 2
4669 2
4670 3
4671 1
4672 2
4673 5
4674 5
4675 0
4676 2
4677 13
4678 5
4679 0
4680 0
4681 2
4682 5
4683 3
4684 3
4685 0
4686 3
4687 5
4688 5
4689 5
4690 3
4691 3
4692 3
4693 3
4694 3
4695 3
4696 5
4697 5
4698 3
4699 3
4700 3
4701 3
4702 3
4703 3
4704 3
4705 3
4706 3
4707 3
4708 5
4709 2
4710 3
4711 3
4712 3
4713 3
4714 5
4715 3
4716 5
4717 2
4718 3
4719 2
4720 3
4721 3
4722 3
4723 3
4724 3
4725 3
4726 5
4727 3
4728 3
4729 3
4730 3
4731 3
4732 3
4733 3
4734 3
4735 3
4736 3
4737 3
4738 1
4739 3
4740 3
4741 3
4742 5
4743 3
4744 3
4745 0
4746 1
4747 5
4748 6
4749 5
4750 2
4751 2
4752 0
4753 5
4754 6
4755 5
4756 5
4757 5
4758 5
4759 5
4760 2
4761 3
4762 3
4763 3
4764 3
4765 3
4766 3
4767 3
4768 2
4769 5
4770 0
4771 1
4772 6
4773 0
4774 3
4775 0
4776 0
4777 0
4778 5
4779 0
4780 3
4781 3
4782 3
4783 1
4784 1
4785 5
4786 2
4787 0
4788 0
4789 5
4790 5
4791 0
4792 5
4793 5
4794 5
4795 0
4796 5
4797 3
4798 5
4799 5
4800 7
4801 0
4802 5
4803 0
4804 0
4805 5
4806 3
4807 5
4808 5
4809 5
4810 0
4811 1
4812 3
4813 5
4814 5
4815 0
4816 3
4817 3
4818 3
4819 0
4820 5
4821 3
4822 5
4823 3
4824 3
4825 6
4826 3
4827 0
4828 0
4829 3
4830 3
4831 3
4832 6
4833 0
4834 0
4835 0
4836 5
4837 3
4838 5
4839 3
4840 0
4841 3
4842 3
4843 3
4844 3
4845 3
4846 3
4847 3
4848 0
4849 5
4850 3
4851 5
4852 5
4853 0
4854 0
4855 5
4856 0
4857 3
4858 3
4859 3
4860 3
4861 5
4862 0
4863 0
4864 6
4865 3
4866 3
4867 2
4868 0
4869 3
4870 0
4871 3
4872 5
4873 2
4874 3
4875 3
4876 3
4877 0
4878 0
4879 5
4880 0
4881 0
4882 5
4883 5
4884 5
4885 0
4886 5
4887 3
4888 0
4889 0
4890 0
4891 0
4892 3
4893 5
4894 6
4895 0
4896 5
4897 5
4898 5
4899 0
4900 0
4901 0
4902 0
4903 0
4904 5
4905 0
4906 0
4907 3
4908 5
4909 1
4910 5
4911 3
4912 5
4913 3
4914 2
4915 1
4916 0
4917 0
4918 2
4919 2
4920 0
4921 3
4922 5
4923 0
4924 3
4925 3
4926 3
4927 6
4928 5
4929 3
4930 5
4931 0
4932 5
4933 5
4934 0
4935 3
4936 0
4937 0
4938 0
4939 1
4940 0
4941 3
4942 5
4943 0
4944 0
4945 5
4946 3
4947 3
4948 5
4949 3
4950 5
4951 5
4952 5
4953 3
4954 3
4955 0
4956 3
4957 7
4958 3
4959 0
4960 0
4961 5
4962 5
4963 5
4964 1
4965 0
4966 5
4967 5
4968 5
4969 1
4970 3
4971 5
4972 5
4973 5
4974 5
4975 3
4976 3
4977 0
4978 3
4979 0
4980 0
4981 0
4982 0
4983 0
4984 3
4985 0
4986 0
4987 0
4988 0
4989 0
4990 3
4991 3
4992 6
4993 1
4994 3
4995 3
4996 3
4997 5
4998 3
4999 0
5000 0
5001 5
5002 3
5003 0
5004 0
5005 5
5006 2
5007 0
5008 0
5009 2
5010 5
5011 5
5012 5
5013 3
5014 5
5015 6
5016 1
5017 5
5018 2
5019 5
5020 2
5021 2
5022 3
5023 5
5024 2
5025 6
5026 0
5027 5
5028 0
5029 1
5030 2
5031 1
5032 5
5033 3
5034 3
5035 3
5036 1
5037 2
5038 5
5039 3
5040 5
5041 2
5042 5
5043 3
5044 5
5045 1
5046 3
5047 6
5048 5
5049 0
5050 0
5051 0
5052 0
5053 2
5054 5
5055 2
5056 2
5057 5
5058 5
5059 6
5060 6
5061 6
5062 6
5063 0
5064 6
5065 1
5066 5
5067 1
5068 1
5069 6
5070 2
5071 3
5072 3
5073 0
5074 5
5075 5
5076 3
5077 0
5078 3
5079 8
5080 8
5081 2
5082 0
5083 5
5084 5
5085 1
5086 0
5087 3
5088 3
5089 3
5090 3
5091 5
5092 3
5093 3
5094 5
5095 3
5096 3
5097 2
5098 3
5099 5
5100 1
5101 5
5102 5
5103 6
5104 5
5105 5
5106 2
5107 3
5108 3
5109 5
5110 2
5111 5
5112 5
5113 2
5114 5
5115 5
5116 3
5117 3
5118 5
5119 2
5120 2
5121 5
5122 3
5123 3
5124 3
5125 5
5126 3
5127 5
5128 3
5129 5
5130 0
5131 5
5132 1
5133 5
5134 3
5135 3
5136 3
5137 5
5138 1
5139 3
5140 1
5141 3
5142 2
5143 0
5144 6
5145 5
5146 5
5147 5
5148 2
5149 0
5150 0
5151 5
5152 5
5153 1
5154 5
5155 5
5156 0
5157 0
5158 5
5159 0
5160 5
5161 3
5162 2
5163 3
5164 0
5165 1
5166 0
5167 2
5168 6
5169 5
5170 0
5171 5
5172 5
5173 0
5174 5
5175 5
5176 5
5177 5
5178 5
5179 5
5180 6
5181 1
5182 5
5183 3
5184 5
5185 5
5186 5
5187 5
5188 3
5189 0
5190 2
5191 6
5192 3
5193 5
5194 3
5195 0
5196 3
5197 5
5198 3
5199 3
5200 3
5201 0
5202 5
5203 3
5204 2
5205 3
5206 5
5207 5
5208 3
5209 3
5210 5
5211 9
5212 3
5213 3
5214 5
5215 5
5216 6
5217 1
5218 3
5219 2
5220 0
5221 5
5222 0
5223 6
5224 5
5225 5
5226 5
5227 5
5228 5
5229 5
5230 3
5231 5
5232 0
5233 2
5234 2
5235 5
5236 5
5237 5
5238 5
5239 5
5240 0
5241 5
5242 5
5243 3
5244 2
5245 3
5246 2
5247 5
5248 5
5249 5
5250 5
5251 5
5252 2
5253 5
5254 1
5255 2
5256 5
5257 5
5258 3
5259 1
5260 5
5261 5
5262 1
5263 3
5264 3
5265 3
5266 2
5267 5
5268 5
5269 2
5270 0
5271 6
5272 5
5273 5
5274 1
5275 1
5276 3
5277 5
5278 1
5279 2
5280 1
5281 2
5282 5
5283 5
5284 5
5285 5
5286 5
5287 0
5288 2
5289 0
5290 3
5291 3
5292 5
5293 3
5294 0
5295 0
5296 0
5297 5
5298 2
5299 3
5300 3
5301 3
5302 2
5303 5
5304 0
5305 3
5306 3
5307 3
5308 0
5309 5
5310 2
5311 1
5312 5
5313 3
5314 0
5315 5
5316 0
5317 0
5318 1
5319 0
5320 0
5321 0
5322 18
5323 1
5324 0
5325 0
5326 3
5327 0
5328 0
5329 3
5330 0
5331 0
5332 2
5333 0
5334 5
5335 6
5336 5
5337 5
5338 3
5339 5
5340 5
5341 5
5342 5
5343 5
5344 5
5345 5
5346 0
5347 0
5348 2
5349 5
5350 5
5351 5
5352 2
5353 5
5354 2
5355 5
5356 5
5357 5
5358 2
5359 5
5360 1
5361 5
5362 1
5363 5
5364 3
5365 5
5366 3
5367 3
5368 6
5369 3
5370 3
5371 5
5372 5
5373 2
5374 5
5375 3
5376 5
5377 2
5378 5
5379 0
5380 5
5381 0
5382 0
5383 3
5384 5
5385 5
5386 2
5387 5
5388 2
5389 2
5390 5
5391 5
5392 2
5393 1
5394 3
5395 5
5396 3
5397 0
5398 3
5399 3
5400 0
5401 3
5402 5
5403 3
5404 3
5405 1
5406 5
5407 5
5408 3
5409 3
5410 5
5411 3
5412 0
5413 2
5414 5
5415 3
5416 5
5417 2
5418 5
5419 2
5420 3
5421 5
5422 3
5423 5
5424 3
5425 3
5426 3
5427 1
5428 2
5429 3
5430 3
5431 5
5432 5
5433 3
5434 5
5435 2
5436 3
5437 1
5438 5
5439 3
5440 5
5441 3
5442 3
5443 6
5444 3
5445 2
5446 1
5447 2
5448 3
5449 3
5450 5
5451 0
5452 2
5453 3
5454 2
5455 5
5456 5
5457 5
5458 3
5459 0
5460 5
5461 3
5462 5
5463 3
5464 3
5465 5
5466 3
5467 0
5468 3
5469 3
5470 3
5471 3
5472 5
5473 5
5474 0
5475 3
5476 5
5477 1
5478 2
5479 5
5480 2
5481 1
5482 0
5483 3
5484 0
5485 3
5486 5
5487 3
5488 5
5489 0
5490 2
5491 2
5492 5
5493 2
5494 3
5495 3
5496 3
5497 3
5498 5
5499 2
5500 3
5501 3
5502 5
5503 5
5504 0
5505 5
5506 2
5507 5
5508 3
5509 2
5510 1
5511 2
5512 3
5513 5
5514 5
5515 5
5516 3
5517 2
5518 5
5519 3
5520 3
5521 3
5522 5
5523 3
5524 3
5525 5
5526 5
5527 3
5528 5
5529 5
5530 3
5531 5
5532 0
5533 2
5534 3
5535 3
5536 5
5537 0
5538 2
5539 5
5540 5
5541 2
5542 0
5543 5
5544 3
5545 3
5546 2
5547 5
5548 2
5549 5
5550 2
5551 3
5552 3
5553 5
5554 5
5555 3
5556 3
5557 5
5558 5
5559 3
5560 3
5561 3
5562 3
5563 0
5564 2
5565 2
5566 3
5567 11
5568 1
5569 2
5570 5
5571 5
5572 5
5573 5
5574 2
5575 5
5576 5
5577 0
5578 5
5579 1
5580 5
5581 3
5582 5
5583 5
5584 3
5585 6
5586 3
5587 2
5588 5
5589 5
5590 3
5591 5
5592 5
5593 2
5594 5
5595 3
5596 5
5597 5
5598 2
5599 5
5600 5
5601 5
5602 5
5603 3
5604 5
5605 5
5606 5
5607 5
5608 3
5609 5
5610 5
5611 5
5612 5
5613 2
5614 5
5615 5
5616 5
5617 3
5618 5
5619 5
5620 5
5621 5
5622 5
5623 3
5624 5
5625 5
5626 5
5627 2
5628 5
5629 5
5630 5
5631 5
5632 5
5633 2
5634 5
5635 5
5636 5
5637 3
5638 3
5639 5
5640 5
5641 5
5642 5
5643 5
5644 5
5645 0
5646 5
5647 3
5648 5
5649 5
5650 5
5651 5
5652 3
5653 5
5654 5
5655 3
5656 5
5657 3
5658 5
5659 5
5660 5
5661 5
5662 5
5663 5
5664 3
5665 5
5666 0
5667 3
5668 5
5669 5
5670 5
5671 5
5672 3
5673 3
5674 5
5675 5
5676 3
5677 5
5678 5
5679 2
5680 5
5681 5
5682 5
5683 5
5684 5
5685 5
5686 3
5687 3
5688 5
5689 3
5690 5
5691 5
5692 3
5693 3
5694 1
5695 0
5696 5
5697 5
5698 3
5699 3
5700 3
5701 2
5702 0
5703 0
5704 3
5705 0
5706 5
5707 2
5708 1
5709 0
5710 5
5711 5
5712 2
5713 2
5714 5
5715 2
5716 5
5717 5
5718 3
5719 3
5720 0
5721 0
5722 0
5723 0
5724 0
5725 0
5726 0
5727 0
5728 0
5729 0
5730 0
5731 2
5732 3
5733 0
5734 5
5735 1
5736 3
5737 0
5738 1
5739 3
5740 3
5741 5
5742 0
5743 3
5744 2
5745 5
5746 3
5747 3
5748 5
5749 3
5750 5
5751 1
5752 3
5753 5
5754 5
5755 3
5756 3
5757 3
5758 3
5759 2
5760 0
5761 3
5762 0
5763 3
5764 5
5765 0
5766 3
5767 3
5768 2
5769 2
5770 0
5771 2
5772 3
5773 5
5774 5
5775 0
5776 2
5777 0
5778 0
5779 6
5780 3
5781 1
5782 11
5783 3
5784 3
5785 0
5786 0
5787 3
5788 2
5789 6
5790 0
5791 0
5792 5
5793 3
5794 3
5795 5
5796 5
5797 5
5798 5
5799 0
5800 2
5801 0
5802 0
5803 5
5804 0
5805 5
5806 5
5807 3
5808 5
5809 5
5810 5
5811 5
5812 3
5813 3
5814 5
5815 5
5816 2
5817 5
5818 5
5819 5
5820 2
5821 5
5822 5
5823 0
5824 5
5825 2
5826 3
5827 5
5828 5
5829 5
5830 5
5831 5
5832 5
5833 3
5834 5
5835 5
5836 1
5837 1
5838 0
5839 0
5840 0
5841 2
5842 5
5843 2
5844 5
5845 2
5846 0
5847 2
5848 3
5849 5
5850 5
5851 5
5852 1
5853 0
5854 0
5855 2
5856 0
5857 2
5858 5
5859 5
5860 5
5861 5
5862 5
5863 3
5864 3
5865 5
5866 5
5867 5
5868 2
5869 3
5870 0
5871 3
5872 0
5873 0
5874 0
5875 0
5876 3
5877 5
5878 5
5879 0
5880 0
5881 0
5882 3
5883 3
5884 3
5885 3
5886 2
5887 0
5888 1
5889 3
5890 5
5891 5
5892 3
5893 3
5894 5
5895 5
5896 0
5897 5
5898 5
5899 0
5900 6
5901 5
5902 5
5903 5
5904 2
5905 2
5906 1
5907 3
5908 0
5909 5
5910 0
5911 2
5912 0
5913 0
5914 5
5915 0
5916 5
5917 1
5918 2
5919 2
5920 2
5921 6
5922 0
5923 5
5924 3
5925 5
5926 2
5927 2
5928 3
5929 2
5930 1
5931 0
5932 5
5933 3
5934 5
5935 1
5936 5
5937 1
5938 6
5939 5
5940 0
5941 2
5942 0
5943 5
5944 0
5945 0
5946 0
5947 1
5948 5
5949 2
5950 2
5951 2
5952 5
5953 1
5954 3
5955 1
5956 5
5957 3
5958 2
5959 0
5960 5
5961 3
5962 5
5963 3
5964 0
5965 5
5966 1
5967 5
5968 2
5969 5
5970 5
5971 5
5972 5
5973 3
5974 5
5975 3
5976 3
5977 3
5978 16
5979 0
5980 5
5981 5
5982 5
5983 6
5984 5
5985 5
5986 5
5987 0
5988 3
5989 3
5990 5
5991 3
5992 3
5993 3
5994 0
5995 5
5996 5
5997 2
5998 5
5999 3
6000 3
6001 3
6002 0
6003 10
6004 10
6005 5
6006 10
6007 10
6008 0
6009 3
6010 3
6011 3
6012 3
6013 5
6014 5
6015 5
6016 1
6017 3
6018 3
6019 3
6020 3
6021 3
6022 3
6023 0
6024 3
6025 2
6026 5
6027 5
6028 2
6029 3
6030 0
6031 3
6032 3
6033 5
6034 3
6035 3
6036 5
6037 2
6038 3
6039 3
6040 5
6041 2
6042 3
6043 2
6044 3
6045 3
6046 5
6047 3
6048 3
6049 3
6050 3
6051 3
6052 3
6053 3
6054 3
6055 3
6056 3
6057 3
6058 3
6059 3
6060 5
6061 3
6062 3
6063 3
6064 3
6065 5
6066 3
6067 5
6068 3
6069 3
6070 3
6071 3
6072 2
6073 3
6074 3
6075 3
6076 0
6077 3
6078 5
6079 0
6080 3
6081 5
6082 0
6083 5
6084 1
6085 2
6086 3
6087 5
6088 5
6089 3
6090 3
6091 1
6092 3
6093 3
6094 2
6095 3
6096 1
6097 2
6098 3
6099 3
6100 3
6101 3
6102 5
6103 3
6104 5
6105 3
6106 2
6107 3
6108 0
6109 3
6110 3
6111 3
6112 5
6113 5
6114 3
6115 5
6116 3
6117 3
6118 3
6119 3
6120 3
6121 3
6122 2
6123 3
6124 3
6125 0
6126 5
6127 5
6128 1
6129 3
6130 3
6131 3
6132 3
6133 3
6134 3
6135 3
6136 5
6137 3
6138 3
6139 11
6140 2
6141 3
6142 3
6143 3
6144 3
6145 3
6146 5
6147 3
6148 3
6149 3
6150 3
6151 0
6152 3
6153 3
6154 2
6155 3
6156 5
6157 5
6158 3
6159 3
6160 3
6161 0
6162 3
6163 3
6164 3
6165 3
6166 3
6167 3
6168 3
6169 5
6170 3
6171 3
6172 3
6173 5
6174 3
6175 2
6176 3
6177 3
6178 3
6179 3
6180 0
6181 3
6182 5
6183 0
6184 3
6185 0
6186 3
6187 3
6188 3
6189 3
6190 3
6191 3
6192 2
6193 0
6194 3
6195 0
6196 2
6197 3
6198 5
6199 3
6200 3
6201 3
6202 3
6203 5
6204 0
6205 2
6206 3
6207 0
6208 3
6209 5
6210 5
6211 0
6212 5
6213 3
6214 5
6215 0
6216 3
6217 3
6218 3
6219 2
6220 3
6221 3
6222 0
6223 5
6224 2
6225 5
6226 3
6227 5
6228 0
6229 3
6230 5
6231 1
6232 3
6233 18
6234 5
6235 2
6236 3
6237 1
6238 1
6239 0
6240 2
6241 2
6242 2
6243 5
6244 5
6245 5
6246 5
6247 5
6248 5
6249 0
6250 2
6251 12
6252 12
6253 12
6254 3
6255 3
6256 5
6257 5
6258 0
6259 0
6260 0
6261 1
6262 1
6263 1
6264 5
6265 1
6266 5
6267 5
6268 5
6269 5
6270 0
6271 0
6272 5
6273 5
6274 2
6275 5
6276 5
6277 0
6278 2
6279 0
6280 0
6281 3
6282 2
6283 1
6284 3
6285 5
6286 1
6287 5
6288 3
6289 2
6290 2
6291 0
6292 5
6293 0
6294 2
6295 3
6296 3
6297 6
6298 3
6299 5
6300 1
6301 3
6302 0
6303 3
6304 3
6305 3
6306 1
6307 3
6308 0
6309 3
6310 3
6311 0
6312 0
6313 3
6314 3
6315 2
6316 3
6317 0
6318 3
6319 5
6320 0
6321 5
6322 0
6323 5
6324 5
6325 0
6326 0
6327 3
6328 3
6329 0
6330 3
6331 3
6332 3
6333 3
6334 0
6335 2
6336 5
6337 3
6338 3
6339 3
6340 3
6341 2
6342 3
6343 5
6344 2
6345 3
6346 5
6347 2
6348 3
6349 5
6350 3
6351 5
6352 5
6353 5
6354 2
6355 2
6356 3
6357 13
6358 1
6359 5
6360 5
6361 5
6362 5
6363 0
6364 5
6365 3
6366 3
6367 0
6368 6
6369 1
6370 0
6371 0
6372 5
6373 1
6374 5
6375 0
6376 5
6377 5
6378 3
6379 5
6380 3
6381 6
6382 5
6383 2
6384 0
6385 5
6386 3
6387 3
6388 3
6389 5
6390 3
6391 6
6392 6
6393 0
6394 0
6395 2
6396 3
6397 5
6398 3
6399 0
6400 5
6401 5
6402 3
6403 5
6404 5
6405 0
6406 2
6407 0
6408 0
6409 0
6410 0
6411 5
6412 5
6413 0
6414 5
6415 5
6416 5
6417 5
6418 5
6419 6
6420 5
6421 5
6422 5
6423 0
6424 5
6425 5
6426 5
6427 5
6428 5
6429 5
6430 5
6431 0
6432 5
6433 5
6434 5
6435 0
6436 5
6437 5
6438 0
6439 5
6440 5
6441 5
6442 0
6443 5
6444 2
6445 5
6446 5
6447 2
6448 5
6449 5
6450 5
6451 5
6452 5
6453 1
6454 1
6455 1
6456 1
6457 1
6458 1
6459 1
6460 1
6461 1
6462 3
6463 2
6464 5
6465 3
6466 3
6467 3
6468 3
6469 5
6470 3
6471 1
6472 0
6473 0
6474 0
6475 5
6476 3
6477 1
6478 5
6479 3
6480 3
6481 5
6482 3
6483 3
6484 3
6485 3
6486 3
6487 3
6488 3
6489 0
6490 3
6491 0
6492 0
6493 0
6494 0
6495 3
6496 3
6497 3
6498 5
6499 5
6500 3
6501 5
6502 2
6503 2
6504 1
6505 5
6506 5
6507 3
6508 3
6509 5
6510 0
6511 2
6512 0
6513 0
6514 0
6515 14
6516 0
6517 1
6518 2
6519 3
6520 5
6521 2
6522 0
6523 5
6524 5
6525 0
6526 5
6527 5
6528 3
6529 2
6530 1
6531 0
6532 5
6533 5
6534 1
6535 2
6536 2
6537 3
6538 2
6539 5
6540 3
6541 3
6542 5
6543 5
6544 14
6545 14
6546 0
6547 5
6548 1
6549 0
6550 5
6551 0
6552 0
6553 2
6554 3
6555 0
6556 0
6557 2
6558 3
6559 3
6560 3
6561 2
6562 3
6563 5
6564 3
6565 2
6566 0
6567 6
6568 5
6569 1
6570 2
6571 0
6572 0
6573 0
6574 3
6575 0
6576 0
6577 5
6578 5
6579 5
6580 5
6581 5
6582 3
6583 2
6584 2
6585 5
6586 5
6587 5
6588 5
6589 5
6590 5
6591 5
6592 5
6593 5
6594 5
6595 5
6596 5
6597 5
6598 5
6599 2
6600 5
6601 5
6602 5
6603 5
6604 2
6605 5
6606 5
6607 5
6608 0
6609 3
6610 3
6611 3
6612 3
6613 5
6614 5
6615 2
6616 5
6617 1
6618 2
6619 3
6620 3
6621 1
6622 5
6623 2
6624 2
6625 2
6626 2
6627 2
6628 5
6629 0
6630 5
6631 5
6632 0
6633 0
6634 3
6635 1
6636 0
6637 5
6638 2
6639 0
6640 0
6641 5
6642 0
6643 0
6644 11
6645 11
6646 11
6647 0
6648 1
6649 0
6650 5
6651 2
6652 5
6653 0
6654 0
6655 3
6656 5
6657 3
6658 3
6659 5
6660 3
6661 5
6662 5
6663 5
6664 5
6665 5
6666 5
6667 5
6668 2
6669 5
6670 5
6671 5
6672 5
6673 5
6674 0
6675 0
6676 0
6677 3
6678 0
6679 0
6680 0
6681 5
6682 2
6683 0
6684 18
6685 0
6686 0
6687 0
6688 2
6689 0
6690 0
6691 0
6692 0
6693 0
6694 1
6695 0
6696 0
6697 3
6698 5
6699 5
6700 5
6701 5
6702 0
6703 0
6704 0
6705 1
6706 5
6707 5
6708 0
6709 5
6710 0
6711 2
6712 0
6713 5
6714 5
6715 3
6716 3
6717 2
6718 5
6719 5
6720 5
6721 5
6722 5
6723 5
6724 5
6725 5
6726 5
6727 5
6728 5
6729 5
6730 5
6731 5
6732 5
6733 5
6734 5
6735 5
6736 5
6737 5
6738 5
6739 5
6740 5
6741 5
6742 5
6743 5
6744 5
6745 5
6746 5
6747 5
6748 5
6749 5
6750 5
6751 5
6752 5
6753 5
6754 5
6755 5
6756 5
6757 5
6758 5
6759 5
6760 5
6761 5
6762 5
6763 5
6764 5
6765 5
6766 5
6767 5
6768 0
6769 5
6770 5
6771 5
6772 5
6773 5
6774 5
6775 5
6776 5
6777 5
6778 5
6779 5
6780 5
6781 5
6782 5
6783 5
6784 5
6785 5
6786 5
6787 5
6788 0
6789 0
6790 5
6791 0
6792 5
6793 5
6794 5
6795 5
6796 5
6797 5
6798 1
6799 5
6800 5
6801 5
6802 6
6803 5
6804 0
6805 0
6806 0
6807 0
6808 2
6809 2
6810 0
6811 0
6812 5
6813 0
6814 0
6815 0
6816 0
6817 0
6818 0
6819 0
6820 0
6821 0
6822 5
6823 5
6824 5
6825 5
6826 5
6827 5
6828 5
6829 5
6830 5
6831 5
6832 5
6833 5
6834 5
6835 5
6836 5
6837 5
6838 5
6839 5
6840 5
6841 5
6842 0
6843 0
6844 5
6845 5
6846 0
6847 0
6848 0
6849 5
6850 0
6851 5
6852 0
6853 0
6854 5
6855 5
6856 5
6857 0
6858 5
6859 5
6860 0
6861 5
6862 5
6863 5
6864 5
6865 5
6866 5
6867 0
6868 1
6869 1
6870 5
6871 5
6872 5
6873 5
6874 5
6875 5
6876 5
6877 5
6878 5
6879 5
6880 5
6881 5
6882 5
6883 5
6884 5
6885 5
6886 5
6887 5
6888 5
6889 5
6890 5
6891 5
6892 5
6893 5
6894 5
6895 5
6896 2
6897 2
6898 0
6899 5
6900 5
6901 5
6902 0
6903 5
6904 2
6905 2
6906 2
6907 5
6908 5
6909 1
6910 0
6911 2
6912 2
6913 2
6914 2
6915 2
6916 2
6917 1
6918 2
6919 2
6920 2
6921 2
6922 2
6923 0
6924 1
6925 2
6926 5
6927 0
6928 0
6929 0
6930 0
6931 1
6932 2
6933 2
6934 2
6935 2
6936 2
6937 2
6938 5
6939 2
6940 2
6941 2
6942 0
6943 2
6944 2
6945 5
6946 5
6947 1
6948 0
6949 0
6950 0
6951 0
6952 0
6953 0
6954 5
6955 3
6956 0
6957 0
6958 5
6959 5
6960 5
6961 1
6962 1
6963 0
6964 5
6965 5
6966 5
6967 1
6968 1
6969 1
6970 5
6971 5
6972 5
6973 5
6974 5
6975 5
6976 3
6977 5
6978 2
6979 2
6980 5
6981 5
6982 0
6983 3
6984 1
6985 1
6986 2
6987 0
6988 0
6989 2
6990 2
6991 5
6992 5
6993 5
6994 5
6995 5
6996 3
6997 5
6998 5
6999 5
7000 5
7001 5
7002 5
7003 2
7004 2
7005 1
7006 15
7007 3
7008 3
7009 3
7010 0
7011 0
7012 5
7013 5
7014 5
7015 5
7016 5
7017 5
7018 5
7019 17
7020 5
7021 5
7022 5
7023 3
7024 0
7025 16
7026 16
7027 16
7028 16
7029 16
7030 16
7031 3
7032 0
7033 0
7034 3
7035 3
7036 0
7037 2
7038 2
7039 5
7040 5
7041 5
7042 5
7043 2
7044 0
7045 3
7046 3
7047 3
7048 3
7049 3
7050 3
7051 3
7052 3
7053 3
7054 3
7055 3
7056 3
7057 5
7058 5
7059 5
7060 17
7061 17
7062 17
7063 17
7064 17
7065 17
7066 17
7067 2
7068 5
7069 2
7070 0
7071 0
7072 3
7073 0
7074 1
7075 0
7076 0
7077 2
7078 5
7079 2
7080 0
7081 2
7082 1
7083 1
7084 1
7085 5
7086 5
7087 5
7088 5
7089 5
7090 5
7091 5
7092 5
7093 5
7094 5
7095 0
7096 0
7097 1
7098 1
7099 1
7100 5
7101 5
7102 6
7103 6
7104 3
7105 0
7106 0
7107 0
7108 0
7109 3
7110 1
7111 5
7112 0
7113 0
7114 5
7115 5
7116 0
7117 2
7118 2
7119 2
7120 5
7121 5
7122 5
7123 5
7124 5
7125 5
7126 1
7127 3
7128 3
7129 18
7130 18
7131 18
7132 18
7133 18
7134 18
0 1
1 2
2 4
3 3
4 0
5 0
6 0
7 1
8 2
9 1
10 2
11 0
12 0
13 2
14 0
15 5
16 0
17 0
18 0
0 0
1 1
2 2
3 3
4 4
5 5
1e-06 0.130449 57
