0 0
1 1
2 2
3 0
4 0
5 0
6 0
7 0
8 0
9 4
10 0
11 0
12 0
13 0
14 0
15 0
16 0
17 0
18 0
19 0
20 0
21 0
22 5
23 0
24 0
25 0
26 0
27 0
28 0
29 2
30 2
31 0
32 0
33 0
34 0
35 4
36 0
37 0
38 4
39 1
40 0
41 0
42 0
43 0
44 0
45 0
46 4
47 2
48 0
49 0
50 0
51 0
52 0
53 0
54 0
55 2
56 0
57 2
58 0
59 0
60 0
61 0
62 0
63 0
64 0
65 0
66 0
67 0
68 0
69 4
70 0
71 0
72 0
73 0
74 0
75 0
76 0
77 4
78 2
79 0
80 0
81 0
82 0
83 0
84 0
85 0
86 0
87 0
88 0
89 0
90 0
91 0
92 0
93 0
94 1
95 1
96 1
97 5
98 2
99 5
100 5
101 1
102 1
103 0
104 0
105 1
106 1
107 2
108 2
109 1
110 5
111 5
112 1
113 2
114 2
115 1
116 1
117 2
118 5
119 5
120 2
121 5
122 5
123 1
124 1
125 1
126 2
127 1
128 5
129 0
130 5
131 0
132 0
133 5
134 0
135 5
136 0
137 0
138 0
139 0
140 0
141 0
142 0
143 0
144 5
145 0
146 0
147 0
148 0
149 0
150 0
151 0
152 0
153 0
154 0
155 4
156 0
157 0
158 5
159 0
160 5
161 5
162 0
163 0
164 4
165 5
166 2
167 5
168 4
169 5
170 5
171 0
172 0
173 0
174 0
175 5
176 0
177 5
178 0
179 2
180 0
181 0
182 2
183 4
184 0
185 0
186 1
187 1
188 4
189 1
190 0
191 0
192 2
193 0
194 2
195 2
196 0
197 1
198 2
199 4
200 1
201 0
202 5
203 5
204 0
205 2
206 2
207 0
208 2
209 0
210 2
211 1
212 5
213 0
214 0
215 5
216 1
217 2
218 0
219 0
220 0
221 0
222 1
223 0
224 0
225 0
226 5
227 4
228 0
229 2
230 1
231 5
232 0
233 2
234 5
235 1
236 2
237 5
238 1
239 0
240 1
241 0
242 4
243 1
244 5
245 1
246 0
247 2
248 5
249 1
250 2
251 0
252 0
253 0
254 5
255 2
256 1
257 5
258 1
259 4
260 1
261 5
262 5
263 2
264 2
265 2
266 1
267 0
268 1
269 0
270 2
271 5
272 0
273 5
274 2
275 2
276 4
277 2
278 2
279 1
280 5
281 5
282 1
283 0
284 1
285 2
286 2
287 1
288 4
289 4
290 0
291 1
292 5
293 0
294 5
295 0
296 2
297 0
298 0
299 1
300 5
301 0
302 0
303 0
304 0
305 2
306 2
307 2
308 0
309 5
310 1
311 2
312 2
313 5
314 2
315 0
316 2
317 0
318 1
319 1
320 1
321 1
322 1
323 2
324 2
325 0
326 1
327 1
328 4
329 2
330 5
331 1
332 0
333 0
334 2
335 1
336 1
337 2
338 1
339 2
340 1
341 2
342 5
343 1
344 0
345 2
346 1
347 2
348 5
349 1
350 0
351 0
352 2
353 2
354 0
355 1
356 0
357 5
358 2
359 2
360 1
361 5
362 2
363 1
364 1
365 2
366 2
367 2
368 2
369 2
370 0
371 5
372 4
373 5
374 2
375 4
376 1
377 0
378 5
379 5
380 0
381 5
382 0
383 5
384 4
385 5
386 2
387 5
388 5
389 0
390 5
391 5
392 4
393 5
394 0
395 5
396 5
397 5
398 5
399 5
400 5
401 5
402 4
403 4
404 5
405 1
406 5
407 5
408 0
409 5
410 0
411 2
412 5
413 2
414 1
415 5
416 5
417 5
418 5
419 4
420 2
421 2
422 1
423 5
424 5
425 5
426 4
427 1
428 0
429 4
430 2
431 1
432 5
433 1
434 5
435 4
436 5
437 0
438 5
439 5
440 1
441 2
442 4
443 5
444 5
445 5
446 5
447 5
448 5
449 2
450 5
451 0
452 4
453 4
454 5
455 5
456 2
457 4
458 5
459 5
460 5
461 0
462 5
463 5
464 1
465 5
466 4
467 5
468 5
469 4
470 5
471 1
472 0
473 0
474 5
475 4
476 1
477 1
478 0
479 5
480 2
481 4
482 4
483 4
484 1
485 4
486 0
487 5
488 1
489 4
490 5
491 0
492 1
493 5
494 5
495 5
496 1
497 5
498 5
499 0
500 2
501 5
502 5
503 1
504 1
505 0
506 5
507 1
508 0
509 0
510 0
511 0
512 5
513 0
514 5
515 0
516 0
517 2
518 0
519 2
520 1
521 1
522 1
523 1
524 1
525 1
526 1
527 1
528 1
529 0
530 2
531 4
532 2
533 1
534 1
535 1
536 1
537 1
538 1
539 2
540 1
541 1
542 1
543 1
544 5
545 1
546 1
547 1
548 1
549 1
550 2
551 1
552 2
553 1
554 1
555 2
556 8
557 1
558 1
559 1
560 1
561 1
562 1
563 1
564 1
565 1
566 1
567 1
568 1
569 1
570 1
571 1
572 1
573 1
574 1
575 1
576 1
577 1
578 1
579 5
580 1
581 1
582 1
583 7
584 2
585 1
586 2
587 2
588 1
589 1
590 1
591 1
592 1
593 1
594 1
595 1
596 1
597 1
598 1
599 1
600 0
601 1
602 1
603 1
604 1
605 1
606 1
607 1
608 0
609 2
610 1
611 1
612 1
613 1
614 1
615 2
616 1
617 1
618 1
619 1
620 1
621 1
622 1
623 1
624 1
625 4
626 1
627 2
628 1
629 1
630 1
631 1
632 1
633 1
634 2
635 1
636 1
637 2
638 1
639 1
640 5
641 1
642 1
643 1
644 1
645 1
646 5
647 1
648 5
649 2
650 2
651 2
652 1
653 1
654 1
655 1
656 5
657 1
658 1
659 1
660 5
661 1
662 2
663 1
664 2
665 0
666 4
667 0
668 0
669 0
670 0
671 2
672 0
673 0
674 0
675 0
676 0
677 0
678 0
679 0
680 0
681 0
682 0
683 0
684 0
685 0
686 0
687 0
688 0
689 0
690 0
691 0
692 0
693 0
694 0
695 0
696 0
697 5
698 0
699 4
700 0
701 0
702 5
703 0
704 0
705 0
706 0
707 0
708 0
709 0
710 0
711 0
712 0
713 2
714 0
715 0
716 0
717 0
718 1
719 0
720 0
721 4
722 0
723 0
724 0
725 1
726 0
727 0
728 0
729 0
730 0
731 0
732 2
733 0
734 0
735 4
736 0
737 0
738 5
739 0
740 0
741 0
742 0
743 0
744 5
745 0
746 0
747 0
748 2
749 0
750 0
751 0
752 0
753 0
754 0
755 0
756 0
757 0
758 0
759 0
760 0
761 0
762 0
763 0
764 0
765 0
766 0
767 0
768 0
769 0
770 0
771 0
772 0
773 0
774 0
775 4
776 0
777 0
778 0
779 0
780 0
781 0
782 0
783 0
784 2
785 4
786 0
787 0
788 0
789 0
790 0
791 0
792 0
793 0
794 0
795 0
796 0
797 0
798 0
799 0
800 0
801 0
802 0
803 0
804 0
805 0
806 0
807 0
808 0
809 0
810 2
811 4
812 0
813 0
814 2
815 0
816 0
817 0
818 0
819 0
820 0
821 0
822 0
823 2
824 0
825 0
826 2
827 2
828 0
829 0
830 0
831 0
832 0
833 0
834 2
835 0
836 0
837 0
838 0
839 0
840 0
841 0
842 0
843 0
844 0
845 0
846 0
847 0
848 0
849 4
850 0
851 0
852 0
853 0
854 0
855 0
856 0
857 0
858 0
859 0
860 0
861 0
862 0
863 0
864 0
865 2
866 0
867 0
868 0
869 0
870 0
871 0
872 1
873 2
874 2
875 2
876 2
877 2
878 2
879 2
880 2
881 2
882 2
883 2
884 2
885 2
886 2
887 2
888 2
889 2
890 2
891 2
892 2
893 2
894 2
895 2
896 2
897 0
898 0
899 0
900 0
901 0
902 0
903 0
904 0
905 0
906 0
907 0
908 0
909 0
910 0
911 0
912 0
913 0
914 0
915 0
916 0
917 0
918 0
919 0
920 0
921 5
922 0
923 0
924 0
925 0
926 0
927 0
928 2
929 0
930 0
931 0
932 4
933 0
934 0
935 0
936 0
937 0
938 0
939 0
940 0
941 0
942 0
943 5
944 0
945 0
946 0
947 0
948 0
949 0
950 0
951 0
952 0
953 0
954 0
955 2
956 0
957 0
958 0
959 0
960 0
961 0
962 0
963 0
964 0
965 0
966 0
967 0
968 0
969 0
970 4
971 0
972 0
973 4
974 0
975 0
976 0
977 0
978 0
979 4
980 0
981 0
982 0
983 0
984 0
985 4
986 0
987 0
988 2
989 0
990 0
991 0
992 0
993 2
994 0
995 0
996 0
997 0
998 4
999 5
1000 0
1001 0
1002 0
1003 0
1004 0
1005 0
1006 0
1007 0
1008 0
1009 0
1010 0
1011 0
1012 0
1013 0
1014 4
1015 0
1016 2
1017 0
1018 0
1019 2
1020 0
1021 0
1022 0
1023 0
1024 0
1025 0
1026 1
1027 0
1028 0
1029 4
1030 0
1031 0
1032 0
1033 2
1034 0
1035 0
1036 0
1037 2
1038 2
1039 2
1040 2
1041 2
1042 2
1043 0
1044 2
1045 0
1046 2
1047 0
1048 2
1049 0
1050 0
1051 0
1052 4
1053 0
1054 1
1055 0
1056 0
1057 0
1058 0
1059 0
1060 0
1061 2
1062 0
1063 0
1064 2
1065 0
1066 0
1067 0
1068 2
1069 2
1070 0
1071 0
1072 0
1073 0
1074 0
1075 0
1076 2
1077 0
1078 0
1079 0
1080 0
1081 4
1082 0
1083 0
1084 0
1085 0
1086 2
1087 2
1088 0
1089 0
1090 2
1091 0
1092 4
1093 0
1094 0
1095 2
1096 0
1097 0
1098 0
1099 0
1100 0
1101 0
1102 0
1103 0
1104 0
1105 2
1106 2
1107 1
1108 0
1109 1
1110 0
1111 4
1112 0
1113 0
1114 0
1115 0
1116 0
1117 0
1118 0
1119 0
1120 2
1121 0
1122 0
1123 0
1124 0
1125 4
1126 0
1127 0
1128 0
1129 0
1130 0
1131 0
1132 0
1133 0
1134 0
1135 0
1136 0
1137 1
1138 0
1139 0
1140 0
1141 0
1142 0
1143 0
1144 0
1145 0
1146 0
1147 0
1148 1
1149 0
1150 0
1151 4
1152 4
1153 0
1154 2
1155 5
1156 0
1157 0
1158 5
1159 0
1160 0
1161 0
1162 0
1163 0
1164 0
1165 4
1166 4
1167 0
1168 0
1169 2
1170 0
1171 4
1172 2
1173 2
1174 0
1175 0
1176 0
1177 2
1178 4
1179 0
1180 4
1181 0
1182 0
1183 0
1184 1
1185 0
1186 0
1187 1
1188 0
1189 0
1190 1
1191 0
1192 0
1193 0
1194 0
1195 2
1196 1
1197 2
1198 2
1199 2
1200 2
1201 2
1202 5
1203 1
1204 2
1205 5
1206 0
1207 2
1208 1
1209 4
1210 0
1211 1
1212 4
1213 1
1214 4
1215 5
1216 4
1217 4
1218 5
1219 5
1220 4
1221 5
1222 5
1223 5
1224 5
1225 1
1226 2
1227 2
1228 5
1229 1
1230 5
1231 2
1232 1
1233 1
1234 2
1235 1
1236 1
1237 2
1238 2
1239 2
1240 5
1241 2
1242 2
1243 4
1244 2
1245 4
1246 5
1247 0
1248 2
1249 5
1250 4
1251 1
1252 4
1253 2
1254 5
1255 1
1256 1
1257 2
1258 5
1259 2
1260 5
1261 2
1262 2
1263 1
1264 4
1265 5
1266 1
1267 2
1268 5
1269 5
1270 4
1271 5
1272 5
1273 5
1274 2
1275 5
1276 5
1277 2
1278 4
1279 4
1280 2
1281 0
1282 0
1283 5
1284 4
1285 5
1286 5
1287 5
1288 4
1289 1
1290 1
1291 4
1292 2
1293 2
1294 4
1295 5
1296 5
1297 5
1298 5
1299 5
1300 4
1301 1
1302 1
1303 5
1304 5
1305 2
1306 1
1307 1
1308 0
1309 2
1310 2
1311 5
1312 2
1313 5
1314 1
1315 5
1316 0
1317 5
1318 5
1319 5
1320 4
1321 5
1322 5
1323 5
1324 1
1325 4
1326 1
1327 4
1328 5
1329 4
1330 5
1331 0
1332 0
1333 5
1334 5
1335 4
1336 5
1337 5
1338 1
1339 5
1340 4
1341 4
1342 0
1343 5
1344 4
1345 5
1346 2
1347 5
1348 1
1349 1
1350 5
1351 1
1352 1
1353 1
1354 5
1355 5
1356 4
1357 5
1358 0
1359 2
1360 4
1361 2
1362 2
1363 5
1364 2
1365 0
1366 4
1367 2
1368 0
1369 2
1370 4
1371 1
1372 4
1373 5
1374 2
1375 5
1376 0
1377 0
1378 4
1379 1
1380 0
1381 5
1382 5
1383 5
1384 4
1385 1
1386 2
1387 0
1388 0
1389 4
1390 1
1391 1
1392 4
1393 0
1394 1
1395 5
1396 1
1397 4
1398 2
1399 5
1400 1
1401 2
1402 1
1403 1
1404 5
1405 4
1406 5
1407 5
1408 5
1409 1
1410 1
1411 1
1412 2
1413 0
1414 1
1415 1
1416 4
1417 5
1418 1
1419 5
1420 5
1421 5
1422 5
1423 5
1424 5
1425 4
1426 1
1427 2
1428 1
1429 5
1430 2
1431 5
1432 4
1433 5
1434 2
1435 1
1436 0
1437 5
1438 5
1439 4
1440 0
1441 4
1442 1
1443 2
1444 2
1445 5
1446 1
1447 5
1448 5
1449 4
1450 4
1451 5
1452 1
1453 2
1454 5
1455 2
1456 2
1457 2
1458 1
1459 5
1460 5
1461 5
1462 1
1463 4
1464 2
1465 5
1466 2
1467 4
1468 5
1469 4
1470 4
1471 5
1472 5
1473 1
1474 2
1475 2
1476 2
1477 1
1478 4
1479 5
1480 5
1481 2
1482 5
1483 2
1484 1
1485 2
1486 0
1487 5
1488 2
1489 1
1490 0
1491 1
1492 4
1493 2
1494 5
1495 2
1496 0
1497 0
1498 4
1499 1
1500 4
1501 2
1502 1
1503 2
1504 5
1505 5
1506 5
1507 4
1508 2
1509 1
1510 5
1511 5
1512 5
1513 5
1514 4
1515 5
1516 4
1517 5
1518 1
1519 2
1520 5
1521 2
1522 4
1523 1
1524 2
1525 4
1526 4
1527 5
1528 5
1529 1
1530 4
1531 0
1532 5
1533 0
1534 5
1535 5
1536 5
1537 1
1538 5
1539 5
1540 2
1541 2
1542 4
1543 2
1544 2
1545 5
1546 2
1547 5
1548 0
1549 5
1550 2
1551 5
1552 2
1553 1
1554 2
1555 0
1556 2
1557 1
1558 1
1559 1
1560 1
1561 5
1562 1
1563 5
1564 2
1565 2
1566 0
1567 1
1568 1
1569 2
1570 2
1571 2
1572 2
1573 1
1574 5
1575 1
1576 5
1577 4
1578 5
1579 2
1580 2
1581 1
1582 5
1583 2
1584 1
1585 1
1586 2
1587 5
1588 1
1589 5
1590 4
1591 4
1592 4
1593 2
1594 0
1595 4
1596 5
1597 4
1598 4
1599 4
1600 2
1601 5
1602 4
1603 2
1604 2
1605 4
1606 2
1607 2
1608 2
1609 2
1610 2
1611 2
1612 2
1613 2
1614 2
1615 2
1616 2
1617 2
1618 4
1619 4
1620 4
1621 5
1622 4
1623 5
1624 5
1625 0
1626 4
1627 1
1628 2
1629 4
1630 1
1631 0
1632 1
1633 4
1634 1
1635 4
1636 5
1637 1
1638 2
1639 4
1640 0
1641 5
1642 4
1643 5
1644 5
1645 2
1646 4
1647 5
1648 5
1649 5
1650 1
1651 5
1652 0
1653 5
1654 5
1655 5
1656 4
1657 4
1658 0
1659 5
1660 2
1661 1
1662 1
1663 2
1664 2
1665 5
1666 5
1667 5
1668 5
1669 4
1670 2
1671 5
1672 1
1673 5
1674 1
1675 4
1676 5
1677 5
1678 4
1679 0
1680 2
1681 5
1682 1
1683 2
1684 4
1685 2
1686 0
1687 5
1688 2
1689 1
1690 0
1691 2
1692 0
1693 5
1694 5
1695 5
1696 4
1697 0
1698 2
1699 1
1700 2
1701 4
1702 2
1703 4
1704 2
1705 5
1706 4
1707 4
1708 5
1709 1
1710 2
1711 5
1712 4
1713 1
1714 2
1715 4
1716 0
1717 5
1718 1
1719 1
1720 1
1721 1
1722 1
1723 1
1724 1
1725 2
1726 5
1727 2
1728 4
1729 2
1730 2
1731 1
1732 1
1733 1
1734 5
1735 2
1736 1
1737 1
1738 2
1739 2
1740 1
1741 2
1742 5
1743 5
1744 1
1745 1
1746 2
1747 5
1748 4
1749 2
1750 2
1751 5
1752 2
1753 1
1754 4
1755 1
1756 1
1757 1
1758 2
1759 2
1760 0
1761 1
1762 2
1763 1
1764 5
1765 2
1766 1
1767 1
1768 5
1769 4
1770 1
1771 1
1772 4
1773 4
1774 1
1775 2
1776 1
1777 1
1778 1
1779 1
1780 5
1781 2
1782 1
1783 1
1784 1
1785 5
1786 1
1787 0
1788 1
1789 1
1790 1
1791 2
1792 2
1793 2
1794 1
1795 2
1796 5
1797 1
1798 2
1799 2
1800 1
1801 2
1802 2
1803 2
1804 2
1805 1
1806 1
1807 2
1808 5
1809 1
1810 1
1811 5
1812 2
1813 4
1814 5
1815 5
1816 1
1817 1
1818 1
1819 0
1820 2
1821 0
1822 2
1823 1
1824 0
1825 2
1826 2
1827 2
1828 2
1829 2
1830 1
1831 1
1832 4
1833 4
1834 1
1835 1
1836 1
1837 2
1838 2
1839 4
1840 2
1841 1
1842 1
1843 4
1844 2
1845 1
1846 1
1847 2
1848 1
1849 1
1850 2
1851 1
1852 2
1853 2
1854 1
1855 1
1856 4
1857 5
1858 5
1859 1
1860 1
1861 2
1862 0
1863 1
1864 2
1865 1
1866 0
1867 1
1868 2
1869 5
1870 1
1871 1
1872 2
1873 1
1874 1
1875 2
1876 1
1877 2
1878 1
1879 5
1880 2
1881 1
1882 5
1883 5
1884 4
1885 5
1886 5
1887 5
1888 5
1889 5
1890 5
1891 5
1892 4
1893 4
1894 5
1895 4
1896 5
1897 4
1898 5
1899 5
1900 4
1901 0
1902 5
1903 5
1904 4
1905 4
1906 5
1907 4
1908 5
1909 5
1910 2
1911 5
1912 5
1913 2
1914 4
1915 0
1916 5
1917 5
1918 0
1919 4
1920 4
1921 5
1922 5
1923 5
1924 5
1925 4
1926 5
1927 4
1928 4
1929 1
1930 5
1931 2
1932 5
1933 5
1934 4
1935 5
1936 1
1937 2
1938 1
1939 1
1940 5
1941 4
1942 1
1943 1
1944 4
1945 5
1946 4
1947 1
1948 5
1949 5
1950 4
1951 5
1952 4
1953 4
1954 5
1955 4
1956 5
1957 5
1958 4
1959 5
1960 5
1961 5
1962 5
1963 1
1964 4
1965 5
1966 5
1967 5
1968 5
1969 4
1970 5
1971 5
1972 5
1973 4
1974 5
1975 4
1976 5
1977 5
1978 5
1979 5
1980 5
1981 5
1982 4
1983 5
1984 5
1985 5
1986 1
1987 5
1988 2
1989 4
1990 1
1991 5
1992 5
1993 5
1994 4
1995 5
1996 5
1997 4
1998 5
1999 5
2000 2
2001 4
2002 5
2003 4
2004 5
2005 4
2006 1
2007 5
2008 1
2009 4
2010 4
2011 4
2012 5
2013 0
2014 5
2015 5
2016 4
2017 4
2018 5
2019 0
2020 1
2021 5
2022 5
2023 1
2024 5
2025 4
2026 5
2027 5
2028 4
2029 5
2030 4
2031 4
2032 2
2033 4
2034 2
2035 5
2036 4
2037 5
2038 4
2039 5
2040 4
2041 4
2042 5
2043 5
2044 2
2045 5
2046 5
2047 5
2048 5
2049 2
2050 4
2051 0
2052 0
2053 4
2054 4
2055 5
2056 5
2057 5
2058 5
2059 4
2060 4
2061 4
2062 0
2063 5
2064 0
2065 1
2066 1
2067 5
2068 4
2069 2
2070 5
2071 4
2072 4
2073 4
2074 4
2075 5
2076 5
2077 1
2078 2
2079 2
2080 5
2081 0
2082 4
2083 4
2084 5
2085 5
2086 4
2087 5
2088 5
2089 5
2090 1
2091 1
2092 2
2093 4
2094 0
2095 5
2096 5
2097 4
2098 5
2099 5
2100 5
2101 5
2102 5
2103 4
2104 5
2105 5
2106 5
2107 5
2108 5
2109 4
2110 4
2111 2
2112 5
2113 1
2114 2
2115 4
2116 0
2117 5
2118 5
2119 4
2120 5
2121 5
2122 4
2123 4
2124 5
2125 5
2126 4
2127 4
2128 4
2129 2
2130 5
2131 4
2132 5
2133 5
2134 1
2135 5
2136 0
2137 5
2138 2
2139 5
2140 4
2141 1
2142 5
2143 4
2144 0
2145 4
2146 4
2147 5
2148 5
2149 1
2150 1
2151 5
2152 5
2153 5
2154 1
2155 5
2156 5
2157 4
2158 5
2159 4
2160 0
2161 4
2162 5
2163 4
2164 5
2165 5
2166 4
2167 5
2168 5
2169 5
2170 5
2171 5
2172 5
2173 5
2174 4
2175 4
2176 2
2177 5
2178 4
2179 5
2180 5
2181 4
2182 5
2183 5
2184 4
2185 4
2186 4
2187 5
2188 5
2189 4
2190 5
2191 4
2192 5
2193 1
2194 5
2195 5
2196 5
2197 0
2198 2
2199 0
2200 1
2201 5
2202 5
2203 4
2204 5
2205 4
2206 1
2207 5
2208 5
2209 4
2210 5
2211 5
2212 4
2213 4
2214 0
2215 5
2216 5
2217 4
2218 5
2219 5
2220 1
2221 4
2222 5
2223 5
2224 5
2225 5
2226 4
2227 5
2228 5
2229 4
2230 4
2231 5
2232 5
2233 4
2234 5
2235 5
2236 5
2237 4
2238 2
2239 2
2240 5
2241 5
2242 4
2243 4
2244 4
2245 5
2246 5
2247 4
2248 4
2249 5
2250 5
2251 5
2252 5
2253 2
2254 1
2255 5
2256 4
2257 5
2258 2
2259 5
2260 5
2261 4
2262 5
2263 5
2264 4
2265 5
2266 5
2267 5
2268 5
2269 5
2270 1
2271 5
2272 5
2273 1
2274 5
2275 5
2276 4
2277 5
2278 5
2279 5
2280 0
2281 4
2282 5
2283 4
2284 1
2285 4
2286 4
2287 1
2288 4
2289 4
2290 5
2291 5
2292 5
2293 5
2294 1
2295 1
2296 5
2297 1
2298 4
2299 4
2300 5
2301 4
2302 1
2303 5
2304 2
2305 5
2306 1
2307 5
2308 5
2309 1
2310 5
2311 5
2312 4
2313 5
2314 5
2315 5
2316 5
2317 5
2318 5
2319 5
2320 5
2321 5
2322 1
2323 5
2324 4
2325 5
2326 4
2327 5
2328 0
2329 4
2330 4
2331 4
2332 4
2333 0
2334 5
2335 4
2336 1
2337 5
2338 2
2339 5
2340 5
2341 5
2342 5
2343 5
2344 2
2345 1
2346 5
2347 5
2348 4
2349 4
2350 1
2351 5
2352 0
2353 5
2354 1
2355 4
2356 5
2357 1
2358 4
2359 5
2360 4
2361 4
2362 1
2363 2
2364 4
2365 4
2366 5
2367 5
2368 5
2369 1
2370 4
2371 4
2372 5
2373 5
2374 4
2375 5
2376 5
2377 4
2378 4
2379 1
2380 5
2381 5
2382 5
2383 4
2384 4
2385 1
2386 5
2387 1
2388 5
2389 4
2390 5
2391 4
2392 5
2393 4
2394 4
2395 5
2396 4
2397 5
2398 5
2399 4
2400 5
2401 4
2402 5
2403 5
2404 4
2405 4
2406 5
2407 5
2408 5
2409 4
2410 5
2411 2
2412 5
2413 4
2414 5
2415 5
2416 5
2417 5
2418 1
2419 4
2420 5
2421 4
2422 5
2423 4
2424 5
2425 5
2426 5
2427 5
2428 1
2429 4
2430 2
2431 4
2432 5
2433 1
2434 5
2435 5
2436 4
2437 0
2438 5
2439 5
2440 4
2441 5
2442 5
2443 5
2444 2
2445 5
2446 4
2447 5
2448 5
2449 1
2450 5
2451 5
2452 5
2453 5
2454 4
2455 1
2456 5
2457 2
2458 5
2459 4
2460 1
2461 2
2462 4
2463 5
2464 4
2465 1
2466 5
2467 5
2468 4
2469 4
2470 4
2471 5
2472 5
2473 5
2474 2
2475 4
2476 5
2477 4
2478 1
2479 5
2480 4
2481 4
2482 2
2483 1
2484 5
2485 5
2486 5
2487 5
2488 5
2489 5
2490 1
2491 5
2492 5
2493 4
2494 4
2495 4
2496 4
2497 5
2498 4
2499 5
2500 5
2501 5
2502 5
2503 5
2504 4
2505 5
2506 5
2507 5
2508 5
2509 5
2510 2
2511 5
2512 1
2513 4
2514 5
2515 5
2516 5
2517 1
2518 5
2519 5
2520 5
2521 5
2522 5
2523 0
2524 4
2525 5
2526 1
2527 0
2528 1
2529 5
2530 5
2531 5
2532 4
2533 5
2534 5
2535 5
2536 4
2537 4
2538 5
2539 5
2540 4
2541 5
2542 5
2543 4
2544 5
2545 5
2546 5
2547 5
2548 1
2549 4
2550 5
2551 5
2552 4
2553 2
2554 1
2555 4
2556 1
2557 2
2558 5
2559 2
2560 5
2561 5
2562 4
2563 5
2564 5
2565 5
2566 5
2567 5
2568 4
2569 5
2570 5
2571 5
2572 5
2573 5
2574 5
2575 5
2576 4
2577 5
2578 5
2579 5
2580 5
2581 0
2582 4
2583 1
2584 4
2585 5
2586 0
2587 5
2588 2
2589 0
2590 4
2591 4
2592 5
2593 4
2594 4
2595 5
2596 4
2597 5
2598 2
2599 4
2600 4
2601 5
2602 5
2603 5
2604 5
2605 5
2606 1
2607 5
2608 4
2609 4
2610 2
2611 4
2612 5
2613 5
2614 5
2615 5
2616 5
2617 5
2618 4
2619 4
2620 4
2621 5
2622 4
2623 4
2624 4
2625 4
2626 2
2627 4
2628 5
2629 1
2630 5
2631 5
2632 4
2633 2
2634 5
2635 5
2636 5
2637 4
2638 5
2639 2
2640 5
2641 4
2642 5
2643 4
2644 5
2645 5
2646 5
2647 1
2648 5
2649 5
2650 1
2651 5
2652 2
2653 1
2654 2
2655 2
2656 1
2657 1
2658 0
2659 1
2660 0
2661 2
2662 0
2663 1
2664 4
2665 2
2666 1
2667 1
2668 2
2669 2
2670 2
2671 2
2672 2
2673 2
2674 4
2675 2
2676 2
2677 5
2678 2
2679 2
2680 0
2681 5
2682 2
2683 5
2684 2
2685 2
2686 5
2687 2
2688 2
2689 2
2690 2
2691 2
2692 1
2693 2
2694 5
2695 1
2696 1
2697 0
2698 2
2699 1
2700 2
2701 1
2702 2
2703 5
2704 2
2705 2
2706 2
2707 0
2708 0
2709 2
2710 2
2711 2
2712 2
2713 2
2714 2
2715 2
2716 1
2717 2
2718 0
2719 2
2720 2
2721 2
2722 5
2723 1
2724 5
2725 2
2726 2
2727 2
2728 2
2729 2
2730 2
2731 2
2732 2
2733 2
2734 2
2735 2
2736 5
2737 2
2738 2
2739 1
2740 2
2741 2
2742 1
2743 2
2744 1
2745 2
2746 0
2747 2
2748 1
2749 2
2750 2
2751 2
2752 2
2753 2
2754 0
2755 1
2756 4
2757 2
2758 2
2759 2
2760 2
2761 2
2762 5
2763 0
2764 1
2765 2
2766 2
2767 2
2768 2
2769 2
2770 2
2771 5
2772 2
2773 2
2774 2
2775 2
2776 2
2777 2
2778 1
2779 2
2780 2
2781 2
2782 1
2783 2
2784 5
2785 0
2786 2
2787 2
2788 2
2789 5
2790 5
2791 1
2792 2
2793 2
2794 0
2795 1
2796 1
2797 1
2798 2
2799 0
2800 2
2801 5
2802 4
2803 2
2804 5
2805 1
2806 1
2807 1
2808 1
2809 5
2810 2
2811 5
2812 2
2813 2
2814 5
2815 5
2816 2
2817 5
2818 1
2819 2
2820 1
2821 5
2822 5
2823 2
2824 1
2825 1
2826 5
2827 2
2828 2
2829 5
2830 4
2831 2
2832 1
2833 5
2834 2
2835 5
2836 2
2837 5
2838 5
2839 1
2840 2
2841 5
2842 5
2843 2
2844 2
2845 2
2846 2
2847 2
2848 2
2849 0
2850 1
2851 2
2852 0
2853 0
2854 5
2855 5
2856 4
2857 2
2858 2
2859 5
2860 5
2861 2
2862 1
2863 1
2864 0
2865 1
2866 1
2867 2
2868 0
2869 5
2870 2
2871 1
2872 2
2873 2
2874 5
2875 2
2876 5
2877 5
2878 5
2879 2
2880 5
2881 0
2882 1
2883 5
2884 1
2885 5
2886 1
2887 5
2888 5
2889 5
2890 2
2891 5
2892 1
2893 5
2894 5
2895 1
2896 2
2897 0
2898 5
2899 5
2900 5
2901 2
2902 5
2903 1
2904 5
2905 5
2906 1
2907 2
2908 5
2909 2
2910 2
2911 5
2912 1
2913 5
2914 2
2915 1
2916 2
2917 2
2918 1
2919 0
2920 1
2921 2
2922 5
2923 5
2924 2
2925 1
2926 0
2927 1
2928 1
2929 2
2930 1
2931 2
2932 2
2933 2
2934 2
2935 5
2936 1
2937 2
2938 2
2939 2
2940 5
2941 2
2942 2
2943 2
2944 2
2945 5
2946 0
2947 5
2948 0
2949 0
2950 5
2951 5
2952 0
2953 1
2954 4
2955 2
2956 4
2957 2
2958 2
2959 4
2960 5
2961 5
2962 4
2963 2
2964 2
2965 4
2966 4
2967 5
2968 4
2969 5
2970 5
2971 4
2972 1
2973 4
2974 5
2975 2
2976 4
2977 2
2978 4
2979 2
2980 1
2981 4
2982 4
2983 5
2984 4
2985 4
2986 2
2987 2
2988 1
2989 1
2990 5
2991 0
2992 1
2993 5
2994 0
2995 2
2996 2
2997 2
2998 2
2999 2
3000 2
3001 2
3002 2
3003 2
3004 2
3005 1
3006 2
3007 2
3008 0
3009 5
3010 0
3011 2
3012 1
3013 1
3014 2
3015 5
3016 2
3017 0
3018 0
3019 5
3020 2
3021 0
3022 4
3023 2
3024 2
3025 4
3026 2
3027 2
3028 2
3029 2
3030 5
3031 0
3032 2
3033 2
3034 1
3035 2
3036 2
3037 2
3038 1
3039 1
3040 2
3041 2
3042 2
3043 0
3044 5
3045 5
3046 4
3047 2
3048 1
3049 1
3050 1
3051 1
3052 1
3053 5
3054 2
3055 2
3056 2
3057 2
3058 4
3059 2
3060 1
3061 2
3062 2
3063 5
3064 2
3065 5
3066 1
3067 4
3068 1
3069 1
3070 5
3071 1
3072 2
3073 5
3074 4
3075 2
3076 1
3077 1
3078 2
3079 0
3080 5
3081 2
3082 5
3083 1
3084 1
3085 5
3086 4
3087 2
3088 5
3089 1
3090 5
3091 2
3092 1
3093 5
3094 1
3095 2
3096 2
3097 5
3098 5
3099 5
3100 2
3101 5
3102 1
3103 2
3104 5
3105 5
3106 1
3107 1
3108 1
3109 5
3110 1
3111 1
3112 1
3113 2
3114 5
3115 5
3116 1
3117 0
3118 1
3119 2
3120 1
3121 2
3122 1
3123 1
3124 2
3125 1
3126 2
3127 1
3128 5
3129 1
3130 2
3131 1
3132 1
3133 5
3134 1
3135 1
3136 2
3137 2
3138 1
3139 0
3140 2
3141 4
3142 2
3143 1
3144 1
3145 1
3146 0
3147 5
3148 5
3149 1
3150 5
3151 4
3152 5
3153 2
3154 5
3155 2
3156 1
3157 1
3158 5
3159 5
3160 1
3161 1
3162 1
3163 1
3164 2
3165 1
3166 2
3167 1
3168 2
3169 2
3170 2
3171 2
3172 2
3173 4
3174 2
3175 2
3176 2
3177 2
3178 2
3179 2
3180 1
3181 5
3182 4
3183 2
3184 1
3185 1
3186 1
3187 5
3188 1
3189 1
3190 2
3191 4
3192 2
3193 1
3194 5
3195 2
3196 5
3197 2
3198 4
3199 2
3200 2
3201 5
3202 2
3203 5
3204 1
3205 5
3206 1
3207 2
3208 5
3209 5
3210 4
3211 1
3212 2
3213 1
3214 2
3215 2
3216 2
3217 2
3218 1
3219 2
3220 1
3221 1
3222 0
3223 2
3224 1
3225 2
3226 1
3227 1
3228 5
3229 5
3230 1
3231 5
3232 5
3233 1
3234 1
3235 4
3236 2
3237 5
3238 2
3239 5
3240 2
3241 5
3242 0
3243 1
3244 1
3245 1
3246 0
3247 5
3248 5
3249 1
3250 5
3251 5
3252 2
3253 1
3254 2
3255 1
3256 0
3257 0
3258 2
3259 2
3260 2
3261 2
3262 5
3263 1
3264 2
3265 2
3266 5
3267 5
3268 1
3269 5
3270 4
3271 5
3272 4
3273 5
3274 5
3275 0
3276 5
3277 2
3278 2
3279 5
3280 5
3281 5
3282 2
3283 1
3284 1
3285 2
3286 1
3287 5
3288 5
3289 5
3290 1
3291 2
3292 2
3293 1
3294 2
3295 2
3296 1
3297 4
3298 1
3299 2
3300 2
3301 2
3302 2
3303 2
3304 2
3305 2
3306 2
3307 1
3308 1
3309 2
3310 2
3311 1
3312 0
3313 2
3314 5
3315 1
3316 2
3317 1
3318 1
3319 1
3320 1
3321 2
3322 1
3323 5
3324 1
3325 1
3326 2
3327 0
3328 5
3329 0
3330 1
3331 5
3332 1
3333 2
3334 2
3335 2
3336 2
3337 2
3338 2
3339 2
3340 2
3341 1
3342 2
3343 2
3344 1
3345 5
3346 1
3347 2
3348 1
3349 5
3350 2
3351 1
3352 1
3353 2
3354 1
3355 2
3356 4
3357 5
3358 2
3359 5
3360 5
3361 1
3362 5
3363 5
3364 4
3365 1
3366 5
3367 1
3368 4
3369 1
3370 2
3371 1
3372 5
3373 1
3374 1
3375 5
3376 1
3377 1
3378 1
3379 1
3380 0
3381 1
3382 1
3383 2
3384 2
3385 5
3386 1
3387 5
3388 1
3389 0
3390 1
3391 0
3392 5
3393 5
3394 5
3395 5
3396 0
3397 5
3398 1
3399 5
3400 2
3401 2
3402 2
3403 4
3404 5
3405 2
3406 5
3407 5
3408 2
3409 5
3410 2
3411 1
3412 2
3413 2
3414 0
3415 5
3416 5
3417 2
3418 2
3419 1
3420 2
3421 2
3422 1
3423 1
3424 1
3425 1
3426 2
3427 1
3428 2
3429 2
3430 2
3431 2
3432 2
3433 1
3434 2
3435 0
3436 2
3437 2
3438 2
3439 2
3440 5
3441 1
3442 5
3443 1
3444 2
3445 2
3446 5
3447 1
3448 2
3449 5
3450 4
3451 1
3452 1
3453 2
3454 0
3455 5
3456 2
3457 5
3458 5
3459 1
3460 1
3461 2
3462 1
3463 5
3464 5
3465 5
3466 0
3467 5
3468 2
3469 5
3470 2
3471 2
3472 2
3473 1
3474 1
3475 5
3476 1
3477 5
3478 1
3479 1
3480 5
3481 2
3482 5
3483 2
3484 5
3485 4
3486 5
3487 1
3488 1
3489 2
3490 5
3491 5
3492 4
3493 2
3494 5
3495 5
3496 1
3497 1
3498 1
3499 1
3500 5
3501 5
3502 2
3503 4
3504 2
3505 2
3506 1
3507 5
3508 2
3509 1
3510 1
3511 2
3512 2
3513 1
3514 1
3515 1
3516 4
3517 2
3518 2
3519 2
3520 5
3521 5
3522 1
3523 0
3524 1
3525 0
3526 2
3527 4
3528 1
3529 1
3530 5
3531 1
3532 2
3533 5
3534 5
3535 2
3536 1
3537 1
3538 1
3539 5
3540 2
3541 5
3542 1
3543 0
3544 2
3545 2
3546 2
3547 2
3548 2
3549 2
3550 2
3551 2
3552 2
3553 2
3554 2
3555 2
3556 2
3557 2
3558 2
3559 2
3560 2
3561 2
3562 2
3563 2
3564 2
3565 2
3566 2
3567 2
3568 2
3569 2
3570 2
3571 2
3572 2
3573 2
3574 2
3575 2
3576 2
3577 2
3578 2
3579 2
3580 2
3581 2
3582 2
3583 2
3584 2
3585 2
3586 2
3587 2
3588 2
3589 2
3590 2
3591 2
3592 2
3593 2
3594 2
3595 2
3596 5
3597 2
3598 2
3599 5
3600 2
3601 5
3602 5
3603 5
3604 2
3605 0
3606 2
3607 1
3608 4
3609 1
3610 1
3611 1
3612 1
3613 2
3614 1
3615 5
3616 2
3617 1
3618 1
3619 1
3620 1
3621 1
3622 0
3623 0
3624 1
3625 1
3626 1
3627 1
3628 5
3629 1
3630 2
3631 1
3632 1
3633 5
3634 1
3635 5
3636 5
3637 1
3638 1
3639 2
3640 2
3641 1
3642 2
3643 1
3644 2
3645 5
3646 1
3647 5
3648 1
3649 1
3650 2
3651 1
3652 2
3653 5
3654 2
3655 2
3656 1
3657 2
3658 5
3659 2
3660 5
3661 1
3662 1
3663 5
3664 5
3665 5
3666 1
3667 2
3668 1
3669 5
3670 5
3671 1
3672 1
3673 1
3674 1
3675 1
3676 1
3677 1
3678 1
3679 1
3680 2
3681 1
3682 1
3683 2
3684 2
3685 1
3686 5
3687 2
3688 2
3689 0
3690 5
3691 5
3692 4
3693 2
3694 1
3695 2
3696 5
3697 5
3698 1
3699 2
3700 5
3701 2
3702 2
3703 2
3704 5
3705 1
3706 2
3707 5
3708 5
3709 5
3710 1
3711 5
3712 1
3713 5
3714 4
3715 1
3716 5
3717 2
3718 1
3719 4
3720 2
3721 2
3722 2
3723 2
3724 5
3725 4
3726 1
3727 0
3728 5
3729 2
3730 5
3731 1
3732 1
3733 1
3734 1
3735 5
3736 2
3737 0
3738 1
3739 2
3740 2
3741 2
3742 2
3743 5
3744 0
3745 1
3746 2
3747 0
3748 4
3749 1
3750 1
3751 2
3752 5
3753 2
3754 5
3755 1
3756 5
3757 2
3758 1
3759 1
3760 2
3761 2
3762 1
3763 4
3764 1
3765 1
3766 5
3767 5
3768 1
3769 1
3770 2
3771 1
3772 1
3773 5
3774 5
3775 2
3776 2
3777 2
3778 1
3779 2
3780 1
3781 1
3782 4
3783 2
3784 1
3785 1
3786 1
3787 2
3788 2
3789 0
3790 1
3791 2
3792 2
3793 2
3794 5
3795 5
3796 5
3797 5
3798 2
3799 2
3800 2
3801 5
3802 1
3803 5
3804 5
3805 5
3806 2
3807 2
3808 2
3809 2
3810 2
3811 2
3812 2
3813 2
3814 2
3815 2
3816 2
3817 2
3818 2
3819 5
3820 1
3821 2
3822 5
3823 5
3824 2
3825 2
3826 2
3827 2
3828 2
3829 2
3830 1
3831 2
3832 1
3833 1
3834 2
3835 2
3836 2
3837 5
3838 1
3839 5
3840 1
3841 2
3842 1
3843 4
3844 4
3845 2
3846 4
3847 2
3848 1
3849 1
3850 1
3851 1
3852 5
3853 1
3854 2
3855 1
3856 1
3857 5
3858 1
3859 5
3860 2
3861 4
3862 5
3863 1
3864 5
3865 0
3866 2
3867 2
3868 2
3869 2
3870 2
3871 2
3872 2
3873 1
3874 1
3875 2
3876 2
3877 4
3878 1
3879 5
3880 2
3881 5
3882 0
3883 0
3884 2
3885 1
3886 5
3887 1
3888 5
3889 5
3890 5
3891 5
3892 2
3893 5
3894 4
3895 5
3896 2
3897 5
3898 2
3899 2
3900 1
3901 1
3902 5
3903 5
3904 0
3905 0
3906 2
3907 4
3908 1
3909 5
3910 1
3911 1
3912 5
3913 5
3914 1
3915 5
3916 1
3917 2
3918 5
3919 2
3920 4
3921 1
3922 5
3923 5
3924 1
3925 1
3926 4
3927 1
3928 1
3929 1
3930 1
3931 1
3932 5
3933 5
3934 5
3935 2
3936 1
3937 1
3938 2
3939 2
3940 2
3941 4
3942 2
3943 1
3944 1
3945 2
3946 2
3947 5
3948 5
3949 5
3950 5
3951 1
3952 2
3953 1
3954 4
3955 1
3956 4
3957 5
3958 1
3959 2
3960 2
3961 2
3962 2
3963 5
3964 2
3965 1
3966 5
3967 0
3968 1
3969 5
3970 2
3971 2
3972 5
3973 2
3974 5
3975 2
3976 5
3977 5
3978 1
3979 5
3980 0
3981 1
3982 5
3983 5
3984 2
3985 4
3986 1
3987 1
3988 5
3989 1
3990 5
3991 2
3992 0
3993 1
3994 1
3995 5
3996 1
3997 2
3998 1
3999 1
4000 0
4001 5
4002 1
4003 2
4004 1
4005 0
4006 5
4007 1
4008 2
4009 2
4010 2
4011 1
4012 1
4013 5
4014 1
4015 1
4016 5
4017 2
4018 4
4019 2
4020 2
4021 2
4022 2
4023 2
4024 2
4025 2
4026 2
4027 5
4028 1
4029 5
4030 1
4031 5
4032 5
4033 2
4034 1
4035 1
4036 5
4037 1
4038 2
4039 5
4040 5
4041 4
4042 1
4043 5
4044 5
4045 5
4046 0
4047 2
4048 1
4049 2
4050 0
4051 5
4052 0
4053 1
4054 5
4055 1
4056 4
4057 2
4058 2
4059 5
4060 1
4061 2
4062 1
4063 1
4064 1
4065 4
4066 5
4067 2
4068 2
4069 1
4070 2
4071 5
4072 2
4073 0
4074 2
4075 5
4076 4
4077 1
4078 1
4079 1
4080 5
4081 2
4082 2
4083 2
4084 2
4085 2
4086 2
4087 2
4088 1
4089 1
4090 2
4091 2
4092 5
4093 2
4094 1
4095 1
4096 2
4097 1
4098 1
4099 5
4100 2
4101 1
4102 2
4103 2
4104 2
4105 2
4106 2
4107 0
4108 1
4109 1
4110 2
4111 1
4112 1
4113 2
4114 2
4115 2
4116 5
4117 1
4118 2
4119 2
4120 2
4121 0
4122 0
4123 1
4124 5
4125 1
4126 1
4127 0
4128 2
4129 0
4130 2
4131 2
4132 1
4133 5
4134 5
4135 2
4136 0
4137 0
4138 2
4139 5
4140 4
4141 2
4142 1
4143 2
4144 1
4145 1
4146 2
4147 2
4148 1
4149 2
4150 5
4151 2
4152 2
4153 1
4154 2
4155 1
4156 1
4157 1
4158 2
4159 2
4160 2
4161 0
4162 2
4163 2
4164 5
4165 1
4166 2
4167 2
4168 1
4169 1
4170 5
4171 1
4172 2
4173 1
4174 0
4175 1
4176 1
4177 1
4178 1
4179 1
4180 1
4181 1
4182 1
4183 1
4184 2
4185 1
4186 2
4187 2
4188 0
4189 0
4190 1
4191 2
4192 1
4193 1
4194 1
4195 2
4196 1
4197 1
4198 2
4199 2
4200 2
4201 0
4202 2
4203 1
4204 2
4205 2
4206 2
4207 2
4208 1
4209 2
4210 0
4211 0
4212 2
4213 0
4214 0
4215 0
4216 5
4217 10
4218 2
4219 2
4220 1
4221 2
4222 2
4223 2
4224 1
4225 0
4226 0
4227 0
4228 2
4229 1
4230 2
4231 1
4232 0
4233 1
4234 1
4235 2
4236 2
4237 0
4238 1
4239 2
4240 2
4241 5
4242 2
4243 5
4244 1
4245 1
4246 1
4247 1
4248 1
4249 4
4250 2
4251 1
4252 1
4253 2
4254 2
4255 1
4256 2
4257 1
4258 1
4259 2
4260 2
4261 0
4262 5
4263 0
4264 2
4265 1
4266 2
4267 5
4268 1
4269 2
4270 2
4271 2
4272 2
4273 0
4274 2
4275 0
4276 2
4277 2
4278 2
4279 2
4280 2
4281 2
4282 2
4283 2
4284 2
4285 2
4286 0
4287 1
4288 2
4289 2
4290 2
4291 2
4292 0
4293 2
4294 2
4295 2
4296 2
4297 2
4298 2
4299 2
4300 2
4301 1
4302 1
4303 2
4304 2
4305 2
4306 1
4307 1
4308 1
4309 1
4310 1
4311 1
4312 1
4313 1
4314 1
4315 1
4316 2
4317 1
4318 1
4319 2
4320 1
4321 1
4322 5
4323 2
4324 2
4325 2
4326 1
4327 1
4328 2
4329 2
4330 0
4331 2
4332 0
4333 2
4334 1
4335 1
4336 2
4337 0
4338 2
4339 1
4340 2
4341 2
4342 1
4343 2
4344 1
4345 1
4346 5
4347 1
4348 2
4349 2
4350 0
4351 5
4352 0
4353 1
4354 2
4355 2
4356 1
4357 2
4358 1
4359 2
4360 0
4361 2
4362 2
4363 2
4364 2
4365 2
4366 2
4367 1
4368 1
4369 1
4370 2
4371 2
4372 1
4373 1
4374 2
4375 1
4376 2
4377 1
4378 5
4379 2
4380 1
4381 5
4382 1
4383 2
4384 1
4385 1
4386 1
4387 1
4388 2
4389 5
4390 2
4391 1
4392 1
4393 1
4394 1
4395 2
4396 2
4397 2
4398 1
4399 1
4400 1
4401 2
4402 1
4403 1
4404 2
4405 1
4406 2
4407 1
4408 1
4409 1
4410 2
4411 2
4412 1
4413 1
4414 2
4415 2
4416 1
4417 0
4418 0
4419 2
4420 0
4421 2
4422 1
4423 4
4424 0
4425 2
4426 2
4427 2
4428 1
4429 4
4430 0
4431 2
4432 4
4433 2
4434 2
4435 2
4436 0
4437 1
4438 2
4439 1
4440 1
4441 2
4442 4
4443 1
4444 4
4445 1
4446 1
4447 4
4448 2
4449 4
4450 1
4451 1
4452 4
4453 2
4454 4
4455 4
4456 1
4457 1
4458 4
4459 1
4460 2
4461 1
4462 5
4463 1
4464 2
4465 5
4466 1
4467 5
4468 0
4469 1
4470 5
4471 0
4472 1
4473 1
4474 1
4475 1
4476 5
4477 2
4478 0
4479 5
4480 2
4481 1
4482 2
4483 0
4484 2
4485 1
4486 2
4487 2
4488 2
4489 1
4490 2
4491 1
4492 2
4493 2
4494 2
4495 2
4496 1
4497 1
4498 2
4499 2
4500 2
4501 1
4502 1
4503 2
4504 1
4505 1
4506 1
4507 1
4508 2
4509 1
4510 5
4511 1
4512 0
4513 1
4514 1
4515 1
4516 1
4517 1
4518 2
4519 2
4520 2
4521 2
4522 2
4523 2
4524 2
4525 2
4526 1
4527 2
4528 5
4529 2
4530 2
4531 1
4532 2
4533 2
4534 2
4535 2
4536 2
4537 1
4538 2
4539 2
4540 2
4541 2
4542 2
4543 2
4544 2
4545 2
4546 2
4547 2
4548 2
4549 2
4550 2
4551 2
4552 2
4553 2
4554 2
4555 1
4556 2
4557 2
4558 2
4559 2
4560 2
4561 2
4562 2
4563 2
4564 2
4565 2
4566 2
4567 2
4568 2
4569 2
4570 2
4571 2
4572 2
4573 2
4574 2
4575 2
4576 2
4577 2
4578 2
4579 2
4580 2
4581 2
4582 2
4583 2
4584 2
4585 2
4586 2
4587 0
4588 2
4589 2
4590 2
4591 2
4592 2
4593 2
4594 2
4595 2
4596 1
4597 2
4598 2
4599 2
4600 2
4601 2
4602 2
4603 2
4604 2
4605 2
4606 2
4607 1
4608 2
4609 2
4610 0
4611 5
4612 4
4613 0
4614 0
4615 0
4616 0
4617 0
4618 0
4619 0
4620 0
4621 1
4622 2
4623 2
4624 0
4625 2
4626 2
4627 1
4628 2
4629 2
4630 2
4631 2
4632 2
4633 2
4634 2
4635 2
4636 2
4637 2
4638 2
4639 2
4640 2
4641 2
4642 2
4643 0
4644 2
4645 1
4646 2
4647 2
4648 2
4649 2
4650 6
4651 6
4652 5
4653 6
4654 1
4655 6
4656 6
4657 1
4658 2
4659 6
4660 6
4661 1
4662 1
4663 2
4664 1
4665 2
4666 6
4667 6
4668 1
4669 5
4670 0
4671 2
4672 1
4673 0
4674 1
4675 1
4676 2
4677 1
4678 1
4679 1
4680 1
4681 0
4682 1
4683 1
4684 1
4685 1
4686 1
4687 1
4688 1
4689 1
4690 1
4691 1
4692 2
4693 0
4694 1
4695 1
4696 0
4697 2
4698 2
4699 1
4700 1
4701 1
4702 1
4703 1
4704 1
4705 1
4706 1
4707 1
4708 1
4709 1
4710 1
4711 1
4712 2
4713 1
4714 1
4715 1
4716 2
4717 2
4718 0
4719 1
4720 2
4721 2
4722 1
4723 1
4724 0
4725 1
4726 1
4727 1
4728 1
4729 2
4730 5
4731 1
4732 2
4733 2
4734 2
4735 2
4736 1
4737 2
4738 2
4739 2
4740 2
4741 1
4742 2
4743 5
4744 2
4745 2
4746 1
4747 1
4748 2
4749 1
4750 1
4751 1
4752 2
4753 2
4754 2
4755 2
4756 2
4757 1
4758 1
4759 5
4760 5
4761 1
4762 2
4763 2
4764 2
4765 2
4766 2
4767 2
4768 2
4769 2
4770 2
4771 2
4772 2
4773 2
4774 1
4775 2
4776 2
4777 2
4778 2
4779 2
4780 2
4781 1
4782 2
4783 2
4784 2
4785 2
4786 2
4787 2
4788 1
4789 2
4790 0
4791 2
4792 2
4793 2
4794 2
4795 0
4796 0
4797 2
4798 2
4799 0
4800 2
4801 2
4802 2
4803 1
4804 2
4805 0
4806 1
4807 1
4808 2
4809 0
4810 1
4811 0
4812 2
4813 2
4814 2
4815 1
4816 2
4817 2
4818 1
4819 2
4820 0
4821 1
4822 0
4823 5
4824 1
4825 1
4826 1
4827 2
4828 1
4829 2
4830 1
4831 2
4832 1
4833 4
4834 4
4835 2
4836 2
4837 1
4838 5
4839 2
4840 5
4841 1
4842 1
4843 5
4844 2
4845 1
4846 1
4847 2
4848 1
4849 2
4850 1
4851 1
4852 1
4853 5
4854 5
4855 1
4856 2
4857 2
4858 2
4859 1
4860 1
4861 2
4862 2
4863 1
4864 0
4865 1
4866 1
4867 2
4868 1
4869 2
4870 1
4871 1
4872 2
4873 1
4874 2
4875 2
4876 2
4877 2
4878 2
4879 2
4880 2
4881 2
4882 2
4883 1
4884 2
4885 1
4886 1
4887 1
4888 1
4889 2
4890 1
4891 1
4892 1
4893 1
4894 1
4895 1
4896 2
4897 2
4898 2
4899 2
4900 2
4901 0
4902 2
4903 2
4904 2
4905 2
4906 2
4907 2
4908 2
4909 2
4910 1
4911 0
4912 1
4913 1
4914 1
4915 2
4916 0
4917 1
4918 1
4919 4
4920 1
4921 1
4922 5
4923 1
4924 2
4925 2
4926 2
4927 2
4928 1
4929 2
4930 1
4931 1
4932 1
4933 1
4934 1
4935 2
4936 1
4937 2
4938 2
4939 1
4940 1
4941 1
4942 1
4943 2
4944 1
4945 2
4946 1
4947 2
4948 1
4949 1
4950 1
4951 1
4952 1
4953 1
4954 5
4955 1
4956 2
4957 1
4958 1
4959 1
4960 1
4961 1
4962 1
4963 1
4964 1
4965 1
4966 1
4967 1
4968 1
4969 1
4970 1
4971 1
4972 1
4973 1
4974 2
4975 1
4976 1
4977 1
4978 1
4979 1
4980 1
4981 1
4982 1
4983 1
4984 2
4985 1
4986 1
4987 1
4988 1
4989 1
4990 1
4991 1
4992 1
4993 1
4994 2
4995 1
4996 1
4997 1
4998 1
4999 2
5000 1
5001 1
5002 1
5003 1
5004 1
5005 1
5006 0
5007 1
5008 1
5009 1
5010 5
5011 1
5012 1
5013 1
5014 2
5015 1
5016 1
5017 5
5018 1
5019 1
5020 1
5021 1
5022 1
5023 1
5024 1
5025 2
5026 2
5027 1
5028 1
5029 1
5030 2
5031 1
5032 2
5033 1
5034 1
5035 1
5036 1
5037 2
5038 1
5039 1
5040 1
5041 1
5042 1
5043 5
5044 2
5045 1
5046 1
5047 2
5048 1
5049 0
5050 1
5051 1
5052 2
5053 1
5054 1
5055 1
5056 1
5057 1
5058 1
5059 1
5060 1
5061 1
5062 1
5063 1
5064 1
5065 1
5066 1
5067 2
5068 1
5069 1
5070 1
5071 1
5072 1
5073 1
5074 2
5075 1
5076 1
5077 1
5078 1
5079 1
5080 2
5081 1
5082 1
5083 1
5084 1
5085 2
5086 1
5087 1
5088 1
5089 1
5090 1
5091 1
5092 1
5093 1
5094 1
5095 1
5096 1
5097 1
5098 1
5099 1
5100 1
5101 1
5102 1
5103 2
5104 2
5105 1
5106 1
5107 1
5108 1
5109 1
5110 1
5111 1
5112 1
5113 1
5114 1
5115 1
5116 1
5117 1
5118 0
5119 2
5120 1
5121 1
5122 2
5123 2
5124 1
5125 1
5126 1
5127 1
5128 2
5129 2
5130 1
5131 2
5132 1
5133 1
5134 5
5135 1
5136 2
5137 2
5138 1
5139 1
5140 2
5141 1
5142 1
5143 1
5144 1
5145 1
5146 1
5147 1
5148 1
5149 1
5150 1
5151 2
5152 1
5153 2
5154 2
5155 2
5156 1
5157 2
5158 2
5159 1
5160 2
5161 2
5162 2
5163 1
5164 2
5165 1
5166 2
5167 1
5168 1
5169 1
5170 1
5171 1
5172 1
5173 1
5174 1
5175 1
5176 1
5177 1
5178 1
5179 1
5180 2
5181 1
5182 1
5183 1
5184 1
5185 1
5186 1
5187 1
5188 1
5189 1
5190 1
5191 0
5192 1
5193 1
5194 1
5195 0
5196 1
5197 2
5198 1
5199 1
5200 1
5201 1
5202 1
5203 1
5204 1
5205 1
5206 2
5207 1
5208 1
5209 1
5210 1
5211 5
5212 1
5213 1
5214 1
5215 1
5216 2
5217 1
5218 2
5219 2
5220 0
5221 1
5222 2
5223 1
5224 1
5225 2
5226 1
5227 1
5228 1
5229 2
5230 2
5231 2
5232 1
5233 2
5234 2
5235 2
5236 5
5237 2
5238 5
5239 1
5240 2
5241 0
5242 2
5243 2
5244 2
5245 1
5246 2
5247 2
5248 2
5249 1
5250 2
5251 2
5252 0
5253 0
5254 0
5255 1
5256 1
5257 1
5258 1
5259 1
5260 1
5261 2
5262 1
5263 0
5264 2
5265 1
5266 2
5267 2
5268 2
5269 2
5270 1
5271 1
5272 2
5273 2
5274 1
5275 2
5276 2
5277 5
5278 5
5279 2
5280 3
5281 2
5282 1
5283 5
5284 2
5285 1
5286 1
5287 2
5288 2
5289 2
5290 2
5291 2
5292 2
5293 2
5294 2
5295 2
5296 2
5297 2
5298 1
5299 1
5300 1
5301 2
5302 2
5303 0
5304 1
5305 1
5306 2
5307 1
5308 2
5309 1
5310 2
5311 1
5312 5
5313 0
5314 2
5315 1
5316 2
5317 2
5318 2
5319 0
5320 1
5321 1
5322 2
5323 1
5324 1
5325 1
5326 2
5327 2
5328 2
5329 1
5330 2
5331 0
5332 2
5333 0
5334 2
5335 2
5336 1
5337 1
5338 1
5339 1
5340 2
5341 1
5342 1
5343 1
5344 5
5345 1
5346 0
5347 1
5348 1
5349 1
5350 2
5351 1
5352 2
5353 1
5354 2
5355 1
5356 0
5357 5
5358 1
5359 1
5360 2
5361 2
5362 2
5363 5
5364 1
5365 2
5366 0
5367 2
5368 2
5369 2
5370 1
5371 2
5372 1
5373 1
5374 1
5375 1
5376 2
5377 2
5378 5
5379 0
5380 1
5381 1
5382 1
5383 5
5384 2
5385 1
5386 5
5387 2
5388 1
5389 0
5390 5
5391 2
5392 1
5393 2
5394 0
5395 2
5396 2
5397 0
5398 2
5399 2
5400 2
5401 2
5402 2
5403 2
5404 2
5405 2
5406 2
5407 2
5408 2
5409 2
5410 2
5411 2
5412 1
5413 1
5414 2
5415 2
5416 5
5417 1
5418 1
5419 2
5420 0
5421 1
5422 2
5423 1
5424 1
5425 1
5426 1
5427 1
5428 2
5429 2
5430 2
5431 2
5432 1
5433 2
5434 1
5435 1
5436 2
5437 2
5438 2
5439 1
5440 1
5441 2
5442 1
5443 0
5444 2
5445 0
5446 0
5447 1
5448 0
5449 1
5450 1
5451 1
5452 2
5453 2
5454 1
5455 1
5456 2
5457 1
5458 1
5459 1
5460 0
5461 2
5462 0
5463 2
5464 2
5465 2
5466 2
5467 1
5468 0
5469 1
5470 1
5471 0
5472 2
5473 2
5474 2
5475 2
5476 2
5477 1
5478 1
5479 2
5480 2
5481 2
5482 2
5483 1
5484 2
5485 1
5486 2
5487 1
5488 1
5489 2
5490 2
5491 2
5492 1
5493 1
5494 2
5495 2
5496 2
5497 1
5498 1
5499 2
5500 1
5501 2
5502 2
5503 2
5504 2
5505 1
5506 0
5507 0
5508 0
5509 2
5510 0
5511 2
5512 2
5513 1
5514 1
5515 2
5516 2
5517 5
5518 0
5519 2
5520 0
5521 1
5522 2
5523 1
5524 1
5525 0
5526 2
5527 0
5528 1
5529 1
5530 2
5531 1
5532 1
5533 1
5534 1
5535 1
5536 1
5537 2
5538 5
5539 5
5540 2
5541 2
5542 4
5543 2
5544 2
5545 2
5546 0
5547 0
5548 0
5549 2
5550 0
5551 0
5552 0
5553 7
5554 1
5555 1
5556 1
5557 1
5558 2
5559 2
5560 0
5561 2
5562 0
5563 0
5564 1
5565 2
5566 2
5567 0
5568 2
5569 2
5570 2
5571 2
5572 2
5573 1
5574 2
5575 2
5576 5
5577 1
5578 2
5579 1
5580 2
5581 2
5582 2
5583 2
5584 1
5585 2
5586 1
5587 2
5588 2
5589 2
5590 1
5591 1
5592 2
5593 0
5594 0
5595 1
5596 1
5597 2
5598 1
5599 2
5600 1
5601 1
5602 2
5603 1
5604 1
5605 2
5606 2
5607 2
5608 2
5609 2
5610 2
5611 2
5612 1
5613 5
5614 2
5615 2
5616 2
5617 2
5618 1
5619 1
5620 2
5621 1
5622 1
5623 0
5624 2
5625 1
5626 1
5627 1
5628 2
5629 2
5630 1
5631 2
5632 2
5633 1
5634 2
5635 2
5636 2
5637 1
5638 1
5639 1
5640 1
5641 1
5642 2
5643 2
5644 1
5645 1
5646 1
5647 2
5648 0
5649 1
5650 2
5651 1
5652 2
5653 2
5654 2
5655 1
5656 2
5657 2
5658 8
5659 1
5660 2
5661 8
5662 2
5663 8
5664 1
5665 8
5666 1
5667 2
5668 8
5669 8
5670 1
5671 1
5672 1
5673 8
5674 2
5675 2
5676 8
5677 1
5678 1
5679 2
5680 2
5681 2
5682 1
5683 1
5684 5
5685 1
5686 1
5687 1
5688 0
5689 0
5690 1
5691 1
5692 2
5693 2
5694 1
5695 1
5696 2
5697 2
5698 1
5699 2
5700 1
5701 1
5702 1
5703 1
5704 1
5705 1
5706 1
5707 2
5708 1
5709 1
5710 5
5711 2
5712 1
5713 2
5714 2
5715 2
5716 1
5717 5
5718 1
5719 2
5720 2
5721 1
5722 1
5723 0
5724 1
5725 2
5726 2
5727 1
5728 1
5729 2
5730 1
5731 1
5732 1
5733 1
5734 1
5735 1
5736 2
5737 1
5738 1
5739 1
5740 0
5741 2
5742 1
5743 2
5744 1
5745 1
5746 1
5747 1
5748 2
5749 1
5750 5
5751 1
5752 2
5753 2
5754 1
5755 2
5756 5
5757 1
5758 1
5759 2
5760 2
5761 1
5762 2
5763 2
5764 2
5765 2
5766 2
5767 2
5768 2
5769 2
5770 2
5771 2
5772 2
5773 2
5774 2
5775 2
5776 2
5777 2
5778 2
5779 2
5780 2
5781 2
5782 2
5783 2
5784 1
5785 2
5786 1
5787 1
5788 0
5789 1
5790 1
5791 2
5792 1
5793 2
5794 2
5795 1
5796 1
5797 2
5798 0
5799 1
5800 1
5801 5
5802 2
5803 1
5804 5
5805 2
5806 2
5807 1
5808 2
5809 1
5810 1
5811 2
5812 0
5813 1
5814 2
5815 1
5816 1
5817 1
5818 1
5819 2
5820 1
5821 1
5822 5
5823 1
5824 2
5825 2
5826 1
5827 1
5828 1
5829 2
5830 2
5831 2
5832 1
5833 1
5834 1
5835 1
5836 0
5837 2
5838 0
5839 0
5840 1
5841 1
5842 5
5843 2
5844 1
5845 2
5846 0
5847 0
5848 2
5849 1
5850 1
5851 1
5852 2
5853 1
5854 1
5855 2
5856 1
5857 2
5858 1
5859 2
5860 1
5861 1
5862 2
5863 2
5864 2
5865 1
5866 1
5867 2
5868 1
5869 2
5870 2
5871 2
5872 2
5873 1
5874 1
5875 2
5876 5
5877 5
5878 5
5879 0
5880 2
5881 1
5882 1
5883 2
5884 2
5885 2
5886 1
5887 1
5888 2
5889 1
5890 2
5891 1
5892 1
5893 2
5894 2
5895 2
5896 1
5897 1
5898 0
5899 1
5900 5
5901 1
5902 12
5903 2
5904 1
5905 1
5906 5
5907 2
5908 2
5909 1
5910 2
5911 2
5912 1
5913 1
5914 1
5915 2
5916 5
5917 2
5918 2
5919 1
5920 1
5921 5
5922 1
5923 1
5924 1
5925 1
5926 1
5927 1
5928 1
5929 0
5930 2
5931 2
5932 2
5933 1
5934 2
5935 0
5936 1
5937 2
5938 2
5939 2
5940 2
5941 2
5942 2
5943 1
5944 1
5945 2
5946 2
5947 2
5948 2
5949 1
5950 1
5951 1
5952 1
5953 0
5954 2
5955 2
5956 1
5957 1
5958 1
5959 2
5960 1
5961 2
5962 2
5963 2
5964 1
5965 2
5966 1
5967 1
5968 5
5969 2
5970 1
5971 5
5972 1
5973 1
5974 2
5975 5
5976 1
5977 1
5978 1
5979 2
5980 1
5981 1
5982 2
5983 1
5984 1
5985 0
5986 1
5987 1
5988 1
5989 1
5990 2
5991 5
5992 2
5993 2
5994 1
5995 2
5996 0
5997 1
5998 2
5999 0
6000 1
6001 1
6002 2
6003 2
6004 2
6005 1
6006 2
6007 1
6008 1
6009 1
6010 1
6011 2
6012 2
6013 1
6014 2
6015 2
6016 2
6017 2
6018 2
6019 0
6020 1
6021 1
6022 1
6023 1
6024 1
6025 2
6026 2
6027 1
6028 1
6029 1
6030 1
6031 2
6032 1
6033 1
6034 1
6035 2
6036 2
6037 2
6038 1
6039 2
6040 0
6041 2
6042 2
6043 2
6044 1
6045 0
6046 1
6047 2
6048 2
6049 1
6050 2
6051 1
6052 1
6053 2
6054 1
6055 1
6056 2
6057 1
6058 2
6059 1
6060 4
6061 1
6062 1
6063 0
6064 1
6065 2
6066 1
6067 2
6068 1
6069 1
6070 2
6071 2
6072 1
6073 1
6074 1
6075 1
6076 1
6077 0
6078 1
6079 1
6080 1
6081 2
6082 0
6083 1
6084 0
6085 0
6086 2
6087 2
6088 2
6089 1
6090 1
6091 2
6092 1
6093 1
6094 1
6095 2
6096 2
6097 2
6098 2
6099 2
6100 2
6101 2
6102 2
6103 2
6104 1
6105 1
6106 2
6107 1
6108 2
6109 1
6110 5
6111 0
6112 1
6113 2
6114 1
6115 1
6116 2
6117 1
6118 1
6119 2
6120 2
6121 1
6122 1
6123 2
6124 2
6125 2
6126 2
6127 2
6128 2
6129 2
6130 1
6131 5
6132 1
6133 2
6134 2
6135 2
6136 2
6137 1
6138 1
6139 1
6140 1
6141 2
6142 2
6143 1
6144 1
6145 1
6146 1
6147 1
6148 1
6149 1
6150 1
6151 2
6152 4
6153 2
6154 2
6155 2
6156 2
6157 2
6158 2
6159 2
6160 2
6161 2
6162 2
6163 2
6164 2
6165 2
6166 2
6167 5
6168 1
6169 1
6170 1
6171 2
6172 1
6173 5
6174 2
6175 2
6176 1
6177 3
6178 2
6179 1
6180 1
6181 1
6182 1
6183 1
6184 1
6185 0
6186 1
6187 2
6188 1
6189 1
6190 1
6191 2
6192 1
6193 2
6194 2
6195 1
6196 1
6197 0
6198 1
6199 2
6200 2
6201 2
6202 2
6203 2
6204 2
6205 2
6206 2
6207 2
6208 2
6209 1
6210 5
6211 1
6212 1
6213 1
6214 2
6215 1
6216 1
6217 2
6218 2
6219 2
6220 2
6221 0
6222 1
6223 5
6224 2
6225 1
6226 2
6227 0
6228 0
6229 1
6230 1
6231 1
6232 1
6233 2
6234 1
6235 2
6236 1
6237 1
6238 1
6239 1
6240 1
6241 2
6242 2
6243 1
6244 2
6245 1
6246 1
6247 1
6248 1
6249 2
6250 2
6251 2
6252 1
6253 1
6254 2
6255 1
6256 2
6257 2
6258 2
6259 2
6260 2
6261 1
6262 2
6263 1
6264 1
6265 1
6266 2
6267 2
6268 1
6269 1
6270 4
6271 2
6272 1
6273 2
6274 1
6275 2
6276 1
6277 1
6278 1
6279 1
6280 2
6281 1
6282 1
6283 0
6284 2
6285 5
6286 2
6287 1
6288 1
6289 1
6290 1
6291 2
6292 2
6293 1
6294 1
6295 2
6296 1
6297 2
6298 1
6299 5
6300 1
6301 1
6302 2
6303 0
6304 1
6305 2
6306 2
6307 2
6308 1
6309 0
6310 1
6311 1
6312 1
6313 0
6314 2
6315 1
6316 1
6317 1
6318 1
6319 2
6320 1
6321 1
6322 2
6323 2
6324 1
6325 1
6326 1
6327 1
6328 1
6329 1
6330 2
6331 1
6332 1
6333 2
6334 2
6335 2
6336 2
6337 2
6338 2
6339 2
6340 1
6341 1
6342 1
6343 2
6344 1
6345 1
6346 0
6347 2
6348 1
6349 1
6350 1
6351 2
6352 2
6353 1
6354 0
6355 2
6356 2
6357 2
6358 0
6359 1
6360 1
6361 5
6362 5
6363 2
6364 2
6365 2
6366 2
6367 2
6368 2
6369 2
6370 2
6371 2
6372 1
6373 2
6374 2
6375 2
6376 0
6377 2
6378 2
6379 2
6380 2
6381 1
6382 1
6383 1
6384 1
6385 1
6386 1
6387 1
6388 0
6389 1
6390 1
6391 1
6392 1
6393 1
6394 1
6395 1
6396 1
6397 2
6398 1
6399 1
6400 2
6401 1
6402 1
6403 5
6404 5
6405 5
6406 5
6407 5
6408 2
6409 0
6410 0
6411 1
6412 1
6413 2
6414 2
6415 1
6416 0
6417 0
6418 0
6419 0
6420 1
6421 1
6422 0
6423 1
6424 1
6425 2
6426 0
6427 0
6428 0
6429 0
6430 0
6431 1
6432 2
6433 5
6434 2
6435 0
6436 2
6437 1
6438 5
6439 1
6440 2
6441 5
6442 1
6443 1
6444 0
6445 2
6446 1
6447 1
6448 5
6449 2
6450 2
6451 2
6452 2
6453 2
6454 1
6455 1
6456 1
6457 2
6458 2
6459 1
6460 0
6461 5
6462 0
6463 2
6464 2
6465 2
6466 0
6467 2
6468 1
6469 2
6470 2
6471 2
6472 2
6473 1
6474 2
6475 1
6476 2
6477 2
6478 2
6479 2
6480 2
6481 2
6482 2
6483 2
6484 2
6485 2
6486 2
6487 2
6488 2
6489 1
6490 2
6491 2
6492 2
6493 2
6494 2
6495 2
6496 2
6497 2
6498 2
6499 2
6500 2
6501 2
6502 2
6503 1
6504 1
6505 1
6506 2
6507 1
6508 2
6509 1
6510 2
6511 2
6512 2
6513 1
6514 2
6515 2
6516 2
6517 2
6518 2
6519 2
6520 2
6521 2
6522 2
6523 2
6524 2
6525 2
6526 2
6527 2
6528 2
6529 2
6530 2
6531 2
6532 2
6533 2
6534 2
6535 2
6536 2
6537 2
6538 2
6539 2
6540 2
6541 2
6542 2
6543 2
6544 2
6545 1
6546 2
6547 2
6548 2
6549 2
6550 2
6551 2
6552 5
6553 1
6554 1
6555 1
6556 1
6557 2
6558 0
6559 0
6560 2
6561 2
6562 2
6563 2
6564 9
6565 9
6566 4
6567 2
6568 1
6569 2
6570 1
6571 1
6572 1
6573 2
6574 5
6575 5
6576 1
6577 2
6578 0
6579 5
6580 5
6581 5
6582 1
6583 2
6584 1
6585 5
6586 5
6587 2
6588 2
6589 2
6590 0
6591 4
6592 1
6593 2
6594 2
6595 2
6596 2
6597 0
6598 0
6599 0
6600 0
6601 2
6602 2
6603 2
6604 2
6605 0
6606 5
6607 5
6608 0
6609 0
6610 5
6611 5
6612 2
6613 5
6614 5
6615 2
6616 0
6617 5
6618 2
6619 0
6620 2
6621 0
6622 2
6623 2
6624 2
6625 2
6626 2
6627 2
6628 2
6629 2
6630 2
6631 2
6632 2
6633 1
6634 1
6635 0
6636 0
6637 2
6638 5
6639 5
6640 5
6641 2
6642 2
6643 4
6644 2
6645 2
6646 1
6647 1
6648 1
6649 1
6650 2
6651 5
6652 1
6653 1
6654 5
6655 2
6656 1
6657 1
6658 1
6659 1
6660 1
6661 2
6662 2
6663 2
6664 1
6665 4
6666 4
6667 4
6668 1
6669 2
6670 2
6671 2
6672 2
6673 2
6674 2
6675 2
6676 2
6677 2
6678 2
6679 0
6680 2
6681 1
6682 0
6683 1
6684 1
6685 2
6686 1
6687 1
6688 1
6689 1
6690 1
6691 1
6692 0
6693 5
6694 1
6695 5
6696 1
6697 0
6698 0
6699 0
6700 0
6701 1
6702 0
6703 2
6704 1
6705 1
6706 2
6707 2
6708 2
6709 2
6710 2
6711 1
6712 2
6713 2
6714 1
6715 0
6716 2
6717 2
6718 5
6719 1
6720 2
6721 1
6722 0
6723 2
6724 2
6725 0
6726 0
6727 0
6728 10
6729 10
6730 2
6731 10
6732 2
6733 10
6734 10
6735 10
6736 10
6737 2
6738 2
6739 2
6740 10
6741 10
6742 2
6743 0
6744 1
6745 2
6746 5
6747 2
6748 5
6749 1
6750 1
6751 0
6752 2
6753 0
6754 1
6755 2
6756 1
6757 2
6758 2
6759 5
6760 2
6761 2
6762 2
6763 0
6764 5
6765 0
6766 0
6767 2
6768 1
6769 2
6770 1
6771 2
6772 2
6773 5
6774 2
6775 0
6776 2
6777 0
6778 0
6779 4
6780 2
6781 2
6782 2
6783 5
6784 2
6785 0
6786 0
6787 2
6788 2
6789 2
6790 1
6791 1
6792 2
6793 2
6794 2
6795 4
6796 2
6797 2
6798 1
6799 2
6800 2
6801 2
6802 2
6803 2
6804 2
6805 2
6806 2
6807 2
6808 2
6809 2
6810 2
6811 2
6812 2
6813 2
6814 2
6815 2
6816 2
6817 2
6818 2
6819 2
6820 2
6821 2
6822 2
6823 2
6824 2
6825 2
6826 2
6827 2
6828 2
6829 5
6830 1
6831 1
6832 1
6833 1
6834 2
6835 1
6836 1
6837 4
6838 2
6839 2
6840 2
6841 1
6842 2
6843 2
6844 2
6845 5
6846 5
6847 5
6848 0
6849 0
6850 2
6851 2
6852 2
6853 2
6854 1
6855 2
6856 5
6857 0
6858 0
6859 2
6860 1
6861 2
6862 2
6863 2
6864 2
6865 0
6866 0
6867 0
6868 2
6869 2
6870 2
6871 2
6872 2
6873 5
6874 2
6875 2
6876 2
6877 2
6878 2
6879 0
6880 0
6881 1
6882 1
6883 5
6884 5
6885 1
6886 1
6887 2
6888 3
6889 1
6890 1
6891 0
6892 2
6893 2
6894 2
6895 2
6896 2
6897 2
6898 2
6899 2
6900 2
6901 2
6902 2
6903 2
6904 2
6905 2
6906 2
6907 2
6908 2
6909 1
6910 2
6911 1
6912 2
6913 1
6914 1
6915 1
6916 2
6917 2
6918 5
6919 2
6920 2
6921 1
6922 2
6923 2
6924 2
6925 5
6926 2
6927 2
6928 2
6929 2
6930 2
6931 5
6932 0
6933 2
6934 1
6935 2
6936 2
6937 2
6938 5
6939 2
6940 2
6941 1
6942 2
6943 2
6944 2
6945 2
6946 2
6947 2
6948 2
6949 2
6950 2
6951 2
6952 2
6953 2
6954 2
6955 2
6956 2
6957 2
6958 2
6959 2
6960 2
6961 2
6962 2
6963 2
6964 2
6965 2
6966 2
6967 2
6968 2
6969 2
6970 2
6971 2
6972 2
6973 2
6974 2
6975 2
6976 2
6977 2
6978 2
6979 2
6980 0
6981 2
6982 1
6983 1
6984 1
6985 5
6986 0
6987 2
6988 2
6989 1
6990 2
6991 2
6992 2
6993 2
6994 0
6995 2
6996 2
6997 1
6998 0
6999 0
7000 2
7001 2
7002 2
7003 2
7004 2
7005 1
7006 0
7007 0
7008 5
7009 4
7010 0
7011 1
7012 0
7013 2
7014 2
7015 1
7016 5
7017 1
7018 1
7019 2
7020 2
7021 2
7022 0
7023 11
7024 11
7025 1
7026 2
7027 0
7028 2
7029 2
7030 0
7031 0
7032 0
7033 0
7034 0
7035 2
7036 5
7037 1
7038 1
7039 1
7040 1
7041 1
7042 1
7043 7
7044 7
7045 7
7046 7
7047 1
7048 7
7049 7
7050 2
7051 7
7052 1
7053 0
7054 0
7055 2
7056 2
7057 1
7058 0
7059 2
7060 2
7061 2
7062 2
7063 4
7064 2
7065 0
7066 1
7067 1
7068 1
7069 2
7070 2
7071 2
7072 2
7073 2
7074 2
7075 2
7076 2
7077 2
7078 2
7079 2
7080 2
7081 2
7082 2
7083 2
7084 1
7085 2
7086 2
7087 2
7088 0
7089 0
7090 0
7091 1
7092 1
7093 4
7094 1
7095 0
7096 2
7097 1
7098 1
7099 1
7100 1
7101 1
7102 1
7103 1
7104 1
7105 1
7106 1
7107 0
7108 1
7109 1
7110 1
7111 2
7112 1
7113 1
7114 1
7115 12
7116 1
7117 1
7118 1
7119 2
7120 1
7121 2
7122 1
7123 13
7124 13
7125 13
7126 2
7127 0
7128 2
7129 2
7130 13
7131 2
7132 13
7133 13
7134 1
7135 5
7136 2
7137 1
7138 1
7139 2
7140 1
7141 0
7142 0
7143 0
7144 0
7145 0
7146 0
7147 0
7148 2
7149 1
7150 1
7151 1
7152 0
7153 1
7154 1
7155 2
7156 2
7157 1
7158 1
7159 0
7160 0
7161 0
7162 0
7163 0
7164 0
7165 2
7166 2
7167 2
7168 0
7169 2
7170 1
7171 2
7172 2
7173 2
7174 2
7175 2
7176 2
7177 2
7178 2
7179 2
7180 2
7181 1
7182 0
7183 2
7184 2
7185 2
7186 2
7187 2
7188 2
7189 2
7190 0
7191 2
7192 2
7193 2
7194 2
7195 2
7196 2
7197 1
7198 2
7199 2
7200 2
7201 2
7202 2
7203 2
7204 2
7205 2
7206 0
7207 2
7208 2
7209 2
7210 2
7211 5
7212 2
7213 2
7214 0
7215 2
7216 2
7217 2
7218 1
7219 2
7220 1
7221 1
7222 1
7223 1
7224 2
7225 1
7226 5
7227 1
7228 1
7229 0
7230 0
7231 2
7232 2
7233 2
7234 2
7235 2
7236 2
7237 2
7238 2
7239 2
7240 2
7241 2
7242 2
7243 2
7244 2
7245 2
7246 2
7247 2
7248 2
7249 2
7250 2
7251 0
7252 2
7253 2
7254 2
7255 2
7256 2
7257 2
7258 0
7259 2
7260 0
7261 2
7262 2
7263 2
7264 2
7265 2
7266 2
7267 2
7268 2
7269 1
7270 2
7271 2
7272 2
7273 2
7274 2
7275 2
7276 2
7277 0
7278 2
7279 2
7280 2
7281 2
7282 2
7283 2
7284 0
7285 2
7286 2
7287 2
7288 2
7289 0
7290 2
7291 2
7292 2
7293 2
7294 0
7295 2
7296 2
7297 0
7298 2
7299 2
7300 0
7301 0
7302 2
7303 2
7304 2
7305 0
7306 0
7307 2
7308 2
7309 2
7310 2
7311 2
7312 2
7313 0
7314 0
7315 2
7316 0
7317 2
7318 0
7319 0
7320 2
7321 0
7322 0
7323 2
7324 2
7325 2
7326 2
7327 2
7328 2
7329 0
7330 1
7331 2
7332 0
7333 2
7334 2
7335 2
7336 2
7337 2
7338 0
7339 2
7340 2
7341 1
7342 1
7343 2
7344 2
7345 0
7346 0
7347 2
7348 2
7349 2
7350 0
7351 2
7352 2
7353 1
7354 2
7355 2
7356 2
7357 1
7358 2
7359 2
7360 2
7361 2
7362 2
7363 2
7364 2
7365 2
7366 0
7367 2
7368 1
7369 1
7370 1
7371 0
7372 1
7373 0
7374 1
7375 1
7376 1
7377 1
7378 1
7379 2
7380 0
7381 4
7382 1
7383 1
7384 5
7385 0
7386 1
7387 1
7388 5
7389 1
7390 4
7391 1
7392 1
7393 1
7394 1
7395 1
7396 1
7397 1
7398 2
7399 0
7400 0
7401 0
7402 1
7403 1
7404 1
7405 1
7406 1
7407 1
7408 2
7409 1
7410 1
7411 1
7412 2
7413 2
7414 1
7415 1
7416 1
7417 0
7418 2
7419 2
7420 2
7421 2
7422 1
7423 2
7424 2
7425 0
7426 0
7427 0
7428 2
7429 3
7430 3
7431 1
7432 4
7433 1
7434 1
7435 1
7436 3
7437 3
7438 3
7439 3
7440 3
7441 3
7442 3
7443 3
7444 3
7445 1
7446 3
7447 0
7448 1
7449 3
7450 2
7451 2
7452 3
7453 2
7454 2
7455 0
7456 0
7457 0
7458 0
7459 0
7460 2
7461 0
7462 0
7463 0
7464 0
7465 0
7466 2
7467 1
7468 5
7469 1
7470 0
7471 2
7472 2
7473 2
7474 0
7475 0
7476 2
7477 2
7478 2
7479 2
7480 2
7481 2
7482 2
7483 5
7484 5
7485 2
7486 2
7487 0
7488 2
7489 0
7490 2
7491 0
7492 2
7493 2
7494 2
7495 2
7496 2
7497 0
7498 2
7499 2
7500 2
7501 2
7502 2
7503 1
7504 0
7505 0
7506 0
7507 2
7508 2
7509 2
7510 2
7511 2
7512 2
7513 2
7514 2
7515 2
7516 2
7517 2
7518 2
7519 2
7520 2
7521 2
7522 2
7523 2
7524 2
7525 2
7526 2
7527 2
7528 2
7529 2
7530 2
7531 2
7532 2
7533 5
7534 2
7535 1
7536 1
7537 1
7538 2
7539 1
7540 1
7541 1
7542 1
7543 1
7544 1
7545 1
7546 5
7547 1
7548 1
7549 1
7550 1
7551 1
7552 1
7553 0
7554 1
7555 1
7556 5
7557 1
7558 1
7559 2
7560 2
7561 2
7562 2
7563 2
7564 2
7565 2
7566 5
7567 0
7568 2
7569 5
7570 5
7571 2
7572 2
7573 2
7574 2
7575 2
7576 2
7577 2
7578 2
7579 4
7580 2
7581 0
7582 2
7583 0
7584 0
7585 0
7586 0
7587 1
7588 1
7589 0
7590 4
7591 2
7592 0
7593 0
7594 2
7595 0
7596 2
7597 0
7598 2
7599 2
7600 2
7601 0
7602 2
7603 0
7604 2
7605 0
7606 4
7607 4
7608 0
7609 0
7610 1
7611 1
7612 1
7613 2
7614 1
7615 1
7616 1
7617 1
7618 1
7619 1
7620 1
7621 1
7622 1
7623 2
7624 1
7625 1
7626 1
7627 0
7628 0
7629 0
7630 0
7631 0
7632 0
7633 1
7634 1
7635 1
7636 1
7637 1
7638 1
7639 1
7640 1
7641 2
7642 2
7643 2
7644 2
7645 2
7646 2
7647 2
7648 2
7649 2
7650 5
7651 2
7652 2
7653 2
7654 2
7655 2
7656 2
7657 2
7658 2
7659 1
7660 0
7661 0
7662 2
7663 0
7664 0
7665 0
7666 0
7667 1
7668 1
7669 2
7670 1
7671 1
7672 0
7673 2
7674 2
7675 2
7676 5
7677 5
7678 1
7679 0
7680 0
7681 0
7682 0
7683 0
7684 0
7685 4
7686 0
7687 0
7688 2
7689 2
7690 2
7691 2
7692 2
7693 2
7694 2
7695 2
7696 2
7697 2
7698 2
7699 2
7700 2
7701 2
7702 2
7703 2
7704 2
7705 2
7706 2
7707 2
7708 2
7709 2
7710 2
7711 2
7712 2
7713 2
7714 2
7715 2
7716 2
7717 2
7718 2
7719 2
7720 2
7721 2
7722 2
7723 2
7724 2
7725 2
7726 1
7727 0
7728 0
7729 0
7730 0
7731 0
7732 0
7733 0
7734 0
7735 0
7736 1
7737 4
7738 0
7739 1
7740 1
7741 1
7742 1
7743 1
7744 1
7745 0
7746 0
7747 2
7748 0
7749 0
7750 5
7751 1
7752 2
7753 2
7754 2
7755 2
7756 2
7757 2
7758 2
7759 2
7760 2
7761 2
7762 2
7763 1
7764 4
7765 1
7766 5
7767 5
7768 0
7769 4
7770 1
7771 2
7772 2
7773 2
7774 2
7775 2
7776 2
7777 2
7778 2
7779 2
7780 2
7781 1
7782 0
7783 1
7784 5
7785 5
7786 4
7787 5
7788 5
7789 1
7790 5
7791 5
7792 1
7793 1
7794 0
7795 5
7796 1
7797 5
7798 5
7799 2
7800 5
7801 5
7802 2
7803 5
7804 1
7805 2
7806 5
7807 5
7808 4
7809 0
7810 5
7811 0
7812 2
7813 0
7814 1
7815 1
7816 0
7817 4
7818 0
7819 0
7820 1
7821 1
7822 1
7823 1
7824 1
7825 0
7826 1
7827 1
7828 1
7829 1
7830 1
7831 1
7832 2
7833 0
7834 4
7835 2
7836 2
7837 2
7838 1
7839 1
7840 1
7841 1
7842 1
7843 1
7844 5
7845 0
7846 1
7847 1
7848 1
7849 1
7850 1
7851 1
7852 1
7853 1
7854 1
7855 1
7856 1
7857 1
7858 1
7859 1
7860 1
7861 1
7862 1
7863 1
7864 1
7865 1
7866 1
7867 1
7868 1
7869 1
7870 1
7871 1
7872 1
7873 1
7874 1
7875 1
7876 1
7877 1
7878 1
7879 1
7880 1
7881 1
7882 2
7883 4
7884 4
7885 2
7886 2
7887 2
7888 1
7889 1
7890 2
7891 0
7892 0
7893 0
7894 0
7895 0
7896 0
7897 0
7898 0
7899 2
7900 2
7901 0
7902 0
7903 1
7904 2
7905 2
7906 2
7907 2
7908 2
7909 2
7910 2
7911 2
7912 2
7913 2
7914 2
7915 1
7916 5
7917 5
7918 0
7919 2
7920 2
7921 2
7922 0
7923 2
7924 2
7925 2
7926 2
7927 5
7928 0
7929 1
7930 2
7931 2
7932 2
7933 2
7934 1
7935 0
7936 0
7937 0
7938 2
7939 0
7940 5
7941 5
7942 1
7943 2
7944 1
7945 1
7946 1
7947 2
7948 2
7949 2
7950 2
7951 2
7952 2
7953 2
7954 0
7955 0
7956 0
7957 0
7958 1
7959 1
7960 2
7961 2
7962 2
7963 2
7964 2
7965 2
7966 2
7967 2
7968 2
7969 1
7970 1
7971 0
7972 1
7973 1
7974 1
7975 1
7976 1
7977 1
7978 0
7979 0
7980 0
7981 1
7982 0
7983 0
7984 1
7985 0
7986 1
7987 1
7988 1
7989 1
7990 5
7991 0
7992 4
7993 4
7994 4
7995 4
7996 4
7997 4
7998 4
7999 4
8000 2
8001 2
8002 2
8003 0
8004 0
8005 2
8006 2
8007 2
8008 0
8009 0
8010 0
8011 0
8012 4
8013 5
8014 5
8015 5
8016 0
8017 5
8018 5
8019 5
8020 5
8021 5
8022 5
8023 2
8024 1
8025 1
8026 14
8027 0
8028 2
8029 2
8030 2
8031 2
8032 2
8033 2
8034 1
8035 1
8036 1
8037 1
8038 1
8039 1
8040 1
8041 1
8042 1
8043 2
8044 2
8045 2
8046 2
8047 2
8048 0
8049 0
8050 0
8051 0
8052 0
8053 0
8054 0
8055 0
8056 0
8057 0
8058 0
8059 0
8060 0
8061 0
8062 0
8063 0
8064 0
8065 0
8066 0
8067 0
8068 0
8069 0
8070 0
8071 0
8072 0
8073 14
8074 14
8075 0
8076 5
8077 5
8078 2
8079 0
8080 2
8081 2
8082 2
8083 2
8084 2
8085 0
8086 0
8087 0
8088 0
8089 4
8090 5
8091 2
8092 0
8093 0
8094 0
8095 0
8096 0
8097 0
8098 0
8099 4
8100 0
8101 0
8102 2
8103 1
8104 1
8105 5
8106 2
8107 2
8108 2
8109 2
8110 2
8111 2
8112 2
8113 2
8114 2
8115 2
8116 2
8117 2
8118 2
8119 1
8120 1
8121 2
8122 2
8123 2
8124 5
8125 5
8126 4
8127 0
8128 0
8129 0
0 3
1 0
2 4
3 0
4 1
5 1
6 0
7 0
8 0
9 0
10 2
11 4
12 3
13 4
14 0
0 0
1 1
2 2
3 3
4 4
1e-06 0.133329 97
