0 2
1 2
2 3
3 3
4 1
5 1
6 2
7 1
8 1
9 3
10 1
11 1
12 1
13 2
14 1
15 0
16 2
17 1
18 2
19 0
20 1
21 0
22 3
23 0
24 1
25 1
26 3
27 0
28 0
29 2
30 4
31 1
32 0
33 3
34 2
35 1
36 1
37 1
38 3
39 2
40 1
41 1
42 4
43 3
44 1
45 2
46 1
47 1
48 2
49 1
50 1
51 1
52 2
53 2
54 0
55 1
56 0
57 2
58 2
59 1
60 1
61 1
62 1
63 0
64 2
65 2
66 1
67 3
68 1
69 4
70 1
71 3
72 0
73 1
74 1
75 1
76 1
77 1
78 1
79 2
80 1
81 4
82 1
83 2
84 1
85 1
86 1
87 1
88 2
89 1
90 1
91 1
92 2
93 0
94 2
95 3
96 4
97 2
98 1
99 3
100 1
101 3
102 2
103 0
104 1
105 1
106 2
107 2
108 1
109 3
110 0
111 2
112 1
113 1
114 1
115 2
116 0
117 1
118 1
119 2
120 2
121 2
122 3
123 2
124 2
125 1
126 2
127 0
128 1
129 1
130 1
131 0
132 2
133 2
134 2
135 1
136 0
137 2
138 3
139 2
140 0
141 0
142 2
143 2
144 2
145 1
146 0
147 1
148 1
149 2
150 2
151 1
152 1
153 1
154 3
155 1
156 2
157 2
158 0
159 1
160 2
161 3
162 3
163 1
164 1
165 1
166 0
167 1
168 3
169 3
170 3
171 2
172 1
173 3
174 2
175 0
176 0
177 0
178 2
179 1
180 0
181 2
182 2
183 1
184 1
185 0
186 3
187 3
188 0
189 1
190 1
191 1
192 2
193 2
194 1
195 1
196 2
197 2
198 0
199 4
200 1
201 1
202 0
203 2
204 3
205 1
206 2
207 1
208 4
209 1
210 1
211 3
212 4
213 1
214 1
215 3
216 1
217 0
218 1
219 2
220 0
221 1
222 1
223 1
224 1
225 1
226 1
227 2
228 1
229 1
230 1
231 0
232 3
233 3
234 1
235 2
236 2
237 2
238 1
239 3
240 3
241 2
242 2
243 2
244 1
245 2
246 0
247 1
248 1
249 3
250 3
251 1
252 2
253 1
254 1
255 1
256 1
257 0
258 1
259 1
260 1
261 1
262 1
263 0
264 2
265 1
266 2
267 2
268 0
269 0
270 1
271 1
272 2
273 1
274 0
275 1
276 2
277 1
278 1
279 1
280 1
281 1
282 1
283 1
284 2
285 1
286 2
287 1
288 1
289 1
290 1
291 1
292 1
293 1
294 2
295 0
296 1
297 0
298 1
299 0
300 1
301 1
302 0
303 2
304 2
305 1
306 0
307 1
308 2
309 0
310 0
311 0
312 3
313 1
314 2
315 1
316 2
317 0
318 2
319 2
320 1
321 0
322 1
323 3
324 1
325 2
326 1
327 1
328 2
329 2
330 1
331 1
332 4
333 1
334 3
335 2
336 2
337 1
338 1
339 2
340 2
341 1
342 1
343 1
344 1
345 3
346 3
347 3
348 3
349 2
350 1
351 2
352 0
353 1
354 0
355 1
356 1
357 2
358 1
359 2
360 0
361 1
362 0
363 1
364 1
365 4
366 1
367 0
368 3
369 1
370 2
371 1
372 2
373 2
374 1
375 2
376 3
377 2
378 1
379 2
380 1
381 2
382 1
383 2
384 1
385 1
386 1
387 1
388 2
389 1
390 0
391 2
392 1
393 2
394 3
395 1
396 2
397 2
398 1
399 0
400 4
401 3
402 0
403 0
404 3
405 1
406 2
407 0
408 1
409 0
410 2
411 2
412 0
413 3
414 1
415 1
416 2
417 3
418 2
419 1
420 1
421 0
422 1
423 2
424 1
425 2
426 2
427 1
428 1
429 1
430 2
431 2
432 4
433 2
434 2
435 2
436 3
437 1
438 3
439 1
440 2
441 4
442 3
443 1
444 2
445 0
446 2
447 3
448 1
449 0
450 3
451 1
452 1
453 1
454 2
455 1
456 3
457 1
458 1
459 1
460 1
461 1
462 4
463 1
464 2
465 0
466 1
467 4
468 1
469 0
470 1
471 1
472 1
473 3
474 1
475 1
476 1
477 2
478 2
479 3
480 2
481 2
482 1
483 0
484 2
485 1
486 2
487 1
488 2
489 2
490 0
491 1
492 2
493 2
494 1
495 1
496 3
497 1
498 3
499 1
500 2
501 1
502 2
503 1
504 2
505 1
506 3
507 4
508 1
509 1
510 0
511 1
512 1
513 4
514 1
515 2
516 3
517 2
518 4
519 4
520 1
521 0
522 0
523 1
524 4
525 1
526 3
527 1
528 1
529 1
530 1
531 4
532 1
533 1
534 4
535 1
536 1
537 4
538 4
539 2
540 2
541 1
542 2
543 1
544 2
545 1
546 4
547 0
548 2
549 2
550 3
551 1
552 3
553 3
554 1
555 2
556 2
557 2
558 2
559 2
560 2
561 1
562 0
563 2
564 1
565 1
566 0
567 2
568 2
569 2
570 4
571 1
572 2
573 3
574 3
575 2
576 2
577 1
578 1
579 3
580 3
581 2
582 2
583 3
584 4
585 2
586 0
587 2
588 2
589 3
590 1
591 3
592 0
593 2
594 1
595 3
596 1
597 2
598 2
599 2
600 0
601 2
602 2
603 2
604 2
605 0
606 2
607 2
608 2
609 1
610 2
611 2
612 2
613 3
614 2
615 2
616 3
617 1
618 1
619 1
620 1
621 2
622 2
623 1
624 1
625 1
626 2
627 4
628 2
629 4
630 3
631 1
632 3
633 2
634 2
635 1
636 1
637 0
638 0
639 2
640 1
641 1
642 1
643 1
644 3
645 2
646 3
647 1
648 1
649 1
650 0
651 1
652 2
653 1
654 0
655 2
656 1
657 1
658 2
659 2
660 1
661 4
662 1
663 1
664 1
665 1
666 1
667 3
668 3
669 1
670 0
671 1
672 1
673 1
674 1
675 1
676 1
677 1
678 1
679 1
680 1
681 1
682 1
683 1
684 1
685 4
686 1
687 1
688 1
689 1
690 1
691 1
692 1
693 1
694 1
695 1
696 1
697 1
698 1
699 1
700 1
701 1
702 1
703 1
704 1
705 1
706 1
707 1
708 1
709 1
710 1
711 1
712 1
713 1
714 1
715 1
716 1
717 1
718 1
719 1
720 1
721 1
722 1
723 1
724 1
725 1
726 1
727 1
728 1
729 1
730 1
731 1
732 1
733 1
734 1
735 1
736 1
737 1
738 1
739 3
740 1
741 3
742 3
743 3
744 3
745 2
746 1
747 1
748 2
749 0
750 1
751 1
752 1
753 1
754 1
755 0
756 2
757 2
758 2
759 1
760 1
761 2
762 1
763 1
764 1
765 0
766 2
767 1
768 1
769 1
770 2
771 0
772 2
773 1
774 1
775 2
776 1
777 1
778 2
779 1
780 0
781 1
782 2
783 0
784 3
785 1
786 2
787 4
788 0
789 2
790 3
791 2
792 0
793 2
794 4
795 3
796 3
797 3
798 1
799 3
800 2
801 1
802 1
803 1
804 1
805 1
806 3
807 0
808 2
809 2
810 2
811 1
812 0
813 2
814 2
815 2
816 2
817 1
818 2
819 2
820 1
821 1
822 1
823 1
824 2
825 2
826 0
827 1
828 2
829 3
830 4
831 1
832 1
833 2
834 1
835 1
836 4
837 0
838 2
839 2
840 1
841 2
842 1
843 3
844 4
845 2
846 2
847 1
848 4
849 1
850 1
851 1
852 4
853 0
854 3
855 0
856 1
857 1
858 2
859 0
860 1
861 4
862 0
863 1
864 3
865 1
866 1
867 2
868 2
869 1
870 2
871 4
872 1
873 2
874 1
875 4
876 4
877 3
878 1
879 3
880 1
881 2
882 0
883 2
884 2
885 1
886 2
887 0
888 1
889 3
890 1
891 1
892 4
893 2
894 2
895 0
896 3
897 1
898 2
899 1
900 1
901 0
902 2
903 4
904 1
905 1
906 0
907 2
908 1
909 1
910 2
911 0
912 2
913 2
914 4
915 1
916 1
917 1
918 2
919 3
920 3
921 1
922 2
923 0
924 4
925 4
926 3
927 1
928 1
929 1
930 4
931 3
932 3
933 0
934 1
935 2
936 0
937 1
938 3
939 1
940 1
941 2
942 0
943 1
944 2
945 2
946 1
947 3
948 1
949 0
950 0
951 2
952 0
953 1
954 1
955 1
956 1
957 2
958 4
959 2
960 0
961 2
962 2
963 1
964 2
965 1
966 3
967 1
968 2
969 2
970 1
971 2
972 2
973 0
974 3
975 1
976 1
977 4
978 1
979 1
980 2
981 2
982 1
983 0
984 2
985 2
986 2
987 1
988 1
989 1
990 4
991 3
992 4
993 2
994 3
995 1
996 2
997 2
998 2
999 2
1000 1
1001 2
1002 1
1003 3
1004 1
1005 1
1006 1
1007 1
1008 1
1009 3
1010 2
1011 1
1012 1
1013 0
1014 1
1015 1
1016 1
1017 3
1018 4
1019 2
1020 1
1021 0
1022 0
1023 0
1024 0
1025 1
1026 0
1027 1
1028 1
1029 0
1030 1
1031 2
1032 0
1033 4
1034 1
1035 3
1036 0
1037 2
1038 1
1039 2
1040 4
1041 1
1042 1
1043 3
1044 2
1045 1
1046 1
1047 1
1048 1
1049 0
1050 2
1051 2
1052 0
1053 2
1054 1
1055 4
1056 1
1057 1
1058 1
1059 2
1060 1
1061 1
1062 0
1063 2
1064 0
1065 2
1066 2
1067 1
1068 4
1069 3
1070 1
1071 1
1072 2
1073 1
1074 1
1075 1
1076 2
1077 0
1078 2
1079 3
1080 4
1081 2
1082 0
1083 4
1084 0
1085 4
1086 4
1087 1
1088 2
1089 4
1090 2
1091 3
1092 3
1093 3
1094 3
1095 3
1096 3
1097 3
1098 1
1099 2
1100 0
1101 3
1102 2
1103 2
1104 1
1105 1
1106 2
1107 1
1108 2
1109 2
1110 0
1111 3
1112 1
1113 2
1114 4
1115 2
1116 2
1117 0
1118 1
1119 2
1120 2
1121 3
1122 2
1123 2
1124 2
1125 2
1126 1
1127 1
1128 1
1129 2
1130 1
1131 1
1132 2
1133 2
1134 1
1135 2
1136 1
1137 2
1138 0
1139 1
1140 2
1141 4
1142 2
1143 1
1144 1
1145 3
1146 1
1147 2
1148 2
1149 0
1150 1
1151 2
1152 2
1153 1
1154 2
1155 2
1156 2
1157 3
1158 1
1159 1
1160 3
1161 1
1162 2
1163 1
1164 4
1165 3
1166 2
1167 0
1168 0
1169 0
1170 0
1171 1
1172 3
1173 2
1174 2
1175 2
1176 3
1177 2
1178 1
1179 1
1180 2
1181 2
1182 1
1183 0
1184 0
1185 3
1186 1
1187 1
1188 2
1189 1
1190 1
1191 1
1192 2
1193 1
1194 1
1195 2
1196 2
1197 2
1198 1
1199 1
1200 3
1201 2
1202 0
1203 2
1204 2
1205 2
1206 3
1207 1
1208 2
1209 1
1210 2
1211 2
1212 3
1213 1
1214 1
1215 2
1216 2
1217 1
1218 1
1219 1
1220 1
1221 1
1222 1
1223 2
1224 1
1225 4
1226 3
1227 3
1228 3
1229 3
1230 3
1231 1
1232 1
1233 3
1234 1
1235 2
1236 1
1237 1
1238 0
1239 1
1240 2
1241 0
1242 1
1243 0
1244 0
1245 4
1246 2
1247 2
1248 2
1249 3
1250 1
1251 2
1252 1
1253 1
1254 1
1255 2
1256 1
1257 2
1258 3
1259 2
1260 4
1261 2
1262 1
1263 4
1264 4
1265 0
1266 2
1267 1
1268 0
1269 1
1270 1
1271 1
1272 0
1273 1
1274 1
1275 4
1276 2
1277 1
1278 1
1279 1
1280 4
1281 2
1282 0
1283 2
1284 1
1285 2
1286 1
1287 1
1288 1
1289 1
1290 2
1291 3
1292 1
1293 1
1294 1
1295 1
1296 1
1297 0
1298 3
1299 1
1300 0
1301 2
1302 1
1303 2
1304 4
1305 3
1306 4
1307 1
1308 2
1309 1
1310 2
1311 2
1312 1
1313 2
1314 0
1315 0
1316 1
1317 2
1318 2
1319 2
1320 4
1321 1
1322 0
1323 1
1324 2
1325 1
1326 1
1327 2
1328 2
1329 4
1330 1
1331 1
1332 2
1333 3
1334 4
1335 2
1336 0
1337 1
1338 1
1339 0
1340 1
1341 2
1342 1
1343 1
1344 1
1345 2
1346 4
1347 1
1348 4
1349 3
1350 0
1351 2
1352 0
1353 1
1354 0
1355 1
1356 1
1357 2
1358 2
1359 1
1360 1
1361 2
1362 3
1363 0
1364 2
1365 1
1366 1
1367 2
1368 3
1369 1
1370 1
1371 1
1372 2
1373 3
1374 1
1375 2
1376 2
1377 2
1378 3
1379 1
1380 2
1381 1
1382 3
1383 1
1384 1
1385 1
1386 2
1387 1
1388 1
1389 0
1390 1
1391 2
1392 0
1393 2
1394 2
1395 0
1396 1
1397 3
1398 1
1399 0
1400 1
1401 1
1402 1
1403 1
1404 1
1405 1
1406 1
1407 2
1408 1
1409 3
1410 1
1411 1
1412 2
1413 2
1414 3
1415 1
1416 1
1417 1
1418 1
1419 1
1420 4
1421 1
1422 2
1423 0
1424 4
1425 1
1426 2
1427 1
1428 2
1429 2
1430 2
1431 1
1432 1
1433 4
1434 2
1435 0
1436 1
1437 1
1438 1
1439 1
1440 1
1441 1
1442 1
1443 1
1444 1
1445 1
1446 2
1447 1
1448 2
1449 2
1450 2
1451 1
1452 1
1453 1
1454 1
1455 1
1456 4
1457 4
1458 4
1459 2
1460 2
1461 1
1462 0
1463 3
1464 2
1465 0
1466 1
1467 1
1468 1
1469 1
1470 1
1471 3
1472 1
1473 0
1474 4
1475 2
1476 3
1477 1
1478 3
1479 1
1480 0
1481 1
1482 1
1483 4
1484 2
1485 1
1486 2
1487 1
1488 1
1489 0
1490 4
1491 1
1492 1
1493 0
1494 2
1495 1
1496 2
1497 2
1498 2
1499 2
1500 2
1501 2
1502 2
1503 1
1504 1
1505 2
1506 3
1507 1
1508 1
1509 1
1510 1
1511 1
1512 0
1513 1
1514 1
1515 1
1516 2
1517 1
1518 2
1519 0
1520 4
1521 0
1522 1
1523 2
1524 2
1525 4
1526 3
1527 1
1528 2
1529 1
1530 2
1531 2
1532 1
1533 2
1534 2
1535 0
1536 2
1537 2
1538 2
1539 2
1540 1
1541 3
1542 0
1543 2
1544 1
1545 1
1546 3
1547 1
1548 4
1549 2
1550 0
1551 1
1552 2
1553 1
1554 1
1555 1
1556 0
1557 0
1558 0
1559 1
1560 1
1561 0
1562 1
1563 2
1564 1
1565 1
1566 2
1567 1
1568 1
1569 0
1570 3
1571 1
1572 1
1573 1
1574 1
1575 1
1576 3
1577 1
1578 1
1579 3
1580 2
1581 1
1582 2
1583 1
1584 1
1585 2
1586 0
1587 1
1588 4
1589 4
1590 4
1591 1
1592 3
1593 1
1594 1
1595 1
1596 1
1597 1
1598 2
1599 1
1600 4
1601 1
1602 1
1603 4
1604 1
1605 0
1606 2
1607 1
1608 4
1609 1
1610 1
1611 1
1612 0
1613 2
1614 3
1615 1
1616 1
1617 2
1618 2
1619 1
1620 1
1621 1
1622 1
1623 1
1624 1
1625 1
1626 1
1627 1
1628 1
1629 1
1630 1
1631 1
1632 1
1633 1
1634 1
1635 1
1636 1
1637 1
1638 1
1639 1
1640 1
1641 3
1642 1
1643 2
1644 2
1645 2
1646 4
1647 4
1648 1
1649 1
1650 4
1651 1
1652 0
1653 0
1654 1
1655 1
1656 3
1657 0
1658 2
1659 1
1660 4
1661 0
1662 1
1663 1
1664 1
1665 2
1666 2
1667 1
1668 3
1669 1
1670 1
1671 1
1672 2
1673 2
1674 1
1675 1
1676 2
1677 2
1678 0
1679 3
1680 1
1681 1
1682 3
1683 1
1684 1
1685 1
1686 1
1687 1
1688 2
1689 2
1690 1
1691 3
1692 0
1693 2
1694 1
1695 1
1696 0
1697 2
1698 1
1699 1
1700 3
1701 1
1702 2
1703 1
1704 1
1705 4
1706 4
1707 4
1708 4
1709 1
1710 2
1711 4
1712 2
1713 2
1714 0
1715 1
1716 3
1717 2
1718 1
1719 1
1720 4
1721 3
1722 0
1723 2
1724 1
1725 1
1726 4
1727 4
1728 4
1729 4
1730 1
1731 4
1732 2
1733 1
1734 2
1735 2
1736 1
1737 4
1738 0
1739 2
1740 0
1741 1
1742 2
1743 2
1744 1
1745 2
1746 0
1747 0
1748 0
1749 4
1750 1
1751 2
1752 4
1753 2
1754 0
1755 1
1756 2
1757 1
1758 1
1759 1
1760 3
1761 2
1762 0
1763 4
1764 1
1765 3
1766 0
1767 0
1768 0
1769 0
1770 1
1771 0
1772 2
1773 3
1774 1
1775 2
1776 1
1777 1
1778 2
1779 1
1780 1
1781 2
1782 0
1783 2
1784 3
1785 2
1786 1
1787 3
1788 3
1789 1
1790 1
1791 1
1792 4
1793 4
1794 1
1795 1
1796 1
1797 2
1798 1
1799 2
1800 1
1801 0
1802 2
1803 1
1804 1
1805 2
1806 4
1807 1
1808 2
1809 1
1810 0
1811 1
1812 4
1813 2
1814 2
1815 1
1816 3
1817 3
1818 4
1819 1
1820 1
1821 2
1822 1
1823 2
1824 0
1825 1
1826 4
1827 2
1828 2
1829 1
1830 1
1831 1
1832 2
1833 1
1834 2
1835 3
1836 2
1837 2
1838 1
1839 1
1840 1
1841 2
1842 2
1843 1
1844 1
1845 2
1846 1
1847 1
1848 1
1849 1
1850 2
1851 2
1852 2
1853 0
1854 2
1855 1
1856 2
1857 1
1858 1
1859 1
1860 2
1861 1
1862 2
1863 2
1864 3
1865 1
1866 1
1867 2
1868 1
1869 0
1870 1
1871 2
1872 2
1873 2
1874 2
1875 1
1876 1
1877 2
1878 1
1879 1
1880 2
1881 1
1882 1
1883 2
1884 1
1885 4
1886 1
1887 2
1888 2
1889 2
1890 1
1891 2
1892 1
1893 2
1894 2
1895 2
1896 1
1897 1
1898 1
1899 2
1900 2
1901 1
1902 2
1903 1
1904 2
1905 1
1906 1
1907 2
1908 1
1909 4
1910 1
1911 0
1912 2
1913 1
1914 1
1915 1
1916 1
1917 1
1918 2
1919 2
1920 1
1921 1
1922 1
1923 2
1924 2
1925 1
1926 1
1927 2
1928 2
1929 1
1930 2
1931 1
1932 2
1933 2
1934 1
1935 2
1936 1
1937 1
1938 1
1939 1
1940 1
1941 1
1942 2
1943 2
1944 2
1945 3
1946 2
1947 0
1948 2
1949 1
1950 1
1951 1
1952 1
1953 1
1954 1
1955 1
1956 3
1957 1
1958 4
1959 2
1960 1
1961 0
1962 0
1963 1
1964 2
1965 0
1966 2
1967 1
1968 1
1969 1
1970 1
1971 1
1972 1
1973 1
1974 0
1975 2
1976 0
1977 0
1978 1
1979 4
1980 1
1981 1
1982 2
1983 1
1984 2
1985 1
1986 1
1987 3
1988 1
1989 1
1990 1
1991 1
1992 1
1993 2
1994 2
1995 1
1996 1
1997 3
1998 1
1999 2
2000 3
2001 2
2002 1
2003 1
2004 2
2005 3
2006 0
2007 1
2008 3
2009 1
2010 0
2011 0
2012 1
2013 1
2014 2
2015 1
2016 2
2017 4
2018 1
2019 1
2020 4
2021 1
2022 3
2023 1
2024 2
2025 2
2026 1
2027 3
2028 2
2029 2
2030 2
2031 2
2032 1
2033 1
2034 1
2035 1
2036 1
2037 1
2038 2
2039 1
2040 1
2041 2
2042 1
2043 1
2044 1
2045 2
2046 1
2047 1
2048 3
2049 3
2050 1
2051 1
2052 1
2053 2
2054 2
2055 2
2056 2
2057 2
2058 2
2059 1
2060 1
2061 3
2062 0
2063 2
2064 1
2065 1
2066 1
2067 2
2068 1
2069 1
2070 2
2071 2
2072 2
2073 2
2074 2
2075 1
2076 0
2077 2
2078 2
2079 3
2080 2
2081 2
2082 1
2083 2
2084 1
2085 1
2086 1
2087 2
2088 1
2089 2
2090 1
2091 4
2092 2
2093 1
2094 2
2095 2
2096 2
2097 1
2098 1
2099 1
2100 1
2101 0
2102 3
2103 4
2104 2
2105 1
2106 2
2107 2
2108 1
2109 2
2110 1
2111 0
2112 3
2113 2
2114 3
2115 1
2116 1
2117 0
2118 0
2119 4
2120 1
2121 2
2122 1
2123 1
2124 1
2125 2
2126 1
2127 1
2128 1
2129 1
2130 2
2131 4
2132 1
2133 3
2134 1
2135 3
2136 1
2137 3
2138 2
2139 0
2140 3
2141 2
2142 1
2143 2
2144 1
2145 2
2146 4
2147 2
2148 2
2149 1
2150 2
2151 1
2152 1
2153 4
2154 2
2155 2
2156 1
2157 2
2158 1
2159 2
2160 4
2161 2
2162 1
2163 2
2164 2
2165 3
2166 2
2167 1
2168 1
2169 0
2170 0
2171 2
2172 1
2173 2
2174 3
2175 1
2176 1
2177 1
2178 1
2179 2
2180 1
2181 2
2182 1
2183 2
2184 2
2185 4
2186 1
2187 2
2188 1
2189 1
2190 2
2191 1
2192 1
2193 0
2194 1
2195 1
2196 3
2197 1
2198 3
2199 1
2200 1
2201 1
2202 1
2203 1
2204 1
2205 2
2206 1
2207 3
2208 2
2209 4
2210 4
2211 2
2212 1
2213 0
2214 0
2215 1
2216 2
2217 0
2218 0
2219 1
2220 1
2221 1
2222 0
2223 1
2224 1
2225 2
2226 1
2227 0
2228 3
2229 1
2230 1
2231 0
2232 1
2233 0
2234 1
2235 4
2236 1
2237 1
2238 1
2239 1
2240 3
2241 1
2242 2
2243 1
2244 1
2245 1
2246 0
2247 1
2248 1
2249 1
2250 1
2251 1
2252 2
2253 1
2254 2
2255 1
2256 4
2257 1
2258 4
2259 3
2260 2
2261 1
2262 1
2263 2
2264 2
2265 2
2266 1
2267 1
2268 0
2269 3
2270 1
2271 2
2272 2
2273 1
2274 0
2275 2
2276 2
2277 3
2278 2
2279 0
2280 1
2281 1
2282 2
2283 4
2284 3
2285 2
2286 1
2287 1
2288 3
2289 2
2290 1
2291 0
2292 1
2293 1
2294 1
2295 1
2296 2
2297 1
2298 0
2299 1
2300 0
2301 0
2302 0
2303 1
2304 1
2305 1
2306 2
2307 2
2308 3
2309 2
2310 1
2311 0
2312 3
2313 1
2314 2
2315 2
2316 2
2317 2
2318 1
2319 1
2320 1
2321 4
2322 2
2323 3
2324 4
2325 1
2326 1
2327 2
2328 1
2329 3
2330 2
2331 1
2332 0
2333 0
2334 2
2335 3
2336 0
2337 1
2338 4
2339 1
2340 1
2341 2
2342 1
2343 1
2344 1
2345 2
2346 1
2347 1
2348 1
2349 1
2350 1
2351 0
2352 2
2353 2
2354 2
2355 1
2356 1
2357 1
2358 3
2359 4
2360 1
2361 1
2362 2
2363 1
2364 2
2365 0
2366 3
2367 2
2368 2
2369 0
2370 1
2371 2
2372 1
2373 2
2374 1
2375 1
2376 0
2377 0
2378 2
2379 4
2380 0
2381 3
2382 3
2383 0
2384 2
2385 2
2386 2
2387 1
2388 1
2389 2
2390 4
2391 0
2392 2
2393 1
2394 1
2395 2
2396 2
2397 1
2398 2
2399 0
2400 4
2401 4
2402 1
2403 2
2404 2
2405 2
2406 2
2407 2
2408 1
2409 0
2410 3
2411 1
2412 2
2413 1
2414 1
2415 1
2416 1
2417 1
2418 0
2419 3
2420 1
2421 1
2422 1
2423 1
2424 1
2425 1
2426 3
2427 0
2428 1
2429 0
2430 0
2431 0
2432 1
2433 2
2434 2
2435 0
2436 2
2437 3
2438 1
2439 0
2440 1
2441 0
2442 0
2443 2
2444 2
2445 0
2446 2
2447 2
2448 1
2449 1
2450 0
2451 2
2452 2
2453 1
2454 1
2455 1
2456 2
2457 1
2458 1
2459 0
2460 1
2461 2
2462 1
2463 1
2464 1
2465 2
2466 1
2467 0
2468 0
2469 0
2470 1
2471 4
2472 1
2473 1
2474 4
2475 3
2476 1
2477 1
2478 1
2479 3
2480 2
2481 2
2482 1
2483 2
2484 2
2485 2
2486 1
2487 0
2488 1
2489 1
2490 1
2491 1
2492 1
2493 2
2494 4
2495 3
2496 4
2497 1
2498 1
2499 1
2500 1
2501 4
2502 0
2503 1
2504 0
2505 2
2506 1
2507 3
2508 0
2509 1
2510 1
2511 1
2512 1
2513 2
2514 1
2515 1
2516 2
2517 1
2518 1
2519 1
2520 2
2521 2
2522 2
2523 0
2524 1
2525 0
2526 1
2527 1
2528 3
2529 1
2530 1
2531 2
2532 1
2533 1
2534 1
2535 2
2536 1
2537 2
2538 1
2539 1
2540 2
2541 2
2542 2
2543 2
2544 1
2545 1
2546 1
2547 0
2548 2
2549 2
2550 1
2551 1
2552 0
2553 2
2554 2
2555 2
2556 0
2557 1
2558 1
2559 0
2560 4
2561 1
2562 0
2563 1
2564 1
2565 1
2566 2
2567 2
2568 2
2569 2
2570 2
2571 2
2572 2
2573 1
2574 2
2575 1
2576 1
2577 2
2578 1
2579 2
2580 3
2581 2
2582 1
2583 0
2584 2
2585 2
2586 1
2587 2
2588 1
2589 1
2590 4
2591 1
2592 2
2593 2
2594 1
2595 1
2596 3
2597 1
2598 2
2599 1
2600 1
2601 1
2602 1
2603 1
2604 3
2605 1
2606 2
2607 4
2608 2
2609 1
2610 3
2611 1
2612 1
2613 3
2614 4
2615 1
2616 1
2617 1
2618 3
2619 3
2620 1
2621 0
2622 1
2623 1
2624 2
2625 1
2626 3
2627 3
2628 3
2629 3
2630 4
2631 3
2632 3
2633 3
2634 3
2635 3
2636 3
2637 3
2638 3
2639 3
2640 3
2641 3
2642 3
2643 3
2644 3
2645 3
2646 3
2647 3
2648 2
2649 1
2650 3
2651 2
2652 2
2653 3
2654 3
2655 4
2656 4
2657 3
2658 3
2659 2
2660 1
2661 1
2662 1
2663 3
2664 0
2665 2
2666 2
2667 2
2668 2
2669 2
2670 2
2671 2
2672 2
2673 0
2674 3
2675 2
2676 2
2677 2
2678 2
2679 2
2680 2
2681 2
2682 2
2683 2
2684 2
2685 2
2686 0
2687 0
2688 2
2689 2
2690 0
2691 2
2692 2
2693 2
2694 2
2695 4
2696 2
2697 2
2698 3
2699 2
2700 3
2701 2
2702 2
2703 1
2704 1
2705 2
2706 1
2707 1
2708 1
2709 1
2710 2
2711 1
2712 1
2713 1
2714 1
2715 2
2716 0
2717 1
2718 1
2719 1
2720 2
2721 3
2722 1
2723 4
2724 1
2725 3
2726 0
2727 2
2728 2
2729 1
2730 1
2731 1
2732 1
2733 4
2734 1
2735 2
2736 3
2737 1
2738 1
2739 2
2740 3
2741 3
2742 0
2743 2
2744 2
2745 1
2746 2
2747 1
2748 2
2749 1
2750 1
2751 2
2752 2
2753 2
2754 1
2755 2
2756 0
2757 0
2758 2
2759 0
2760 1
2761 0
2762 3
2763 4
2764 1
2765 2
2766 1
2767 2
2768 3
2769 1
2770 2
2771 2
2772 2
2773 2
2774 2
2775 2
2776 1
2777 3
2778 1
2779 1
2780 2
2781 1
2782 0
2783 2
2784 3
2785 1
2786 2
2787 1
2788 2
2789 1
2790 2
2791 0
2792 1
2793 4
2794 0
2795 1
2796 1
2797 1
2798 2
2799 2
2800 0
2801 1
2802 2
2803 2
2804 0
2805 2
2806 0
2807 4
2808 4
2809 4
2810 1
2811 1
2812 1
2813 2
2814 3
2815 1
2816 1
2817 2
2818 2
2819 2
2820 2
2821 1
2822 2
2823 3
2824 3
2825 3
2826 1
2827 1
2828 3
2829 3
2830 3
2831 2
2832 1
2833 1
2834 1
2835 1
2836 1
2837 2
2838 2
2839 2
2840 2
2841 3
2842 2
2843 3
2844 1
2845 1
2846 1
2847 1
2848 1
2849 1
2850 2
2851 0
2852 2
2853 0
2854 1
2855 1
2856 0
2857 1
2858 1
2859 1
2860 2
2861 0
2862 2
2863 0
2864 1
2865 1
2866 0
2867 2
2868 1
2869 2
2870 0
2871 0
2872 1
2873 3
2874 1
2875 3
2876 0
2877 2
2878 2
2879 1
2880 2
2881 0
2882 3
2883 2
2884 2
2885 1
2886 1
2887 2
2888 0
2889 1
2890 2
2891 3
2892 1
2893 1
2894 1
2895 1
2896 1
2897 0
2898 1
2899 1
2900 3
2901 3
2902 2
2903 1
2904 2
2905 1
2906 2
2907 2
2908 4
2909 1
2910 1
2911 1
2912 1
2913 1
2914 2
2915 2
2916 2
2917 2
2918 2
2919 2
2920 0
2921 2
2922 1
2923 0
2924 2
2925 2
2926 2
2927 2
2928 0
2929 1
2930 2
2931 2
2932 0
2933 1
2934 1
2935 1
2936 0
2937 1
2938 1
2939 2
2940 1
2941 2
2942 2
2943 2
2944 1
2945 3
2946 2
2947 2
2948 2
2949 4
2950 1
2951 2
2952 3
2953 1
2954 0
2955 2
2956 2
2957 1
2958 2
2959 1
2960 2
2961 2
2962 1
2963 1
2964 2
2965 3
2966 1
2967 2
2968 2
2969 0
2970 1
2971 1
2972 1
2973 2
2974 4
2975 1
2976 2
2977 2
2978 1
2979 0
2980 1
2981 1
2982 2
2983 2
2984 1
2985 1
2986 2
2987 1
2988 1
2989 4
2990 2
2991 3
2992 1
2993 1
2994 0
2995 3
2996 2
2997 1
2998 2
2999 2
3000 2
3001 2
3002 2
3003 0
3004 1
3005 0
3006 0
3007 3
3008 1
3009 1
3010 1
3011 1
3012 1
3013 0
3014 1
3015 1
3016 1
3017 1
3018 1
3019 2
3020 2
3021 2
3022 1
3023 2
3024 1
3025 0
3026 2
3027 1
3028 1
3029 2
3030 1
3031 2
3032 2
3033 2
3034 1
3035 2
3036 1
3037 4
3038 2
3039 1
3040 1
3041 1
3042 1
3043 1
3044 2
3045 2
3046 1
3047 0
3048 0
3049 1
3050 1
3051 2
3052 1
3053 1
3054 1
3055 2
3056 2
3057 1
3058 4
3059 1
3060 1
3061 1
3062 2
3063 1
3064 0
3065 1
3066 2
3067 1
3068 2
3069 1
3070 2
3071 2
3072 1
3073 3
3074 3
3075 1
3076 0
3077 1
3078 0
3079 1
3080 2
3081 1
3082 1
3083 2
3084 2
3085 1
3086 4
3087 2
3088 4
3089 2
3090 1
3091 3
3092 1
3093 2
3094 1
3095 1
3096 3
3097 1
3098 1
3099 1
3100 2
3101 1
3102 1
3103 2
3104 2
3105 1
3106 3
3107 1
3108 0
3109 1
3110 1
3111 2
3112 1
3113 1
3114 4
3115 1
3116 1
3117 2
3118 2
3119 4
3120 4
3121 4
3122 1
3123 2
3124 2
3125 2
3126 2
3127 2
3128 1
3129 4
3130 2
3131 3
3132 1
3133 0
3134 2
3135 1
3136 1
3137 4
3138 2
3139 1
3140 1
3141 1
3142 1
3143 1
3144 2
3145 2
3146 2
3147 2
3148 2
3149 4
3150 2
3151 2
3152 2
3153 2
3154 2
3155 4
3156 1
3157 1
3158 1
3159 1
3160 1
3161 2
3162 1
3163 1
3164 2
3165 1
3166 1
3167 1
3168 2
3169 1
3170 0
3171 2
3172 1
3173 0
3174 1
3175 1
3176 1
3177 0
3178 1
3179 1
3180 1
3181 1
3182 2
3183 1
3184 3
3185 1
3186 2
3187 1
3188 2
3189 2
3190 2
3191 3
3192 1
3193 1
3194 2
3195 3
3196 2
3197 0
3198 1
3199 2
3200 1
3201 1
3202 0
3203 4
3204 2
3205 3
3206 3
3207 1
3208 0
3209 1
3210 2
3211 1
3212 1
3213 1
3214 2
3215 1
3216 4
3217 3
3218 1
3219 1
3220 1
3221 1
3222 3
3223 1
3224 4
3225 2
3226 0
3227 2
3228 1
3229 1
3230 1
3231 2
3232 1
3233 3
3234 1
3235 3
3236 3
3237 0
3238 1
3239 1
3240 1
3241 1
3242 1
3243 1
3244 2
3245 2
3246 1
3247 2
3248 3
3249 1
3250 1
3251 0
3252 2
3253 1
3254 2
3255 1
3256 1
3257 2
3258 2
3259 1
3260 1
3261 0
3262 1
3263 2
3264 2
3265 2
3266 1
3267 1
3268 2
3269 2
3270 1
3271 1
3272 1
3273 2
3274 1
3275 1
3276 2
3277 1
3278 1
3279 3
3280 1
3281 1
3282 2
3283 1
3284 2
3285 0
3286 2
3287 2
3288 1
3289 1
3290 1
3291 3
3292 1
3293 0
3294 4
3295 3
3296 3
3297 1
3298 1
3299 1
3300 1
3301 2
3302 1
3303 2
3304 1
3305 2
3306 2
3307 2
3308 2
3309 2
3310 2
3311 0
3312 2
3313 1
3314 1
3315 1
3316 1
3317 2
3318 0
3319 1
3320 2
3321 2
3322 1
3323 1
3324 0
3325 2
3326 1
3327 1
3328 0
3329 3
3330 1
3331 1
3332 1
3333 3
3334 0
3335 4
3336 1
3337 1
3338 1
3339 1
3340 1
3341 1
3342 1
3343 0
3344 1
3345 1
3346 1
3347 2
3348 1
3349 1
3350 1
3351 1
3352 1
3353 1
3354 3
3355 0
3356 1
3357 2
3358 1
3359 1
3360 1
3361 4
3362 1
3363 1
3364 1
3365 0
3366 4
3367 1
3368 2
3369 1
3370 0
3371 2
3372 1
3373 2
3374 2
3375 2
3376 1
3377 4
3378 2
3379 3
3380 4
3381 4
3382 2
3383 1
3384 2
3385 2
3386 1
3387 2
3388 3
3389 0
3390 1
3391 1
3392 2
3393 2
3394 1
3395 0
3396 1
3397 1
3398 1
3399 1
3400 0
3401 2
3402 4
3403 1
3404 1
3405 4
3406 1
3407 3
3408 3
3409 1
3410 2
3411 2
3412 1
3413 2
3414 2
3415 0
3416 3
3417 0
3418 1
3419 3
3420 1
3421 1
3422 4
3423 2
3424 2
3425 2
3426 1
3427 0
3428 1
3429 2
3430 1
3431 2
3432 2
3433 0
3434 1
3435 1
3436 4
3437 4
3438 2
3439 0
3440 1
3441 1
3442 1
3443 1
3444 2
3445 1
3446 2
3447 1
3448 0
3449 2
3450 0
3451 2
3452 0
3453 2
3454 1
3455 1
3456 1
3457 1
3458 2
3459 1
3460 1
3461 0
3462 1
3463 2
3464 2
3465 1
3466 2
3467 1
3468 1
3469 1
3470 1
3471 1
3472 2
3473 0
3474 2
3475 4
3476 1
3477 1
3478 1
3479 2
3480 1
3481 1
3482 1
3483 3
3484 1
3485 1
3486 3
3487 1
3488 0
3489 3
3490 1
3491 1
3492 1
3493 3
3494 1
3495 3
3496 0
3497 0
3498 1
3499 2
3500 2
3501 1
3502 0
3503 2
3504 4
3505 2
3506 1
3507 3
3508 4
3509 2
3510 1
3511 1
3512 1
3513 4
3514 1
3515 1
3516 1
3517 2
3518 1
3519 0
3520 1
3521 2
3522 2
3523 3
3524 1
3525 0
3526 3
3527 1
3528 1
3529 0
3530 2
3531 4
3532 2
3533 3
3534 2
3535 2
3536 3
3537 4
3538 1
3539 1
3540 1
3541 3
3542 1
3543 1
3544 1
3545 1
3546 2
3547 2
3548 1
3549 1
3550 0
3551 1
3552 1
3553 2
3554 4
3555 3
3556 1
3557 1
3558 1
3559 2
3560 0
3561 1
3562 1
3563 2
3564 1
3565 2
3566 3
3567 1
3568 0
3569 1
3570 3
3571 1
3572 0
3573 2
3574 2
3575 1
3576 1
3577 1
3578 2
3579 2
3580 1
3581 2
3582 1
3583 4
3584 1
3585 1
3586 1
3587 4
3588 1
3589 1
3590 1
3591 1
3592 4
3593 1
3594 1
3595 1
3596 0
3597 1
3598 1
3599 1
3600 1
3601 1
3602 1
3603 1
3604 1
3605 1
3606 1
3607 1
3608 1
3609 1
3610 1
3611 3
3612 1
3613 1
3614 1
3615 1
3616 1
3617 1
3618 1
3619 1
3620 1
3621 1
3622 1
3623 1
3624 1
3625 1
3626 1
3627 1
3628 1
3629 1
3630 1
3631 1
3632 1
3633 1
3634 1
3635 1
3636 1
3637 1
3638 1
3639 1
3640 1
3641 1
3642 1
3643 1
3644 1
3645 1
3646 1
3647 1
3648 1
3649 0
3650 1
3651 0
3652 1
3653 1
3654 1
3655 1
3656 1
3657 1
3658 1
3659 1
3660 1
3661 1
3662 1
3663 1
3664 1
3665 1
3666 0
3667 1
3668 1
3669 1
3670 2
3671 1
3672 0
3673 1
3674 2
3675 0
3676 1
3677 1
3678 2
3679 0
3680 1
3681 1
3682 1
3683 1
3684 1
3685 1
3686 1
3687 1
3688 1
3689 1
3690 1
3691 1
3692 1
3693 1
3694 1
3695 0
3696 1
3697 1
3698 1
3699 1
3700 1
3701 1
3702 4
3703 2
3704 1
3705 1
3706 2
3707 4
3708 1
3709 1
3710 4
3711 2
3712 2
3713 2
3714 2
3715 3
3716 1
3717 2
3718 1
3719 1
3720 0
3721 4
3722 4
3723 1
3724 2
3725 2
3726 1
3727 2
3728 2
3729 2
3730 3
3731 0
3732 2
3733 0
3734 1
3735 2
3736 2
3737 1
3738 1
3739 0
3740 4
3741 1
3742 1
3743 2
3744 1
3745 1
3746 1
3747 0
3748 2
3749 1
3750 0
3751 0
3752 1
3753 1
3754 1
3755 1
3756 1
3757 2
3758 1
3759 1
3760 1
3761 0
3762 1
3763 1
3764 2
3765 1
3766 1
3767 1
3768 2
3769 2
3770 1
3771 1
3772 1
3773 0
3774 1
3775 1
3776 1
3777 2
3778 1
3779 1
3780 3
3781 2
3782 2
3783 1
3784 3
3785 0
3786 1
3787 1
3788 1
3789 3
3790 1
3791 2
3792 1
3793 1
3794 1
3795 1
3796 4
3797 1
3798 2
3799 2
3800 2
3801 1
3802 1
3803 1
3804 2
3805 1
3806 1
3807 1
3808 1
3809 1
3810 1
3811 1
3812 0
3813 2
3814 2
3815 1
3816 0
3817 4
3818 1
3819 2
3820 2
3821 1
3822 1
3823 2
3824 3
3825 1
3826 2
3827 3
3828 0
3829 2
3830 1
3831 0
3832 1
3833 1
3834 0
3835 2
3836 2
3837 0
3838 1
3839 2
3840 1
3841 2
3842 1
3843 2
3844 1
3845 4
3846 1
3847 1
3848 1
3849 1
3850 2
3851 3
3852 0
3853 1
3854 2
3855 1
3856 0
3857 2
3858 2
3859 1
3860 2
3861 2
3862 3
3863 1
3864 0
3865 3
3866 3
3867 3
3868 3
3869 0
3870 1
3871 3
3872 1
3873 1
3874 0
3875 2
3876 1
3877 1
3878 1
3879 1
3880 4
3881 2
3882 2
3883 1
3884 2
3885 2
3886 1
3887 1
3888 4
3889 2
3890 1
3891 1
3892 0
3893 1
3894 0
3895 1
3896 2
3897 1
3898 1
3899 2
3900 1
3901 3
3902 1
3903 1
3904 3
3905 4
3906 1
3907 2
3908 2
3909 1
3910 4
3911 3
3912 1
3913 0
3914 3
3915 1
3916 1
3917 0
3918 1
3919 0
3920 2
3921 1
3922 2
3923 1
3924 1
3925 2
3926 1
3927 1
3928 4
3929 4
3930 2
3931 2
3932 1
3933 1
3934 2
3935 0
3936 2
3937 2
3938 0
3939 1
3940 2
3941 1
3942 1
3943 1
3944 0
3945 1
3946 1
3947 0
3948 2
3949 0
3950 2
3951 0
3952 2
3953 4
3954 1
3955 1
3956 1
3957 0
3958 1
3959 1
3960 2
3961 0
3962 2
3963 1
3964 4
3965 4
3966 2
3967 3
3968 1
3969 2
3970 4
3971 4
3972 3
3973 4
3974 4
3975 1
3976 4
3977 4
3978 4
3979 4
3980 2
3981 0
3982 4
3983 3
3984 1
3985 1
3986 2
3987 1
3988 0
3989 1
3990 4
3991 0
3992 3
3993 2
3994 0
3995 1
3996 2
3997 1
3998 1
3999 0
4000 0
4001 2
4002 0
4003 1
4004 1
4005 1
4006 1
4007 0
4008 1
4009 4
4010 1
4011 1
4012 1
4013 1
4014 1
4015 1
4016 1
4017 1
4018 1
4019 2
4020 0
4021 3
4022 4
4023 1
4024 1
4025 4
4026 2
4027 1
4028 1
4029 1
4030 1
4031 3
4032 0
4033 4
4034 4
4035 2
4036 0
4037 1
4038 2
4039 2
4040 2
4041 0
4042 0
4043 1
4044 1
4045 4
4046 1
4047 2
4048 2
4049 1
4050 2
4051 2
4052 2
4053 1
4054 1
4055 1
4056 2
4057 4
4058 1
4059 2
4060 2
4061 3
4062 1
4063 0
4064 2
4065 2
4066 2
4067 2
4068 1
4069 2
4070 2
4071 1
4072 1
4073 2
4074 2
4075 2
4076 4
4077 1
4078 0
4079 3
4080 1
4081 2
4082 0
4083 2
4084 1
4085 1
4086 2
4087 1
4088 2
4089 2
4090 2
4091 1
4092 1
4093 4
4094 2
4095 1
4096 1
4097 4
4098 1
4099 1
4100 2
4101 0
4102 3
4103 1
4104 1
4105 2
4106 2
4107 2
4108 0
4109 0
4110 2
4111 2
4112 1
4113 1
4114 0
4115 1
4116 2
4117 1
4118 1
4119 1
4120 2
4121 2
4122 1
4123 1
4124 2
4125 2
4126 4
4127 1
4128 2
4129 3
4130 1
4131 1
4132 0
4133 3
4134 1
4135 1
4136 1
4137 4
4138 0
4139 0
4140 3
4141 0
4142 1
4143 0
4144 1
4145 1
4146 0
4147 1
4148 1
4149 0
4150 1
4151 1
4152 1
4153 1
4154 1
4155 0
4156 1
4157 0
4158 1
4159 2
4160 4
4161 4
4162 1
4163 1
4164 1
4165 1
4166 1
4167 3
4168 2
4169 1
4170 2
4171 2
4172 1
4173 2
4174 1
4175 1
4176 2
4177 0
4178 4
4179 1
4180 1
4181 4
4182 2
4183 1
4184 1
4185 1
4186 1
4187 1
4188 1
4189 3
4190 2
4191 1
4192 0
4193 1
4194 2
4195 1
4196 1
4197 1
4198 3
4199 2
4200 4
4201 2
4202 2
4203 4
4204 1
4205 0
4206 2
4207 1
4208 1
4209 0
4210 2
4211 2
4212 2
4213 2
4214 1
4215 2
4216 1
4217 1
4218 1
4219 0
4220 0
4221 1
4222 1
4223 3
4224 4
4225 2
4226 2
4227 0
4228 0
4229 2
4230 2
4231 2
4232 3
4233 1
4234 2
4235 0
4236 0
4237 2
4238 1
4239 2
4240 1
4241 0
4242 1
4243 3
4244 3
4245 1
4246 2
4247 1
4248 0
4249 4
4250 2
4251 2
4252 1
4253 2
4254 1
4255 4
4256 2
4257 0
4258 1
4259 0
4260 3
4261 0
4262 1
4263 1
4264 4
4265 2
4266 2
4267 1
4268 1
4269 1
4270 0
4271 1
4272 1
4273 4
4274 2
4275 2
4276 1
4277 1
4278 2
4279 1
4280 2
4281 2
4282 2
4283 0
4284 4
4285 1
4286 1
4287 2
4288 1
4289 1
4290 1
4291 1
4292 1
4293 1
4294 3
4295 1
4296 1
4297 3
4298 1
4299 1
4300 3
4301 1
4302 1
4303 3
4304 3
4305 1
4306 1
4307 2
4308 1
4309 1
4310 1
4311 1
4312 1
4313 3
4314 1
4315 2
4316 2
4317 1
4318 1
4319 2
4320 1
4321 2
4322 2
4323 1
4324 1
4325 1
4326 2
4327 1
4328 2
4329 2
4330 2
4331 1
4332 4
4333 2
4334 2
4335 1
4336 1
4337 4
4338 1
4339 4
4340 3
4341 2
4342 3
4343 3
4344 3
4345 4
4346 0
4347 1
4348 3
4349 1
4350 2
4351 0
4352 1
4353 1
4354 1
4355 2
4356 0
4357 1
4358 2
4359 2
4360 3
4361 2
4362 2
4363 3
4364 0
4365 2
4366 1
4367 0
4368 1
4369 2
4370 1
4371 1
4372 2
4373 1
4374 3
4375 1
4376 0
4377 3
4378 0
4379 1
4380 1
4381 1
4382 2
4383 2
4384 2
4385 2
4386 3
4387 3
4388 2
4389 2
4390 2
4391 2
4392 2
4393 0
4394 3
4395 2
4396 1
4397 1
4398 1
4399 1
4400 1
4401 2
4402 1
4403 1
4404 0
4405 2
4406 4
4407 1
4408 2
4409 1
4410 1
4411 2
4412 3
4413 1
4414 2
4415 2
4416 0
4417 2
4418 4
4419 1
4420 0
4421 1
4422 2
4423 2
4424 1
4425 4
4426 3
4427 2
4428 3
4429 1
4430 1
4431 2
4432 3
4433 1
4434 1
4435 3
4436 0
4437 3
4438 3
4439 3
4440 2
4441 3
4442 1
4443 4
4444 1
4445 0
4446 2
4447 2
4448 1
4449 0
4450 1
4451 0
4452 1
4453 2
4454 1
4455 0
4456 3
4457 3
4458 1
4459 4
4460 0
4461 4
4462 2
4463 3
4464 2
4465 1
4466 2
4467 1
4468 1
4469 2
4470 2
4471 1
4472 1
4473 3
4474 3
4475 3
4476 2
4477 2
4478 1
4479 1
4480 1
4481 0
4482 2
4483 2
4484 4
4485 2
4486 0
4487 2
4488 2
4489 2
4490 2
4491 4
4492 2
4493 2
4494 2
4495 0
4496 3
4497 2
4498 1
4499 1
4500 1
4501 2
4502 1
4503 2
4504 1
4505 1
4506 2
4507 1
4508 2
4509 0
4510 2
4511 2
4512 1
4513 1
4514 1
4515 0
4516 2
4517 1
4518 1
4519 3
4520 3
4521 1
4522 1
4523 4
4524 0
4525 1
4526 0
4527 1
4528 1
4529 3
4530 1
4531 1
4532 2
4533 0
4534 1
4535 2
4536 2
4537 1
4538 1
4539 0
4540 1
4541 2
4542 1
4543 1
4544 2
4545 0
4546 1
4547 1
4548 3
4549 2
4550 0
4551 1
4552 1
4553 1
4554 1
4555 1
4556 1
4557 1
4558 1
4559 2
4560 1
4561 2
4562 0
4563 2
4564 3
4565 1
4566 2
4567 0
4568 2
4569 1
4570 2
4571 3
4572 1
4573 3
4574 1
4575 3
4576 0
4577 1
4578 1
4579 2
4580 2
4581 1
4582 2
4583 2
4584 1
4585 2
4586 1
4587 1
4588 2
4589 4
4590 1
4591 1
4592 1
4593 3
4594 2
4595 4
4596 1
4597 2
4598 1
4599 1
4600 1
4601 2
4602 2
4603 1
4604 0
4605 0
4606 1
4607 3
4608 2
4609 1
4610 1
4611 1
4612 2
4613 1
4614 1
4615 1
4616 2
4617 2
4618 0
4619 1
4620 0
4621 1
4622 2
4623 2
4624 1
4625 3
4626 2
4627 3
4628 1
4629 2
4630 2
4631 1
4632 2
4633 4
4634 1
4635 0
4636 1
4637 3
4638 1
4639 0
4640 1
4641 2
4642 2
4643 2
4644 0
4645 1
4646 0
4647 4
4648 2
4649 0
4650 1
4651 1
4652 1
4653 0
4654 1
4655 0
4656 2
4657 1
4658 1
4659 1
4660 2
4661 1
4662 1
4663 1
4664 1
4665 1
4666 1
4667 2
4668 2
4669 1
4670 4
4671 1
4672 1
4673 2
4674 1
4675 1
4676 2
4677 1
4678 2
4679 1
4680 2
4681 1
4682 1
4683 2
4684 2
4685 0
4686 1
4687 2
4688 0
4689 0
4690 1
4691 2
4692 2
4693 1
4694 2
4695 4
4696 1
4697 1
4698 0
4699 2
4700 1
4701 1
4702 2
4703 2
4704 2
4705 2
4706 2
4707 2
4708 4
4709 3
4710 2
4711 3
4712 2
4713 2
4714 1
4715 2
4716 2
4717 2
4718 1
4719 1
4720 1
4721 2
4722 1
4723 2
4724 2
4725 2
4726 2
4727 3
4728 2
4729 2
4730 2
4731 2
4732 0
4733 0
4734 3
4735 2
4736 1
4737 3
4738 4
4739 1
4740 1
4741 4
4742 1
4743 1
4744 1
4745 1
4746 1
4747 1
4748 2
4749 1
4750 1
4751 1
4752 2
4753 2
4754 1
4755 1
4756 4
4757 3
4758 2
4759 1
4760 2
4761 1
4762 4
4763 0
4764 1
4765 3
4766 2
4767 1
4768 1
4769 4
4770 1
4771 1
4772 1
4773 1
4774 4
4775 1
4776 1
4777 1
4778 1
4779 2
4780 1
4781 0
4782 2
4783 4
4784 2
4785 1
4786 1
4787 2
4788 1
4789 2
4790 1
4791 2
4792 2
4793 2
4794 1
4795 4
4796 4
4797 3
4798 3
4799 3
4800 3
4801 2
4802 0
4803 2
4804 1
4805 0
4806 2
4807 2
4808 1
4809 1
4810 1
4811 1
4812 1
4813 3
4814 1
4815 1
4816 1
4817 2
4818 1
4819 1
4820 3
4821 4
4822 1
4823 2
4824 2
4825 2
4826 4
4827 1
4828 2
4829 4
4830 0
4831 3
4832 1
4833 2
4834 0
4835 1
4836 4
4837 1
4838 1
4839 1
4840 2
4841 1
4842 1
4843 2
4844 1
4845 1
4846 1
4847 2
4848 1
4849 1
4850 0
4851 2
4852 4
4853 1
4854 2
4855 4
4856 0
4857 1
4858 3
4859 1
4860 3
4861 1
4862 2
4863 4
4864 1
4865 1
4866 4
4867 1
4868 3
4869 0
4870 0
4871 2
4872 2
4873 1
4874 1
4875 1
4876 1
4877 1
4878 1
4879 1
4880 0
4881 4
4882 1
4883 1
4884 1
4885 1
4886 1
4887 2
4888 1
4889 1
4890 1
4891 4
4892 2
4893 1
4894 1
4895 0
4896 2
4897 1
4898 1
4899 0
4900 1
4901 2
4902 1
4903 3
4904 2
4905 1
4906 2
4907 2
4908 1
4909 3
4910 3
4911 1
4912 2
4913 1
4914 3
4915 1
4916 1
4917 2
4918 2
4919 1
4920 4
4921 2
4922 2
4923 3
4924 3
4925 3
4926 1
4927 1
4928 4
4929 2
4930 1
4931 2
4932 2
4933 2
4934 2
4935 1
4936 2
4937 1
4938 1
4939 3
4940 4
4941 3
4942 4
4943 3
4944 2
4945 2
4946 1
4947 2
4948 3
4949 3
4950 1
4951 2
4952 1
4953 1
4954 2
4955 1
4956 3
4957 1
4958 1
4959 0
4960 3
4961 3
4962 3
4963 2
4964 0
4965 0
4966 2
4967 1
4968 2
4969 2
4970 4
4971 1
4972 2
4973 2
4974 1
4975 1
4976 1
4977 1
4978 3
4979 2
4980 1
4981 2
4982 1
4983 4
4984 1
4985 1
4986 4
4987 0
4988 3
4989 3
4990 2
4991 2
4992 3
4993 1
4994 2
4995 2
4996 4
4997 3
4998 3
4999 4
5000 1
5001 2
5002 1
5003 0
5004 3
5005 2
5006 1
5007 1
5008 1
5009 1
5010 2
5011 2
5012 0
5013 1
5014 1
5015 4
5016 4
5017 1
5018 1
5019 1
5020 4
5021 0
5022 1
5023 4
5024 1
5025 1
5026 1
5027 1
5028 1
5029 4
5030 1
5031 0
5032 2
5033 0
5034 1
5035 2
5036 0
5037 2
5038 1
5039 2
5040 2
5041 1
5042 1
5043 0
5044 1
5045 2
5046 4
5047 1
5048 1
5049 1
5050 2
5051 2
5052 0
5053 2
5054 1
5055 0
5056 2
5057 2
5058 2
5059 0
5060 2
5061 1
5062 1
5063 1
5064 1
5065 3
5066 3
5067 1
5068 1
5069 1
5070 2
5071 1
5072 2
5073 1
5074 1
5075 4
5076 2
5077 2
5078 2
5079 2
5080 0
5081 1
5082 0
5083 0
5084 0
5085 2
5086 2
5087 1
5088 3
5089 1
5090 3
5091 2
5092 1
5093 4
5094 2
5095 3
5096 1
5097 4
5098 0
5099 0
5100 1
5101 2
5102 1
5103 1
5104 1
5105 1
5106 1
5107 4
5108 1
5109 2
5110 1
5111 1
5112 2
5113 3
5114 3
5115 4
5116 1
5117 1
5118 3
5119 2
5120 0
5121 0
5122 4
5123 1
5124 1
5125 2
5126 2
5127 2
5128 1
5129 2
5130 1
5131 1
5132 4
5133 1
5134 2
5135 3
5136 0
5137 1
5138 2
5139 2
5140 4
5141 1
5142 0
5143 1
5144 1
5145 4
5146 3
5147 3
5148 2
5149 2
5150 2
5151 0
5152 1
5153 3
5154 1
5155 0
5156 1
5157 3
5158 1
5159 0
5160 4
5161 2
5162 2
5163 2
5164 2
5165 0
5166 1
5167 1
5168 1
5169 1
5170 0
5171 2
5172 3
5173 4
5174 2
5175 1
5176 0
5177 0
5178 1
5179 1
5180 1
5181 0
5182 1
5183 2
5184 2
5185 1
5186 1
5187 1
5188 4
5189 1
5190 2
5191 2
5192 1
5193 1
5194 2
5195 1
5196 4
5197 1
5198 2
5199 2
5200 1
5201 2
5202 1
5203 2
5204 2
5205 1
5206 1
5207 1
5208 1
5209 1
5210 1
5211 1
5212 1
5213 1
5214 1
5215 1
5216 1
5217 1
5218 1
5219 1
5220 1
5221 1
5222 1
5223 1
5224 1
5225 1
5226 1
5227 1
5228 1
5229 1
5230 1
5231 1
5232 1
5233 1
5234 1
5235 1
5236 2
5237 2
5238 0
5239 1
5240 1
5241 1
5242 1
5243 1
5244 0
5245 0
5246 2
5247 2
5248 1
5249 1
5250 0
5251 2
5252 2
5253 2
5254 3
5255 2
5256 1
5257 4
5258 2
5259 4
5260 2
5261 1
5262 1
5263 1
5264 1
5265 2
5266 1
5267 1
5268 1
5269 1
5270 1
5271 2
5272 1
5273 2
5274 2
5275 2
5276 1
5277 1
5278 1
5279 2
5280 1
5281 3
5282 1
5283 1
5284 1
5285 2
5286 4
5287 1
5288 1
5289 2
5290 1
5291 2
5292 1
5293 3
5294 1
5295 2
5296 2
5297 1
5298 1
5299 1
5300 2
5301 4
5302 2
5303 1
5304 1
5305 3
5306 3
5307 1
5308 1
5309 3
5310 2
5311 3
5312 0
5313 1
5314 2
5315 2
5316 1
5317 0
5318 1
5319 0
5320 2
5321 4
5322 1
5323 1
5324 1
5325 2
5326 1
5327 1
5328 3
5329 1
5330 1
5331 2
5332 2
5333 2
5334 3
5335 2
5336 1
5337 2
5338 2
5339 1
5340 2
5341 3
5342 1
5343 0
5344 3
5345 0
5346 2
5347 2
5348 2
5349 2
5350 1
5351 2
5352 1
5353 2
5354 2
5355 1
5356 0
5357 3
5358 3
5359 2
5360 2
5361 2
5362 1
5363 1
5364 1
5365 3
5366 1
5367 2
5368 1
5369 2
5370 3
5371 2
5372 1
5373 0
5374 0
5375 4
5376 1
5377 1
5378 2
5379 0
5380 2
5381 1
5382 2
5383 1
5384 3
5385 2
5386 1
5387 2
5388 2
5389 2
5390 3
5391 2
5392 2
5393 3
5394 1
5395 2
5396 0
5397 1
5398 2
5399 0
5400 1
5401 0
5402 1
5403 1
5404 1
5405 0
5406 1
5407 0
5408 1
5409 1
5410 1
5411 1
5412 1
5413 0
5414 1
5415 1
5416 1
5417 2
5418 4
5419 1
5420 2
5421 2
5422 1
5423 3
5424 1
5425 3
5426 1
5427 0
5428 2
5429 1
5430 1
5431 1
5432 1
5433 1
5434 2
5435 2
5436 2
5437 3
5438 4
5439 1
5440 4
5441 4
5442 1
5443 2
5444 1
5445 1
5446 2
5447 4
5448 1
5449 1
5450 2
5451 0
5452 1
5453 1
5454 2
5455 2
5456 1
5457 2
5458 1
5459 1
5460 1
5461 3
5462 0
5463 1
5464 3
5465 1
5466 2
5467 1
5468 2
5469 1
5470 1
5471 2
5472 2
5473 4
5474 1
5475 2
5476 2
5477 2
5478 2
5479 2
5480 2
5481 0
5482 2
5483 4
5484 1
5485 0
5486 1
5487 2
5488 2
5489 4
5490 2
5491 1
5492 1
5493 2
5494 3
5495 2
5496 1
5497 1
5498 1
5499 1
5500 1
5501 0
5502 2
5503 2
5504 1
5505 1
5506 1
5507 1
5508 1
5509 1
5510 2
5511 1
5512 1
5513 2
5514 2
5515 1
5516 0
5517 2
5518 1
5519 1
5520 2
5521 0
5522 1
5523 0
5524 0
5525 4
5526 1
5527 3
5528 3
5529 1
5530 2
5531 3
5532 1
5533 1
5534 3
5535 1
5536 1
5537 3
5538 1
5539 1
5540 1
5541 0
5542 2
5543 1
5544 1
5545 3
5546 1
5547 1
5548 2
5549 4
5550 1
5551 4
5552 1
5553 1
5554 4
5555 1
5556 1
5557 1
5558 2
5559 1
5560 1
5561 1
5562 4
5563 1
5564 2
5565 1
5566 1
5567 4
5568 4
5569 4
5570 1
5571 0
5572 1
5573 2
5574 1
5575 1
5576 1
5577 1
5578 2
5579 2
5580 2
5581 3
5582 1
5583 1
5584 1
5585 1
5586 3
5587 1
5588 4
5589 2
5590 1
5591 4
5592 1
5593 1
5594 2
5595 1
5596 2
5597 3
5598 3
5599 4
5600 3
5601 1
5602 0
5603 4
5604 1
5605 1
5606 1
5607 1
5608 1
5609 1
5610 1
5611 1
5612 1
5613 1
5614 1
5615 1
5616 2
5617 1
5618 1
5619 3
5620 1
5621 1
5622 1
5623 1
5624 1
5625 1
5626 1
5627 3
5628 3
5629 1
5630 1
5631 1
5632 1
5633 1
5634 1
5635 1
5636 1
5637 1
5638 2
5639 1
5640 1
5641 2
5642 2
5643 1
5644 1
5645 1
5646 1
5647 2
5648 2
5649 1
5650 4
5651 1
5652 1
5653 1
5654 1
5655 1
5656 1
5657 1
5658 1
5659 1
5660 3
5661 2
5662 1
5663 4
5664 1
5665 3
5666 3
5667 1
5668 1
5669 1
5670 1
5671 3
5672 1
5673 1
5674 3
5675 2
5676 2
5677 1
5678 2
5679 4
5680 1
5681 4
5682 1
5683 4
5684 1
5685 0
5686 2
5687 1
5688 1
5689 1
5690 2
5691 1
5692 1
5693 3
5694 1
5695 2
5696 1
5697 1
5698 3
5699 1
5700 2
5701 3
5702 3
5703 1
5704 2
5705 0
5706 2
5707 1
5708 1
5709 1
5710 1
5711 1
5712 3
5713 2
5714 2
5715 4
5716 1
5717 1
5718 1
5719 3
5720 1
5721 1
5722 2
5723 1
5724 1
5725 3
5726 4
5727 3
5728 0
5729 1
5730 2
5731 0
5732 1
5733 3
5734 2
5735 2
5736 2
5737 2
5738 2
5739 4
5740 1
5741 1
5742 1
5743 1
5744 2
5745 1
5746 0
5747 1
5748 1
5749 1
5750 0
5751 1
5752 1
5753 2
5754 2
5755 1
5756 0
5757 1
5758 1
5759 0
5760 3
5761 0
5762 1
5763 0
5764 0
5765 0
5766 1
5767 1
5768 1
5769 3
5770 1
5771 1
5772 0
5773 2
5774 1
5775 1
5776 2
5777 0
5778 1
5779 1
5780 2
5781 1
5782 1
5783 3
5784 1
5785 1
5786 1
5787 0
5788 2
5789 4
5790 2
5791 1
5792 2
5793 4
5794 3
5795 2
5796 2
5797 1
5798 1
5799 3
5800 2
5801 2
5802 3
5803 3
5804 0
5805 0
5806 0
5807 0
5808 1
5809 1
5810 1
5811 1
5812 1
5813 0
5814 2
5815 1
5816 1
5817 3
5818 0
5819 1
5820 1
5821 1
5822 3
5823 0
5824 1
5825 2
5826 0
5827 1
5828 2
5829 1
5830 1
5831 1
5832 0
5833 1
5834 0
5835 1
5836 0
5837 0
5838 3
5839 1
5840 2
5841 1
5842 2
5843 1
5844 2
5845 1
5846 1
5847 1
5848 1
5849 0
5850 2
5851 3
5852 3
5853 1
5854 1
5855 0
5856 1
5857 3
5858 1
5859 1
5860 1
5861 1
5862 1
5863 2
5864 1
5865 2
5866 1
5867 1
5868 1
5869 1
5870 2
5871 1
5872 1
5873 1
5874 2
5875 1
5876 2
5877 1
5878 1
5879 3
5880 1
5881 1
5882 1
5883 4
5884 2
5885 2
5886 1
5887 1
5888 1
5889 1
5890 2
5891 2
5892 1
5893 1
5894 1
5895 2
5896 3
5897 1
5898 1
5899 2
5900 2
5901 1
5902 1
5903 3
5904 1
5905 2
5906 4
5907 1
5908 1
5909 1
5910 2
5911 3
5912 1
5913 0
5914 1
5915 1
5916 1
5917 3
5918 1
5919 3
5920 2
5921 1
5922 2
5923 1
5924 1
5925 1
5926 0
5927 0
5928 1
5929 1
5930 2
5931 1
5932 2
5933 1
5934 2
5935 1
5936 1
5937 2
5938 1
5939 4
5940 1
5941 1
5942 4
5943 2
5944 2
5945 1
5946 0
5947 0
5948 3
5949 3
5950 1
5951 3
5952 1
5953 1
5954 1
5955 1
5956 2
5957 2
5958 2
5959 2
5960 2
5961 3
5962 0
5963 2
5964 2
5965 2
5966 2
5967 2
5968 2
5969 2
5970 0
5971 3
5972 3
5973 1
5974 1
5975 3
5976 1
5977 0
5978 1
5979 2
5980 4
5981 1
5982 1
5983 2
5984 2
5985 1
5986 1
5987 2
5988 2
5989 0
5990 1
5991 1
5992 1
5993 1
5994 1
5995 1
5996 1
5997 0
5998 0
5999 1
6000 1
6001 1
6002 4
6003 1
6004 1
6005 2
6006 2
6007 1
6008 1
6009 1
6010 1
6011 0
6012 3
6013 1
6014 3
6015 1
6016 1
6017 0
6018 3
6019 0
6020 1
6021 4
6022 1
6023 0
6024 1
6025 3
6026 0
6027 1
6028 1
6029 0
6030 1
6031 0
6032 4
6033 1
6034 0
6035 1
6036 1
6037 1
6038 2
6039 1
6040 1
6041 2
6042 3
6043 2
6044 1
6045 2
6046 2
6047 1
6048 0
6049 3
6050 0
6051 1
6052 1
6053 0
6054 1
6055 3
6056 1
6057 1
6058 0
6059 0
6060 0
6061 1
6062 0
6063 1
6064 1
6065 1
6066 1
6067 1
6068 1
6069 2
6070 1
6071 1
6072 1
6073 3
6074 1
6075 1
6076 2
6077 2
6078 1
6079 4
6080 1
6081 1
6082 1
6083 1
6084 1
6085 1
6086 1
6087 0
6088 1
6089 2
6090 1
6091 1
6092 1
6093 0
6094 1
6095 1
6096 1
6097 0
6098 0
6099 1
6100 1
6101 1
6102 3
6103 1
6104 1
6105 0
6106 1
6107 1
6108 0
6109 0
6110 0
6111 0
6112 1
6113 1
6114 1
6115 4
6116 1
6117 2
6118 2
6119 1
6120 1
6121 1
6122 4
6123 1
6124 2
6125 2
6126 1
6127 2
6128 1
6129 0
6130 1
6131 1
6132 0
6133 0
6134 1
6135 2
6136 1
6137 4
6138 1
6139 1
6140 0
6141 1
6142 0
6143 3
6144 2
6145 2
6146 2
6147 2
6148 2
6149 2
6150 4
6151 0
6152 0
6153 2
6154 2
6155 2
6156 2
6157 1
6158 1
6159 1
6160 1
6161 1
6162 1
6163 2
6164 1
6165 2
6166 2
6167 1
6168 0
6169 2
6170 2
6171 1
6172 2
6173 1
6174 1
6175 1
6176 2
6177 1
6178 1
6179 2
6180 2
6181 3
6182 1
6183 1
6184 3
6185 0
6186 4
6187 1
6188 1
6189 1
6190 0
6191 1
6192 1
6193 1
6194 4
6195 1
6196 2
6197 0
6198 2
6199 1
6200 1
6201 0
6202 1
6203 0
6204 1
6205 2
6206 3
6207 2
6208 0
6209 2
6210 0
6211 2
6212 0
6213 2
6214 0
6215 2
6216 1
6217 1
6218 1
6219 1
6220 1
6221 1
6222 1
6223 1
6224 3
6225 4
6226 1
6227 4
6228 1
6229 2
6230 1
6231 3
6232 1
6233 0
6234 1
6235 2
6236 2
6237 1
6238 2
6239 4
6240 1
6241 1
6242 4
6243 1
6244 3
6245 1
6246 2
6247 1
6248 4
6249 2
6250 3
6251 0
6252 1
6253 1
6254 1
6255 1
6256 1
6257 1
6258 1
6259 1
6260 0
6261 1
6262 1
6263 2
6264 1
6265 0
6266 1
6267 2
6268 1
6269 3
6270 1
6271 2
6272 1
6273 1
6274 3
6275 4
6276 1
6277 3
6278 3
6279 1
6280 1
6281 1
6282 1
6283 0
6284 4
6285 1
6286 0
6287 1
6288 1
6289 2
6290 1
6291 1
6292 2
6293 1
6294 1
6295 2
6296 1
6297 1
6298 3
6299 0
6300 1
6301 0
6302 4
6303 0
6304 1
6305 1
6306 0
6307 0
6308 3
6309 3
6310 2
6311 1
6312 0
6313 1
6314 0
6315 0
6316 0
6317 1
6318 2
6319 1
6320 2
6321 2
6322 2
6323 3
6324 1
6325 1
6326 2
6327 3
6328 2
6329 3
6330 1
6331 0
6332 1
6333 1
6334 1
6335 1
6336 3
6337 1
6338 2
6339 0
6340 2
6341 1
6342 4
6343 1
6344 0
6345 1
6346 4
6347 2
6348 3
6349 3
6350 1
6351 4
6352 1
6353 1
6354 4
6355 3
6356 1
6357 4
6358 0
6359 1
6360 1
6361 2
6362 1
6363 2
6364 1
6365 2
6366 0
6367 1
6368 1
6369 2
6370 0
6371 1
6372 0
6373 1
6374 1
6375 1
6376 4
6377 4
6378 1
6379 1
6380 0
6381 4
6382 3
6383 4
6384 1
6385 1
6386 2
6387 2
6388 3
6389 0
6390 1
6391 1
6392 0
6393 1
6394 1
6395 4
6396 0
6397 4
6398 1
6399 1
6400 1
6401 1
6402 1
6403 1
6404 3
6405 1
6406 3
6407 2
6408 1
6409 4
6410 2
6411 1
6412 1
6413 0
6414 1
6415 1
6416 1
6417 2
6418 2
6419 1
6420 1
6421 2
6422 1
6423 4
6424 4
6425 1
6426 3
6427 1
6428 1
6429 1
6430 1
6431 3
6432 3
6433 1
6434 1
6435 4
6436 0
6437 1
6438 0
6439 1
6440 1
6441 0
6442 2
6443 1
6444 1
6445 1
6446 1
6447 1
6448 2
6449 1
6450 1
6451 0
6452 2
6453 1
6454 1
6455 4
6456 2
6457 4
6458 2
6459 2
6460 2
6461 2
6462 1
6463 2
6464 3
6465 3
6466 3
6467 1
6468 3
6469 1
6470 1
6471 1
6472 1
6473 2
6474 1
6475 1
6476 1
6477 1
6478 1
6479 0
6480 3
6481 1
6482 2
6483 1
6484 1
6485 1
6486 1
6487 1
6488 1
6489 1
6490 1
6491 1
6492 1
6493 4
6494 1
6495 2
6496 2
6497 1
6498 1
6499 1
6500 1
6501 1
6502 1
6503 1
6504 2
6505 1
6506 1
6507 1
6508 1
6509 1
6510 1
6511 1
6512 2
6513 1
6514 4
6515 1
6516 4
6517 1
6518 1
6519 4
6520 4
6521 1
6522 0
6523 1
6524 1
6525 2
6526 1
6527 1
6528 1
6529 3
6530 1
6531 2
6532 1
6533 1
6534 2
6535 1
6536 0
6537 1
6538 1
6539 2
6540 1
6541 4
6542 2
6543 0
6544 1
6545 1
6546 1
6547 1
6548 1
6549 2
6550 1
6551 1
6552 1
6553 1
6554 0
6555 1
6556 1
6557 1
6558 1
6559 2
6560 1
6561 1
6562 1
6563 1
6564 1
6565 1
6566 1
6567 1
6568 1
6569 1
6570 1
6571 1
6572 0
6573 1
6574 1
6575 2
6576 2
6577 2
6578 3
6579 2
6580 2
6581 2
6582 2
6583 1
6584 1
6585 1
6586 1
6587 1
6588 1
6589 0
6590 1
6591 1
6592 4
6593 1
6594 1
6595 4
6596 0
6597 0
6598 1
6599 1
6600 1
6601 1
6602 1
6603 1
6604 1
6605 1
6606 1
0 0
1 1
2 2
3 3
4 3
0 0
1 1
2 2
3 3
1e-06 0.142712 35
