0 0
1 5
2 7
3 0
4 0
5 0
6 0
7 0
8 0
9 0
10 0
11 0
12 0
13 0
14 0
15 0
16 0
17 0
18 0
19 0
20 0
21 0
22 5
23 0
24 0
25 0
26 0
27 0
28 0
29 7
30 0
31 0
32 0
33 0
34 0
35 0
36 0
37 0
38 0
39 7
40 0
41 0
42 0
43 7
44 0
45 0
46 0
47 7
48 0
49 0
50 0
51 0
52 0
53 0
54 0
55 7
56 0
57 7
58 0
59 0
60 0
61 7
62 0
63 0
64 0
65 0
66 0
67 0
68 0
69 0
70 0
71 0
72 0
73 0
74 0
75 0
76 0
77 0
78 0
79 7
80 0
81 0
82 5
83 0
84 0
85 0
86 0
87 0
88 0
89 0
90 0
91 0
92 0
93 0
94 0
95 0
96 5
97 5
98 0
99 5
100 0
101 0
102 4
103 5
104 5
105 5
106 7
107 7
108 5
109 0
110 7
111 5
112 5
113 5
114 5
115 0
116 0
117 7
118 0
119 0
120 0
121 0
122 0
123 5
124 0
125 0
126 0
127 4
128 0
129 0
130 0
131 0
132 0
133 0
134 5
135 0
136 0
137 0
138 0
139 0
140 0
141 0
142 0
143 0
144 7
145 0
146 7
147 0
148 0
149 0
150 5
151 5
152 0
153 0
154 0
155 0
156 7
157 5
158 0
159 0
160 0
161 0
162 0
163 0
164 0
165 0
166 0
167 0
168 0
169 0
170 7
171 0
172 7
173 0
174 0
175 7
176 7
177 5
178 0
179 0
180 4
181 0
182 7
183 7
184 0
185 5
186 7
187 7
188 7
189 0
190 5
191 5
192 7
193 0
194 5
195 5
196 0
197 0
198 5
199 5
200 7
201 0
202 0
203 7
204 5
205 5
206 0
207 5
208 5
209 0
210 7
211 4
212 5
213 7
214 0
215 0
216 7
217 0
218 5
219 7
220 0
221 7
222 7
223 0
224 0
225 0
226 7
227 7
228 0
229 0
230 0
231 0
232 5
233 7
234 4
235 7
236 7
237 7
238 5
239 5
240 7
241 7
242 7
243 7
244 0
245 5
246 7
247 7
248 0
249 7
250 7
251 0
252 7
253 7
254 7
255 5
256 5
257 7
258 7
259 0
260 5
261 4
262 7
263 0
264 4
265 0
266 7
267 5
268 5
269 7
270 0
271 0
272 7
273 5
274 0
275 7
276 5
277 0
278 7
279 0
280 0
281 0
282 0
283 7
284 5
285 4
286 5
287 0
288 5
289 7
290 4
291 0
292 5
293 7
294 0
295 7
296 0
297 0
298 0
299 5
300 5
301 0
302 0
303 5
304 0
305 5
306 5
307 7
308 4
309 0
310 5
311 7
312 7
313 5
314 0
315 7
316 5
317 0
318 7
319 0
320 0
321 7
322 0
323 5
324 7
325 0
326 7
327 7
328 4
329 5
330 5
331 7
332 7
333 7
334 5
335 7
336 0
337 0
338 0
339 7
340 5
341 7
342 7
343 7
344 0
345 7
346 7
347 0
348 7
349 5
350 0
351 0
352 7
353 5
354 5
355 5
356 7
357 7
358 5
359 0
360 7
361 7
362 0
363 5
364 0
365 7
366 0
367 7
368 0
369 0
370 0
371 0
372 0
373 7
374 4
375 5
376 0
377 0
378 5
379 5
380 5
381 7
382 5
383 7
384 7
385 7
386 5
387 0
388 5
389 5
390 0
391 5
392 7
393 7
394 5
395 0
396 5
397 7
398 0
399 5
400 5
401 5
402 0
403 7
404 0
405 5
406 5
407 0
408 5
409 5
410 0
411 0
412 0
413 5
414 0
415 5
416 7
417 5
418 5
419 5
420 5
421 5
422 5
423 5
424 5
425 7
426 0
427 5
428 5
429 5
430 0
431 5
432 5
433 5
434 0
435 5
436 0
437 5
438 5
439 5
440 5
441 5
442 0
443 7
444 5
445 0
446 5
447 5
448 5
449 5
450 5
451 5
452 0
453 5
454 0
455 0
456 5
457 0
458 5
459 5
460 5
461 7
462 5
463 5
464 5
465 0
466 5
467 5
468 7
469 5
470 5
471 0
472 0
473 7
474 5
475 5
476 5
477 0
478 0
479 0
480 7
481 5
482 5
483 5
484 5
485 0
486 5
487 5
488 7
489 5
490 5
491 5
492 7
493 7
494 0
495 5
496 0
497 0
498 0
499 0
500 0
501 0
502 0
503 0
504 0
505 0
506 7
507 5
508 5
509 5
510 5
511 5
512 5
513 5
514 5
515 5
516 7
517 7
518 0
519 5
520 5
521 5
522 5
523 5
524 5
525 2
526 7
527 5
528 5
529 5
530 5
531 7
532 7
533 7
534 7
535 7
536 5
537 7
538 5
539 2
540 7
541 7
542 7
543 5
544 5
545 5
546 5
547 7
548 5
549 5
550 5
551 5
552 2
553 5
554 5
555 2
556 2
557 5
558 2
559 5
560 5
561 5
562 5
563 7
564 7
565 5
566 5
567 5
568 7
569 5
570 5
571 5
572 5
573 2
574 6
575 5
576 5
577 5
578 5
579 5
580 5
581 5
582 5
583 7
584 5
585 5
586 5
587 5
588 7
589 7
590 7
591 5
592 2
593 2
594 5
595 7
596 7
597 5
598 5
599 5
600 5
601 2
602 7
603 5
604 5
605 5
606 5
607 5
608 7
609 5
610 5
611 5
612 7
613 5
614 5
615 5
616 7
617 7
618 2
619 2
620 0
621 5
622 5
623 5
624 7
625 2
626 5
627 5
628 5
629 7
630 5
631 2
632 7
633 7
634 7
635 5
636 7
637 5
638 7
639 7
640 5
641 7
642 5
643 5
644 5
645 5
646 2
647 5
648 0
649 0
650 0
651 0
652 7
653 0
654 0
655 0
656 0
657 0
658 0
659 0
660 0
661 0
662 0
663 0
664 0
665 0
666 0
667 0
668 0
669 0
670 0
671 0
672 0
673 0
674 0
675 0
676 0
677 0
678 5
679 0
680 0
681 0
682 0
683 5
684 0
685 0
686 0
687 0
688 0
689 0
690 0
691 0
692 0
693 0
694 7
695 0
696 0
697 7
698 0
699 0
700 0
701 5
702 7
703 0
704 0
705 0
706 0
707 7
708 0
709 0
710 0
711 0
712 7
713 0
714 0
715 0
716 0
717 5
718 0
719 0
720 0
721 0
722 0
723 5
724 0
725 0
726 0
727 0
728 0
729 0
730 4
731 0
732 0
733 0
734 0
735 0
736 0
737 0
738 0
739 0
740 0
741 0
742 0
743 0
744 0
745 0
746 0
747 0
748 0
749 0
750 0
751 0
752 0
753 0
754 0
755 0
756 0
757 0
758 0
759 0
760 0
761 0
762 0
763 0
764 0
765 0
766 0
767 0
768 0
769 0
770 0
771 0
772 5
773 0
774 4
775 7
776 0
777 0
778 0
779 0
780 0
781 0
782 0
783 0
784 0
785 0
786 0
787 0
788 0
789 0
790 0
791 0
792 0
793 0
794 0
795 0
796 4
797 0
798 0
799 0
800 5
801 0
802 0
803 0
804 0
805 0
806 0
807 0
808 0
809 4
810 0
811 0
812 7
813 0
814 0
815 0
816 0
817 0
818 0
819 4
820 0
821 0
822 0
823 0
824 0
825 0
826 0
827 0
828 0
829 0
830 0
831 0
832 0
833 0
834 0
835 0
836 0
837 0
838 0
839 0
840 0
841 0
842 0
843 0
844 0
845 0
846 0
847 0
848 0
849 0
850 0
851 0
852 4
853 0
854 0
855 0
856 0
857 0
858 0
859 0
860 7
861 7
862 7
863 7
864 7
865 7
866 7
867 7
868 7
869 7
870 7
871 7
872 7
873 7
874 7
875 7
876 7
877 7
878 7
879 7
880 7
881 7
882 7
883 7
884 7
885 7
886 0
887 5
888 0
889 0
890 0
891 0
892 0
893 0
894 0
895 0
896 0
897 0
898 0
899 0
900 0
901 0
902 0
903 0
904 0
905 0
906 0
907 0
908 0
909 5
910 0
911 0
912 0
913 7
914 0
915 0
916 7
917 4
918 0
919 0
920 0
921 0
922 0
923 0
924 0
925 7
926 0
927 0
928 0
929 5
930 0
931 0
932 0
933 4
934 0
935 0
936 0
937 0
938 0
939 0
940 0
941 0
942 0
943 0
944 0
945 0
946 4
947 0
948 0
949 0
950 0
951 0
952 0
953 0
954 0
955 0
956 0
957 0
958 0
959 0
960 0
961 0
962 0
963 0
964 0
965 0
966 0
967 0
968 0
969 0
970 0
971 0
972 5
973 0
974 0
975 0
976 4
977 0
978 0
979 0
980 7
981 7
982 0
983 0
984 0
985 0
986 0
987 0
988 0
989 0
990 0
991 0
992 0
993 0
994 0
995 0
996 0
997 0
998 0
999 0
1000 0
1001 0
1002 0
1003 0
1004 0
1005 4
1006 0
1007 7
1008 7
1009 0
1010 0
1011 0
1012 0
1013 4
1014 0
1015 0
1016 0
1017 0
1018 7
1019 0
1020 0
1021 0
1022 7
1023 7
1024 7
1025 7
1026 7
1027 7
1028 0
1029 7
1030 0
1031 7
1032 4
1033 0
1034 0
1035 0
1036 0
1037 0
1038 5
1039 0
1040 0
1041 0
1042 0
1043 0
1044 0
1045 0
1046 7
1047 0
1048 4
1049 0
1050 0
1051 0
1052 7
1053 0
1054 7
1055 0
1056 0
1057 7
1058 0
1059 0
1060 0
1061 7
1062 0
1063 0
1064 0
1065 0
1066 0
1067 0
1068 0
1069 0
1070 0
1071 0
1072 7
1073 7
1074 0
1075 7
1076 7
1077 0
1078 0
1079 0
1080 0
1081 0
1082 0
1083 0
1084 0
1085 0
1086 0
1087 0
1088 0
1089 0
1090 7
1091 7
1092 7
1093 0
1094 7
1095 0
1096 0
1097 0
1098 0
1099 0
1100 0
1101 0
1102 0
1103 0
1104 7
1105 0
1106 0
1107 0
1108 0
1109 0
1110 0
1111 0
1112 0
1113 0
1114 0
1115 0
1116 0
1117 0
1118 0
1119 0
1120 5
1121 0
1122 0
1123 0
1124 0
1125 0
1126 0
1127 0
1128 0
1129 0
1130 0
1131 7
1132 0
1133 5
1134 0
1135 7
1136 0
1137 7
1138 0
1139 5
1140 7
1141 5
1142 0
1143 0
1144 0
1145 7
1146 0
1147 0
1148 0
1149 0
1150 0
1151 0
1152 0
1153 4
1154 0
1155 6
1156 0
1157 0
1158 0
1159 7
1160 0
1161 0
1162 0
1163 0
1164 0
1165 0
1166 0
1167 5
1168 0
1169 0
1170 7
1171 0
1172 0
1173 7
1174 0
1175 0
1176 0
1177 0
1178 0
1179 5
1180 5
1181 7
1182 4
1183 5
1184 7
1185 5
1186 5
1187 5
1188 5
1189 5
1190 0
1191 5
1192 5
1193 0
1194 0
1195 7
1196 0
1197 5
1198 0
1199 0
1200 0
1201 5
1202 0
1203 5
1204 7
1205 5
1206 4
1207 5
1208 0
1209 5
1210 7
1211 5
1212 5
1213 5
1214 5
1215 7
1216 4
1217 0
1218 4
1219 4
1220 0
1221 4
1222 0
1223 5
1224 5
1225 7
1226 0
1227 5
1228 7
1229 4
1230 7
1231 5
1232 5
1233 0
1234 0
1235 5
1236 7
1237 5
1238 4
1239 0
1240 5
1241 5
1242 5
1243 5
1244 5
1245 0
1246 0
1247 0
1248 4
1249 5
1250 0
1251 0
1252 7
1253 7
1254 0
1255 5
1256 0
1257 0
1258 5
1259 5
1260 5
1261 0
1262 5
1263 7
1264 0
1265 5
1266 5
1267 0
1268 5
1269 5
1270 5
1271 5
1272 5
1273 5
1274 5
1275 7
1276 0
1277 5
1278 5
1279 5
1280 0
1281 5
1282 7
1283 4
1284 5
1285 5
1286 0
1287 5
1288 5
1289 5
1290 0
1291 4
1292 4
1293 5
1294 5
1295 5
1296 0
1297 5
1298 0
1299 0
1300 7
1301 5
1302 0
1303 0
1304 5
1305 5
1306 0
1307 5
1308 7
1309 5
1310 5
1311 7
1312 0
1313 0
1314 5
1315 5
1316 5
1317 5
1318 5
1319 5
1320 5
1321 5
1322 0
1323 5
1324 0
1325 7
1326 7
1327 7
1328 5
1329 5
1330 7
1331 4
1332 7
1333 5
1334 0
1335 0
1336 0
1337 0
1338 0
1339 5
1340 5
1341 5
1342 4
1343 5
1344 5
1345 0
1346 5
1347 0
1348 0
1349 0
1350 0
1351 5
1352 0
1353 5
1354 5
1355 5
1356 4
1357 7
1358 0
1359 0
1360 5
1361 0
1362 0
1363 5
1364 4
1365 4
1366 7
1367 7
1368 7
1369 5
1370 0
1371 5
1372 5
1373 5
1374 5
1375 5
1376 0
1377 5
1378 5
1379 5
1380 4
1381 5
1382 5
1383 5
1384 0
1385 7
1386 7
1387 5
1388 5
1389 5
1390 7
1391 5
1392 5
1393 0
1394 5
1395 5
1396 7
1397 7
1398 5
1399 4
1400 7
1401 5
1402 0
1403 5
1404 5
1405 5
1406 0
1407 5
1408 0
1409 4
1410 7
1411 5
1412 5
1413 5
1414 5
1415 4
1416 5
1417 4
1418 5
1419 5
1420 5
1421 5
1422 5
1423 0
1424 5
1425 5
1426 0
1427 4
1428 5
1429 7
1430 7
1431 5
1432 7
1433 5
1434 5
1435 0
1436 5
1437 5
1438 7
1439 0
1440 5
1441 0
1442 0
1443 5
1444 5
1445 7
1446 4
1447 7
1448 7
1449 0
1450 5
1451 5
1452 0
1453 5
1454 7
1455 5
1456 7
1457 4
1458 7
1459 5
1460 0
1461 4
1462 5
1463 5
1464 0
1465 7
1466 4
1467 5
1468 5
1469 4
1470 0
1471 0
1472 4
1473 5
1474 4
1475 5
1476 7
1477 0
1478 5
1479 5
1480 5
1481 5
1482 7
1483 5
1484 0
1485 5
1486 5
1487 0
1488 5
1489 5
1490 5
1491 4
1492 5
1493 5
1494 5
1495 5
1496 0
1497 5
1498 5
1499 5
1500 0
1501 7
1502 7
1503 5
1504 5
1505 0
1506 5
1507 0
1508 0
1509 7
1510 7
1511 5
1512 0
1513 5
1514 0
1515 0
1516 7
1517 7
1518 0
1519 7
1520 0
1521 7
1522 7
1523 7
1524 5
1525 7
1526 4
1527 7
1528 7
1529 7
1530 7
1531 4
1532 4
1533 5
1534 5
1535 5
1536 7
1537 0
1538 5
1539 5
1540 4
1541 7
1542 0
1543 4
1544 5
1545 4
1546 5
1547 4
1548 5
1549 5
1550 0
1551 0
1552 5
1553 0
1554 5
1555 0
1556 0
1557 0
1558 0
1559 7
1560 5
1561 7
1562 7
1563 7
1564 7
1565 0
1566 7
1567 7
1568 7
1569 7
1570 7
1571 7
1572 7
1573 0
1574 0
1575 5
1576 5
1577 0
1578 5
1579 5
1580 7
1581 5
1582 0
1583 0
1584 7
1585 5
1586 0
1587 5
1588 5
1589 0
1590 5
1591 5
1592 7
1593 0
1594 0
1595 0
1596 7
1597 0
1598 5
1599 5
1600 0
1601 5
1602 5
1603 5
1604 5
1605 5
1606 5
1607 5
1608 7
1609 5
1610 5
1611 0
1612 5
1613 7
1614 7
1615 5
1616 5
1617 7
1618 5
1619 0
1620 7
1621 5
1622 5
1623 5
1624 5
1625 0
1626 7
1627 0
1628 0
1629 5
1630 5
1631 7
1632 5
1633 5
1634 0
1635 5
1636 7
1637 0
1638 0
1639 5
1640 7
1641 4
1642 5
1643 5
1644 4
1645 4
1646 0
1647 0
1648 5
1649 7
1650 7
1651 7
1652 0
1653 0
1654 0
1655 7
1656 0
1657 5
1658 0
1659 5
1660 5
1661 0
1662 0
1663 5
1664 5
1665 0
1666 0
1667 7
1668 5
1669 4
1670 5
1671 7
1672 5
1673 7
1674 5
1675 7
1676 5
1677 7
1678 0
1679 7
1680 7
1681 5
1682 5
1683 5
1684 5
1685 7
1686 5
1687 5
1688 7
1689 7
1690 0
1691 5
1692 0
1693 5
1694 5
1695 7
1696 5
1697 7
1698 7
1699 7
1700 7
1701 5
1702 0
1703 5
1704 5
1705 7
1706 7
1707 7
1708 5
1709 4
1710 5
1711 5
1712 7
1713 5
1714 5
1715 5
1716 5
1717 5
1718 5
1719 0
1720 5
1721 7
1722 0
1723 5
1724 7
1725 5
1726 0
1727 5
1728 5
1729 7
1730 7
1731 7
1732 5
1733 0
1734 5
1735 0
1736 0
1737 5
1738 5
1739 5
1740 7
1741 7
1742 7
1743 5
1744 7
1745 7
1746 7
1747 7
1748 7
1749 7
1750 7
1751 5
1752 7
1753 7
1754 5
1755 6
1756 5
1757 0
1758 5
1759 7
1760 5
1761 5
1762 5
1763 0
1764 7
1765 5
1766 7
1767 5
1768 7
1769 7
1770 7
1771 7
1772 7
1773 7
1774 5
1775 5
1776 0
1777 0
1778 5
1779 5
1780 5
1781 4
1782 7
1783 0
1784 5
1785 7
1786 0
1787 5
1788 5
1789 7
1790 0
1791 7
1792 0
1793 5
1794 5
1795 7
1796 5
1797 5
1798 7
1799 5
1800 5
1801 7
1802 0
1803 5
1804 5
1805 5
1806 5
1807 7
1808 5
1809 7
1810 5
1811 0
1812 5
1813 7
1814 5
1815 7
1816 7
1817 5
1818 5
1819 5
1820 7
1821 7
1822 5
1823 7
1824 5
1825 7
1826 5
1827 0
1828 5
1829 0
1830 5
1831 5
1832 5
1833 5
1834 0
1835 5
1836 5
1837 0
1838 5
1839 5
1840 0
1841 0
1842 0
1843 5
1844 0
1845 5
1846 5
1847 0
1848 5
1849 5
1850 0
1851 0
1852 5
1853 5
1854 7
1855 5
1856 5
1857 5
1858 5
1859 5
1860 0
1861 0
1862 5
1863 5
1864 5
1865 0
1866 0
1867 0
1868 5
1869 0
1870 5
1871 5
1872 0
1873 0
1874 5
1875 5
1876 5
1877 5
1878 5
1879 0
1880 7
1881 7
1882 5
1883 5
1884 0
1885 5
1886 5
1887 0
1888 0
1889 5
1890 0
1891 5
1892 5
1893 5
1894 0
1895 5
1896 0
1897 0
1898 5
1899 0
1900 5
1901 0
1902 0
1903 5
1904 5
1905 0
1906 5
1907 5
1908 5
1909 0
1910 5
1911 5
1912 5
1913 5
1914 0
1915 5
1916 5
1917 5
1918 0
1919 5
1920 5
1921 5
1922 5
1923 5
1924 5
1925 0
1926 4
1927 5
1928 5
1929 5
1930 5
1931 5
1932 5
1933 0
1934 5
1935 5
1936 5
1937 5
1938 5
1939 5
1940 0
1941 5
1942 5
1943 5
1944 7
1945 5
1946 0
1947 5
1948 7
1949 5
1950 5
1951 5
1952 0
1953 0
1954 0
1955 5
1956 5
1957 5
1958 5
1959 7
1960 0
1961 5
1962 5
1963 5
1964 5
1965 5
1966 5
1967 0
1968 5
1969 5
1970 5
1971 5
1972 0
1973 0
1974 5
1975 0
1976 0
1977 5
1978 0
1979 5
1980 5
1981 0
1982 0
1983 5
1984 7
1985 5
1986 5
1987 5
1988 0
1989 0
1990 0
1991 0
1992 0
1993 0
1994 5
1995 5
1996 5
1997 5
1998 0
1999 0
2000 0
2001 0
2002 0
2003 0
2004 0
2005 5
2006 0
2007 7
2008 5
2009 0
2010 7
2011 5
2012 0
2013 0
2014 0
2015 5
2016 0
2017 0
2018 5
2019 5
2020 5
2021 0
2022 5
2023 0
2024 0
2025 5
2026 5
2027 0
2028 5
2029 5
2030 5
2031 5
2032 0
2033 0
2034 5
2035 5
2036 0
2037 5
2038 0
2039 0
2040 0
2041 5
2042 7
2043 5
2044 5
2045 5
2046 5
2047 0
2048 0
2049 0
2050 7
2051 5
2052 7
2053 5
2054 0
2055 7
2056 5
2057 0
2058 5
2059 5
2060 0
2061 0
2062 0
2063 5
2064 0
2065 7
2066 5
2067 0
2068 5
2069 5
2070 0
2071 5
2072 5
2073 0
2074 5
2075 5
2076 5
2077 0
2078 0
2079 5
2080 5
2081 5
2082 5
2083 5
2084 5
2085 5
2086 5
2087 5
2088 5
2089 5
2090 0
2091 5
2092 0
2093 5
2094 0
2095 5
2096 5
2097 0
2098 5
2099 5
2100 5
2101 5
2102 0
2103 5
2104 5
2105 5
2106 0
2107 0
2108 4
2109 5
2110 5
2111 5
2112 5
2113 0
2114 0
2115 5
2116 0
2117 0
2118 5
2119 5
2120 0
2121 5
2122 5
2123 5
2124 0
2125 0
2126 5
2127 7
2128 5
2129 5
2130 5
2131 0
2132 5
2133 5
2134 5
2135 5
2136 5
2137 0
2138 5
2139 5
2140 0
2141 0
2142 0
2143 5
2144 0
2145 5
2146 5
2147 5
2148 0
2149 0
2150 5
2151 5
2152 5
2153 5
2154 0
2155 0
2156 0
2157 5
2158 5
2159 0
2160 5
2161 5
2162 5
2163 0
2164 7
2165 7
2166 5
2167 5
2168 5
2169 0
2170 0
2171 0
2172 5
2173 0
2174 0
2175 5
2176 5
2177 5
2178 7
2179 7
2180 5
2181 0
2182 5
2183 7
2184 5
2185 5
2186 5
2187 5
2188 0
2189 5
2190 5
2191 5
2192 5
2193 5
2194 5
2195 5
2196 0
2197 0
2198 5
2199 5
2200 7
2201 5
2202 5
2203 0
2204 0
2205 0
2206 7
2207 5
2208 5
2209 5
2210 5
2211 5
2212 5
2213 7
2214 5
2215 7
2216 5
2217 0
2218 5
2219 0
2220 5
2221 5
2222 5
2223 5
2224 5
2225 7
2226 5
2227 5
2228 0
2229 5
2230 5
2231 0
2232 5
2233 5
2234 5
2235 5
2236 5
2237 5
2238 5
2239 0
2240 5
2241 5
2242 5
2243 0
2244 0
2245 0
2246 0
2247 7
2248 5
2249 0
2250 5
2251 5
2252 7
2253 5
2254 5
2255 5
2256 5
2257 5
2258 0
2259 5
2260 5
2261 5
2262 5
2263 0
2264 0
2265 5
2266 5
2267 5
2268 5
2269 5
2270 0
2271 5
2272 0
2273 0
2274 7
2275 7
2276 0
2277 0
2278 5
2279 5
2280 0
2281 0
2282 5
2283 5
2284 5
2285 0
2286 5
2287 5
2288 5
2289 0
2290 5
2291 5
2292 0
2293 5
2294 0
2295 5
2296 0
2297 5
2298 5
2299 0
2300 5
2301 5
2302 0
2303 0
2304 5
2305 5
2306 5
2307 0
2308 5
2309 5
2310 5
2311 0
2312 5
2313 5
2314 5
2315 0
2316 5
2317 7
2318 5
2319 0
2320 5
2321 5
2322 5
2323 5
2324 5
2325 5
2326 0
2327 7
2328 0
2329 5
2330 0
2331 5
2332 5
2333 5
2334 5
2335 5
2336 7
2337 5
2338 5
2339 5
2340 5
2341 5
2342 0
2343 5
2344 5
2345 0
2346 5
2347 5
2348 5
2349 0
2350 5
2351 5
2352 5
2353 0
2354 5
2355 0
2356 5
2357 5
2358 0
2359 5
2360 7
2361 0
2362 5
2363 0
2364 0
2365 5
2366 0
2367 0
2368 0
2369 5
2370 5
2371 5
2372 7
2373 0
2374 5
2375 0
2376 0
2377 0
2378 5
2379 0
2380 0
2381 5
2382 0
2383 5
2384 5
2385 5
2386 5
2387 5
2388 0
2389 5
2390 5
2391 0
2392 0
2393 0
2394 0
2395 7
2396 0
2397 5
2398 0
2399 5
2400 5
2401 5
2402 5
2403 0
2404 5
2405 5
2406 5
2407 5
2408 5
2409 0
2410 7
2411 5
2412 5
2413 0
2414 5
2415 5
2416 5
2417 5
2418 5
2419 5
2420 0
2421 5
2422 5
2423 0
2424 0
2425 0
2426 5
2427 5
2428 5
2429 5
2430 5
2431 5
2432 5
2433 5
2434 0
2435 5
2436 5
2437 0
2438 5
2439 5
2440 0
2441 4
2442 5
2443 5
2444 5
2445 5
2446 0
2447 5
2448 0
2449 5
2450 5
2451 0
2452 5
2453 7
2454 5
2455 7
2456 5
2457 5
2458 5
2459 5
2460 5
2461 0
2462 5
2463 5
2464 5
2465 5
2466 5
2467 5
2468 5
2469 5
2470 7
2471 5
2472 5
2473 5
2474 7
2475 0
2476 5
2477 0
2478 5
2479 0
2480 5
2481 0
2482 0
2483 0
2484 0
2485 0
2486 5
2487 0
2488 5
2489 0
2490 0
2491 5
2492 5
2493 0
2494 5
2495 5
2496 5
2497 5
2498 5
2499 0
2500 0
2501 0
2502 5
2503 5
2504 5
2505 5
2506 5
2507 0
2508 0
2509 0
2510 5
2511 0
2512 5
2513 0
2514 5
2515 5
2516 5
2517 0
2518 5
2519 5
2520 5
2521 5
2522 0
2523 5
2524 0
2525 5
2526 0
2527 0
2528 5
2529 7
2530 7
2531 5
2532 5
2533 5
2534 7
2535 7
2536 5
2537 5
2538 5
2539 0
2540 5
2541 0
2542 7
2543 0
2544 7
2545 0
2546 0
2547 7
2548 5
2549 7
2550 7
2551 7
2552 7
2553 0
2554 7
2555 7
2556 5
2557 0
2558 7
2559 7
2560 7
2561 7
2562 7
2563 0
2564 7
2565 7
2566 7
2567 7
2568 7
2569 5
2570 0
2571 7
2572 7
2573 5
2574 5
2575 7
2576 7
2577 7
2578 2
2579 7
2580 5
2581 7
2582 7
2583 7
2584 7
2585 7
2586 5
2587 7
2588 7
2589 7
2590 7
2591 7
2592 7
2593 7
2594 7
2595 5
2596 7
2597 5
2598 7
2599 7
2600 7
2601 7
2602 7
2603 7
2604 7
2605 7
2606 7
2607 7
2608 7
2609 7
2610 7
2611 7
2612 7
2613 7
2614 7
2615 7
2616 7
2617 0
2618 7
2619 7
2620 5
2621 7
2622 7
2623 0
2624 7
2625 7
2626 7
2627 7
2628 7
2629 7
2630 4
2631 7
2632 7
2633 5
2634 7
2635 5
2636 5
2637 5
2638 7
2639 7
2640 7
2641 7
2642 7
2643 5
2644 7
2645 7
2646 7
2647 7
2648 7
2649 7
2650 7
2651 7
2652 5
2653 7
2654 7
2655 7
2656 7
2657 0
2658 0
2659 7
2660 7
2661 7
2662 7
2663 4
2664 5
2665 7
2666 5
2667 5
2668 6
2669 7
2670 7
2671 7
2672 7
2673 0
2674 5
2675 4
2676 5
2677 7
2678 7
2679 5
2680 7
2681 0
2682 7
2683 5
2684 5
2685 5
2686 5
2687 5
2688 7
2689 7
2690 5
2691 7
2692 7
2693 7
2694 7
2695 5
2696 5
2697 5
2698 7
2699 5
2700 5
2701 5
2702 7
2703 5
2704 7
2705 7
2706 7
2707 5
2708 5
2709 7
2710 5
2711 5
2712 5
2713 5
2714 4
2715 5
2716 5
2717 5
2718 5
2719 7
2720 7
2721 7
2722 7
2723 5
2724 0
2725 4
2726 5
2727 0
2728 5
2729 5
2730 0
2731 5
2732 7
2733 7
2734 5
2735 5
2736 5
2737 0
2738 5
2739 5
2740 7
2741 5
2742 5
2743 7
2744 7
2745 5
2746 5
2747 5
2748 7
2749 7
2750 5
2751 5
2752 7
2753 5
2754 5
2755 7
2756 5
2757 5
2758 5
2759 5
2760 7
2761 5
2762 7
2763 5
2764 7
2765 7
2766 5
2767 5
2768 5
2769 5
2770 0
2771 5
2772 5
2773 4
2774 5
2775 5
2776 5
2777 5
2778 7
2779 5
2780 5
2781 7
2782 7
2783 5
2784 0
2785 5
2786 7
2787 5
2788 7
2789 5
2790 5
2791 7
2792 0
2793 5
2794 5
2795 5
2796 5
2797 5
2798 5
2799 0
2800 5
2801 0
2802 7
2803 0
2804 0
2805 0
2806 5
2807 0
2808 7
2809 0
2810 0
2811 0
2812 5
2813 7
2814 5
2815 5
2816 5
2817 5
2818 7
2819 5
2820 5
2821 7
2822 7
2823 7
2824 7
2825 5
2826 0
2827 0
2828 0
2829 5
2830 0
2831 5
2832 5
2833 5
2834 0
2835 5
2836 5
2837 5
2838 5
2839 0
2840 5
2841 0
2842 0
2843 7
2844 5
2845 5
2846 0
2847 0
2848 5
2849 5
2850 7
2851 0
2852 0
2853 0
2854 7
2855 4
2856 0
2857 0
2858 0
2859 5
2860 5
2861 4
2862 0
2863 5
2864 0
2865 7
2866 5
2867 0
2868 7
2869 0
2870 0
2871 5
2872 7
2873 0
2874 5
2875 0
2876 0
2877 5
2878 5
2879 7
2880 7
2881 5
2882 5
2883 5
2884 0
2885 0
2886 5
2887 5
2888 5
2889 0
2890 5
2891 5
2892 4
2893 5
2894 7
2895 7
2896 7
2897 7
2898 7
2899 7
2900 7
2901 5
2902 7
2903 7
2904 0
2905 0
2906 5
2907 5
2908 5
2909 7
2910 5
2911 5
2912 7
2913 0
2914 5
2915 7
2916 5
2917 5
2918 7
2919 5
2920 7
2921 7
2922 5
2923 7
2924 7
2925 7
2926 4
2927 5
2928 7
2929 5
2930 7
2931 7
2932 0
2933 5
2934 5
2935 7
2936 7
2937 7
2938 7
2939 4
2940 5
2941 5
2942 7
2943 7
2944 5
2945 5
2946 5
2947 7
2948 7
2949 5
2950 5
2951 7
2952 5
2953 5
2954 7
2955 7
2956 0
2957 5
2958 5
2959 5
2960 5
2961 7
2962 7
2963 7
2964 7
2965 7
2966 5
2967 4
2968 5
2969 5
2970 5
2971 7
2972 7
2973 7
2974 5
2975 7
2976 5
2977 7
2978 5
2979 7
2980 7
2981 7
2982 5
2983 7
2984 5
2985 7
2986 5
2987 7
2988 7
2989 5
2990 7
2991 7
2992 7
2993 5
2994 5
2995 5
2996 5
2997 7
2998 5
2999 5
3000 5
3001 5
3002 0
3003 5
3004 7
3005 5
3006 5
3007 5
3008 5
3009 7
3010 5
3011 7
3012 5
3013 5
3014 7
3015 5
3016 4
3017 5
3018 7
3019 7
3020 7
3021 7
3022 7
3023 7
3024 5
3025 7
3026 4
3027 0
3028 0
3029 7
3030 5
3031 5
3032 5
3033 7
3034 7
3035 7
3036 5
3037 7
3038 7
3039 5
3040 5
3041 7
3042 5
3043 7
3044 7
3045 7
3046 5
3047 0
3048 7
3049 7
3050 5
3051 5
3052 7
3053 7
3054 7
3055 7
3056 7
3057 7
3058 7
3059 7
3060 7
3061 7
3062 7
3063 7
3064 7
3065 7
3066 7
3067 7
3068 7
3069 7
3070 7
3071 7
3072 7
3073 7
3074 7
3075 7
3076 7
3077 7
3078 7
3079 7
3080 7
3081 7
3082 7
3083 7
3084 7
3085 7
3086 7
3087 7
3088 7
3089 5
3090 5
3091 5
3092 5
3093 5
3094 0
3095 5
3096 5
3097 5
3098 5
3099 5
3100 7
3101 7
3102 5
3103 5
3104 5
3105 0
3106 5
3107 7
3108 7
3109 5
3110 5
3111 5
3112 4
3113 5
3114 5
3115 7
3116 5
3117 5
3118 7
3119 7
3120 7
3121 7
3122 7
3123 7
3124 5
3125 7
3126 5
3127 5
3128 5
3129 5
3130 0
3131 7
3132 5
3133 6
3134 0
3135 7
3136 5
3137 5
3138 5
3139 5
3140 5
3141 5
3142 5
3143 5
3144 5
3145 0
3146 5
3147 5
3148 4
3149 0
3150 7
3151 5
3152 7
3153 5
3154 7
3155 5
3156 5
3157 7
3158 7
3159 5
3160 0
3161 5
3162 5
3163 0
3164 5
3165 0
3166 5
3167 5
3168 5
3169 0
3170 5
3171 7
3172 7
3173 7
3174 7
3175 5
3176 4
3177 5
3178 7
3179 7
3180 5
3181 6
3182 7
3183 7
3184 7
3185 7
3186 7
3187 7
3188 7
3189 7
3190 7
3191 7
3192 5
3193 5
3194 7
3195 5
3196 5
3197 7
3198 7
3199 5
3200 5
3201 0
3202 0
3203 0
3204 0
3205 5
3206 0
3207 5
3208 5
3209 5
3210 7
3211 7
3212 5
3213 5
3214 7
3215 5
3216 5
3217 5
3218 5
3219 4
3220 7
3221 7
3222 5
3223 5
3224 7
3225 5
3226 0
3227 7
3228 7
3229 7
3230 7
3231 7
3232 7
3233 7
3234 0
3235 5
3236 5
3237 5
3238 7
3239 7
3240 7
3241 7
3242 7
3243 5
3244 0
3245 5
3246 5
3247 5
3248 7
3249 5
3250 7
3251 0
3252 7
3253 7
3254 7
3255 7
3256 5
3257 5
3258 7
3259 5
3260 7
3261 5
3262 7
3263 7
3264 5
3265 5
3266 5
3267 5
3268 5
3269 0
3270 5
3271 5
3272 5
3273 5
3274 4
3275 7
3276 7
3277 7
3278 7
3279 7
3280 5
3281 0
3282 4
3283 5
3284 5
3285 5
3286 5
3287 5
3288 7
3289 5
3290 5
3291 7
3292 7
3293 7
3294 7
3295 7
3296 7
3297 7
3298 7
3299 7
3300 7
3301 7
3302 7
3303 7
3304 7
3305 7
3306 7
3307 7
3308 7
3309 7
3310 7
3311 7
3312 5
3313 5
3314 5
3315 5
3316 5
3317 5
3318 7
3319 5
3320 5
3321 7
3322 4
3323 5
3324 5
3325 5
3326 7
3327 7
3328 5
3329 0
3330 5
3331 0
3332 7
3333 7
3334 5
3335 5
3336 5
3337 5
3338 5
3339 7
3340 7
3341 7
3342 5
3343 7
3344 5
3345 7
3346 7
3347 7
3348 5
3349 5
3350 5
3351 5
3352 5
3353 5
3354 5
3355 5
3356 5
3357 5
3358 5
3359 5
3360 5
3361 7
3362 7
3363 7
3364 7
3365 5
3366 7
3367 5
3368 5
3369 0
3370 7
3371 0
3372 5
3373 5
3374 5
3375 7
3376 5
3377 5
3378 5
3379 5
3380 5
3381 5
3382 5
3383 7
3384 7
3385 7
3386 7
3387 7
3388 7
3389 7
3390 7
3391 7
3392 0
3393 7
3394 7
3395 7
3396 7
3397 7
3398 7
3399 5
3400 7
3401 0
3402 7
3403 7
3404 5
3405 7
3406 7
3407 4
3408 7
3409 0
3410 5
3411 5
3412 7
3413 7
3414 7
3415 7
3416 7
3417 7
3418 7
3419 5
3420 5
3421 7
3422 7
3423 5
3424 5
3425 7
3426 5
3427 5
3428 7
3429 7
3430 0
3431 7
3432 7
3433 4
3434 5
3435 5
3436 5
3437 7
3438 7
3439 7
3440 5
3441 5
3442 5
3443 5
3444 5
3445 7
3446 5
3447 5
3448 5
3449 7
3450 5
3451 5
3452 0
3453 5
3454 5
3455 5
3456 0
3457 5
3458 7
3459 5
3460 5
3461 5
3462 7
3463 5
3464 5
3465 0
3466 5
3467 5
3468 0
3469 5
3470 7
3471 5
3472 7
3473 5
3474 7
3475 7
3476 7
3477 7
3478 7
3479 5
3480 5
3481 0
3482 5
3483 5
3484 5
3485 5
3486 5
3487 5
3488 7
3489 5
3490 7
3491 7
3492 0
3493 7
3494 7
3495 0
3496 7
3497 5
3498 5
3499 5
3500 7
3501 7
3502 5
3503 5
3504 5
3505 7
3506 0
3507 0
3508 5
3509 5
3510 5
3511 5
3512 5
3513 5
3514 5
3515 5
3516 7
3517 7
3518 7
3519 7
3520 5
3521 5
3522 5
3523 5
3524 7
3525 7
3526 5
3527 7
3528 5
3529 5
3530 0
3531 7
3532 5
3533 5
3534 5
3535 5
3536 5
3537 5
3538 7
3539 7
3540 0
3541 5
3542 5
3543 5
3544 7
3545 5
3546 4
3547 5
3548 5
3549 5
3550 7
3551 5
3552 5
3553 5
3554 7
3555 5
3556 5
3557 7
3558 7
3559 7
3560 7
3561 7
3562 7
3563 7
3564 7
3565 7
3566 7
3567 7
3568 7
3569 7
3570 7
3571 7
3572 7
3573 7
3574 7
3575 7
3576 7
3577 7
3578 7
3579 7
3580 7
3581 7
3582 7
3583 7
3584 7
3585 7
3586 7
3587 7
3588 7
3589 7
3590 7
3591 7
3592 7
3593 7
3594 7
3595 7
3596 7
3597 7
3598 7
3599 7
3600 7
3601 7
3602 7
3603 7
3604 7
3605 7
3606 7
3607 7
3608 7
3609 7
3610 7
3611 7
3612 7
3613 7
3614 5
3615 7
3616 5
3617 0
3618 4
3619 7
3620 5
3621 7
3622 7
3623 5
3624 5
3625 5
3626 5
3627 7
3628 7
3629 7
3630 5
3631 5
3632 5
3633 5
3634 5
3635 5
3636 7
3637 5
3638 5
3639 7
3640 7
3641 5
3642 7
3643 5
3644 5
3645 5
3646 7
3647 7
3648 0
3649 0
3650 5
3651 5
3652 5
3653 5
3654 7
3655 5
3656 5
3657 7
3658 5
3659 5
3660 5
3661 5
3662 5
3663 5
3664 7
3665 5
3666 5
3667 5
3668 5
3669 5
3670 5
3671 5
3672 5
3673 5
3674 5
3675 5
3676 7
3677 4
3678 7
3679 5
3680 7
3681 7
3682 0
3683 5
3684 4
3685 5
3686 5
3687 5
3688 5
3689 7
3690 5
3691 7
3692 7
3693 5
3694 7
3695 7
3696 7
3697 5
3698 7
3699 5
3700 5
3701 5
3702 7
3703 7
3704 7
3705 7
3706 7
3707 5
3708 0
3709 5
3710 5
3711 7
3712 0
3713 5
3714 5
3715 7
3716 7
3717 5
3718 5
3719 5
3720 5
3721 7
3722 5
3723 7
3724 7
3725 7
3726 7
3727 5
3728 5
3729 5
3730 0
3731 7
3732 5
3733 7
3734 5
3735 5
3736 5
3737 5
3738 5
3739 7
3740 5
3741 7
3742 7
3743 7
3744 7
3745 7
3746 0
3747 5
3748 5
3749 7
3750 5
3751 7
3752 0
3753 4
3754 5
3755 5
3756 5
3757 4
3758 7
3759 7
3760 5
3761 7
3762 5
3763 5
3764 7
3765 5
3766 5
3767 5
3768 5
3769 0
3770 7
3771 5
3772 5
3773 5
3774 5
3775 5
3776 5
3777 5
3778 7
3779 5
3780 7
3781 7
3782 7
3783 7
3784 7
3785 0
3786 5
3787 5
3788 7
3789 5
3790 0
3791 5
3792 7
3793 7
3794 7
3795 7
3796 4
3797 7
3798 7
3799 5
3800 7
3801 5
3802 7
3803 5
3804 7
3805 7
3806 7
3807 7
3808 7
3809 4
3810 5
3811 7
3812 7
3813 7
3814 7
3815 7
3816 7
3817 7
3818 7
3819 7
3820 7
3821 7
3822 5
3823 7
3824 7
3825 7
3826 7
3827 7
3828 7
3829 0
3830 7
3831 7
3832 7
3833 7
3834 7
3835 5
3836 7
3837 7
3838 7
3839 7
3840 7
3841 7
3842 7
3843 7
3844 7
3845 7
3846 7
3847 5
3848 7
3849 7
3850 0
3851 0
3852 5
3853 4
3854 5
3855 7
3856 5
3857 5
3858 7
3859 5
3860 7
3861 5
3862 7
3863 7
3864 7
3865 5
3866 5
3867 0
3868 5
3869 5
3870 5
3871 5
3872 7
3873 5
3874 7
3875 5
3876 5
3877 7
3878 5
3879 7
3880 7
3881 5
3882 0
3883 7
3884 5
3885 0
3886 7
3887 7
3888 5
3889 7
3890 7
3891 5
3892 0
3893 5
3894 5
3895 7
3896 7
3897 5
3898 5
3899 5
3900 7
3901 7
3902 5
3903 7
3904 5
3905 5
3906 7
3907 7
3908 7
3909 7
3910 7
3911 7
3912 7
3913 7
3914 7
3915 5
3916 5
3917 5
3918 5
3919 7
3920 7
3921 7
3922 7
3923 7
3924 7
3925 7
3926 7
3927 7
3928 7
3929 7
3930 7
3931 7
3932 7
3933 7
3934 7
3935 7
3936 7
3937 7
3938 7
3939 7
3940 7
3941 7
3942 7
3943 7
3944 7
3945 7
3946 7
3947 7
3948 7
3949 7
3950 7
3951 7
3952 7
3953 7
3954 7
3955 7
3956 7
3957 0
3958 5
3959 5
3960 5
3961 5
3962 5
3963 5
3964 5
3965 5
3966 7
3967 7
3968 7
3969 7
3970 7
3971 7
3972 7
3973 7
3974 7
3975 7
3976 7
3977 7
3978 7
3979 5
3980 7
3981 5
3982 5
3983 7
3984 7
3985 7
3986 7
3987 7
3988 4
3989 5
3990 5
3991 5
3992 5
3993 5
3994 4
3995 5
3996 7
3997 7
3998 0
3999 7
4000 7
4001 5
4002 5
4003 5
4004 5
4005 7
4006 4
4007 5
4008 0
4009 5
4010 5
4011 5
4012 7
4013 5
4014 7
4015 5
4016 5
4017 5
4018 5
4019 7
4020 5
4021 7
4022 5
4023 7
4024 5
4025 0
4026 7
4027 7
4028 7
4029 7
4030 5
4031 7
4032 7
4033 7
4034 0
4035 5
4036 5
4037 7
4038 7
4039 7
4040 7
4041 7
4042 7
4043 7
4044 7
4045 7
4046 7
4047 7
4048 7
4049 7
4050 7
4051 0
4052 7
4053 5
4054 0
4055 7
4056 7
4057 5
4058 5
4059 5
4060 5
4061 5
4062 0
4063 7
4064 5
4065 7
4066 0
4067 5
4068 5
4069 7
4070 5
4071 5
4072 7
4073 5
4074 7
4075 5
4076 7
4077 7
4078 7
4079 7
4080 5
4081 7
4082 5
4083 7
4084 5
4085 0
4086 7
4087 0
4088 5
4089 5
4090 5
4091 7
4092 5
4093 0
4094 5
4095 7
4096 5
4097 5
4098 5
4099 7
4100 7
4101 5
4102 5
4103 4
4104 7
4105 5
4106 7
4107 7
4108 5
4109 7
4110 5
4111 5
4112 5
4113 5
4114 5
4115 5
4116 5
4117 5
4118 5
4119 5
4120 5
4121 5
4122 5
4123 5
4124 7
4125 5
4126 7
4127 5
4128 7
4129 0
4130 4
4131 7
4132 5
4133 5
4134 7
4135 5
4136 5
4137 5
4138 7
4139 5
4140 5
4141 5
4142 5
4143 5
4144 5
4145 5
4146 0
4147 5
4148 7
4149 5
4150 5
4151 7
4152 7
4153 7
4154 7
4155 7
4156 5
4157 5
4158 7
4159 5
4160 0
4161 7
4162 5
4163 5
4164 7
4165 7
4166 5
4167 7
4168 7
4169 7
4170 7
4171 7
4172 7
4173 5
4174 7
4175 7
4176 5
4177 0
4178 4
4179 4
4180 5
4181 4
4182 5
4183 7
4184 5
4185 0
4186 0
4187 5
4188 7
4189 6
4190 4
4191 5
4192 7
4193 5
4194 5
4195 5
4196 7
4197 5
4198 7
4199 5
4200 5
4201 5
4202 7
4203 5
4204 5
4205 5
4206 7
4207 7
4208 5
4209 7
4210 0
4211 5
4212 5
4213 5
4214 5
4215 0
4216 5
4217 7
4218 5
4219 5
4220 7
4221 7
4222 5
4223 5
4224 5
4225 5
4226 5
4227 5
4228 5
4229 5
4230 5
4231 0
4232 5
4233 7
4234 7
4235 7
4236 7
4237 7
4238 7
4239 7
4240 7
4241 7
4242 7
4243 7
4244 7
4245 7
4246 7
4247 5
4248 7
4249 7
4250 7
4251 7
4252 7
4253 7
4254 7
4255 7
4256 5
4257 7
4258 7
4259 5
4260 7
4261 5
4262 5
4263 7
4264 5
4265 5
4266 5
4267 5
4268 7
4269 7
4270 7
4271 5
4272 5
4273 5
4274 7
4275 7
4276 5
4277 7
4278 0
4279 7
4280 7
4281 5
4282 7
4283 0
4284 0
4285 0
4286 5
4287 5
4288 5
4289 5
4290 7
4291 7
4292 7
4293 7
4294 7
4295 7
4296 7
4297 7
4298 7
4299 7
4300 7
4301 7
4302 7
4303 5
4304 5
4305 5
4306 7
4307 5
4308 5
4309 7
4310 7
4311 7
4312 7
4313 7
4314 7
4315 7
4316 7
4317 7
4318 7
4319 7
4320 7
4321 7
4322 7
4323 7
4324 7
4325 7
4326 7
4327 7
4328 7
4329 7
4330 7
4331 7
4332 7
4333 7
4334 0
4335 5
4336 7
4337 7
4338 4
4339 7
4340 4
4341 7
4342 5
4343 7
4344 5
4345 7
4346 7
4347 7
4348 7
4349 5
4350 7
4351 0
4352 7
4353 7
4354 5
4355 5
4356 7
4357 0
4358 7
4359 7
4360 7
4361 4
4362 5
4363 7
4364 5
4365 0
4366 7
4367 7
4368 5
4369 7
4370 7
4371 7
4372 7
4373 5
4374 5
4375 5
4376 7
4377 5
4378 7
4379 5
4380 4
4381 5
4382 5
4383 5
4384 5
4385 7
4386 7
4387 0
4388 5
4389 7
4390 7
4391 7
4392 5
4393 5
4394 7
4395 7
4396 7
4397 5
4398 5
4399 7
4400 7
4401 7
4402 5
4403 5
4404 5
4405 5
4406 5
4407 0
4408 5
4409 5
4410 5
4411 0
4412 4
4413 5
4414 5
4415 0
4416 7
4417 5
4418 7
4419 4
4420 5
4421 5
4422 5
4423 5
4424 7
4425 5
4426 7
4427 5
4428 7
4429 7
4430 5
4431 7
4432 7
4433 7
4434 7
4435 7
4436 7
4437 5
4438 7
4439 4
4440 0
4441 5
4442 7
4443 5
4444 7
4445 5
4446 0
4447 7
4448 5
4449 5
4450 7
4451 5
4452 5
4453 7
4454 5
4455 5
4456 5
4457 5
4458 7
4459 0
4460 0
4461 7
4462 7
4463 7
4464 5
4465 5
4466 5
4467 5
4468 5
4469 0
4470 7
4471 5
4472 7
4473 6
4474 7
4475 0
4476 0
4477 7
4478 7
4479 0
4480 0
4481 0
4482 10
4483 7
4484 5
4485 5
4486 5
4487 5
4488 5
4489 7
4490 7
4491 7
4492 5
4493 7
4494 7
4495 7
4496 5
4497 5
4498 7
4499 5
4500 5
4501 0
4502 0
4503 0
4504 0
4505 5
4506 5
4507 7
4508 7
4509 7
4510 7
4511 5
4512 7
4513 5
4514 5
4515 5
4516 7
4517 5
4518 5
4519 5
4520 7
4521 7
4522 5
4523 5
4524 0
4525 5
4526 5
4527 0
4528 7
4529 7
4530 5
4531 7
4532 7
4533 7
4534 5
4535 7
4536 7
4537 7
4538 7
4539 5
4540 7
4541 4
4542 5
4543 5
4544 5
4545 2
4546 4
4547 4
4548 7
4549 0
4550 5
4551 4
4552 7
4553 7
4554 7
4555 7
4556 7
4557 7
4558 7
4559 5
4560 7
4561 5
4562 7
4563 7
4564 7
4565 7
4566 7
4567 7
4568 7
4569 7
4570 7
4571 7
4572 5
4573 5
4574 7
4575 5
4576 7
4577 5
4578 7
4579 7
4580 7
4581 7
4582 5
4583 4
4584 5
4585 5
4586 5
4587 5
4588 5
4589 5
4590 5
4591 5
4592 5
4593 5
4594 5
4595 5
4596 7
4597 7
4598 0
4599 5
4600 5
4601 0
4602 7
4603 5
4604 5
4605 5
4606 7
4607 7
4608 5
4609 7
4610 7
4611 5
4612 5
4613 5
4614 5
4615 5
4616 7
4617 5
4618 5
4619 7
4620 7
4621 7
4622 0
4623 0
4624 5
4625 0
4626 0
4627 0
4628 5
4629 7
4630 7
4631 7
4632 7
4633 5
4634 5
4635 5
4636 5
4637 5
4638 5
4639 5
4640 7
4641 5
4642 7
4643 5
4644 7
4645 5
4646 5
4647 5
4648 5
4649 5
4650 7
4651 5
4652 5
4653 7
4654 7
4655 7
4656 7
4657 0
4658 5
4659 7
4660 5
4661 7
4662 7
4663 5
4664 5
4665 7
4666 7
4667 7
4668 5
4669 7
4670 5
4671 5
4672 7
4673 5
4674 0
4675 5
4676 0
4677 0
4678 7
4679 0
4680 5
4681 7
4682 5
4683 5
4684 7
4685 0
4686 7
4687 7
4688 7
4689 7
4690 7
4691 0
4692 7
4693 7
4694 7
4695 7
4696 5
4697 5
4698 7
4699 7
4700 0
4701 7
4702 7
4703 5
4704 7
4705 7
4706 0
4707 7
4708 7
4709 7
4710 0
4711 7
4712 7
4713 5
4714 7
4715 7
4716 7
4717 7
4718 7
4719 5
4720 7
4721 0
4722 0
4723 5
4724 7
4725 7
4726 7
4727 7
4728 5
4729 7
4730 7
4731 7
4732 7
4733 7
4734 7
4735 7
4736 5
4737 7
4738 7
4739 5
4740 5
4741 7
4742 5
4743 7
4744 7
4745 7
4746 7
4747 7
4748 7
4749 5
4750 5
4751 7
4752 7
4753 7
4754 7
4755 7
4756 7
4757 7
4758 7
4759 7
4760 7
4761 7
4762 7
4763 7
4764 7
4765 7
4766 7
4767 7
4768 0
4769 7
4770 7
4771 7
4772 7
4773 7
4774 0
4775 7
4776 7
4777 7
4778 7
4779 5
4780 7
4781 7
4782 7
4783 7
4784 7
4785 7
4786 7
4787 5
4788 0
4789 0
4790 7
4791 7
4792 5
4793 7
4794 0
4795 7
4796 7
4797 5
4798 5
4799 7
4800 7
4801 7
4802 7
4803 7
4804 2
4805 7
4806 7
4807 0
4808 7
4809 4
4810 7
4811 7
4812 7
4813 7
4814 7
4815 7
4816 7
4817 7
4818 7
4819 7
4820 7
4821 5
4822 7
4823 4
4824 7
4825 7
4826 5
4827 5
4828 7
4829 7
4830 7
4831 7
4832 7
4833 7
4834 7
4835 5
4836 5
4837 5
4838 7
4839 7
4840 5
4841 5
4842 7
4843 7
4844 5
4845 7
4846 5
4847 5
4848 0
4849 5
4850 7
4851 7
4852 7
4853 7
4854 7
4855 7
4856 7
4857 7
4858 7
4859 7
4860 7
4861 7
4862 7
4863 5
4864 6
4865 7
4866 0
4867 7
4868 7
4869 7
4870 7
4871 7
4872 0
4873 7
4874 7
4875 7
4876 7
4877 7
4878 7
4879 7
4880 7
4881 7
4882 7
4883 7
4884 7
4885 7
4886 0
4887 7
4888 0
4889 7
4890 7
4891 7
4892 5
4893 7
4894 4
4895 7
4896 7
4897 7
4898 7
4899 7
4900 4
4901 0
4902 4
4903 1
4904 4
4905 4
4906 4
4907 0
4908 0
4909 5
4910 4
4911 0
4912 7
4913 0
4914 0
4915 7
4916 7
4917 5
4918 7
4919 5
4920 7
4921 7
4922 4
4923 7
4924 7
4925 7
4926 4
4927 5
4928 5
4929 7
4930 7
4931 8
4932 2
4933 4
4934 8
4935 7
4936 0
4937 5
4938 4
4939 5
4940 5
4941 7
4942 5
4943 5
4944 7
4945 7
4946 5
4947 5
4948 0
4949 7
4950 0
4951 5
4952 5
4953 5
4954 5
4955 7
4956 5
4957 5
4958 7
4959 7
4960 5
4961 5
4962 7
4963 7
4964 5
4965 5
4966 5
4967 5
4968 5
4969 7
4970 5
4971 5
4972 5
4973 5
4974 7
4975 5
4976 5
4977 5
4978 5
4979 5
4980 5
4981 5
4982 7
4983 5
4984 5
4985 0
4986 0
4987 7
4988 7
4989 5
4990 5
4991 7
4992 7
4993 7
4994 5
4995 7
4996 0
4997 7
4998 5
4999 7
5000 7
5001 7
5002 7
5003 7
5004 5
5005 7
5006 7
5007 5
5008 5
5009 5
5010 5
5011 5
5012 5
5013 6
5014 5
5015 7
5016 5
5017 7
5018 5
5019 5
5020 5
5021 7
5022 5
5023 5
5024 7
5025 5
5026 7
5027 0
5028 5
5029 7
5030 7
5031 0
5032 7
5033 7
5034 7
5035 7
5036 7
5037 7
5038 5
5039 5
5040 5
5041 7
5042 7
5043 7
5044 7
5045 7
5046 7
5047 5
5048 7
5049 5
5050 7
5051 5
5052 7
5053 7
5054 0
5055 7
5056 7
5057 7
5058 7
5059 5
5060 5
5061 7
5062 7
5063 7
5064 7
5065 5
5066 5
5067 7
5068 7
5069 7
5070 7
5071 0
5072 7
5073 7
5074 7
5075 7
5076 5
5077 7
5078 7
5079 7
5080 7
5081 7
5082 7
5083 7
5084 5
5085 7
5086 7
5087 7
5088 5
5089 7
5090 7
5091 5
5092 7
5093 5
5094 7
5095 7
5096 5
5097 5
5098 5
5099 7
5100 7
5101 4
5102 5
5103 7
5104 7
5105 0
5106 7
5107 5
5108 5
5109 7
5110 5
5111 7
5112 7
5113 5
5114 5
5115 5
5116 5
5117 7
5118 0
5119 7
5120 0
5121 5
5122 0
5123 5
5124 5
5125 5
5126 5
5127 5
5128 5
5129 7
5130 0
5131 5
5132 5
5133 5
5134 5
5135 0
5136 0
5137 7
5138 7
5139 7
5140 7
5141 7
5142 0
5143 7
5144 5
5145 5
5146 5
5147 5
5148 5
5149 7
5150 7
5151 0
5152 7
5153 5
5154 5
5155 5
5156 5
5157 5
5158 7
5159 5
5160 5
5161 7
5162 7
5163 7
5164 7
5165 7
5166 4
5167 5
5168 5
5169 7
5170 7
5171 5
5172 7
5173 5
5174 5
5175 7
5176 5
5177 4
5178 4
5179 7
5180 4
5181 4
5182 4
5183 7
5184 4
5185 4
5186 5
5187 2
5188 5
5189 5
5190 5
5191 5
5192 5
5193 2
5194 5
5195 5
5196 7
5197 5
5198 7
5199 7
5200 7
5201 0
5202 7
5203 7
5204 7
5205 7
5206 7
5207 7
5208 7
5209 7
5210 7
5211 5
5212 7
5213 5
5214 7
5215 5
5216 5
5217 0
5218 0
5219 5
5220 5
5221 7
5222 7
5223 5
5224 5
5225 5
5226 0
5227 7
5228 7
5229 0
5230 5
5231 5
5232 5
5233 5
5234 4
5235 5
5236 5
5237 7
5238 7
5239 5
5240 5
5241 5
5242 5
5243 5
5244 5
5245 7
5246 5
5247 7
5248 7
5249 5
5250 7
5251 5
5252 5
5253 5
5254 5
5255 5
5256 5
5257 2
5258 7
5259 5
5260 5
5261 5
5262 5
5263 5
5264 5
5265 5
5266 7
5267 7
5268 5
5269 5
5270 5
5271 5
5272 5
5273 5
5274 7
5275 5
5276 7
5277 5
5278 5
5279 7
5280 5
5281 5
5282 7
5283 5
5284 7
5285 4
5286 5
5287 5
5288 5
5289 5
5290 5
5291 5
5292 5
5293 5
5294 5
5295 5
5296 5
5297 5
5298 5
5299 7
5300 5
5301 7
5302 5
5303 5
5304 5
5305 7
5306 5
5307 7
5308 7
5309 5
5310 5
5311 5
5312 5
5313 5
5314 5
5315 5
5316 4
5317 5
5318 5
5319 5
5320 5
5321 5
5322 5
5323 5
5324 4
5325 5
5326 5
5327 7
5328 5
5329 5
5330 5
5331 7
5332 5
5333 5
5334 5
5335 7
5336 7
5337 5
5338 5
5339 5
5340 5
5341 5
5342 5
5343 7
5344 5
5345 7
5346 7
5347 7
5348 7
5349 5
5350 5
5351 5
5352 5
5353 5
5354 7
5355 5
5356 7
5357 5
5358 2
5359 5
5360 5
5361 5
5362 5
5363 5
5364 5
5365 5
5366 5
5367 7
5368 5
5369 5
5370 5
5371 5
5372 5
5373 5
5374 5
5375 5
5376 5
5377 5
5378 7
5379 5
5380 7
5381 5
5382 5
5383 5
5384 11
5385 5
5386 5
5387 5
5388 7
5389 2
5390 5
5391 5
5392 7
5393 5
5394 5
5395 5
5396 5
5397 7
5398 5
5399 7
5400 5
5401 5
5402 7
5403 7
5404 5
5405 5
5406 5
5407 7
5408 7
5409 7
5410 5
5411 5
5412 5
5413 5
5414 7
5415 5
5416 7
5417 5
5418 5
5419 7
5420 7
5421 7
5422 5
5423 7
5424 7
5425 7
5426 7
5427 5
5428 7
5429 7
5430 7
5431 7
5432 7
5433 5
5434 7
5435 7
5436 7
5437 7
5438 7
5439 7
5440 0
5441 0
5442 0
5443 5
5444 5
5445 5
5446 5
5447 7
5448 7
5449 0
5450 7
5451 5
5452 7
5453 5
5454 5
5455 5
5456 7
5457 7
5458 5
5459 5
5460 5
5461 7
5462 7
5463 7
5464 7
5465 5
5466 5
5467 7
5468 5
5469 4
5470 0
5471 7
5472 5
5473 5
5474 5
5475 7
5476 5
5477 7
5478 5
5479 5
5480 5
5481 7
5482 5
5483 7
5484 5
5485 5
5486 5
5487 5
5488 4
5489 7
5490 5
5491 5
5492 5
5493 7
5494 7
5495 5
5496 4
5497 7
5498 5
5499 5
5500 7
5501 7
5502 5
5503 7
5504 5
5505 5
5506 5
5507 7
5508 5
5509 7
5510 5
5511 7
5512 5
5513 5
5514 5
5515 5
5516 7
5517 0
5518 7
5519 5
5520 5
5521 5
5522 7
5523 7
5524 5
5525 7
5526 7
5527 5
5528 5
5529 5
5530 0
5531 4
5532 4
5533 5
5534 7
5535 7
5536 7
5537 7
5538 7
5539 5
5540 3
5541 7
5542 7
5543 5
5544 7
5545 5
5546 5
5547 5
5548 5
5549 5
5550 7
5551 4
5552 5
5553 5
5554 7
5555 7
5556 7
5557 7
5558 7
5559 5
5560 7
5561 7
5562 5
5563 5
5564 5
5565 5
5566 7
5567 5
5568 5
5569 5
5570 5
5571 0
5572 5
5573 5
5574 7
5575 5
5576 5
5577 7
5578 7
5579 5
5580 7
5581 7
5582 5
5583 5
5584 7
5585 7
5586 5
5587 6
5588 5
5589 7
5590 7
5591 0
5592 5
5593 0
5594 0
5595 0
5596 0
5597 7
5598 7
5599 5
5600 5
5601 7
5602 5
5603 7
5604 5
5605 0
5606 0
5607 5
5608 0
5609 0
5610 7
5611 5
5612 5
5613 0
5614 7
5615 0
5616 7
5617 5
5618 7
5619 5
5620 0
5621 5
5622 7
5623 5
5624 7
5625 7
5626 7
5627 5
5628 7
5629 7
5630 7
5631 0
5632 7
5633 7
5634 7
5635 7
5636 0
5637 7
5638 0
5639 0
5640 5
5641 7
5642 7
5643 4
5644 0
5645 5
5646 7
5647 0
5648 5
5649 7
5650 7
5651 7
5652 5
5653 7
5654 7
5655 7
5656 5
5657 4
5658 0
5659 0
5660 5
5661 0
5662 7
5663 5
5664 5
5665 7
5666 7
5667 4
5668 5
5669 7
5670 5
5671 4
5672 4
5673 7
5674 4
5675 7
5676 7
5677 7
5678 4
5679 7
5680 4
5681 7
5682 7
5683 5
5684 5
5685 7
5686 4
5687 5
5688 5
5689 5
5690 5
5691 5
5692 5
5693 0
5694 5
5695 5
5696 5
5697 5
5698 5
5699 5
5700 7
5701 7
5702 7
5703 5
5704 7
5705 5
5706 5
5707 5
5708 5
5709 5
5710 7
5711 7
5712 7
5713 7
5714 5
5715 0
5716 4
5717 7
5718 5
5719 0
5720 0
5721 0
5722 5
5723 4
5724 7
5725 5
5726 4
5727 7
5728 5
5729 5
5730 7
5731 4
5732 2
5733 4
5734 2
5735 0
5736 2
5737 5
5738 7
5739 2
5740 5
5741 7
5742 6
5743 5
5744 5
5745 7
5746 7
5747 5
5748 7
5749 7
5750 7
5751 5
5752 4
5753 7
5754 7
5755 7
5756 7
5757 7
5758 7
5759 7
5760 5
5761 7
5762 5
5763 7
5764 7
5765 2
5766 7
5767 5
5768 0
5769 5
5770 7
5771 7
5772 0
5773 5
5774 7
5775 5
5776 7
5777 7
5778 7
5779 5
5780 7
5781 7
5782 5
5783 7
5784 7
5785 5
5786 7
5787 7
5788 7
5789 7
5790 7
5791 7
5792 5
5793 7
5794 5
5795 7
5796 5
5797 5
5798 7
5799 5
5800 5
5801 7
5802 5
5803 5
5804 5
5805 7
5806 0
5807 5
5808 4
5809 7
5810 11
5811 7
5812 7
5813 7
5814 7
5815 7
5816 7
5817 7
5818 5
5819 7
5820 7
5821 7
5822 7
5823 7
5824 7
5825 7
5826 7
5827 7
5828 5
5829 5
5830 5
5831 7
5832 5
5833 5
5834 5
5835 7
5836 7
5837 7
5838 5
5839 5
5840 0
5841 7
5842 5
5843 7
5844 7
5845 7
5846 7
5847 7
5848 0
5849 7
5850 7
5851 7
5852 5
5853 7
5854 5
5855 5
5856 7
5857 5
5858 5
5859 7
5860 5
5861 0
5862 5
5863 5
5864 7
5865 5
5866 5
5867 5
5868 4
5869 7
5870 5
5871 7
5872 7
5873 7
5874 7
5875 5
5876 7
5877 5
5878 0
5879 7
5880 5
5881 7
5882 5
5883 7
5884 0
5885 7
5886 5
5887 7
5888 7
5889 0
5890 5
5891 5
5892 7
5893 5
5894 7
5895 7
5896 5
5897 7
5898 7
5899 7
5900 5
5901 5
5902 7
5903 5
5904 5
5905 5
5906 5
5907 7
5908 5
5909 5
5910 5
5911 7
5912 5
5913 0
5914 7
5915 5
5916 5
5917 5
5918 5
5919 7
5920 7
5921 5
5922 5
5923 7
5924 5
5925 7
5926 5
5927 7
5928 5
5929 7
5930 5
5931 5
5932 5
5933 5
5934 5
5935 5
5936 7
5937 5
5938 0
5939 7
5940 5
5941 5
5942 7
5943 5
5944 7
5945 7
5946 7
5947 7
5948 5
5949 5
5950 5
5951 5
5952 7
5953 4
5954 6
5955 5
5956 7
5957 7
5958 5
5959 5
5960 5
5961 0
5962 7
5963 7
5964 5
5965 7
5966 5
5967 5
5968 7
5969 7
5970 7
5971 7
5972 5
5973 5
5974 5
5975 0
5976 7
5977 5
5978 5
5979 5
5980 4
5981 5
5982 5
5983 5
5984 0
5985 7
5986 5
5987 5
5988 5
5989 7
5990 7
5991 7
5992 7
5993 7
5994 5
5995 5
5996 7
5997 5
5998 5
5999 7
6000 7
6001 7
6002 7
6003 7
6004 5
6005 5
6006 5
6007 5
6008 5
6009 5
6010 7
6011 7
6012 7
6013 5
6014 5
6015 7
6016 7
6017 4
6018 7
6019 5
6020 5
6021 5
6022 7
6023 5
6024 0
6025 5
6026 5
6027 7
6028 7
6029 7
6030 5
6031 7
6032 5
6033 0
6034 5
6035 7
6036 7
6037 5
6038 7
6039 5
6040 7
6041 7
6042 5
6043 5
6044 5
6045 5
6046 7
6047 5
6048 5
6049 7
6050 5
6051 0
6052 5
6053 5
6054 7
6055 7
6056 5
6057 5
6058 7
6059 7
6060 5
6061 5
6062 5
6063 7
6064 5
6065 5
6066 7
6067 7
6068 5
6069 7
6070 5
6071 5
6072 5
6073 4
6074 5
6075 5
6076 6
6077 5
6078 0
6079 7
6080 7
6081 7
6082 5
6083 5
6084 7
6085 5
6086 4
6087 7
6088 5
6089 5
6090 5
6091 5
6092 0
6093 5
6094 7
6095 7
6096 7
6097 5
6098 7
6099 5
6100 5
6101 7
6102 7
6103 5
6104 5
6105 7
6106 5
6107 5
6108 4
6109 5
6110 5
6111 0
6112 7
6113 0
6114 0
6115 7
6116 7
6117 5
6118 7
6119 5
6120 5
6121 5
6122 7
6123 7
6124 7
6125 7
6126 7
6127 7
6128 7
6129 7
6130 7
6131 5
6132 5
6133 5
6134 7
6135 7
6136 5
6137 7
6138 5
6139 7
6140 5
6141 5
6142 6
6143 0
6144 7
6145 5
6146 4
6147 7
6148 7
6149 7
6150 7
6151 5
6152 7
6153 5
6154 7
6155 7
6156 5
6157 5
6158 5
6159 5
6160 5
6161 5
6162 4
6163 4
6164 7
6165 7
6166 7
6167 7
6168 7
6169 5
6170 5
6171 5
6172 5
6173 7
6174 7
6175 5
6176 5
6177 0
6178 7
6179 7
6180 5
6181 7
6182 5
6183 5
6184 5
6185 5
6186 7
6187 5
6188 6
6189 5
6190 5
6191 0
6192 7
6193 5
6194 7
6195 5
6196 5
6197 5
6198 7
6199 7
6200 7
6201 7
6202 0
6203 5
6204 7
6205 5
6206 7
6207 7
6208 7
6209 7
6210 0
6211 5
6212 5
6213 5
6214 5
6215 5
6216 4
6217 7
6218 7
6219 11
6220 5
6221 7
6222 7
6223 5
6224 5
6225 7
6226 4
6227 5
6228 5
6229 5
6230 7
6231 7
6232 5
6233 7
6234 7
6235 5
6236 5
6237 7
6238 5
6239 0
6240 7
6241 5
6242 4
6243 5
6244 7
6245 4
6246 5
6247 5
6248 7
6249 4
6250 7
6251 5
6252 7
6253 7
6254 5
6255 2
6256 5
6257 5
6258 7
6259 5
6260 5
6261 7
6262 7
6263 7
6264 7
6265 5
6266 5
6267 7
6268 7
6269 5
6270 7
6271 5
6272 5
6273 5
6274 5
6275 5
6276 5
6277 2
6278 7
6279 7
6280 0
6281 7
6282 5
6283 5
6284 7
6285 5
6286 7
6287 7
6288 5
6289 5
6290 5
6291 7
6292 7
6293 5
6294 4
6295 5
6296 7
6297 5
6298 7
6299 5
6300 5
6301 0
6302 0
6303 0
6304 7
6305 7
6306 7
6307 5
6308 7
6309 5
6310 5
6311 0
6312 7
6313 5
6314 5
6315 5
6316 0
6317 7
6318 7
6319 7
6320 7
6321 5
6322 5
6323 5
6324 5
6325 7
6326 5
6327 5
6328 0
6329 0
6330 0
6331 7
6332 7
6333 0
6334 7
6335 7
6336 2
6337 5
6338 7
6339 7
6340 7
6341 0
6342 5
6343 7
6344 0
6345 7
6346 7
6347 5
6348 5
6349 7
6350 5
6351 0
6352 0
6353 7
6354 5
6355 0
6356 5
6357 7
6358 7
6359 7
6360 5
6361 7
6362 0
6363 7
6364 5
6365 7
6366 5
6367 5
6368 5
6369 5
6370 7
6371 5
6372 5
6373 5
6374 7
6375 7
6376 5
6377 7
6378 7
6379 0
6380 7
6381 5
6382 7
6383 7
6384 5
6385 5
6386 5
6387 5
6388 5
6389 5
6390 5
6391 5
6392 5
6393 7
6394 0
6395 5
6396 5
6397 4
6398 5
6399 5
6400 5
6401 5
6402 5
6403 0
6404 7
6405 7
6406 5
6407 2
6408 7
6409 0
6410 0
6411 7
6412 0
6413 5
6414 7
6415 0
6416 7
6417 5
6418 7
6419 7
6420 11
6421 2
6422 7
6423 7
6424 7
6425 5
6426 5
6427 5
6428 5
6429 5
6430 5
6431 7
6432 4
6433 7
6434 5
6435 5
6436 5
6437 0
6438 5
6439 7
6440 7
6441 7
6442 5
6443 0
6444 7
6445 7
6446 4
6447 7
6448 7
6449 5
6450 5
6451 5
6452 7
6453 7
6454 5
6455 0
6456 7
6457 7
6458 7
6459 0
6460 0
6461 0
6462 5
6463 7
6464 7
6465 5
6466 7
6467 7
6468 7
6469 7
6470 7
6471 7
6472 7
6473 5
6474 7
6475 7
6476 7
6477 7
6478 7
6479 7
6480 7
6481 7
6482 7
6483 7
6484 7
6485 0
6486 7
6487 7
6488 4
6489 0
6490 4
6491 7
6492 7
6493 5
6494 7
6495 7
6496 7
6497 7
6498 7
6499 7
6500 7
6501 7
6502 4
6503 5
6504 4
6505 7
6506 5
6507 7
6508 7
6509 7
6510 7
6511 7
6512 7
6513 7
6514 7
6515 7
6516 7
6517 7
6518 7
6519 7
6520 7
6521 7
6522 7
6523 7
6524 4
6525 7
6526 7
6527 7
6528 7
6529 7
6530 7
6531 7
6532 7
6533 7
6534 7
6535 7
6536 7
6537 7
6538 7
6539 7
6540 7
6541 7
6542 7
6543 7
6544 7
6545 7
6546 5
6547 7
6548 7
6549 5
6550 7
6551 5
6552 5
6553 5
6554 7
6555 9
6556 5
6557 9
6558 5
6559 5
6560 0
6561 7
6562 5
6563 5
6564 5
6565 0
6566 0
6567 7
6568 7
6569 7
6570 4
6571 5
6572 5
6573 5
6574 5
6575 5
6576 7
6577 2
6578 5
6579 5
6580 5
6581 7
6582 7
6583 7
6584 7
6585 0
6586 0
6587 5
6588 0
6589 0
6590 0
6591 5
6592 7
6593 7
6594 0
6595 0
6596 7
6597 7
6598 7
6599 7
6600 7
6601 7
6602 7
6603 7
6604 7
6605 7
6606 5
6607 0
6608 5
6609 5
6610 5
6611 7
6612 7
6613 0
6614 0
6615 5
6616 5
6617 5
6618 5
6619 5
6620 5
6621 5
6622 7
6623 5
6624 5
6625 5
6626 5
6627 5
6628 2
6629 7
6630 7
6631 0
6632 0
6633 2
6634 0
6635 2
6636 2
6637 2
6638 7
6639 5
6640 0
6641 7
6642 7
6643 7
6644 7
6645 7
6646 7
6647 7
6648 7
6649 7
6650 7
6651 0
6652 7
6653 7
6654 7
6655 7
6656 7
6657 7
6658 7
6659 7
6660 0
6661 7
6662 7
6663 7
6664 7
6665 7
6666 4
6667 7
6668 0
6669 2
6670 7
6671 2
6672 7
6673 2
6674 2
6675 2
6676 5
6677 5
6678 2
6679 2
6680 7
6681 5
6682 0
6683 5
6684 0
6685 0
6686 5
6687 0
6688 7
6689 0
6690 5
6691 4
6692 7
6693 7
6694 7
6695 7
6696 4
6697 5
6698 5
6699 7
6700 5
6701 0
6702 0
6703 7
6704 4
6705 7
6706 7
6707 7
6708 0
6709 0
6710 0
6711 0
6712 10
6713 4
6714 4
6715 10
6716 10
6717 10
6718 10
6719 10
6720 10
6721 4
6722 0
6723 7
6724 5
6725 7
6726 0
6727 7
6728 5
6729 5
6730 7
6731 5
6732 7
6733 0
6734 7
6735 0
6736 0
6737 0
6738 7
6739 7
6740 7
6741 5
6742 7
6743 7
6744 7
6745 0
6746 0
6747 7
6748 7
6749 0
6750 7
6751 7
6752 7
6753 6
6754 7
6755 7
6756 0
6757 0
6758 7
6759 7
6760 7
6761 7
6762 7
6763 7
6764 7
6765 7
6766 7
6767 7
6768 7
6769 7
6770 7
6771 7
6772 7
6773 7
6774 7
6775 7
6776 7
6777 7
6778 7
6779 7
6780 7
6781 7
6782 7
6783 5
6784 7
6785 7
6786 7
6787 4
6788 0
6789 5
6790 5
6791 5
6792 5
6793 5
6794 5
6795 5
6796 7
6797 0
6798 4
6799 7
6800 7
6801 7
6802 5
6803 5
6804 5
6805 5
6806 0
6807 0
6808 7
6809 7
6810 7
6811 7
6812 7
6813 7
6814 5
6815 5
6816 0
6817 5
6818 5
6819 7
6820 7
6821 7
6822 5
6823 4
6824 0
6825 7
6826 0
6827 5
6828 0
6829 5
6830 4
6831 4
6832 7
6833 7
6834 7
6835 7
6836 0
6837 5
6838 0
6839 4
6840 7
6841 11
6842 5
6843 6
6844 0
6845 7
6846 7
6847 7
6848 7
6849 7
6850 7
6851 7
6852 7
6853 5
6854 7
6855 7
6856 4
6857 4
6858 7
6859 5
6860 7
6861 7
6862 5
6863 5
6864 7
6865 7
6866 0
6867 7
6868 7
6869 5
6870 7
6871 6
6872 7
6873 7
6874 5
6875 7
6876 7
6877 7
6878 7
6879 3
6880 7
6881 7
6882 7
6883 7
6884 7
6885 7
6886 7
6887 7
6888 7
6889 7
6890 7
6891 7
6892 7
6893 7
6894 7
6895 7
6896 7
6897 7
6898 7
6899 7
6900 7
6901 7
6902 7
6903 7
6904 7
6905 7
6906 7
6907 7
6908 7
6909 7
6910 7
6911 7
6912 7
6913 7
6914 7
6915 7
6916 7
6917 7
6918 7
6919 7
6920 7
6921 7
6922 7
6923 7
6924 7
6925 7
6926 0
6927 7
6928 7
6929 7
6930 0
6931 2
6932 5
6933 2
6934 5
6935 5
6936 7
6937 5
6938 7
6939 7
6940 7
6941 7
6942 7
6943 5
6944 7
6945 5
6946 7
6947 7
6948 0
6949 0
6950 5
6951 7
6952 0
6953 5
6954 0
6955 0
6956 0
6957 7
6958 7
6959 7
6960 2
6961 5
6962 5
6963 4
6964 7
6965 7
6966 7
6967 7
6968 7
6969 7
6970 7
6971 1
6972 7
6973 5
6974 5
6975 7
6976 7
6977 0
6978 0
6979 0
6980 0
6981 5
6982 5
6983 5
6984 5
6985 7
6986 7
6987 5
6988 5
6989 2
6990 0
6991 7
6992 5
6993 7
6994 0
6995 7
6996 7
6997 7
6998 0
6999 7
7000 7
7001 0
7002 7
7003 7
7004 7
7005 7
7006 5
7007 7
7008 4
7009 4
7010 4
7011 4
7012 4
7013 4
7014 4
7015 4
7016 4
7017 4
7018 4
7019 4
7020 4
7021 5
7022 4
7023 4
7024 0
7025 0
7026 0
7027 7
7028 2
7029 1
7030 5
7031 5
7032 4
7033 7
7034 5
7035 2
7036 4
7037 2
7038 2
7039 2
7040 5
7041 2
7042 2
7043 2
7044 2
7045 7
7046 4
7047 2
7048 0
7049 5
7050 2
7051 2
7052 7
7053 2
7054 2
7055 2
7056 2
7057 7
7058 2
7059 2
7060 2
7061 7
7062 4
7063 4
7064 4
7065 4
7066 4
7067 7
7068 4
7069 5
7070 0
7071 5
7072 6
7073 5
7074 6
7075 6
7076 0
7077 0
7078 0
7079 0
7080 0
7081 4
7082 0
7083 0
7084 7
7085 5
7086 6
7087 0
7088 5
7089 7
7090 5
7091 5
7092 5
7093 4
7094 4
7095 6
7096 4
7097 4
7098 4
7099 4
7100 0
7101 0
7102 5
7103 5
7104 0
7105 0
7106 0
7107 7
7108 7
7109 7
7110 7
7111 7
7112 7
7113 7
7114 7
7115 7
7116 7
7117 7
7118 7
7119 7
7120 7
7121 7
7122 7
7123 7
7124 7
7125 7
7126 5
7127 5
7128 7
7129 5
7130 7
7131 5
7132 5
7133 5
7134 5
7135 0
7136 7
7137 7
7138 7
7139 7
7140 7
7141 7
7142 4
7143 4
7144 4
7145 4
7146 4
7147 4
7148 4
7149 4
7150 4
7151 4
7152 4
7153 4
7154 4
7155 7
7156 4
7157 4
7158 4
7159 4
7160 4
7161 4
7162 4
7163 7
7164 0
7165 0
7166 7
7167 7
7168 7
7169 7
7170 7
7171 7
7172 7
7173 7
7174 7
7175 7
7176 7
7177 7
7178 7
7179 7
7180 7
7181 5
7182 7
7183 7
7184 7
7185 7
7186 7
7187 7
7188 7
7189 7
7190 7
7191 5
7192 5
7193 7
7194 7
7195 5
7196 5
7197 5
7198 6
7199 0
7200 5
7201 0
7202 5
7203 5
7204 5
7205 5
7206 5
7207 5
7208 5
7209 5
7210 5
7211 7
7212 5
7213 7
7214 5
7215 5
7216 5
7217 6
7218 5
7219 5
7220 5
7221 5
7222 3
7223 5
7224 5
7225 7
7226 5
7227 0
7228 0
7229 2
7230 7
7231 5
7232 6
7233 5
7234 5
7235 5
7236 5
7237 2
7238 5
7239 5
7240 7
7241 5
7242 5
7243 5
7244 0
7245 0
7246 7
7247 7
7248 5
7249 7
7250 7
7251 7
7252 0
7253 0
7254 0
7255 11
7256 11
7257 6
7258 11
7259 5
7260 11
7261 7
7262 7
7263 11
7264 11
7265 11
7266 11
7267 11
7268 11
7269 0
7270 11
7271 11
7272 11
7273 11
7274 11
7275 6
7276 11
7277 11
7278 0
7279 0
7280 0
7281 0
7282 0
7283 0
7284 0
7285 7
7286 7
7287 5
7288 5
7289 7
7290 7
7291 7
7292 5
7293 2
7294 7
7295 0
7296 0
7297 7
7298 7
7299 7
7300 7
7301 7
7302 7
7303 7
7304 7
7305 7
7306 3
7307 3
7308 3
7309 3
7310 7
7311 7
7312 7
7313 7
7314 7
7315 7
7316 7
7317 7
7318 7
7319 7
7320 7
7321 0
7322 7
7323 7
7324 7
7325 0
7326 4
7327 3
7328 3
7329 3
7330 7
7331 7
7332 7
7333 7
7334 7
7335 7
7336 7
7337 7
7338 7
7339 7
7340 7
7341 7
7342 7
7343 7
7344 7
7345 7
7346 7
7347 7
7348 7
7349 7
7350 7
7351 7
7352 7
7353 7
7354 7
7355 7
7356 7
7357 7
7358 5
7359 5
7360 2
7361 5
7362 5
7363 0
7364 5
7365 5
7366 5
7367 7
7368 5
7369 0
7370 0
7371 0
7372 7
7373 7
7374 5
7375 5
7376 7
7377 5
7378 5
7379 7
7380 7
7381 7
7382 7
7383 7
7384 7
7385 7
7386 7
7387 0
7388 0
7389 5
7390 5
7391 7
7392 0
7393 5
7394 6
7395 5
7396 1
7397 0
7398 0
7399 7
7400 0
7401 0
7402 7
7403 7
7404 7
7405 7
7406 7
7407 0
7408 0
7409 0
7410 0
7411 0
7412 0
7413 0
7414 6
7415 6
7416 6
7417 0
7418 6
7419 6
7420 6
7421 6
7422 6
7423 6
7424 6
7425 6
7426 7
7427 6
7428 6
7429 6
7430 6
7431 6
7432 0
7433 7
7434 0
7435 0
7436 0
7437 7
7438 7
7439 7
7440 7
7441 7
7442 7
7443 7
7444 7
7445 7
7446 4
7447 4
7448 4
7449 4
7450 4
7451 7
7452 7
7453 7
7454 7
7455 7
7456 7
7457 7
7458 7
7459 7
7460 7
7461 7
7462 0
7463 0
7464 0
7465 0
7466 5
7467 5
7468 5
7469 0
7470 0
7471 1
7472 5
7473 5
7474 5
7475 5
7476 0
7477 7
7478 7
7479 7
7480 7
7481 7
7482 7
7483 7
7484 7
7485 7
7486 7
7487 7
7488 7
7489 7
7490 7
7491 7
7492 7
7493 7
7494 7
7495 7
7496 7
7497 7
7498 7
7499 7
7500 7
7501 7
7502 7
7503 7
7504 7
7505 7
7506 7
7507 7
7508 7
7509 7
7510 7
7511 7
7512 7
7513 7
7514 0
7515 0
7516 0
7517 0
7518 0
7519 0
7520 0
7521 0
7522 5
7523 0
7524 5
7525 2
7526 2
7527 2
7528 2
7529 2
7530 0
7531 0
7532 0
7533 7
7534 5
7535 0
7536 0
7537 7
7538 7
7539 7
7540 7
7541 7
7542 7
7543 7
7544 7
7545 7
7546 7
7547 7
7548 7
7549 7
7550 7
7551 5
7552 0
7553 5
7554 0
7555 0
7556 5
7557 0
7558 7
7559 0
7560 0
7561 0
7562 7
7563 7
7564 7
7565 7
7566 7
7567 7
7568 7
7569 5
7570 5
7571 5
7572 5
7573 7
7574 0
7575 0
7576 0
7577 0
7578 0
7579 2
7580 2
7581 2
7582 2
7583 2
7584 2
7585 2
7586 2
7587 2
7588 0
7589 7
7590 7
7591 7
7592 7
7593 7
7594 7
7595 7
7596 7
7597 0
7598 7
7599 7
7600 5
7601 7
7602 7
7603 2
7604 2
7605 2
7606 2
7607 2
7608 2
7609 5
7610 5
7611 5
7612 7
7613 7
7614 0
7615 0
7616 7
7617 0
7618 0
7619 0
7620 5
7621 5
7622 0
7623 0
7624 0
7625 0
7626 0
7627 0
7628 4
7629 0
7630 0
7631 0
7632 0
7633 0
7634 0
7635 0
7636 0
7637 7
7638 7
7639 7
7640 7
7641 7
7642 7
7643 7
7644 7
7645 7
7646 7
7647 7
7648 7
7649 7
7650 7
7651 0
7652 1
7653 7
7654 0
7655 7
7656 0
7657 7
7658 5
7659 5
7660 7
7661 7
7662 7
7663 0
7664 0
7665 7
7666 5
7667 5
7668 5
7669 7
7670 7
7671 4
7672 5
7673 5
7674 0
7675 7
7676 0
7677 0
7678 0
7679 3
7680 3
7681 3
7682 0
7683 0
7684 7
7685 7
7686 7
7687 7
7688 7
7689 7
7690 7
7691 7
7692 7
7693 5
7694 7
7695 7
7696 7
7697 7
7698 7
7699 7
7700 5
7701 5
7702 0
7703 7
7704 7
7705 7
7706 7
7707 7
7708 7
7709 7
7710 7
7711 7
7712 0
7713 7
7714 5
7715 7
7716 5
7717 5
7718 5
7719 5
7720 5
7721 5
7722 5
7723 5
7724 0
7725 0
7726 5
7727 0
7728 0
7729 1
7730 1
7731 1
7732 1
7733 1
7734 1
7735 1
7736 7
7737 0
7738 7
7739 7
7740 7
7741 7
7742 7
7743 0
7744 0
7745 0
7746 0
7747 7
7748 7
7749 7
7750 0
7751 5
7752 5
7753 5
7754 5
7755 5
7756 5
7757 7
7758 7
7759 7
7760 0
7761 5
7762 7
7763 7
7764 7
7765 4
7766 4
7767 4
7768 4
7769 4
7770 4
7771 4
7772 4
7773 5
7774 5
7775 2
7776 2
7777 0
7778 0
7779 0
7780 0
7781 0
7782 0
7783 7
7784 7
7785 0
7786 0
7787 0
7788 0
7789 7
7790 7
7791 7
7792 7
7793 0
7794 0
7795 0
7796 0
7797 0
7798 0
7799 5
7800 5
7801 5
7802 7
7803 7
7804 4
7805 5
7806 7
7807 7
7808 7
7809 7
7810 7
7811 7
7812 0
7813 0
7814 7
7815 0
7816 5
7817 5
7818 7
7819 7
7820 7
7821 7
7822 7
7823 7
7824 7
7825 7
7826 7
7827 7
7828 7
7829 7
7830 7
7831 5
7832 7
7833 7
7834 5
7835 5
7836 7
7837 7
7838 7
7839 7
7840 7
7841 7
7842 7
7843 5
7844 5
7845 5
7846 5
7847 5
7848 5
7849 0
7850 0
7851 0
7852 0
7853 0
0 0
1 4
2 2
3 1
4 2
5 1
6 4
7 2
8 2
9 1
10 3
11 4
0 0
1 1
2 2
3 3
4 4
1e-06 0.151228 115
