0 0
1 0
2 1
3 0
4 2
5 1
6 2
7 0
8 1
9 0
10 1
11 1
12 0
13 1
14 1
15 0
16 2
17 2
18 1
19 0
20 2
21 2
22 0
23 2
24 2
25 2
26 1
27 0
28 2
29 2
30 1
31 1
32 1
33 0
34 1
35 2
36 0
37 2
38 1
39 0
40 2
41 2
42 1
43 0
44 0
45 1
46 1
47 1
48 2
49 0
50 2
51 1
52 1
53 0
54 0
55 2
56 2
57 2
58 1
59 2
60 2
61 2
62 2
63 2
64 0
65 2
66 0
67 0
68 0
69 0
70 2
71 1
72 2
73 0
74 2
75 2
76 0
77 1
78 1
79 2
80 2
81 0
82 1
83 2
84 1
85 2
86 2
87 1
88 0
89 0
90 2
91 2
92 0
93 1
94 1
95 0
96 0
97 2
98 0
99 1
100 2
101 2
102 2
103 0
104 0
105 1
106 1
107 1
108 1
109 0
110 0
111 1
112 0
113 1
114 1
115 1
116 2
117 2
118 2
119 1
120 0
121 1
122 0
123 2
124 1
125 0
126 0
127 0
128 0
129 1
130 1
131 1
132 1
133 0
134 1
135 2
136 0
137 1
138 2
139 1
140 0
141 2
142 0
143 2
144 0
145 1
146 1
147 0
148 1
149 2
150 2
151 2
152 0
153 2
154 1
155 2
156 0
157 2
158 2
159 0
160 1
161 0
162 2
163 0
164 2
165 2
166 2
167 2
168 0
169 2
170 2
171 1
172 1
173 2
174 1
175 0
176 0
177 2
178 0
179 1
180 1
181 0
182 2
183 0
184 0
185 1
186 1
187 2
188 1
189 0
190 0
191 0
192 0
193 0
194 0
195 2
196 0
197 0
198 2
199 0
200 1
201 1
202 0
203 0
204 2
205 2
206 2
207 2
208 2
209 2
210 2
211 0
212 0
213 0
214 2
215 0
216 0
217 0
218 2
219 2
220 0
221 2
222 1
223 2
224 2
225 2
226 2
227 0
228 2
229 2
230 0
231 2
232 2
233 0
234 2
235 2
236 2
237 2
238 0
239 1
240 2
241 2
242 2
243 1
244 2
245 0
246 0
247 0
248 0
249 2
250 1
251 0
252 1
253 0
254 2
255 0
256 0
257 0
258 1
259 0
260 1
261 1
262 1
263 0
264 2
265 1
266 2
267 2
268 1
269 1
270 1
271 1
272 1
273 0
274 0
275 2
276 1
277 0
278 1
279 2
280 2
281 1
282 2
283 1
284 0
285 2
286 0
287 0
288 2
289 0
290 0
291 1
292 2
293 0
294 0
295 0
296 0
297 1
298 0
299 0
300 0
301 1
302 1
303 0
304 0
305 1
306 2
307 2
308 0
309 0
310 1
311 2
312 0
313 0
314 0
315 1
316 0
317 1
318 1
319 1
320 1
321 0
322 2
323 2
324 2
325 0
326 1
327 1
328 2
329 2
330 0
331 1
332 2
333 1
334 1
335 1
336 2
337 0
338 1
339 1
340 1
341 2
342 1
343 1
344 2
345 0
346 0
347 1
348 2
349 1
350 2
351 1
352 0
353 1
354 2
355 0
356 0
357 0
358 1
359 2
360 0
361 1
362 2
363 1
364 0
365 2
366 2
367 2
368 1
369 2
370 2
371 0
372 0
373 2
374 1
375 2
376 1
377 0
378 2
379 0
380 1
381 1
382 1
383 0
384 2
385 2
386 0
387 2
388 1
389 0
390 0
391 0
392 1
393 0
394 0
395 1
396 2
397 0
398 0
399 1
400 2
401 0
402 1
403 2
404 0
405 2
406 1
407 2
408 2
409 2
410 1
411 0
412 0
413 1
414 1
415 1
416 0
417 0
418 2
419 2
420 1
421 1
422 2
423 1
424 1
425 0
426 1
427 1
428 0
429 1
430 0
431 2
432 0
433 2
434 0
435 0
436 0
437 1
438 1
439 0
440 2
441 2
442 0
443 1
444 0
445 0
446 2
447 0
448 0
449 2
450 2
451 1
452 0
453 0
454 1
455 1
456 2
457 0
458 1
459 0
460 0
461 2
462 0
463 2
464 0
465 1
466 1
467 2
468 1
469 0
470 2
471 2
472 1
473 0
474 1
475 2
476 1
477 0
478 2
479 2
480 0
481 0
482 1
483 0
484 0
485 0
486 0
487 2
488 2
489 0
490 0
491 0
492 0
493 0
494 0
495 0
496 0
497 2
498 1
499 1
500 0
501 1
502 0
503 2
504 1
505 0
506 0
507 2
508 0
509 0
510 0
511 2
512 2
513 2
514 2
515 1
516 1
517 0
518 2
519 1
520 2
521 2
522 2
523 2
524 1
525 0
526 0
527 0
528 0
529 2
530 2
531 2
532 2
533 2
534 2
535 2
536 2
537 2
538 2
539 2
540 2
541 2
542 2
543 0
544 2
545 2
546 2
547 2
548 2
549 2
550 2
551 2
552 1
553 2
554 2
555 2
556 2
557 2
558 2
559 1
560 2
561 2
562 2
563 2
564 2
565 2
566 2
567 2
568 2
569 1
570 2
571 2
572 2
573 2
574 2
575 2
576 2
577 2
578 2
579 2
580 2
581 2
582 2
583 2
584 2
585 2
586 2
587 2
588 2
589 2
590 2
591 2
592 2
593 1
594 2
595 2
596 2
597 2
598 2
599 2
600 2
601 2
602 2
603 2
604 1
605 1
606 1
607 1
608 0
609 0
610 2
611 0
612 1
613 1
614 2
615 2
616 2
617 0
618 0
619 0
620 0
621 1
622 2
623 2
624 0
625 2
626 2
627 1
628 2
629 0
630 0
631 0
632 0
633 1
634 1
635 1
636 0
637 0
638 1
639 2
640 0
641 0
642 2
643 0
644 0
645 1
646 0
647 1
648 0
649 2
650 0
651 1
652 1
653 1
654 2
655 1
656 1
657 0
658 2
659 1
660 2
661 2
662 0
663 0
664 0
665 1
666 1
667 0
668 2
669 0
670 1
671 2
672 2
673 2
674 1
675 0
676 0
677 0
678 1
679 2
680 2
681 1
682 1
683 2
684 0
685 2
686 0
687 0
688 1
689 2
690 0
691 0
692 1
693 1
694 2
695 1
696 0
697 0
698 1
699 0
700 0
701 0
702 0
703 1
704 0
705 2
706 0
707 2
708 2
709 2
710 0
711 2
712 0
713 1
714 0
715 1
716 0
717 2
718 0
719 2
720 0
721 0
722 0
723 2
724 1
725 1
726 1
727 2
728 2
729 1
730 0
731 0
732 0
733 1
734 2
735 2
736 0
737 2
738 0
739 2
740 2
741 2
742 1
743 2
744 2
745 2
746 0
747 0
748 2
749 0
750 0
751 2
752 0
753 2
754 2
755 2
756 1
757 1
758 0
759 1
760 1
761 1
762 0
763 2
764 0
765 1
766 1
767 1
768 2
769 2
770 0
771 2
772 0
773 0
774 0
775 0
776 0
777 0
778 0
779 0
780 0
781 2
782 0
783 1
784 2
785 2
786 2
787 2
788 1
789 2
790 0
791 0
792 0
793 0
794 2
795 2
796 1
797 2
798 1
799 2
800 2
801 0
802 0
803 2
804 0
805 0
806 0
807 2
808 0
809 1
810 2
811 0
812 2
813 0
814 2
815 1
816 0
817 0
818 2
819 0
820 0
821 2
822 0
823 0
824 2
825 1
826 1
827 2
828 2
829 2
830 1
831 0
832 1
833 0
834 0
835 0
836 2
837 0
838 2
839 2
840 1
841 1
842 1
843 1
844 2
845 0
846 2
847 0
848 2
849 1
850 2
851 0
852 2
853 1
854 0
855 0
856 1
857 2
858 1
859 1
860 2
861 2
862 0
863 2
864 2
865 2
866 1
867 0
868 0
869 2
870 1
871 2
872 2
873 2
874 0
875 0
876 0
877 0
878 1
879 1
880 0
881 0
882 1
883 0
884 1
885 1
886 0
887 2
888 1
889 0
890 1
891 1
892 1
893 1
894 1
895 1
896 1
897 0
898 1
899 0
900 0
901 0
902 0
903 2
904 0
905 1
906 0
907 0
908 1
909 1
910 0
911 0
912 2
913 2
914 0
915 0
916 1
917 0
918 0
919 0
920 2
921 0
922 2
923 1
924 0
925 0
926 0
927 2
928 0
929 2
930 1
931 2
932 2
933 2
934 1
935 1
936 1
937 0
938 0
939 2
940 0
941 2
942 0
943 1
944 1
945 1
946 1
947 0
948 1
949 1
950 0
951 2
952 1
953 2
954 2
955 2
956 2
957 2
958 2
959 0
960 0
961 0
962 0
963 1
964 2
965 2
966 0
967 0
968 2
969 2
970 1
971 0
972 2
973 0
974 1
975 0
976 2
977 2
978 0
979 2
980 0
981 2
982 2
983 2
984 1
985 0
986 1
987 1
988 1
989 0
990 2
991 1
992 2
993 2
994 0
995 2
996 2
997 2
998 2
999 1
1000 2
1001 0
1002 2
1003 1
1004 1
1005 1
1006 1
1007 1
1008 1
1009 0
1010 1
1011 0
1012 2
1013 0
1014 0
1015 0
1016 1
1017 0
1018 2
1019 1
1020 0
1021 0
1022 0
1023 0
1024 1
1025 2
1026 1
1027 1
1028 2
1029 2
1030 0
1031 2
1032 2
1033 1
1034 1
1035 0
1036 0
1037 2
1038 0
1039 0
1040 1
1041 1
1042 1
1043 0
1044 0
1045 0
1046 2
1047 2
1048 2
1049 2
1050 0
1051 2
1052 0
1053 2
1054 2
1055 2
1056 2
1057 2
1058 0
1059 1
1060 0
1061 2
1062 2
1063 1
1064 0
1065 1
1066 0
1067 0
1068 2
1069 0
1070 1
1071 1
1072 2
1073 2
1074 0
1075 0
1076 2
1077 0
1078 0
1079 0
1080 2
1081 1
1082 1
1083 2
1084 2
1085 2
1086 0
1087 0
1088 2
1089 2
1090 1
1091 0
1092 0
1093 2
1094 0
1095 1
1096 0
1097 0
1098 2
1099 1
1100 1
1101 1
1102 2
1103 1
1104 1
1105 2
1106 0
1107 1
1108 1
1109 1
1110 2
1111 0
1112 0
1113 1
1114 1
1115 1
1116 0
1117 0
1118 0
1119 2
1120 2
1121 1
1122 0
1123 2
1124 2
1125 0
1126 2
1127 2
1128 0
1129 0
1130 2
1131 2
1132 0
1133 2
1134 1
1135 1
1136 0
1137 1
1138 2
1139 2
1140 2
1141 2
1142 0
1143 1
1144 1
1145 1
1146 0
1147 1
1148 1
1149 0
1150 2
1151 1
1152 2
1153 2
1154 2
1155 2
1156 2
1157 1
1158 2
1159 2
1160 0
1161 1
1162 2
1163 0
1164 0
1165 1
1166 2
1167 1
1168 2
1169 2
1170 0
1171 2
1172 2
1173 1
1174 2
1175 0
1176 2
1177 0
1178 2
1179 2
1180 1
1181 0
1182 2
1183 2
1184 2
1185 2
1186 2
1187 2
1188 2
1189 1
1190 2
1191 0
1192 2
1193 1
1194 2
1195 2
1196 0
1197 2
1198 1
1199 0
1200 2
1201 2
1202 1
1203 1
1204 2
1205 1
1206 2
1207 2
1208 0
1209 2
1210 0
1211 1
1212 1
1213 1
1214 2
1215 2
1216 2
1217 1
1218 1
1219 1
1220 1
1221 2
1222 2
1223 0
1224 2
1225 2
1226 2
1227 1
1228 0
1229 2
1230 0
1231 1
1232 0
1233 2
1234 1
1235 0
1236 2
1237 1
1238 2
1239 2
1240 2
1241 1
1242 2
1243 0
1244 0
1245 1
1246 2
1247 2
1248 0
1249 1
1250 0
1251 1
1252 2
1253 2
1254 2
1255 2
1256 0
1257 0
1258 0
1259 1
1260 1
1261 0
1262 2
1263 1
1264 0
1265 0
1266 2
1267 2
1268 2
1269 2
1270 2
1271 1
1272 1
1273 2
1274 1
1275 2
1276 1
1277 2
1278 0
1279 0
1280 0
1281 0
1282 2
1283 2
1284 0
1285 2
1286 1
1287 1
1288 2
1289 2
1290 1
1291 2
1292 2
1293 2
1294 2
1295 2
1296 2
1297 1
1298 0
1299 0
1300 1
1301 1
1302 1
1303 2
1304 2
1305 0
1306 1
1307 2
1308 2
1309 2
1310 0
1311 2
1312 2
1313 0
1314 0
1315 0
1316 1
1317 2
1318 2
1319 0
1320 1
1321 0
1322 2
1323 0
1324 0
1325 2
1326 2
1327 2
1328 2
1329 2
1330 2
1331 2
1332 2
1333 2
1334 2
1335 2
1336 2
1337 2
1338 2
1339 2
1340 2
1341 2
1342 2
1343 2
1344 2
1345 2
1346 2
1347 0
1348 2
1349 0
1350 1
1351 1
1352 2
1353 1
1354 2
1355 2
1356 1
1357 2
1358 0
1359 0
1360 0
1361 2
1362 2
1363 1
1364 0
1365 1
1366 2
1367 0
1368 0
1369 2
1370 1
1371 0
1372 2
1373 2
1374 0
1375 2
1376 0
1377 0
1378 1
1379 2
1380 2
1381 1
1382 1
1383 1
1384 2
1385 1
1386 1
1387 2
1388 1
1389 2
1390 2
1391 0
1392 0
1393 2
1394 2
1395 1
1396 1
1397 0
1398 1
1399 2
1400 2
1401 1
1402 1
1403 1
1404 1
1405 2
1406 0
1407 0
1408 0
1409 2
1410 2
1411 2
1412 2
1413 0
1414 0
1415 0
1416 1
1417 2
1418 2
1419 0
1420 2
1421 2
1422 1
1423 0
1424 2
1425 0
1426 1
1427 1
1428 0
1429 0
1430 1
1431 0
1432 0
1433 2
1434 0
1435 1
1436 2
1437 0
1438 1
1439 0
1440 2
1441 1
1442 0
1443 2
1444 0
1445 2
1446 0
1447 1
1448 1
1449 1
1450 0
1451 0
1452 2
1453 0
1454 0
1455 1
1456 0
1457 2
1458 2
1459 1
1460 2
1461 0
1462 0
1463 1
1464 0
1465 0
1466 1
1467 1
1468 2
1469 2
1470 2
1471 1
1472 2
1473 2
1474 2
1475 0
1476 2
1477 0
1478 0
1479 0
1480 2
1481 0
1482 0
1483 1
1484 0
1485 1
1486 0
1487 1
1488 0
1489 0
1490 1
1491 1
1492 1
1493 2
1494 0
1495 0
1496 0
1497 2
1498 0
1499 0
1500 0
1501 1
1502 1
1503 2
1504 0
1505 1
1506 0
1507 0
1508 2
1509 0
1510 1
1511 1
1512 0
1513 2
1514 2
1515 0
1516 2
1517 2
1518 0
1519 0
1520 2
1521 0
1522 2
1523 2
1524 0
1525 0
1526 2
1527 2
1528 0
1529 1
1530 2
1531 2
1532 0
1533 2
1534 2
1535 0
1536 2
1537 2
1538 1
1539 2
1540 0
1541 0
1542 2
1543 0
1544 2
1545 0
1546 2
1547 2
1548 2
1549 0
1550 0
1551 0
1552 2
1553 0
1554 0
1555 0
1556 0
1557 0
1558 2
1559 1
1560 2
1561 0
1562 2
1563 0
1564 0
1565 0
1566 2
1567 0
1568 0
1569 2
1570 0
1571 0
1572 1
1573 2
1574 2
1575 2
1576 2
1577 0
1578 0
1579 2
1580 0
1581 2
1582 2
1583 0
1584 0
1585 0
1586 0
1587 0
1588 2
1589 2
1590 2
1591 1
1592 2
1593 0
1594 0
1595 0
1596 0
1597 0
1598 0
1599 1
1600 0
1601 2
1602 2
1603 2
1604 2
1605 0
1606 2
1607 2
1608 2
1609 1
1610 0
1611 0
1612 1
1613 0
1614 2
1615 2
1616 2
1617 0
1618 2
1619 1
1620 0
1621 2
1622 1
1623 1
1624 2
1625 0
1626 0
1627 2
1628 1
1629 2
1630 2
1631 0
1632 2
1633 1
1634 1
1635 1
1636 2
1637 2
1638 1
1639 1
1640 2
1641 0
1642 2
1643 0
1644 1
1645 2
1646 0
1647 1
1648 0
1649 2
1650 1
1651 0
1652 2
1653 0
1654 1
1655 0
1656 0
1657 1
1658 2
1659 1
1660 0
1661 0
1662 1
1663 2
1664 0
1665 0
1666 2
1667 0
1668 1
1669 1
1670 0
1671 1
1672 2
1673 0
1674 1
1675 2
1676 0
1677 2
1678 2
1679 0
1680 0
1681 2
1682 2
1683 1
1684 2
1685 2
1686 2
1687 0
1688 2
1689 0
1690 2
1691 0
1692 2
1693 1
1694 0
1695 0
1696 0
1697 1
1698 1
1699 1
1700 0
1701 1
1702 0
1703 0
1704 0
1705 2
1706 1
1707 1
1708 1
1709 0
1710 1
1711 0
1712 1
1713 2
1714 1
1715 2
1716 2
1717 2
1718 0
1719 2
1720 0
1721 2
1722 2
1723 1
1724 0
1725 0
1726 1
1727 0
1728 2
1729 0
1730 1
1731 2
1732 0
1733 2
1734 0
1735 1
1736 0
1737 0
1738 0
1739 2
1740 1
1741 1
1742 0
1743 0
1744 0
1745 1
1746 2
1747 2
1748 2
1749 1
1750 2
1751 2
1752 2
1753 2
1754 1
1755 2
1756 1
1757 1
1758 1
1759 2
1760 1
1761 1
1762 2
1763 2
1764 1
1765 2
1766 2
1767 1
1768 1
1769 2
1770 1
1771 0
1772 2
1773 1
1774 1
1775 0
1776 1
1777 0
1778 2
1779 2
1780 2
1781 0
1782 2
1783 1
1784 1
1785 0
1786 0
1787 2
1788 1
1789 0
1790 2
1791 1
1792 2
1793 0
1794 1
1795 2
1796 0
1797 0
1798 0
1799 1
1800 2
1801 0
1802 2
1803 0
1804 1
1805 1
1806 0
1807 1
1808 2
1809 1
1810 2
1811 1
1812 2
1813 1
1814 1
1815 2
1816 1
1817 1
1818 1
1819 0
1820 2
1821 1
1822 2
1823 0
1824 0
1825 1
1826 2
1827 2
1828 0
1829 2
1830 2
1831 0
1832 0
1833 0
1834 1
1835 2
1836 1
1837 1
1838 0
1839 2
1840 1
1841 1
1842 2
1843 0
1844 0
1845 2
1846 2
1847 2
1848 2
1849 2
1850 2
1851 1
1852 0
1853 2
1854 0
1855 2
1856 2
1857 0
1858 0
1859 0
1860 2
1861 2
1862 1
1863 1
1864 0
1865 0
1866 2
1867 1
1868 0
1869 1
1870 1
1871 2
1872 0
1873 1
1874 2
1875 2
1876 1
1877 1
1878 2
1879 2
1880 0
1881 0
1882 2
1883 2
1884 2
1885 0
1886 0
1887 0
1888 0
1889 2
1890 0
1891 0
1892 2
1893 2
1894 1
1895 2
1896 2
1897 1
1898 2
1899 0
1900 2
1901 1
1902 0
1903 0
1904 0
1905 0
1906 1
1907 2
1908 2
1909 1
1910 1
1911 1
1912 2
1913 0
1914 2
1915 0
1916 0
1917 2
1918 1
1919 0
1920 0
1921 2
1922 2
1923 1
1924 2
1925 1
1926 1
1927 2
1928 2
1929 2
1930 0
1931 2
1932 2
1933 1
1934 1
1935 0
1936 0
1937 0
1938 2
1939 2
1940 1
1941 2
1942 2
1943 2
1944 2
1945 2
1946 0
1947 1
1948 0
1949 0
1950 2
1951 2
1952 0
1953 2
1954 0
1955 0
1956 0
1957 0
1958 0
1959 0
1960 1
1961 0
1962 0
1963 0
1964 0
1965 2
1966 1
1967 1
1968 0
1969 0
1970 0
1971 0
1972 2
1973 0
1974 2
1975 2
1976 0
1977 0
1978 0
1979 0
1980 2
1981 1
1982 0
1983 0
1984 0
1985 1
1986 2
1987 2
1988 0
1989 2
1990 1
1991 2
1992 2
1993 2
1994 0
1995 1
1996 0
1997 2
1998 1
1999 2
2000 1
2001 2
2002 0
2003 2
2004 1
2005 1
2006 1
2007 1
2008 1
2009 2
2010 0
2011 1
2012 1
2013 2
2014 0
2015 0
2016 2
2017 2
2018 1
2019 1
2020 1
2021 2
2022 2
2023 0
2024 2
2025 2
2026 1
2027 0
2028 2
2029 1
2030 0
2031 0
2032 1
2033 2
2034 0
2035 2
2036 0
2037 2
2038 1
2039 1
2040 2
2041 0
2042 0
2043 0
2044 0
2045 1
2046 1
2047 2
2048 1
2049 1
2050 1
2051 2
2052 1
2053 1
2054 2
2055 2
2056 2
2057 0
2058 0
2059 1
2060 0
2061 1
2062 0
2063 0
2064 2
2065 2
2066 0
2067 2
2068 0
2069 0
2070 2
2071 2
2072 1
2073 2
2074 2
2075 2
2076 2
2077 2
2078 0
2079 2
2080 1
2081 0
2082 2
2083 2
2084 0
2085 2
2086 1
2087 0
2088 2
2089 2
2090 1
2091 0
2092 2
2093 2
2094 0
2095 0
2096 0
2097 0
2098 0
2099 1
2100 2
2101 2
2102 0
2103 0
2104 1
2105 1
2106 0
2107 1
2108 1
2109 1
2110 1
2111 2
2112 2
2113 0
2114 2
2115 0
2116 0
2117 1
2118 1
2119 1
2120 0
2121 0
2122 1
2123 2
2124 2
2125 0
2126 2
2127 0
2128 1
2129 2
2130 2
2131 1
2132 0
2133 1
2134 2
2135 1
2136 1
2137 1
2138 2
2139 1
2140 2
2141 0
2142 2
2143 1
2144 2
2145 1
2146 2
2147 2
2148 2
2149 0
2150 2
2151 1
2152 1
2153 0
2154 0
2155 2
2156 1
2157 1
2158 1
2159 1
2160 1
2161 1
2162 1
2163 1
2164 1
2165 1
2166 1
2167 1
2168 1
2169 1
2170 1
2171 1
2172 1
2173 1
2174 1
2175 1
2176 1
2177 1
2178 1
2179 2
2180 1
2181 1
2182 1
2183 1
2184 1
2185 1
2186 1
2187 1
2188 1
2189 0
2190 2
2191 2
2192 2
2193 1
2194 0
2195 1
2196 1
2197 1
2198 1
2199 1
2200 1
2201 1
2202 1
2203 0
2204 1
2205 0
2206 0
2207 1
2208 1
2209 1
2210 0
2211 1
2212 0
2213 0
2214 1
2215 1
2216 0
2217 0
2218 1
2219 1
2220 0
2221 1
2222 1
2223 0
2224 0
2225 1
2226 0
2227 0
2228 1
2229 1
2230 1
2231 0
2232 0
2233 1
2234 0
2235 2
2236 1
2237 2
2238 1
2239 0
2240 1
2241 1
2242 0
2243 0
2244 2
2245 1
2246 1
2247 1
2248 0
2249 2
2250 2
2251 0
2252 0
2253 2
2254 2
2255 1
2256 0
2257 1
2258 1
2259 1
2260 1
2261 0
2262 0
2263 2
2264 2
2265 2
2266 2
2267 2
2268 2
2269 0
2270 1
2271 2
2272 0
2273 2
2274 0
2275 2
2276 1
2277 1
2278 2
2279 0
2280 2
2281 0
2282 2
2283 0
2284 0
2285 1
2286 1
2287 1
2288 1
2289 0
2290 0
2291 0
2292 0
2293 1
2294 0
2295 0
2296 0
2297 0
2298 0
2299 1
2300 0
2301 0
2302 0
2303 2
2304 0
2305 1
2306 2
2307 2
2308 0
2309 1
2310 0
2311 0
2312 0
2313 0
2314 0
2315 1
2316 1
2317 0
2318 0
2319 2
2320 1
2321 2
2322 0
2323 1
2324 0
2325 1
2326 0
2327 0
2328 1
2329 2
2330 0
2331 1
2332 1
2333 0
2334 0
2335 2
2336 1
2337 2
2338 2
2339 0
2340 1
2341 1
2342 0
2343 0
2344 1
2345 0
2346 2
2347 2
2348 2
2349 2
2350 2
2351 2
2352 0
2353 0
2354 2
2355 0
2356 2
2357 1
2358 2
2359 0
2360 0
2361 0
2362 0
2363 0
2364 2
2365 0
2366 2
2367 0
2368 0
2369 2
2370 1
2371 0
2372 0
2373 0
2374 2
2375 0
2376 0
2377 2
2378 0
2379 0
2380 0
2381 0
2382 0
2383 2
2384 0
2385 0
2386 2
2387 2
2388 2
2389 0
2390 1
2391 1
2392 1
2393 2
2394 0
2395 0
2396 1
2397 1
2398 1
2399 0
2400 1
2401 1
2402 2
2403 2
2404 0
2405 0
2406 2
2407 0
2408 0
2409 0
2410 2
2411 1
2412 0
2413 2
2414 0
2415 0
2416 0
2417 1
2418 1
2419 0
2420 1
2421 1
2422 1
2423 2
2424 0
2425 0
2426 0
2427 2
2428 1
2429 0
2430 2
2431 0
2432 2
2433 2
2434 0
2435 0
2436 1
2437 1
2438 0
2439 0
2440 2
2441 0
2442 0
2443 0
2444 2
2445 0
2446 2
2447 0
2448 0
2449 0
2450 0
2451 1
2452 2
2453 2
2454 0
2455 2
2456 2
2457 2
2458 2
2459 0
2460 0
2461 1
2462 2
2463 1
2464 0
2465 1
2466 0
2467 0
2468 2
2469 0
2470 2
2471 0
2472 0
2473 0
2474 1
2475 1
2476 1
2477 1
2478 2
2479 1
2480 2
2481 0
2482 2
2483 2
2484 2
2485 2
2486 1
2487 0
2488 0
2489 2
2490 2
2491 1
2492 2
2493 0
2494 0
2495 2
2496 2
2497 0
2498 1
2499 2
2500 0
2501 2
2502 2
2503 0
2504 2
2505 0
2506 2
2507 2
2508 2
2509 0
2510 2
2511 2
2512 0
2513 2
2514 2
2515 1
2516 0
2517 0
2518 0
2519 2
2520 2
2521 2
2522 1
2523 0
2524 1
2525 2
2526 0
2527 1
2528 2
2529 0
2530 2
2531 1
2532 2
2533 1
2534 2
2535 2
2536 2
2537 0
2538 2
2539 2
2540 1
2541 0
2542 2
2543 1
2544 1
2545 1
2546 0
2547 0
2548 2
2549 0
2550 0
2551 1
2552 2
2553 1
2554 0
2555 0
2556 0
2557 0
2558 0
2559 2
2560 0
2561 1
2562 0
2563 0
2564 2
2565 2
2566 1
2567 2
2568 2
2569 1
2570 1
2571 0
2572 1
2573 0
2574 1
2575 0
2576 0
2577 0
2578 0
2579 2
2580 0
2581 2
2582 2
2583 0
2584 1
2585 1
2586 0
2587 1
2588 0
2589 1
2590 1
2591 0
2592 0
2593 0
2594 1
2595 1
2596 2
2597 1
2598 0
2599 1
2600 0
2601 2
2602 0
2603 1
2604 0
2605 0
2606 2
2607 2
2608 2
2609 0
2610 1
2611 1
2612 0
2613 0
2614 0
2615 2
2616 0
2617 1
2618 1
2619 2
2620 0
2621 2
2622 1
2623 0
2624 0
2625 2
2626 0
2627 0
2628 0
2629 0
2630 2
2631 0
2632 2
2633 0
2634 1
2635 0
2636 2
2637 0
2638 2
2639 2
2640 2
2641 2
2642 2
2643 1
2644 1
2645 2
2646 1
2647 1
2648 1
2649 0
2650 0
2651 2
2652 0
2653 1
2654 2
2655 1
2656 1
2657 1
2658 0
2659 2
2660 2
2661 2
2662 2
2663 2
2664 2
2665 2
2666 0
2667 1
2668 1
2669 1
2670 0
2671 1
2672 2
2673 2
2674 0
2675 0
2676 0
2677 0
2678 1
2679 2
2680 0
2681 0
2682 2
2683 2
2684 2
2685 2
2686 0
2687 2
2688 2
2689 1
2690 1
2691 1
2692 0
2693 0
2694 0
2695 0
2696 0
2697 2
2698 0
2699 1
2700 1
2701 1
2702 0
2703 1
2704 0
2705 2
2706 0
2707 0
2708 1
2709 2
2710 0
2711 2
2712 1
2713 0
2714 2
2715 0
2716 0
2717 1
2718 0
2719 0
2720 0
2721 2
2722 2
2723 0
2724 2
2725 1
2726 1
2727 2
2728 1
2729 0
2730 0
2731 0
2732 1
2733 0
2734 1
2735 2
2736 2
2737 2
2738 1
2739 1
2740 2
2741 2
2742 2
2743 2
2744 2
2745 2
2746 2
2747 2
2748 2
2749 2
2750 2
2751 2
2752 2
2753 2
2754 2
2755 2
2756 1
2757 1
2758 2
2759 0
2760 1
2761 2
2762 0
2763 0
2764 2
2765 2
2766 0
2767 1
2768 0
2769 2
2770 0
2771 0
2772 0
2773 0
2774 0
2775 1
2776 1
2777 0
2778 1
2779 0
2780 0
2781 2
2782 1
2783 1
2784 2
2785 0
2786 1
2787 0
2788 2
2789 0
2790 1
2791 1
2792 2
2793 2
2794 2
2795 2
2796 2
2797 0
2798 0
2799 1
2800 1
2801 2
2802 1
2803 2
2804 0
2805 0
2806 2
2807 0
2808 1
2809 1
2810 0
2811 1
2812 1
2813 2
2814 1
2815 0
2816 0
2817 2
2818 0
2819 2
2820 1
2821 2
2822 1
2823 0
2824 0
2825 1
2826 1
2827 2
2828 0
2829 1
2830 2
2831 0
2832 2
2833 0
2834 2
2835 2
2836 0
2837 0
2838 2
2839 2
2840 1
2841 2
2842 2
2843 2
2844 1
2845 1
2846 1
2847 1
2848 2
2849 0
2850 1
2851 2
2852 2
2853 2
2854 0
2855 2
2856 2
2857 2
2858 2
2859 2
2860 2
2861 1
2862 2
2863 2
2864 2
2865 2
2866 1
2867 2
2868 2
2869 0
2870 0
2871 1
2872 0
2873 0
2874 0
2875 1
2876 1
2877 1
2878 0
2879 0
2880 2
2881 2
2882 1
2883 1
2884 0
2885 2
2886 1
2887 2
2888 0
2889 1
2890 1
2891 0
2892 0
2893 0
2894 0
2895 1
2896 2
2897 0
2898 2
2899 1
2900 1
2901 0
2902 0
2903 0
2904 0
2905 1
2906 2
2907 1
2908 1
2909 1
2910 2
2911 2
2912 2
2913 0
2914 0
2915 1
2916 2
2917 2
2918 0
2919 2
2920 1
2921 2
2922 1
2923 0
2924 0
2925 0
2926 2
2927 2
2928 2
2929 1
2930 1
2931 2
2932 2
2933 1
2934 0
2935 0
2936 1
2937 1
2938 0
2939 0
2940 2
2941 1
2942 2
2943 2
2944 2
2945 2
2946 2
2947 2
2948 2
2949 2
2950 2
2951 2
2952 2
2953 2
2954 2
2955 2
2956 2
2957 1
2958 2
2959 2
2960 2
2961 1
2962 2
2963 2
2964 2
2965 2
2966 2
2967 2
2968 2
2969 2
2970 2
2971 2
2972 2
2973 2
2974 2
2975 2
2976 2
2977 2
2978 2
2979 2
2980 2
2981 1
2982 2
2983 2
2984 2
2985 2
2986 2
2987 2
2988 2
2989 2
2990 2
2991 2
2992 2
2993 1
2994 2
2995 2
2996 2
2997 2
2998 2
2999 2
3000 2
3001 2
3002 2
3003 2
3004 2
3005 2
3006 2
3007 2
3008 2
3009 2
3010 2
3011 2
3012 2
3013 2
3014 2
3015 2
3016 2
3017 2
3018 2
3019 2
3020 2
3021 2
3022 2
3023 2
3024 2
3025 2
3026 2
3027 2
3028 2
3029 2
3030 2
3031 1
3032 2
3033 0
3034 1
3035 0
3036 1
3037 2
3038 2
3039 2
3040 2
3041 2
3042 2
3043 2
3044 2
3045 2
3046 2
3047 2
3048 2
3049 2
3050 2
3051 2
3052 2
3053 2
3054 2
3055 2
3056 2
3057 2
3058 1
3059 1
3060 1
3061 2
3062 1
3063 0
3064 1
3065 2
3066 0
3067 0
3068 0
3069 0
3070 2
3071 2
3072 2
3073 2
3074 1
3075 2
3076 0
3077 0
3078 2
3079 0
3080 0
3081 0
3082 0
3083 2
3084 0
3085 0
3086 0
3087 2
3088 2
3089 1
3090 2
3091 1
3092 0
3093 1
3094 2
3095 1
3096 2
3097 2
3098 1
3099 2
3100 1
3101 1
3102 2
3103 2
3104 2
3105 2
3106 2
3107 1
3108 1
3109 2
3110 0
3111 1
3112 1
3113 2
3114 2
3115 2
3116 2
3117 1
3118 0
3119 2
3120 0
3121 1
3122 2
3123 0
3124 0
3125 2
3126 2
3127 2
3128 2
3129 2
3130 1
3131 1
3132 0
3133 1
3134 2
3135 2
3136 1
3137 1
3138 0
3139 0
3140 0
3141 2
3142 2
3143 2
3144 1
3145 1
3146 1
3147 0
3148 2
3149 1
3150 1
3151 0
3152 2
3153 0
3154 0
3155 0
3156 0
3157 0
3158 0
3159 0
3160 0
3161 2
3162 1
3163 0
3164 0
3165 1
3166 0
3167 1
3168 0
3169 1
3170 0
3171 1
3172 0
3173 1
3174 0
3175 1
3176 0
3177 2
3178 0
3179 2
3180 2
3181 2
3182 2
3183 0
3184 0
3185 1
3186 2
3187 0
3188 0
3189 0
3190 0
3191 0
3192 2
3193 0
3194 2
3195 1
3196 0
3197 0
3198 0
3199 2
3200 1
3201 0
3202 1
3203 2
3204 2
3205 2
3206 0
3207 2
3208 0
3209 2
3210 1
3211 1
3212 0
3213 2
3214 0
3215 0
3216 0
3217 0
3218 1
3219 1
3220 1
3221 2
3222 0
3223 0
3224 1
3225 2
3226 2
3227 0
3228 1
3229 1
3230 1
3231 1
3232 1
3233 2
3234 2
3235 1
3236 2
3237 1
3238 2
3239 0
3240 0
3241 1
3242 1
3243 0
3244 1
3245 1
3246 2
3247 2
3248 2
3249 2
3250 0
3251 0
3252 1
3253 0
3254 2
3255 0
3256 2
3257 0
3258 2
3259 0
3260 2
3261 1
3262 0
3263 1
3264 0
3265 1
3266 1
3267 0
3268 0
3269 2
3270 2
3271 1
3272 0
3273 1
3274 2
3275 1
3276 0
3277 2
3278 1
3279 2
3280 1
3281 1
3282 0
3283 1
3284 1
3285 1
3286 0
3287 1
3288 2
3289 2
3290 1
3291 2
3292 1
3293 0
3294 2
3295 2
3296 2
3297 0
3298 0
3299 0
3300 0
3301 2
3302 2
3303 2
3304 1
3305 0
3306 0
3307 0
3308 2
3309 2
3310 2
3311 2
3312 2
3313 2
3314 2
3315 2
3316 2
3317 2
3318 2
3319 1
3320 2
3321 2
3322 2
3323 0
3324 0
3325 0
3326 0
3327 1
3328 2
3329 1
3330 1
3331 1
3332 2
3333 1
3334 2
3335 1
3336 2
3337 2
3338 2
3339 2
3340 1
3341 2
3342 2
3343 0
3344 0
3345 0
3346 0
3347 1
3348 0
3349 2
3350 0
3351 2
3352 1
3353 2
3354 0
3355 1
3356 2
3357 0
3358 1
3359 0
3360 0
3361 2
3362 0
3363 0
3364 1
3365 1
3366 2
3367 1
3368 0
3369 1
3370 1
3371 0
3372 0
3373 2
3374 2
3375 2
3376 2
3377 2
3378 1
3379 2
3380 0
3381 1
3382 0
3383 2
3384 1
3385 2
3386 1
3387 0
3388 2
3389 2
3390 2
3391 0
3392 1
3393 0
3394 1
3395 0
3396 0
3397 0
3398 1
3399 2
3400 0
3401 2
3402 2
3403 0
3404 2
3405 0
3406 0
3407 2
3408 0
3409 2
3410 1
3411 0
3412 2
3413 2
3414 0
3415 1
3416 2
3417 1
3418 2
3419 0
3420 0
3421 0
3422 0
3423 2
3424 0
3425 2
3426 2
3427 2
3428 2
3429 2
3430 2
3431 2
3432 2
3433 2
3434 0
3435 2
3436 2
3437 1
3438 1
3439 0
3440 1
3441 2
3442 2
3443 1
3444 1
3445 0
3446 2
3447 2
3448 1
3449 2
3450 0
3451 2
3452 2
3453 0
3454 1
3455 1
3456 1
3457 1
3458 1
3459 1
3460 1
3461 0
3462 0
3463 1
3464 2
3465 2
3466 2
3467 1
3468 0
3469 2
3470 0
3471 2
3472 2
3473 2
3474 2
3475 0
3476 1
3477 1
3478 1
3479 0
3480 0
3481 0
3482 0
3483 0
3484 0
3485 0
3486 0
3487 1
3488 2
3489 2
3490 0
3491 0
3492 0
3493 2
3494 2
3495 1
3496 1
3497 0
3498 0
3499 0
3500 1
3501 2
3502 2
3503 1
3504 0
3505 1
3506 0
3507 0
3508 2
3509 0
3510 1
3511 1
3512 2
3513 0
3514 2
3515 0
3516 2
3517 1
3518 0
3519 0
3520 0
3521 0
3522 0
3523 2
3524 1
3525 2
3526 1
3527 1
3528 2
3529 0
3530 0
3531 2
3532 0
3533 0
3534 1
3535 1
3536 0
3537 2
3538 2
3539 1
3540 1
3541 0
3542 1
3543 0
3544 0
3545 0
3546 0
3547 2
3548 0
3549 0
3550 2
3551 0
3552 2
3553 2
3554 1
3555 2
3556 1
3557 1
3558 2
3559 0
3560 0
3561 1
3562 2
3563 2
3564 0
3565 0
3566 2
3567 2
3568 0
3569 2
3570 2
3571 2
3572 0
3573 2
3574 0
3575 1
3576 1
3577 2
3578 0
3579 0
3580 1
3581 0
3582 0
3583 0
3584 1
3585 2
3586 1
3587 0
3588 1
3589 1
3590 0
3591 1
3592 1
3593 1
3594 2
3595 2
3596 2
3597 2
3598 2
3599 0
3600 0
3601 0
3602 2
3603 2
3604 0
3605 0
3606 0
3607 0
3608 1
3609 0
3610 0
3611 0
3612 1
3613 2
3614 0
3615 2
3616 1
3617 0
3618 0
3619 1
3620 2
3621 1
3622 0
3623 2
3624 2
3625 1
3626 0
3627 1
3628 1
3629 1
3630 1
3631 1
3632 0
3633 0
3634 1
3635 0
3636 0
3637 1
3638 1
3639 2
3640 0
3641 2
3642 2
3643 2
3644 0
3645 2
3646 2
3647 0
3648 0
3649 1
3650 0
3651 0
3652 0
3653 1
3654 0
3655 0
3656 2
3657 1
3658 1
3659 0
3660 0
3661 1
3662 0
3663 1
3664 0
3665 0
3666 1
3667 0
3668 2
3669 1
3670 0
3671 1
3672 0
3673 1
3674 1
3675 0
3676 0
3677 1
3678 1
3679 2
3680 1
3681 0
3682 0
3683 2
3684 0
3685 1
3686 1
3687 0
3688 2
3689 0
3690 1
3691 2
3692 1
3693 2
3694 0
3695 0
3696 0
3697 0
3698 0
3699 0
3700 0
3701 0
3702 2
3703 2
3704 2
3705 0
3706 0
3707 1
3708 2
3709 0
3710 1
3711 0
3712 1
3713 1
3714 1
3715 1
3716 0
3717 1
3718 0
3719 1
3720 1
3721 0
3722 1
3723 0
3724 2
3725 2
3726 2
3727 0
3728 2
3729 0
3730 2
3731 1
3732 0
3733 0
3734 2
3735 2
3736 2
3737 0
3738 0
3739 0
3740 1
3741 0
3742 2
3743 1
3744 2
3745 2
3746 1
3747 1
3748 0
3749 0
3750 2
3751 1
3752 0
3753 2
3754 2
3755 2
3756 0
3757 2
3758 0
3759 0
3760 2
3761 1
3762 1
3763 0
3764 1
3765 1
3766 1
3767 2
3768 1
3769 0
3770 2
3771 0
3772 1
3773 1
3774 2
3775 2
3776 0
3777 0
3778 0
3779 2
3780 1
3781 0
3782 1
3783 2
3784 1
3785 1
3786 1
3787 1
3788 1
3789 0
3790 0
3791 1
3792 2
3793 2
3794 1
3795 1
3796 0
3797 1
3798 1
3799 0
3800 2
3801 0
3802 2
3803 0
3804 2
3805 2
3806 0
3807 1
3808 1
3809 2
3810 2
3811 1
3812 0
3813 0
3814 2
3815 2
3816 1
3817 0
3818 0
3819 0
3820 0
3821 1
3822 0
3823 0
3824 2
3825 0
3826 0
3827 0
3828 0
3829 2
3830 1
3831 1
3832 0
3833 2
3834 0
3835 0
3836 2
3837 0
3838 1
3839 0
3840 0
3841 2
3842 0
3843 1
3844 1
3845 0
3846 1
3847 0
3848 0
3849 1
3850 2
3851 0
3852 2
3853 2
3854 0
3855 0
3856 2
3857 1
3858 2
3859 2
3860 2
3861 1
3862 2
3863 0
3864 0
3865 0
3866 0
3867 0
3868 0
3869 0
3870 0
3871 0
3872 0
3873 0
3874 2
3875 2
3876 2
3877 2
3878 1
3879 2
3880 0
3881 2
3882 0
3883 1
3884 0
3885 1
3886 2
3887 2
3888 0
3889 0
3890 0
3891 2
3892 2
3893 0
3894 2
3895 0
3896 1
3897 0
3898 0
3899 0
3900 0
3901 0
3902 0
3903 0
3904 0
3905 1
3906 1
3907 2
3908 0
3909 0
3910 0
3911 2
3912 2
3913 2
3914 0
3915 1
3916 2
3917 0
3918 0
3919 0
3920 1
3921 0
3922 0
3923 2
3924 1
3925 2
3926 0
3927 1
3928 0
3929 1
3930 1
3931 2
3932 2
3933 1
3934 0
3935 2
3936 0
3937 2
3938 0
3939 0
3940 1
3941 0
3942 2
3943 2
3944 0
3945 0
3946 2
3947 2
3948 0
3949 1
3950 0
3951 2
3952 2
3953 0
3954 1
3955 1
3956 1
3957 0
3958 0
3959 0
3960 0
3961 1
3962 1
3963 1
3964 2
3965 2
3966 1
3967 1
3968 2
3969 1
3970 0
3971 1
3972 0
3973 2
3974 2
3975 2
3976 1
3977 0
3978 0
3979 2
3980 2
3981 1
3982 1
3983 0
3984 1
3985 1
3986 2
3987 2
3988 2
3989 0
3990 2
3991 2
3992 0
3993 2
3994 2
3995 2
3996 2
3997 2
3998 0
3999 1
4000 0
4001 1
4002 2
4003 1
4004 1
4005 1
4006 2
4007 0
4008 1
4009 2
4010 2
4011 0
4012 2
4013 0
4014 2
4015 2
4016 2
4017 1
4018 1
4019 2
4020 1
4021 0
4022 0
4023 2
4024 0
4025 2
4026 2
4027 0
4028 2
4029 2
4030 2
4031 1
4032 0
4033 1
4034 2
4035 0
4036 0
4037 1
4038 0
4039 0
4040 1
4041 1
4042 1
4043 0
4044 0
4045 2
4046 1
4047 1
4048 2
4049 0
4050 1
4051 0
4052 1
4053 0
4054 1
4055 2
4056 1
4057 1
4058 1
4059 2
4060 1
4061 1
4062 1
4063 0
4064 1
4065 0
4066 0
4067 0
4068 1
4069 1
4070 1
4071 0
4072 1
4073 1
4074 1
4075 1
4076 0
4077 0
4078 0
4079 1
4080 1
4081 1
4082 1
4083 2
4084 1
4085 2
4086 1
4087 2
4088 2
4089 0
4090 2
4091 1
4092 1
4093 1
4094 0
4095 0
4096 0
4097 1
4098 2
4099 1
4100 2
4101 1
4102 2
4103 0
4104 0
4105 2
4106 2
4107 0
4108 1
4109 0
4110 1
4111 0
4112 1
4113 2
4114 1
4115 2
4116 0
4117 0
4118 1
4119 0
4120 0
4121 2
4122 2
4123 0
4124 0
4125 0
4126 1
4127 1
4128 2
4129 1
4130 2
4131 1
4132 0
4133 1
4134 0
4135 2
4136 2
4137 0
4138 2
4139 2
4140 2
4141 1
4142 2
4143 0
4144 2
4145 1
4146 1
4147 1
4148 2
4149 0
4150 1
4151 2
4152 0
4153 0
4154 0
4155 1
4156 2
4157 0
4158 0
4159 1
4160 2
4161 2
4162 1
4163 2
4164 2
4165 1
4166 1
4167 0
4168 0
4169 0
4170 0
4171 2
4172 2
4173 0
4174 2
4175 0
4176 0
4177 1
4178 1
4179 1
4180 0
4181 1
4182 1
4183 0
4184 0
4185 0
4186 0
4187 0
4188 2
4189 0
4190 0
4191 0
4192 0
4193 1
4194 2
4195 1
4196 0
4197 2
4198 1
4199 1
4200 0
4201 2
4202 1
4203 2
4204 2
4205 2
4206 1
4207 2
4208 1
4209 0
4210 0
4211 2
4212 2
4213 0
4214 1
4215 1
4216 0
4217 2
4218 1
4219 0
4220 0
4221 0
4222 1
4223 2
4224 2
4225 0
4226 0
4227 0
4228 2
4229 0
4230 2
4231 1
4232 0
4233 0
4234 0
4235 0
4236 2
4237 2
4238 0
4239 2
4240 1
4241 2
4242 0
4243 1
4244 0
4245 1
4246 2
4247 0
4248 0
4249 2
4250 0
4251 2
4252 1
4253 0
4254 1
4255 0
4256 0
4257 0
4258 2
4259 1
4260 1
4261 0
4262 2
4263 0
4264 1
4265 0
4266 2
4267 0
4268 0
4269 0
4270 2
4271 2
4272 0
4273 1
4274 1
4275 0
4276 2
4277 1
4278 2
4279 0
4280 2
4281 1
4282 1
4283 1
4284 0
4285 1
4286 0
4287 1
4288 2
4289 0
4290 0
4291 1
4292 0
4293 2
4294 2
4295 2
4296 2
4297 2
4298 2
4299 2
4300 2
4301 1
4302 2
4303 2
4304 1
4305 2
4306 2
4307 2
4308 1
4309 1
4310 0
4311 2
4312 2
4313 1
4314 2
4315 1
4316 0
4317 0
4318 2
4319 2
4320 2
4321 0
4322 2
4323 0
4324 1
4325 1
4326 1
4327 1
4328 1
4329 2
4330 2
4331 2
4332 1
4333 2
4334 0
4335 2
4336 0
4337 1
4338 2
4339 1
4340 2
4341 0
4342 2
4343 1
4344 2
4345 0
4346 1
4347 2
4348 2
4349 2
4350 2
4351 0
4352 2
4353 1
4354 0
4355 0
4356 2
4357 2
4358 0
4359 0
4360 2
4361 2
4362 0
4363 1
4364 0
4365 0
4366 2
4367 0
4368 0
4369 1
4370 2
4371 0
4372 0
4373 1
4374 2
4375 0
4376 2
4377 0
4378 1
4379 1
4380 1
4381 2
4382 0
4383 0
4384 0
4385 1
4386 1
4387 2
4388 0
4389 2
4390 2
4391 1
4392 2
4393 0
4394 0
4395 0
4396 1
4397 0
4398 0
4399 0
4400 1
4401 1
4402 0
4403 1
4404 2
4405 0
4406 0
4407 0
4408 0
4409 0
4410 2
4411 1
4412 2
4413 2
4414 0
4415 0
4416 2
4417 0
4418 0
4419 0
4420 0
4421 0
4422 2
4423 0
4424 0
4425 0
4426 0
4427 2
4428 2
4429 0
4430 0
4431 0
4432 0
4433 2
4434 0
4435 0
4436 0
4437 1
4438 1
4439 1
4440 2
4441 2
4442 1
4443 2
4444 2
4445 2
4446 2
4447 1
4448 2
4449 2
4450 2
4451 1
4452 2
4453 1
4454 2
4455 1
4456 2
4457 1
4458 2
4459 0
4460 0
4461 0
4462 1
4463 0
4464 1
4465 0
4466 1
4467 0
4468 2
4469 2
4470 2
4471 1
4472 2
4473 1
4474 2
4475 0
4476 0
4477 2
4478 0
4479 0
4480 0
4481 2
4482 1
4483 1
4484 1
4485 2
4486 0
4487 0
4488 0
4489 1
4490 2
4491 2
4492 1
4493 0
4494 0
4495 0
4496 2
4497 2
4498 0
4499 1
4500 0
4501 1
4502 1
4503 0
4504 1
4505 0
4506 2
4507 0
4508 1
4509 2
4510 0
4511 1
4512 0
4513 0
4514 2
4515 0
4516 2
4517 1
4518 1
4519 0
4520 2
4521 2
4522 2
4523 0
4524 0
4525 2
4526 2
4527 2
4528 2
4529 2
4530 0
4531 0
4532 1
4533 2
4534 0
4535 1
4536 1
4537 1
4538 2
4539 2
4540 1
4541 1
4542 0
4543 1
4544 0
4545 1
4546 0
4547 2
4548 2
4549 1
4550 0
4551 0
4552 0
4553 1
4554 1
4555 1
4556 1
4557 2
4558 2
4559 0
4560 1
4561 1
4562 1
4563 0
4564 2
4565 0
4566 1
4567 0
4568 1
4569 1
4570 1
4571 2
4572 0
4573 2
4574 1
4575 1
4576 0
4577 1
4578 0
4579 2
4580 1
4581 0
4582 0
4583 1
4584 1
4585 0
4586 2
4587 2
4588 1
4589 0
4590 0
4591 2
4592 2
4593 0
4594 1
4595 1
4596 2
4597 1
4598 2
4599 0
4600 2
4601 1
4602 0
4603 0
4604 1
4605 2
4606 0
4607 2
4608 0
4609 0
4610 2
4611 1
4612 1
4613 0
4614 1
4615 2
4616 1
4617 0
4618 2
4619 2
4620 2
4621 2
4622 1
4623 0
4624 1
4625 2
4626 2
4627 1
4628 2
4629 2
4630 1
4631 1
4632 2
4633 1
4634 1
4635 0
4636 1
4637 1
4638 2
4639 1
4640 1
4641 2
4642 2
4643 1
4644 1
4645 2
4646 2
4647 1
4648 2
4649 2
4650 2
4651 2
4652 2
4653 1
4654 2
4655 1
4656 1
4657 1
4658 1
4659 2
4660 1
4661 2
4662 1
4663 1
4664 1
4665 1
4666 1
4667 0
4668 1
4669 2
4670 0
4671 0
4672 1
4673 1
4674 0
4675 2
4676 1
4677 2
4678 1
4679 1
4680 0
4681 0
4682 2
4683 2
4684 0
4685 1
4686 2
4687 1
4688 2
4689 0
4690 2
4691 1
4692 1
4693 2
4694 1
4695 1
4696 2
4697 0
4698 2
4699 2
4700 2
4701 0
4702 1
4703 0
4704 1
4705 2
4706 2
4707 2
4708 2
4709 2
4710 2
4711 0
4712 2
4713 1
4714 1
4715 1
4716 0
4717 0
4718 0
4719 2
4720 2
4721 2
4722 0
4723 2
4724 1
4725 1
4726 2
4727 2
4728 2
4729 2
4730 0
4731 2
4732 2
4733 2
4734 2
4735 2
4736 1
4737 0
4738 0
4739 0
4740 2
4741 1
4742 2
4743 2
4744 0
4745 1
4746 2
4747 2
4748 0
4749 0
4750 2
4751 2
4752 2
4753 2
4754 0
4755 2
4756 0
4757 1
4758 2
4759 1
4760 2
4761 0
4762 2
4763 2
4764 2
4765 2
4766 2
4767 2
4768 2
4769 1
4770 2
4771 0
4772 1
4773 0
4774 1
4775 1
4776 2
4777 0
4778 0
4779 1
4780 1
4781 2
4782 0
4783 2
4784 0
4785 2
4786 2
4787 2
4788 2
4789 1
4790 2
4791 2
4792 0
4793 2
4794 1
4795 2
4796 1
4797 0
4798 1
4799 2
4800 2
4801 2
4802 0
4803 0
4804 0
4805 0
4806 2
4807 2
4808 2
4809 1
4810 2
4811 2
4812 2
4813 2
4814 2
4815 0
4816 1
4817 1
4818 1
4819 2
4820 0
4821 2
4822 2
4823 1
4824 2
4825 0
4826 0
4827 2
4828 2
4829 2
4830 2
4831 2
4832 2
4833 2
4834 2
4835 0
4836 2
4837 0
4838 2
4839 2
4840 2
4841 0
4842 2
4843 2
4844 1
4845 0
4846 1
4847 1
4848 1
4849 1
4850 1
4851 2
4852 1
4853 1
4854 2
4855 0
4856 0
4857 1
4858 2
4859 1
4860 0
4861 0
4862 0
4863 1
4864 1
4865 0
4866 0
4867 2
4868 1
4869 2
4870 1
4871 0
4872 1
4873 0
4874 0
4875 1
4876 2
4877 2
4878 0
4879 2
4880 1
4881 0
4882 0
4883 0
4884 2
4885 2
4886 0
4887 2
4888 2
4889 2
4890 0
4891 0
4892 0
4893 2
4894 2
4895 2
4896 0
4897 2
4898 1
4899 1
4900 1
4901 0
4902 2
4903 0
4904 2
4905 1
4906 1
4907 2
4908 0
4909 2
4910 0
4911 1
4912 0
4913 1
4914 1
4915 1
4916 0
4917 1
4918 0
4919 1
4920 1
4921 1
4922 0
4923 0
4924 0
4925 1
4926 2
4927 0
4928 0
4929 2
4930 1
4931 2
4932 2
4933 2
4934 0
4935 0
4936 0
4937 2
4938 2
4939 1
4940 2
4941 2
4942 0
4943 2
4944 2
4945 0
4946 1
4947 2
4948 2
4949 0
4950 2
4951 2
4952 2
4953 0
4954 1
4955 1
4956 2
4957 0
4958 2
4959 0
4960 0
4961 1
4962 0
4963 0
4964 2
4965 2
4966 0
4967 2
4968 1
4969 1
4970 0
4971 2
4972 0
4973 2
4974 0
4975 1
4976 1
4977 2
4978 2
4979 2
4980 0
4981 1
4982 2
4983 0
4984 1
4985 1
4986 0
4987 1
4988 0
4989 0
4990 1
4991 0
4992 1
4993 2
4994 1
4995 0
4996 2
4997 1
4998 0
4999 2
5000 1
5001 2
5002 1
5003 2
5004 2
5005 2
5006 2
5007 0
5008 2
5009 1
5010 2
5011 2
5012 2
5013 0
5014 0
5015 1
5016 0
5017 2
5018 1
5019 2
5020 2
5021 1
5022 1
5023 2
5024 2
5025 2
5026 2
5027 1
5028 2
5029 0
5030 1
5031 2
5032 1
5033 2
5034 1
5035 0
5036 2
5037 0
5038 1
5039 1
5040 2
5041 1
5042 2
5043 0
5044 0
5045 2
5046 2
5047 2
5048 1
5049 2
5050 2
5051 2
5052 1
5053 0
5054 0
5055 0
5056 0
5057 2
5058 0
5059 1
5060 2
5061 0
5062 2
5063 2
5064 2
5065 2
5066 0
5067 0
5068 2
5069 2
5070 0
5071 0
5072 2
5073 2
5074 1
5075 1
5076 0
5077 0
5078 1
5079 0
5080 0
5081 1
5082 0
5083 2
5084 1
5085 2
5086 2
5087 0
5088 1
5089 0
5090 1
5091 0
5092 0
5093 2
5094 2
5095 0
5096 0
5097 1
5098 2
5099 1
5100 1
5101 2
5102 1
5103 0
5104 2
5105 2
5106 0
5107 2
5108 0
5109 2
5110 1
5111 0
5112 0
5113 0
5114 1
5115 0
5116 2
5117 2
5118 1
5119 2
5120 0
5121 0
5122 0
5123 1
5124 0
5125 1
5126 0
5127 2
5128 1
5129 0
5130 2
5131 2
5132 2
5133 1
5134 1
5135 1
5136 1
5137 2
5138 2
5139 2
5140 2
5141 0
5142 1
5143 0
5144 1
5145 2
5146 1
5147 1
5148 2
5149 0
5150 1
5151 1
5152 1
5153 0
5154 2
5155 2
5156 2
5157 0
5158 2
5159 2
5160 2
5161 0
5162 2
5163 0
5164 2
5165 0
5166 0
5167 1
5168 1
5169 0
5170 2
5171 1
5172 1
5173 2
5174 1
5175 1
5176 2
5177 2
5178 1
5179 0
5180 0
5181 2
5182 0
5183 2
5184 1
5185 0
5186 2
5187 2
5188 2
5189 2
5190 0
5191 0
5192 1
5193 0
5194 1
5195 1
5196 1
5197 1
5198 2
5199 1
5200 1
5201 0
5202 1
5203 2
5204 0
5205 2
5206 2
5207 0
5208 0
5209 0
5210 2
5211 2
5212 0
5213 0
5214 0
5215 0
5216 1
5217 0
5218 0
5219 1
5220 1
5221 2
5222 2
5223 2
5224 1
5225 2
5226 2
5227 2
5228 0
5229 2
5230 1
5231 1
5232 2
5233 2
5234 1
5235 0
5236 1
5237 0
5238 1
5239 0
5240 2
5241 2
5242 1
5243 2
5244 2
5245 2
5246 1
5247 0
5248 0
5249 2
5250 0
5251 1
5252 2
5253 0
5254 2
5255 2
5256 0
5257 2
5258 1
5259 0
5260 0
5261 1
5262 2
5263 1
5264 2
5265 2
5266 2
5267 2
5268 1
5269 2
5270 1
5271 0
5272 2
5273 2
5274 0
5275 1
5276 2
5277 2
5278 2
5279 2
5280 2
5281 1
5282 0
5283 2
5284 0
5285 1
5286 1
5287 0
5288 1
5289 0
5290 0
5291 2
5292 2
5293 2
5294 1
5295 0
5296 0
5297 2
5298 2
5299 0
5300 2
5301 2
5302 0
5303 2
5304 1
5305 0
5306 0
5307 2
5308 0
5309 2
5310 1
5311 2
5312 2
5313 2
5314 0
5315 1
5316 1
5317 1
5318 1
5319 2
5320 2
5321 0
5322 2
5323 2
5324 2
5325 2
5326 2
5327 1
5328 1
5329 1
5330 1
5331 0
5332 0
5333 0
5334 2
5335 1
5336 1
5337 1
5338 2
5339 1
5340 2
5341 2
5342 1
5343 1
5344 2
5345 1
5346 0
5347 2
5348 1
5349 2
5350 1
5351 2
5352 2
5353 2
5354 2
5355 2
5356 2
5357 2
5358 1
5359 0
5360 2
5361 2
5362 2
5363 2
5364 2
5365 2
5366 2
5367 2
5368 2
5369 2
5370 0
5371 1
5372 1
5373 2
5374 1
5375 2
5376 1
5377 2
5378 2
5379 1
5380 2
5381 1
5382 2
5383 1
5384 2
5385 0
5386 1
5387 1
5388 1
5389 1
5390 1
5391 2
5392 2
5393 1
5394 0
5395 0
5396 1
5397 2
5398 0
5399 2
5400 0
5401 2
5402 1
5403 0
5404 2
5405 2
5406 1
5407 2
5408 2
5409 2
5410 0
5411 0
5412 2
5413 2
5414 2
5415 2
5416 0
5417 1
5418 1
5419 1
5420 2
5421 0
5422 1
5423 1
5424 2
5425 2
5426 0
5427 2
5428 0
5429 0
5430 1
5431 1
5432 0
5433 1
5434 1
5435 0
5436 1
5437 1
5438 0
5439 0
5440 2
5441 1
5442 1
5443 2
5444 1
5445 1
5446 1
5447 2
5448 0
5449 0
5450 0
5451 1
5452 1
5453 0
5454 2
5455 2
5456 1
5457 1
5458 0
5459 2
5460 2
5461 1
5462 2
5463 0
5464 2
5465 1
5466 2
5467 2
5468 0
5469 1
5470 2
5471 1
5472 0
5473 1
5474 2
5475 1
5476 2
5477 1
5478 1
5479 2
5480 1
5481 1
5482 0
5483 1
5484 0
5485 1
5486 1
5487 1
5488 2
5489 0
5490 0
5491 0
5492 1
5493 1
5494 2
5495 0
5496 0
5497 0
5498 2
5499 2
5500 0
5501 1
5502 2
5503 0
5504 1
5505 2
5506 1
5507 2
5508 1
5509 1
5510 2
5511 1
5512 1
5513 2
5514 2
5515 2
5516 1
5517 2
5518 1
5519 1
5520 2
5521 2
5522 0
5523 1
5524 1
5525 0
5526 1
5527 0
5528 2
5529 0
5530 0
5531 0
5532 0
5533 2
5534 2
5535 2
5536 2
5537 2
5538 1
5539 2
5540 1
5541 2
5542 2
5543 1
5544 1
5545 0
5546 0
5547 2
5548 2
5549 2
5550 2
5551 1
5552 1
5553 2
5554 1
5555 2
5556 2
5557 2
5558 2
5559 2
5560 2
5561 2
5562 2
5563 0
5564 2
5565 1
5566 0
5567 0
5568 2
5569 1
5570 0
5571 0
5572 1
5573 2
5574 0
5575 2
5576 2
5577 2
5578 1
5579 0
5580 1
5581 1
5582 0
5583 0
5584 1
5585 2
5586 0
5587 1
5588 2
5589 1
5590 2
5591 0
5592 0
5593 1
5594 1
5595 0
5596 1
5597 1
5598 1
5599 2
5600 1
5601 0
5602 1
5603 1
5604 2
5605 2
5606 2
5607 1
5608 1
5609 2
5610 2
5611 1
5612 2
5613 1
5614 0
5615 2
5616 2
5617 2
5618 2
5619 2
5620 2
5621 0
5622 1
5623 0
5624 2
5625 0
5626 1
5627 0
5628 0
5629 0
5630 2
5631 2
5632 2
5633 1
5634 2
5635 1
5636 1
5637 1
5638 1
5639 0
5640 2
5641 2
5642 1
5643 2
5644 1
5645 0
5646 0
5647 2
5648 2
5649 1
5650 1
5651 2
5652 2
5653 2
5654 0
5655 2
5656 1
5657 1
5658 1
5659 1
5660 1
5661 1
5662 1
5663 0
5664 1
5665 0
5666 2
5667 1
5668 2
5669 2
5670 1
5671 2
5672 2
5673 1
5674 2
5675 0
5676 2
5677 1
5678 1
5679 2
5680 1
5681 1
5682 1
5683 2
5684 1
5685 0
5686 2
5687 2
5688 1
5689 0
5690 1
5691 1
5692 2
5693 2
5694 2
5695 2
5696 1
5697 1
5698 2
5699 1
5700 1
5701 2
5702 1
5703 0
5704 1
5705 1
5706 2
5707 2
5708 2
5709 2
5710 1
5711 2
5712 2
5713 0
5714 2
5715 2
5716 2
5717 0
5718 2
5719 1
5720 2
5721 0
5722 2
5723 2
5724 2
5725 0
5726 1
5727 1
5728 1
5729 1
5730 0
5731 0
5732 1
5733 1
5734 0
5735 1
5736 1
5737 0
5738 2
5739 2
5740 2
5741 1
5742 0
5743 1
5744 0
5745 2
5746 2
5747 1
5748 1
5749 2
5750 0
5751 2
5752 0
5753 1
5754 0
5755 1
5756 0
5757 1
5758 0
5759 2
5760 2
5761 1
5762 0
5763 1
5764 2
5765 0
5766 2
5767 0
5768 1
5769 0
5770 2
5771 2
5772 0
5773 2
5774 2
5775 1
5776 1
5777 2
5778 2
5779 2
5780 2
5781 2
5782 0
5783 2
5784 1
5785 2
5786 2
5787 1
5788 0
5789 2
5790 1
5791 0
5792 0
5793 1
5794 0
5795 0
5796 1
5797 1
5798 2
5799 1
5800 1
5801 2
5802 2
5803 1
5804 2
5805 0
5806 0
5807 1
5808 1
5809 2
5810 2
5811 2
5812 2
5813 1
5814 0
5815 0
5816 1
5817 1
5818 2
5819 1
5820 2
5821 2
5822 2
5823 2
5824 0
5825 1
5826 0
5827 0
5828 0
5829 1
5830 1
5831 1
5832 1
5833 1
5834 0
5835 1
5836 2
5837 1
5838 0
5839 2
5840 2
5841 2
5842 0
5843 2
5844 0
5845 0
5846 2
5847 2
5848 2
5849 0
5850 1
5851 1
5852 0
5853 1
5854 1
5855 2
5856 1
5857 2
5858 2
5859 0
5860 1
5861 2
5862 0
5863 2
5864 1
5865 2
5866 2
5867 2
5868 2
5869 2
5870 2
5871 1
5872 1
5873 2
5874 2
5875 1
5876 2
5877 0
5878 1
5879 1
5880 0
5881 0
5882 0
5883 2
5884 0
5885 0
5886 1
5887 1
5888 1
5889 1
5890 1
5891 1
5892 1
5893 1
5894 1
5895 1
5896 1
5897 1
5898 1
5899 1
5900 2
5901 2
5902 1
5903 2
5904 2
5905 1
5906 1
5907 1
5908 1
5909 2
5910 2
5911 2
5912 2
5913 0
5914 1
5915 0
5916 0
5917 2
5918 1
5919 1
5920 1
5921 1
5922 1
5923 0
5924 2
5925 1
5926 1
5927 1
5928 2
5929 1
5930 1
5931 2
5932 2
5933 2
5934 2
5935 1
5936 1
5937 0
5938 2
5939 2
5940 1
5941 2
5942 1
5943 0
5944 1
5945 2
5946 1
5947 0
5948 2
5949 1
5950 0
5951 0
5952 0
5953 2
5954 2
5955 2
5956 2
5957 2
5958 2
5959 0
5960 2
5961 0
5962 2
5963 2
5964 1
5965 2
5966 1
5967 2
5968 1
5969 2
5970 2
5971 1
5972 0
5973 0
5974 2
5975 0
5976 2
5977 2
5978 2
5979 0
5980 2
5981 2
5982 1
5983 0
5984 1
5985 0
5986 2
5987 1
5988 0
5989 1
5990 1
5991 1
5992 0
5993 1
5994 2
5995 1
5996 2
5997 2
5998 2
5999 0
6000 2
6001 1
6002 0
6003 1
6004 2
6005 0
6006 1
6007 1
6008 2
6009 1
6010 2
6011 1
6012 1
6013 0
6014 2
6015 1
6016 0
6017 0
6018 1
6019 0
6020 1
6021 1
6022 1
6023 1
6024 1
6025 1
6026 1
6027 2
6028 1
6029 2
6030 1
6031 1
6032 0
6033 0
6034 2
6035 2
6036 0
6037 1
6038 1
6039 2
6040 0
6041 1
6042 1
6043 2
6044 2
6045 0
6046 0
6047 2
6048 1
6049 2
6050 0
6051 2
6052 0
6053 2
6054 1
6055 0
6056 2
6057 1
6058 0
6059 1
6060 1
6061 1
6062 0
6063 1
6064 0
6065 0
6066 1
6067 0
6068 0
6069 2
6070 1
6071 2
6072 1
6073 1
6074 1
6075 1
6076 1
6077 1
6078 1
6079 1
6080 1
6081 1
6082 1
6083 2
6084 1
6085 1
6086 2
6087 0
6088 1
6089 1
6090 1
6091 2
6092 2
6093 2
6094 1
6095 1
6096 1
6097 1
6098 1
6099 0
6100 1
6101 0
6102 0
6103 1
6104 0
6105 1
6106 2
6107 1
6108 0
6109 2
6110 2
6111 2
6112 1
6113 0
6114 1
6115 1
6116 0
6117 2
6118 1
6119 1
6120 1
6121 1
6122 1
6123 1
6124 1
6125 0
6126 1
6127 0
6128 2
6129 2
6130 1
6131 1
6132 1
6133 0
6134 2
6135 0
6136 0
6137 1
6138 2
6139 2
6140 0
6141 1
6142 1
6143 1
6144 2
6145 1
6146 0
6147 1
6148 0
6149 2
6150 0
6151 1
6152 1
6153 0
6154 1
6155 2
6156 2
6157 1
6158 2
6159 2
6160 1
6161 1
6162 1
6163 2
6164 2
6165 1
6166 1
6167 1
6168 2
6169 2
6170 1
6171 2
6172 0
6173 1
6174 1
6175 2
6176 1
6177 2
6178 0
6179 2
6180 1
6181 0
6182 1
6183 0
6184 1
6185 1
6186 2
6187 0
6188 2
6189 0
6190 2
6191 2
6192 1
6193 1
6194 1
6195 0
6196 2
6197 1
6198 1
6199 1
6200 1
6201 2
6202 0
6203 1
6204 1
6205 0
6206 1
6207 1
6208 2
6209 2
6210 0
6211 0
6212 1
6213 0
6214 2
6215 1
6216 1
6217 2
6218 2
6219 2
6220 1
6221 0
6222 2
6223 1
6224 2
6225 1
6226 1
6227 1
6228 1
6229 1
6230 1
6231 1
6232 1
6233 2
6234 2
6235 2
6236 2
6237 2
6238 2
6239 2
6240 2
6241 2
6242 1
6243 1
6244 1
6245 2
6246 2
6247 0
6248 1
6249 0
6250 2
6251 1
6252 1
6253 1
6254 0
6255 0
6256 0
6257 2
6258 2
6259 2
6260 0
6261 2
6262 2
6263 0
6264 2
6265 1
6266 1
6267 2
6268 1
6269 1
6270 1
6271 2
6272 0
6273 2
6274 0
6275 2
6276 1
6277 1
6278 1
6279 2
6280 2
6281 2
6282 2
6283 2
6284 2
6285 2
6286 2
6287 2
6288 2
6289 2
6290 1
6291 0
6292 0
6293 1
6294 1
6295 1
6296 1
6297 0
6298 2
6299 0
6300 1
6301 2
6302 2
6303 0
6304 0
6305 1
6306 2
6307 2
6308 2
6309 1
6310 2
6311 2
6312 0
6313 1
6314 1
6315 0
6316 2
6317 2
6318 1
6319 2
6320 2
6321 2
6322 2
6323 1
6324 1
6325 2
6326 2
6327 0
6328 0
6329 0
6330 1
6331 0
6332 2
6333 1
6334 2
6335 2
6336 2
6337 2
6338 2
6339 2
6340 2
6341 0
6342 1
6343 2
6344 1
6345 0
6346 1
6347 2
6348 0
6349 2
6350 1
6351 0
6352 0
6353 0
6354 1
6355 1
6356 2
6357 1
6358 1
6359 0
6360 1
6361 2
6362 2
6363 1
6364 0
6365 2
6366 2
6367 1
6368 2
6369 1
6370 0
6371 1
6372 1
6373 2
6374 1
6375 1
6376 2
6377 1
6378 2
6379 2
6380 2
6381 2
6382 1
6383 2
6384 2
6385 2
6386 0
6387 1
6388 2
6389 2
6390 2
6391 1
6392 1
6393 2
6394 1
6395 2
6396 1
6397 1
6398 1
6399 1
6400 1
6401 1
6402 1
6403 2
6404 1
6405 2
6406 2
6407 2
6408 2
6409 1
6410 1
6411 2
6412 1
6413 2
6414 2
6415 1
6416 1
6417 0
6418 2
6419 2
6420 2
6421 1
6422 1
6423 1
6424 1
6425 1
6426 2
6427 2
6428 2
6429 1
6430 2
6431 2
6432 2
6433 2
6434 0
6435 2
6436 2
6437 2
6438 2
6439 2
6440 1
6441 1
6442 1
6443 1
6444 2
6445 2
6446 2
6447 2
6448 1
6449 1
6450 0
6451 1
6452 2
6453 2
6454 2
6455 1
6456 2
6457 2
6458 2
6459 1
6460 2
6461 0
6462 1
6463 1
6464 2
6465 1
6466 1
6467 1
6468 2
6469 1
6470 2
6471 2
6472 2
6473 1
6474 2
6475 1
6476 1
6477 2
6478 0
6479 2
6480 2
6481 2
6482 1
6483 2
6484 1
6485 0
6486 1
6487 1
6488 0
6489 1
6490 2
6491 1
6492 0
6493 1
6494 1
6495 2
6496 1
6497 2
6498 1
6499 1
6500 1
6501 0
6502 2
6503 2
6504 1
6505 2
6506 2
6507 1
6508 1
6509 1
6510 1
6511 0
6512 1
6513 1
6514 2
6515 2
6516 0
6517 2
6518 0
6519 2
6520 2
6521 2
6522 2
6523 1
6524 2
6525 1
6526 0
6527 2
6528 1
6529 0
6530 1
6531 2
6532 0
6533 1
6534 2
6535 2
6536 2
6537 2
6538 2
6539 2
6540 2
6541 1
6542 2
6543 1
6544 1
6545 2
6546 2
6547 2
6548 2
6549 2
6550 2
6551 2
6552 2
6553 2
6554 2
6555 1
6556 0
6557 2
6558 2
6559 2
6560 1
6561 2
6562 2
6563 2
6564 0
6565 2
6566 1
6567 2
6568 1
6569 2
6570 2
6571 1
6572 1
6573 1
6574 1
6575 0
6576 2
6577 2
6578 2
6579 2
6580 1
6581 2
6582 1
6583 2
6584 1
6585 0
6586 2
6587 1
6588 1
6589 2
6590 2
6591 1
6592 1
6593 1
6594 2
6595 2
6596 1
6597 0
6598 2
6599 1
6600 1
6601 1
6602 2
6603 1
6604 2
6605 2
6606 2
6607 2
6608 2
6609 2
6610 2
6611 0
6612 0
6613 1
6614 2
6615 2
6616 2
6617 2
6618 2
6619 2
6620 2
6621 2
6622 2
6623 2
6624 0
6625 2
6626 0
6627 1
6628 1
6629 2
6630 2
6631 1
6632 2
6633 2
6634 2
6635 1
6636 1
6637 2
6638 2
6639 1
6640 2
6641 0
6642 1
6643 2
6644 0
6645 2
6646 2
6647 1
6648 2
6649 2
6650 1
6651 1
6652 1
6653 0
6654 1
6655 0
6656 0
6657 0
6658 0
6659 2
6660 1
6661 1
6662 1
6663 2
6664 1
6665 2
6666 2
6667 2
6668 1
6669 0
6670 2
6671 2
6672 2
6673 0
6674 1
6675 2
6676 2
6677 2
6678 2
6679 2
6680 0
6681 1
6682 1
6683 0
6684 2
6685 2
6686 1
6687 2
6688 1
6689 1
6690 1
6691 1
6692 1
6693 1
6694 1
6695 1
6696 1
6697 2
6698 1
6699 1
6700 2
6701 1
6702 1
6703 2
6704 1
6705 1
6706 0
6707 1
6708 0
6709 2
6710 2
6711 1
6712 2
6713 1
6714 2
6715 1
6716 2
6717 2
6718 1
6719 2
6720 1
6721 2
6722 2
6723 2
6724 2
6725 0
6726 2
6727 2
6728 2
6729 2
6730 2
6731 2
6732 1
6733 1
6734 1
6735 1
6736 1
6737 1
6738 2
6739 2
6740 0
6741 0
6742 2
6743 2
6744 2
6745 2
6746 2
0 0
1 1
2 2
1e-06 0.0749763 112
