0 1
1 1
2 2
3 1
4 2
5 0
6 2
7 0
8 1
9 1
10 1
11 1
12 2
13 1
14 2
15 2
16 1
17 0
18 1
19 2
20 1
21 1
22 0
23 0
24 1
25 2
26 1
27 1
28 0
29 2
30 2
31 1
32 2
33 2
34 2
35 2
36 2
37 1
38 1
39 0
40 2
41 1
42 1
43 2
44 2
45 2
46 0
47 2
48 0
49 2
50 2
51 1
52 1
53 0
54 1
55 0
56 2
57 1
58 2
59 0
60 0
61 0
62 0
63 1
64 0
65 1
66 0
67 1
68 1
69 2
70 2
71 0
72 1
73 0
74 2
75 1
76 2
77 2
78 1
79 1
80 1
81 0
82 2
83 0
84 2
85 2
86 1
87 1
88 0
89 2
90 1
91 1
92 2
93 1
94 1
95 0
96 1
97 2
98 0
99 0
100 2
101 0
102 1
103 2
104 0
105 2
106 2
107 2
108 1
109 2
110 1
111 2
112 2
113 2
114 0
115 1
116 1
117 2
118 0
119 0
120 2
121 0
122 1
123 1
124 1
125 1
126 2
127 0
128 2
129 2
130 1
131 1
132 1
133 1
134 0
135 1
136 2
137 1
138 0
139 1
140 1
141 0
142 2
143 1
144 1
145 2
146 0
147 0
148 1
149 0
150 0
151 0
152 1
153 2
154 0
155 1
156 2
157 2
158 0
159 1
160 1
161 0
162 0
163 0
164 2
165 0
166 0
167 2
168 0
169 2
170 1
171 1
172 0
173 0
174 1
175 0
176 2
177 1
178 0
179 0
180 2
181 2
182 2
183 2
184 1
185 1
186 1
187 1
188 0
189 1
190 1
191 0
192 1
193 1
194 0
195 1
196 1
197 1
198 1
199 1
200 0
201 0
202 1
203 0
204 1
205 2
206 1
207 1
208 1
209 1
210 0
211 1
212 1
213 1
214 0
215 0
216 1
217 1
218 1
219 0
220 0
221 0
222 0
223 1
224 0
225 0
226 1
227 2
228 0
229 1
230 0
231 0
232 0
233 0
234 1
235 2
236 2
237 0
238 0
239 2
240 1
241 1
242 1
243 1
244 1
245 1
246 1
247 1
248 1
249 0
250 0
251 1
252 2
253 1
254 2
255 2
256 2
257 2
258 1
259 1
260 0
261 2
262 0
263 1
264 1
265 2
266 1
267 2
268 2
269 1
270 1
271 2
272 1
273 1
274 2
275 0
276 2
277 2
278 0
279 2
280 1
281 2
282 2
283 1
284 0
285 1
286 0
287 2
288 0
289 1
290 0
291 1
292 1
293 2
294 1
295 1
296 1
297 1
298 2
299 1
300 1
301 2
302 2
303 0
304 1
305 1
306 1
307 2
308 1
309 2
310 1
311 2
312 1
313 1
314 2
315 2
316 2
317 1
318 0
319 1
320 1
321 2
322 1
323 1
324 2
325 0
326 1
327 1
328 2
329 2
330 0
331 1
332 1
333 1
334 2
335 1
336 1
337 1
338 0
339 0
340 2
341 1
342 1
343 1
344 2
345 0
346 2
347 2
348 0
349 2
350 1
351 1
352 1
353 1
354 0
355 1
356 0
357 0
358 2
359 2
360 0
361 0
362 0
363 1
364 2
365 2
366 1
367 0
368 2
369 0
370 1
371 0
372 0
373 2
374 1
375 1
376 1
377 1
378 0
379 1
380 0
381 0
382 1
383 1
384 1
385 0
386 1
387 1
388 0
389 2
390 2
391 1
392 2
393 0
394 2
395 1
396 1
397 0
398 2
399 0
400 0
401 2
402 1
403 1
404 2
405 2
406 2
407 1
408 1
409 0
410 2
411 2
412 2
413 2
414 0
415 1
416 2
417 2
418 1
419 1
420 1
421 1
422 0
423 1
424 2
425 2
426 2
427 1
428 2
429 2
430 2
431 2
432 0
433 1
434 2
435 1
436 1
437 2
438 1
439 1
440 0
441 0
442 0
443 1
444 1
445 1
446 2
447 0
448 1
449 2
450 1
451 1
452 0
453 1
454 0
455 1
456 1
457 2
458 0
459 1
460 1
461 1
462 1
463 0
464 2
465 2
466 1
467 0
468 0
469 1
470 0
471 1
472 1
473 0
474 0
475 1
476 0
477 1
478 1
479 0
480 1
481 1
482 1
483 1
484 1
485 1
486 1
487 0
488 0
489 0
490 1
491 2
492 1
493 2
494 2
495 1
496 1
497 0
498 1
499 1
500 1
501 0
502 0
503 0
504 2
505 0
506 1
507 0
508 1
509 0
510 2
511 0
512 0
513 1
514 1
515 1
516 1
517 1
518 1
519 0
520 0
521 0
522 0
523 0
524 0
525 0
526 0
527 0
528 0
529 0
530 0
531 0
532 0
533 1
534 0
535 0
536 0
537 0
538 0
539 0
540 0
541 0
542 0
543 2
544 0
545 0
546 0
547 0
548 0
549 0
550 0
551 0
552 0
553 0
554 0
555 0
556 0
557 0
558 0
559 2
560 0
561 0
562 0
563 0
564 0
565 0
566 0
567 0
568 0
569 0
570 0
571 0
572 0
573 0
574 0
575 0
576 0
577 0
578 0
579 0
580 0
581 0
582 0
583 0
584 0
585 0
586 0
587 0
588 0
589 0
590 2
591 0
592 0
593 0
594 2
595 2
596 2
597 2
598 1
599 1
600 0
601 1
602 2
603 2
604 0
605 0
606 0
607 1
608 1
609 1
610 2
611 2
612 1
613 0
614 1
615 2
616 0
617 1
618 1
619 1
620 0
621 1
622 1
623 1
624 0
625 2
626 0
627 1
628 1
629 1
630 1
631 0
632 2
633 1
634 2
635 2
636 2
637 1
638 1
639 2
640 1
641 2
642 2
643 0
644 2
645 2
646 0
647 2
648 2
649 1
650 1
651 1
652 1
653 2
654 1
655 1
656 1
657 1
658 2
659 0
660 0
661 0
662 2
663 1
664 1
665 1
666 1
667 2
668 0
669 2
670 0
671 1
672 1
673 1
674 1
675 2
676 2
677 1
678 1
679 2
680 2
681 1
682 2
683 1
684 1
685 0
686 0
687 1
688 1
689 1
690 2
691 1
692 1
693 1
694 0
695 0
696 2
697 1
698 0
699 1
700 2
701 2
702 2
703 1
704 2
705 1
706 0
707 1
708 1
709 1
710 2
711 1
712 1
713 2
714 2
715 2
716 2
717 1
718 2
719 1
720 1
721 2
722 0
723 1
724 0
725 2
726 2
727 2
728 1
729 2
730 1
731 0
732 1
733 2
734 1
735 1
736 1
737 1
738 2
739 0
740 0
741 0
742 1
743 2
744 2
745 1
746 1
747 2
748 2
749 2
750 2
751 2
752 2
753 2
754 1
755 1
756 1
757 0
758 1
759 1
760 0
761 1
762 1
763 1
764 1
765 1
766 2
767 1
768 0
769 1
770 2
771 1
772 1
773 0
774 0
775 0
776 0
777 2
778 1
779 2
780 1
781 0
782 2
783 2
784 2
785 0
786 0
787 1
788 1
789 2
790 1
791 1
792 1
793 0
794 1
795 2
796 2
797 1
798 2
799 1
800 1
801 2
802 1
803 1
804 2
805 0
806 1
807 2
808 1
809 1
810 2
811 2
812 0
813 0
814 0
815 2
816 1
817 0
818 1
819 1
820 1
821 1
822 0
823 1
824 0
825 0
826 1
827 2
828 0
829 2
830 1
831 1
832 1
833 1
834 0
835 2
836 0
837 0
838 0
839 1
840 1
841 1
842 2
843 1
844 2
845 0
846 2
847 0
848 1
849 0
850 0
851 2
852 2
853 1
854 1
855 1
856 2
857 2
858 0
859 2
860 1
861 1
862 1
863 1
864 1
865 2
866 1
867 1
868 2
869 1
870 2
871 2
872 0
873 1
874 2
875 1
876 2
877 2
878 2
879 2
880 2
881 2
882 2
883 2
884 1
885 1
886 0
887 1
888 1
889 0
890 1
891 1
892 1
893 0
894 1
895 2
896 2
897 1
898 1
899 0
900 1
901 1
902 2
903 2
904 1
905 1
906 1
907 2
908 0
909 1
910 2
911 2
912 1
913 1
914 1
915 2
916 1
917 2
918 1
919 0
920 2
921 0
922 0
923 2
924 1
925 1
926 1
927 1
928 0
929 1
930 0
931 1
932 1
933 1
934 1
935 2
936 0
937 2
938 1
939 1
940 2
941 2
942 2
943 1
944 0
945 0
946 1
947 1
948 1
949 1
950 1
951 0
952 0
953 1
954 1
955 1
956 0
957 1
958 1
959 0
960 1
961 1
962 1
963 0
964 1
965 1
966 1
967 1
968 2
969 0
970 0
971 1
972 1
973 2
974 0
975 0
976 0
977 2
978 2
979 2
980 1
981 2
982 0
983 0
984 0
985 2
986 1
987 0
988 2
989 2
990 2
991 2
992 2
993 2
994 2
995 2
996 2
997 0
998 1
999 1
1000 1
1001 2
1002 2
1003 1
1004 2
1005 1
1006 2
1007 0
1008 1
1009 1
1010 2
1011 2
1012 0
1013 1
1014 1
1015 2
1016 2
1017 2
1018 2
1019 1
1020 1
1021 1
1022 1
1023 1
1024 2
1025 0
1026 0
1027 2
1028 2
1029 1
1030 0
1031 0
1032 0
1033 1
1034 0
1035 1
1036 0
1037 1
1038 2
1039 0
1040 0
1041 2
1042 2
1043 1
1044 2
1045 0
1046 2
1047 2
1048 0
1049 1
1050 2
1051 1
1052 1
1053 2
1054 1
1055 1
1056 1
1057 1
1058 1
1059 0
1060 1
1061 2
1062 1
1063 2
1064 2
1065 2
1066 0
1067 0
1068 2
1069 1
1070 1
1071 0
1072 0
1073 2
1074 1
1075 1
1076 2
1077 1
1078 1
1079 1
1080 2
1081 2
1082 1
1083 0
1084 0
1085 0
1086 2
1087 2
1088 0
1089 1
1090 2
1091 2
1092 2
1093 0
1094 2
1095 1
1096 2
1097 1
1098 0
1099 1
1100 1
1101 1
1102 0
1103 2
1104 2
1105 1
1106 0
1107 1
1108 0
1109 1
1110 2
1111 2
1112 1
1113 0
1114 0
1115 1
1116 1
1117 2
1118 2
1119 1
1120 2
1121 2
1122 1
1123 0
1124 0
1125 1
1126 1
1127 0
1128 2
1129 1
1130 2
1131 1
1132 1
1133 0
1134 2
1135 0
1136 2
1137 2
1138 0
1139 0
1140 0
1141 2
1142 2
1143 0
1144 1
1145 0
1146 1
1147 2
1148 2
1149 2
1150 0
1151 0
1152 2
1153 1
1154 0
1155 0
1156 2
1157 0
1158 1
1159 1
1160 1
1161 0
1162 0
1163 2
1164 0
1165 2
1166 2
1167 0
1168 0
1169 0
1170 0
1171 0
1172 2
1173 0
1174 1
1175 0
1176 0
1177 1
1178 2
1179 2
1180 1
1181 0
1182 2
1183 1
1184 0
1185 2
1186 0
1187 0
1188 1
1189 2
1190 0
1191 1
1192 2
1193 1
1194 2
1195 1
1196 1
1197 0
1198 0
1199 2
1200 1
1201 1
1202 0
1203 0
1204 1
1205 0
1206 0
1207 0
1208 2
1209 1
1210 1
1211 1
1212 1
1213 1
1214 1
1215 1
1216 2
1217 2
1218 2
1219 1
1220 0
1221 2
1222 2
1223 1
1224 1
1225 2
1226 1
1227 2
1228 1
1229 0
1230 2
1231 1
1232 2
1233 1
1234 2
1235 2
1236 1
1237 2
1238 1
1239 1
1240 0
1241 2
1242 1
1243 2
1244 0
1245 0
1246 0
1247 0
1248 0
1249 2
1250 2
1251 0
1252 2
1253 0
1254 1
1255 0
1256 1
1257 1
1258 2
1259 1
1260 0
1261 0
1262 0
1263 2
1264 1
1265 2
1266 0
1267 0
1268 2
1269 0
1270 2
1271 0
1272 2
1273 1
1274 0
1275 2
1276 1
1277 1
1278 2
1279 2
1280 2
1281 0
1282 0
1283 0
1284 1
1285 0
1286 0
1287 0
1288 1
1289 2
1290 0
1291 2
1292 0
1293 1
1294 1
1295 1
1296 1
1297 0
1298 0
1299 1
1300 2
1301 1
1302 0
1303 2
1304 1
1305 0
1306 0
1307 0
1308 0
1309 0
1310 0
1311 0
1312 0
1313 0
1314 0
1315 0
1316 0
1317 0
1318 0
1319 0
1320 0
1321 0
1322 0
1323 0
1324 0
1325 0
1326 0
1327 1
1328 2
1329 2
1330 1
1331 2
1332 2
1333 0
1334 0
1335 0
1336 2
1337 1
1338 2
1339 0
1340 0
1341 0
1342 0
1343 2
1344 1
1345 0
1346 0
1347 1
1348 1
1349 0
1350 1
1351 2
1352 2
1353 1
1354 0
1355 1
1356 1
1357 2
1358 0
1359 2
1360 2
1361 2
1362 0
1363 2
1364 1
1365 2
1366 1
1367 2
1368 0
1369 0
1370 1
1371 1
1372 2
1373 2
1374 2
1375 2
1376 0
1377 2
1378 0
1379 0
1380 2
1381 2
1382 2
1383 2
1384 0
1385 1
1386 2
1387 2
1388 0
1389 0
1390 0
1391 2
1392 0
1393 2
1394 2
1395 0
1396 2
1397 2
1398 0
1399 2
1400 2
1401 0
1402 2
1403 2
1404 0
1405 1
1406 2
1407 0
1408 1
1409 1
1410 1
1411 1
1412 2
1413 2
1414 1
1415 2
1416 0
1417 1
1418 0
1419 1
1420 2
1421 0
1422 1
1423 0
1424 1
1425 1
1426 1
1427 2
1428 2
1429 1
1430 1
1431 1
1432 2
1433 1
1434 1
1435 2
1436 1
1437 0
1438 0
1439 2
1440 0
1441 1
1442 2
1443 2
1444 1
1445 0
1446 2
1447 2
1448 0
1449 0
1450 2
1451 2
1452 2
1453 2
1454 0
1455 1
1456 2
1457 1
1458 1
1459 1
1460 2
1461 1
1462 1
1463 0
1464 1
1465 1
1466 1
1467 2
1468 1
1469 1
1470 2
1471 2
1472 2
1473 2
1474 1
1475 1
1476 2
1477 1
1478 1
1479 1
1480 2
1481 2
1482 0
1483 1
1484 2
1485 2
1486 1
1487 2
1488 1
1489 2
1490 2
1491 1
1492 0
1493 1
1494 1
1495 1
1496 1
1497 1
1498 1
1499 0
1500 1
1501 0
1502 0
1503 1
1504 1
1505 0
1506 2
1507 1
1508 2
1509 0
1510 2
1511 2
1512 0
1513 0
1514 1
1515 1
1516 2
1517 0
1518 0
1519 0
1520 1
1521 0
1522 1
1523 0
1524 1
1525 0
1526 0
1527 1
1528 1
1529 1
1530 1
1531 0
1532 1
1533 1
1534 1
1535 0
1536 2
1537 1
1538 0
1539 1
1540 2
1541 1
1542 0
1543 1
1544 1
1545 1
1546 2
1547 0
1548 0
1549 0
1550 1
1551 1
1552 1
1553 1
1554 0
1555 1
1556 1
1557 1
1558 1
1559 1
1560 0
1561 0
1562 0
1563 2
1564 0
1565 1
1566 1
1567 1
1568 1
1569 1
1570 1
1571 1
1572 0
1573 0
1574 0
1575 1
1576 2
1577 1
1578 0
1579 0
1580 0
1581 2
1582 2
1583 1
1584 2
1585 1
1586 0
1587 2
1588 0
1589 1
1590 0
1591 2
1592 1
1593 1
1594 1
1595 2
1596 0
1597 0
1598 1
1599 0
1600 1
1601 0
1602 0
1603 1
1604 0
1605 1
1606 1
1607 2
1608 0
1609 1
1610 0
1611 2
1612 1
1613 1
1614 0
1615 1
1616 2
1617 0
1618 1
1619 2
1620 2
1621 0
1622 2
1623 1
1624 2
1625 0
1626 2
1627 1
1628 1
1629 2
1630 1
1631 2
1632 2
1633 1
1634 2
1635 0
1636 2
1637 1
1638 1
1639 2
1640 2
1641 1
1642 1
1643 1
1644 1
1645 1
1646 1
1647 0
1648 2
1649 1
1650 1
1651 1
1652 2
1653 0
1654 2
1655 2
1656 2
1657 0
1658 1
1659 2
1660 1
1661 0
1662 0
1663 0
1664 1
1665 1
1666 1
1667 2
1668 1
1669 1
1670 0
1671 1
1672 0
1673 1
1674 2
1675 0
1676 2
1677 0
1678 0
1679 2
1680 2
1681 1
1682 2
1683 1
1684 0
1685 1
1686 1
1687 1
1688 2
1689 1
1690 1
1691 1
1692 0
1693 0
1694 1
1695 1
1696 0
1697 1
1698 0
1699 1
1700 0
1701 1
1702 1
1703 2
1704 2
1705 1
1706 0
1707 1
1708 1
1709 0
1710 0
1711 2
1712 1
1713 1
1714 1
1715 2
1716 0
1717 1
1718 2
1719 0
1720 0
1721 1
1722 1
1723 2
1724 2
1725 2
1726 0
1727 2
1728 2
1729 2
1730 0
1731 0
1732 1
1733 0
1734 0
1735 0
1736 2
1737 2
1738 1
1739 1
1740 0
1741 0
1742 2
1743 1
1744 2
1745 2
1746 1
1747 0
1748 1
1749 2
1750 1
1751 1
1752 1
1753 2
1754 1
1755 2
1756 1
1757 1
1758 2
1759 2
1760 1
1761 0
1762 1
1763 0
1764 1
1765 1
1766 1
1767 2
1768 0
1769 1
1770 0
1771 1
1772 2
1773 2
1774 1
1775 2
1776 2
1777 2
1778 1
1779 2
1780 0
1781 2
1782 2
1783 0
1784 1
1785 2
1786 2
1787 1
1788 0
1789 0
1790 2
1791 1
1792 1
1793 2
1794 0
1795 0
1796 2
1797 0
1798 0
1799 1
1800 0
1801 1
1802 2
1803 0
1804 2
1805 1
1806 1
1807 0
1808 2
1809 2
1810 0
1811 1
1812 1
1813 0
1814 0
1815 0
1816 0
1817 2
1818 2
1819 1
1820 0
1821 1
1822 2
1823 2
1824 1
1825 1
1826 1
1827 0
1828 1
1829 2
1830 2
1831 2
1832 0
1833 2
1834 0
1835 2
1836 2
1837 1
1838 1
1839 0
1840 0
1841 0
1842 2
1843 1
1844 0
1845 2
1846 1
1847 1
1848 1
1849 0
1850 0
1851 0
1852 0
1853 1
1854 1
1855 1
1856 1
1857 1
1858 1
1859 0
1860 0
1861 0
1862 2
1863 2
1864 0
1865 1
1866 1
1867 0
1868 2
1869 1
1870 1
1871 1
1872 1
1873 2
1874 0
1875 2
1876 2
1877 2
1878 2
1879 2
1880 1
1881 0
1882 1
1883 1
1884 0
1885 0
1886 1
1887 1
1888 2
1889 0
1890 2
1891 2
1892 2
1893 2
1894 2
1895 0
1896 0
1897 1
1898 0
1899 0
1900 0
1901 2
1902 1
1903 1
1904 0
1905 0
1906 0
1907 2
1908 2
1909 0
1910 1
1911 1
1912 1
1913 1
1914 2
1915 2
1916 1
1917 1
1918 0
1919 1
1920 0
1921 1
1922 1
1923 1
1924 1
1925 1
1926 1
1927 2
1928 1
1929 2
1930 2
1931 1
1932 0
1933 2
1934 0
1935 0
1936 1
1937 1
1938 1
1939 2
1940 2
1941 0
1942 2
1943 1
1944 1
1945 2
1946 1
1947 0
1948 2
1949 1
1950 1
1951 1
1952 2
1953 0
1954 0
1955 1
1956 0
1957 1
1958 0
1959 2
1960 2
1961 1
1962 2
1963 1
1964 0
1965 2
1966 0
1967 1
1968 1
1969 1
1970 0
1971 1
1972 2
1973 0
1974 0
1975 1
1976 0
1977 1
1978 2
1979 2
1980 2
1981 1
1982 1
1983 0
1984 0
1985 1
1986 1
1987 2
1988 0
1989 2
1990 1
1991 1
1992 2
1993 1
1994 0
1995 0
1996 1
1997 0
1998 1
1999 0
2000 0
2001 1
2002 0
2003 1
2004 2
2005 2
2006 0
2007 0
2008 0
2009 1
2010 1
2011 1
2012 1
2013 1
2014 0
2015 2
2016 0
2017 2
2018 1
2019 2
2020 2
2021 0
2022 0
2023 2
2024 2
2025 1
2026 2
2027 1
2028 2
2029 1
2030 0
2031 2
2032 0
2033 1
2034 0
2035 0
2036 1
2037 2
2038 0
2039 1
2040 1
2041 0
2042 0
2043 0
2044 0
2045 1
2046 0
2047 0
2048 2
2049 0
2050 0
2051 1
2052 0
2053 2
2054 2
2055 0
2056 2
2057 2
2058 1
2059 0
2060 0
2061 1
2062 2
2063 2
2064 1
2065 1
2066 1
2067 0
2068 0
2069 1
2070 0
2071 2
2072 2
2073 1
2074 1
2075 1
2076 1
2077 2
2078 1
2079 2
2080 1
2081 0
2082 1
2083 1
2084 2
2085 2
2086 2
2087 2
2088 1
2089 1
2090 0
2091 0
2092 1
2093 1
2094 0
2095 1
2096 1
2097 0
2098 1
2099 1
2100 1
2101 1
2102 0
2103 1
2104 1
2105 0
2106 0
2107 1
2108 0
2109 1
2110 2
2111 2
2112 0
2113 2
2114 2
2115 2
2116 2
2117 0
2118 0
2119 0
2120 0
2121 1
2122 0
2123 2
2124 2
2125 2
2126 2
2127 2
2128 2
2129 2
2130 2
2131 2
2132 2
2133 2
2134 2
2135 2
2136 2
2137 2
2138 2
2139 2
2140 2
2141 2
2142 2
2143 2
2144 2
2145 1
2146 3
2147 2
2148 2
2149 2
2150 0
2151 2
2152 2
2153 2
2154 2
2155 2
2156 1
2157 3
2158 3
2159 3
2160 2
2161 1
2162 2
2163 2
2164 2
2165 2
2166 2
2167 2
2168 2
2169 0
2170 1
2171 2
2172 1
2173 1
2174 2
2175 2
2176 1
2177 1
2178 1
2179 1
2180 1
2181 2
2182 1
2183 2
2184 1
2185 1
2186 2
2187 1
2188 2
2189 1
2190 1
2191 1
2192 2
2193 1
2194 1
2195 2
2196 1
2197 2
2198 1
2199 1
2200 0
2201 1
2202 2
2203 2
2204 0
2205 1
2206 2
2207 2
2208 2
2209 2
2210 1
2211 0
2212 2
2213 2
2214 2
2215 1
2216 1
2217 1
2218 1
2219 1
2220 0
2221 0
2222 2
2223 1
2224 2
2225 1
2226 2
2227 2
2228 1
2229 1
2230 0
2231 0
2232 0
2233 1
2234 0
2235 2
2236 1
2237 1
2238 2
2239 1
2240 1
2241 1
2242 0
2243 2
2244 2
2245 2
2246 2
2247 2
2248 1
2249 2
2250 1
2251 1
2252 2
2253 0
2254 1
2255 1
2256 1
2257 1
2258 1
2259 1
2260 1
2261 1
2262 1
2263 1
2264 1
2265 1
2266 1
2267 1
2268 1
2269 0
2270 0
2271 2
2272 2
2273 2
2274 2
2275 1
2276 1
2277 1
2278 1
2279 1
2280 1
2281 1
2282 2
2283 2
2284 1
2285 2
2286 2
2287 1
2288 2
2289 1
2290 1
2291 1
2292 1
2293 1
2294 2
2295 2
2296 2
2297 1
2298 2
2299 2
2300 1
2301 1
2302 3
2303 1
2304 0
2305 1
2306 1
2307 1
2308 2
2309 1
2310 2
2311 2
2312 1
2313 0
2314 0
2315 0
2316 0
2317 2
2318 0
2319 1
2320 2
2321 0
2322 1
2323 0
2324 2
2325 2
2326 1
2327 1
2328 1
2329 2
2330 0
2331 0
2332 1
2333 1
2334 1
2335 1
2336 0
2337 2
2338 1
2339 1
2340 1
2341 0
2342 1
2343 1
2344 1
2345 1
2346 1
2347 2
2348 1
2349 1
2350 2
2351 1
2352 1
2353 0
2354 0
2355 2
2356 1
2357 2
2358 2
2359 2
2360 1
2361 1
2362 1
2363 1
2364 2
2365 0
2366 0
2367 1
2368 1
2369 2
2370 2
2371 1
2372 1
2373 1
2374 1
2375 1
2376 1
2377 0
2378 2
2379 1
2380 0
2381 1
2382 1
2383 1
2384 2
2385 2
2386 1
2387 2
2388 2
2389 0
2390 1
2391 1
2392 1
2393 0
2394 2
2395 1
2396 1
2397 1
2398 1
2399 0
2400 2
2401 1
2402 2
2403 1
2404 0
2405 1
2406 0
2407 1
2408 1
2409 1
2410 0
2411 1
2412 1
2413 1
2414 2
2415 0
2416 1
2417 0
2418 0
2419 0
2420 1
2421 0
2422 0
2423 2
2424 2
2425 1
2426 1
2427 2
2428 2
2429 2
2430 1
2431 2
2432 2
2433 1
2434 1
2435 1
2436 1
2437 1
2438 1
2439 2
2440 1
2441 2
2442 0
2443 2
2444 0
2445 0
2446 0
2447 1
2448 0
2449 0
2450 0
2451 2
2452 2
2453 1
2454 1
2455 0
2456 1
2457 2
2458 1
2459 1
2460 0
2461 2
2462 1
2463 2
2464 1
2465 1
2466 1
2467 0
2468 1
2469 1
2470 1
2471 0
2472 1
2473 1
2474 2
2475 1
2476 1
2477 0
2478 1
2479 2
2480 1
2481 1
2482 2
2483 2
2484 2
2485 2
2486 1
2487 2
2488 1
2489 2
2490 2
2491 2
2492 0
2493 1
2494 0
2495 2
2496 2
2497 2
2498 0
2499 2
2500 0
2501 2
2502 2
2503 2
2504 2
2505 1
2506 1
2507 2
2508 2
2509 1
2510 1
2511 0
2512 1
2513 1
2514 2
2515 2
2516 1
2517 1
2518 1
2519 1
2520 1
2521 1
2522 1
2523 0
2524 1
2525 1
2526 0
2527 1
2528 2
2529 2
2530 0
2531 2
2532 1
2533 0
2534 2
2535 0
2536 1
2537 1
2538 1
2539 1
2540 0
2541 0
2542 1
2543 0
2544 0
2545 1
2546 2
2547 1
2548 0
2549 1
2550 2
2551 2
2552 1
2553 1
2554 1
2555 0
2556 2
2557 0
2558 1
2559 1
2560 2
2561 1
2562 0
2563 1
2564 1
2565 1
2566 1
2567 0
2568 0
2569 2
2570 1
2571 0
2572 0
2573 1
2574 2
2575 2
2576 2
2577 1
2578 1
2579 1
2580 0
2581 1
2582 0
2583 1
2584 1
2585 1
2586 0
2587 2
2588 1
2589 1
2590 1
2591 0
2592 1
2593 1
2594 1
2595 1
2596 0
2597 1
2598 0
2599 0
2600 1
2601 0
2602 2
2603 2
2604 2
2605 1
2606 2
2607 2
2608 2
2609 1
2610 1
2611 0
2612 0
2613 2
2614 0
2615 2
2616 2
2617 2
2618 0
2619 0
2620 0
2621 0
2622 0
2623 0
2624 0
2625 1
2626 1
2627 2
2628 2
2629 1
2630 2
2631 0
2632 1
2633 0
2634 2
2635 1
2636 1
2637 0
2638 1
2639 1
2640 0
2641 2
2642 2
2643 1
2644 2
2645 1
2646 1
2647 2
2648 0
2649 0
2650 2
2651 1
2652 2
2653 2
2654 1
2655 1
2656 0
2657 1
2658 1
2659 0
2660 1
2661 2
2662 2
2663 2
2664 0
2665 2
2666 1
2667 0
2668 1
2669 0
2670 1
2671 1
2672 1
2673 2
2674 2
2675 1
2676 1
2677 1
2678 0
2679 1
2680 0
2681 1
2682 0
2683 2
2684 2
2685 0
2686 0
2687 1
2688 1
2689 1
2690 2
2691 1
2692 2
2693 0
2694 0
2695 0
2696 2
2697 1
2698 0
2699 0
2700 0
2701 0
2702 0
2703 0
2704 0
2705 0
2706 0
2707 0
2708 0
2709 0
2710 0
2711 0
2712 0
2713 0
2714 2
2715 0
2716 2
2717 2
2718 1
2719 1
2720 0
2721 1
2722 2
2723 0
2724 1
2725 2
2726 1
2727 1
2728 1
2729 0
2730 1
2731 1
2732 1
2733 2
2734 2
2735 1
2736 2
2737 1
2738 1
2739 0
2740 2
2741 1
2742 0
2743 1
2744 2
2745 1
2746 1
2747 1
2748 1
2749 2
2750 0
2751 0
2752 1
2753 1
2754 2
2755 1
2756 1
2757 0
2758 2
2759 0
2760 2
2761 0
2762 1
2763 0
2764 0
2765 1
2766 2
2767 2
2768 1
2769 1
2770 1
2771 0
2772 2
2773 1
2774 1
2775 0
2776 1
2777 0
2778 1
2779 2
2780 1
2781 1
2782 1
2783 0
2784 2
2785 2
2786 1
2787 2
2788 0
2789 0
2790 1
2791 1
2792 2
2793 1
2794 1
2795 1
2796 2
2797 2
2798 0
2799 0
2800 0
2801 0
2802 0
2803 2
2804 1
2805 2
2806 0
2807 2
2808 0
2809 1
2810 2
2811 0
2812 1
2813 0
2814 0
2815 0
2816 0
2817 0
2818 0
2819 2
2820 0
2821 0
2822 0
2823 0
2824 2
2825 0
2826 2
2827 1
2828 1
2829 1
2830 1
2831 1
2832 1
2833 2
2834 2
2835 2
2836 1
2837 2
2838 0
2839 0
2840 2
2841 1
2842 2
2843 2
2844 0
2845 1
2846 2
2847 1
2848 1
2849 0
2850 0
2851 1
2852 2
2853 0
2854 0
2855 0
2856 2
2857 2
2858 1
2859 2
2860 2
2861 1
2862 1
2863 2
2864 2
2865 2
2866 2
2867 0
2868 0
2869 1
2870 0
2871 1
2872 0
2873 1
2874 0
2875 2
2876 0
2877 2
2878 1
2879 1
2880 1
2881 2
2882 0
2883 1
2884 2
2885 2
2886 0
2887 2
2888 1
2889 1
2890 2
2891 0
2892 1
2893 1
2894 1
2895 2
2896 0
2897 2
2898 0
2899 0
2900 0
2901 0
2902 0
2903 0
2904 0
2905 0
2906 0
2907 0
2908 0
2909 0
2910 0
2911 0
2912 0
2913 0
2914 0
2915 0
2916 0
2917 0
2918 0
2919 0
2920 0
2921 0
2922 0
2923 0
2924 0
2925 0
2926 0
2927 0
2928 0
2929 0
2930 0
2931 0
2932 0
2933 0
2934 0
2935 2
2936 0
2937 0
2938 0
2939 2
2940 2
2941 0
2942 0
2943 0
2944 0
2945 0
2946 0
2947 2
2948 0
2949 0
2950 0
2951 0
2952 0
2953 0
2954 0
2955 0
2956 0
2957 0
2958 0
2959 0
2960 0
2961 0
2962 0
2963 0
2964 1
2965 0
2966 0
2967 0
2968 0
2969 0
2970 0
2971 0
2972 0
2973 0
2974 0
2975 0
2976 0
2977 0
2978 0
2979 0
2980 0
2981 0
2982 0
2983 0
2984 0
2985 0
2986 2
2987 1
2988 1
2989 0
2990 2
2991 0
2992 0
2993 0
2994 0
2995 0
2996 0
2997 0
2998 0
2999 0
3000 0
3001 0
3002 0
3003 0
3004 0
3005 0
3006 0
3007 0
3008 0
3009 0
3010 0
3011 0
3012 1
3013 1
3014 2
3015 0
3016 2
3017 0
3018 2
3019 1
3020 0
3021 1
3022 1
3023 1
3024 1
3025 0
3026 2
3027 2
3028 2
3029 1
3030 1
3031 0
3032 1
3033 1
3034 2
3035 2
3036 0
3037 2
3038 1
3039 1
3040 2
3041 2
3042 2
3043 2
3044 0
3045 1
3046 1
3047 0
3048 2
3049 0
3050 1
3051 1
3052 2
3053 2
3054 1
3055 0
3056 1
3057 0
3058 2
3059 2
3060 2
3061 2
3062 2
3063 2
3064 1
3065 2
3066 0
3067 0
3068 0
3069 2
3070 1
3071 0
3072 1
3073 0
3074 1
3075 1
3076 1
3077 2
3078 2
3079 0
3080 0
3081 1
3082 1
3083 0
3084 1
3085 1
3086 0
3087 1
3088 2
3089 1
3090 1
3091 2
3092 1
3093 2
3094 2
3095 0
3096 1
3097 1
3098 1
3099 0
3100 1
3101 1
3102 0
3103 0
3104 0
3105 1
3106 2
3107 1
3108 1
3109 1
3110 1
3111 1
3112 1
3113 0
3114 0
3115 2
3116 1
3117 2
3118 1
3119 2
3120 1
3121 1
3122 1
3123 1
3124 1
3125 0
3126 1
3127 1
3128 1
3129 0
3130 1
3131 0
3132 2
3133 2
3134 0
3135 0
3136 1
3137 2
3138 0
3139 2
3140 2
3141 1
3142 1
3143 1
3144 2
3145 1
3146 0
3147 2
3148 0
3149 2
3150 1
3151 2
3152 2
3153 0
3154 1
3155 1
3156 2
3157 1
3158 1
3159 2
3160 1
3161 0
3162 2
3163 2
3164 2
3165 0
3166 1
3167 1
3168 1
3169 1
3170 2
3171 1
3172 2
3173 0
3174 1
3175 2
3176 1
3177 0
3178 1
3179 1
3180 1
3181 2
3182 2
3183 1
3184 2
3185 1
3186 0
3187 1
3188 0
3189 0
3190 0
3191 1
3192 1
3193 2
3194 2
3195 0
3196 2
3197 2
3198 1
3199 2
3200 0
3201 0
3202 1
3203 1
3204 2
3205 1
3206 1
3207 0
3208 0
3209 0
3210 1
3211 1
3212 1
3213 1
3214 1
3215 1
3216 0
3217 0
3218 2
3219 2
3220 0
3221 2
3222 1
3223 1
3224 0
3225 2
3226 2
3227 1
3228 1
3229 2
3230 2
3231 2
3232 2
3233 2
3234 2
3235 2
3236 2
3237 2
3238 2
3239 1
3240 2
3241 0
3242 0
3243 0
3244 1
3245 0
3246 1
3247 0
3248 2
3249 1
3250 2
3251 1
3252 1
3253 0
3254 2
3255 0
3256 2
3257 1
3258 1
3259 1
3260 1
3261 0
3262 0
3263 0
3264 0
3265 0
3266 0
3267 0
3268 0
3269 0
3270 0
3271 0
3272 0
3273 0
3274 2
3275 1
3276 1
3277 1
3278 2
3279 0
3280 2
3281 2
3282 3
3283 0
3284 0
3285 2
3286 2
3287 0
3288 1
3289 0
3290 1
3291 1
3292 2
3293 2
3294 1
3295 1
3296 1
3297 0
3298 2
3299 1
3300 0
3301 0
3302 1
3303 2
3304 1
3305 1
3306 2
3307 0
3308 1
3309 2
3310 1
3311 1
3312 1
3313 1
3314 1
3315 2
3316 0
3317 2
3318 1
3319 2
3320 1
3321 0
3322 1
3323 1
3324 1
3325 0
3326 1
3327 0
3328 0
3329 1
3330 2
3331 1
3332 2
3333 1
3334 1
3335 0
3336 2
3337 1
3338 2
3339 2
3340 1
3341 2
3342 1
3343 0
3344 1
3345 1
3346 1
3347 1
3348 0
3349 1
3350 0
3351 0
3352 1
3353 2
3354 1
3355 1
3356 0
3357 1
3358 2
3359 2
3360 1
3361 0
3362 0
3363 1
3364 0
3365 0
3366 2
3367 1
3368 1
3369 1
3370 1
3371 2
3372 0
3373 1
3374 2
3375 0
3376 0
3377 0
3378 0
3379 0
3380 0
3381 0
3382 2
3383 2
3384 0
3385 1
3386 2
3387 0
3388 2
3389 1
3390 2
3391 0
3392 0
3393 1
3394 2
3395 2
3396 1
3397 0
3398 2
3399 2
3400 1
3401 1
3402 2
3403 0
3404 2
3405 2
3406 1
3407 1
3408 0
3409 0
3410 0
3411 1
3412 1
3413 0
3414 1
3415 2
3416 0
3417 0
3418 1
3419 1
3420 1
3421 2
3422 2
3423 0
3424 2
3425 0
3426 1
3427 0
3428 1
3429 1
3430 1
3431 2
3432 2
3433 2
3434 2
3435 1
3436 1
3437 2
3438 0
3439 2
3440 2
3441 1
3442 1
3443 1
3444 2
3445 0
3446 1
3447 1
3448 2
3449 2
3450 1
3451 2
3452 1
3453 2
3454 2
3455 0
3456 1
3457 2
3458 1
3459 1
3460 1
3461 1
3462 1
3463 1
3464 1
3465 2
3466 1
3467 2
3468 0
3469 2
3470 0
3471 0
3472 1
3473 1
3474 0
3475 1
3476 2
3477 1
3478 2
3479 1
3480 0
3481 0
3482 1
3483 2
3484 0
3485 2
3486 0
3487 1
3488 1
3489 1
3490 1
3491 1
3492 0
3493 0
3494 0
3495 1
3496 2
3497 0
3498 2
3499 0
3500 0
3501 1
3502 2
3503 2
3504 2
3505 0
3506 2
3507 0
3508 0
3509 2
3510 1
3511 2
3512 0
3513 1
3514 0
3515 2
3516 2
3517 2
3518 0
3519 2
3520 1
3521 2
3522 2
3523 2
3524 1
3525 0
3526 0
3527 2
3528 1
3529 2
3530 2
3531 1
3532 1
3533 2
3534 2
3535 0
3536 2
3537 2
3538 2
3539 0
3540 1
3541 1
3542 1
3543 0
3544 0
3545 1
3546 1
3547 1
3548 1
3549 1
3550 1
3551 1
3552 1
3553 2
3554 0
3555 1
3556 2
3557 1
3558 1
3559 1
3560 2
3561 1
3562 2
3563 1
3564 0
3565 2
3566 1
3567 1
3568 2
3569 1
3570 2
3571 2
3572 2
3573 2
3574 1
3575 2
3576 1
3577 1
3578 2
3579 1
3580 1
3581 1
3582 1
3583 0
3584 1
3585 1
3586 0
3587 0
3588 1
3589 1
3590 2
3591 1
3592 1
3593 1
3594 1
3595 0
3596 1
3597 1
3598 1
3599 2
3600 1
3601 1
3602 0
3603 2
3604 2
3605 1
3606 1
3607 2
3608 1
3609 2
3610 2
3611 1
3612 2
3613 1
3614 2
3615 2
3616 1
3617 2
3618 2
3619 2
3620 2
3621 2
3622 1
3623 1
3624 3
3625 2
3626 2
3627 1
3628 2
3629 1
3630 1
3631 2
3632 0
3633 2
3634 0
3635 2
3636 1
3637 1
3638 1
3639 1
3640 1
3641 0
3642 0
3643 2
3644 1
3645 1
3646 2
3647 1
3648 1
3649 1
3650 2
3651 1
3652 1
3653 2
3654 0
3655 1
3656 1
3657 2
3658 1
3659 2
3660 2
3661 1
3662 1
3663 1
3664 0
3665 1
3666 2
3667 1
3668 0
3669 2
3670 1
3671 2
3672 1
3673 2
3674 0
3675 0
3676 1
3677 1
3678 0
3679 0
3680 0
3681 0
3682 2
3683 0
3684 2
3685 2
3686 1
3687 1
3688 2
3689 2
3690 1
3691 0
3692 1
3693 0
3694 1
3695 0
3696 2
3697 1
3698 2
3699 2
3700 2
3701 2
3702 2
3703 0
3704 2
3705 2
3706 1
3707 1
3708 1
3709 2
3710 2
3711 0
3712 2
3713 1
3714 1
3715 1
3716 0
3717 0
3718 1
3719 2
3720 0
3721 2
3722 1
3723 2
3724 2
3725 1
3726 1
3727 1
3728 2
3729 2
3730 0
3731 2
3732 1
3733 2
3734 0
3735 1
3736 2
3737 1
3738 2
3739 1
3740 0
3741 2
3742 2
3743 2
3744 2
3745 0
3746 0
3747 0
3748 1
3749 1
3750 1
3751 1
3752 1
3753 2
3754 1
3755 0
3756 1
3757 1
3758 2
3759 2
3760 1
3761 1
3762 1
3763 1
3764 1
3765 2
3766 2
3767 2
3768 1
3769 1
3770 1
3771 1
3772 0
3773 1
3774 2
3775 1
3776 1
3777 0
3778 2
3779 2
3780 0
3781 1
3782 1
3783 1
3784 0
3785 0
3786 0
3787 1
3788 0
3789 0
3790 1
3791 1
3792 0
3793 2
3794 0
3795 0
3796 1
3797 0
3798 0
3799 1
3800 1
3801 1
3802 2
3803 0
3804 1
3805 1
3806 1
3807 1
3808 1
3809 1
3810 0
3811 0
3812 0
3813 1
3814 0
3815 2
3816 1
3817 2
3818 1
3819 2
3820 1
3821 2
3822 1
3823 0
3824 1
3825 1
3826 0
3827 2
3828 0
3829 1
3830 0
3831 1
3832 2
3833 1
3834 1
3835 1
3836 1
3837 1
3838 1
3839 1
3840 1
3841 2
3842 2
3843 2
3844 2
3845 0
3846 1
3847 2
3848 2
3849 0
3850 1
3851 1
3852 0
3853 2
3854 1
3855 1
3856 0
3857 1
3858 1
3859 1
3860 2
3861 2
3862 1
3863 1
3864 0
3865 2
3866 0
3867 2
3868 2
3869 1
3870 2
3871 1
3872 0
3873 0
3874 1
3875 2
3876 1
3877 2
3878 1
3879 2
3880 1
3881 1
3882 0
3883 1
3884 1
3885 1
3886 0
3887 0
3888 2
3889 2
3890 2
3891 1
3892 1
3893 2
3894 1
3895 1
3896 2
3897 2
3898 2
3899 2
3900 2
3901 0
3902 2
3903 0
3904 1
3905 1
3906 1
3907 0
3908 0
3909 0
3910 1
3911 1
3912 1
3913 0
3914 1
3915 2
3916 2
3917 1
3918 2
3919 2
3920 2
3921 0
3922 1
3923 2
3924 2
3925 1
3926 0
3927 2
3928 0
3929 0
3930 0
3931 2
3932 2
3933 1
3934 2
3935 0
3936 2
3937 2
3938 2
3939 2
3940 1
3941 2
3942 0
3943 0
3944 1
3945 0
3946 1
3947 0
3948 2
3949 0
3950 2
3951 2
3952 0
3953 2
3954 1
3955 1
3956 0
3957 2
3958 0
3959 0
3960 2
3961 0
3962 2
3963 0
3964 0
3965 1
3966 0
3967 0
3968 1
3969 1
3970 0
3971 1
3972 1
3973 2
3974 2
3975 1
3976 1
3977 1
3978 2
3979 1
3980 2
3981 1
3982 1
3983 2
3984 1
3985 1
3986 2
3987 2
3988 1
3989 1
3990 2
3991 2
3992 2
3993 2
3994 2
3995 2
3996 1
3997 2
3998 2
3999 2
4000 2
4001 2
4002 2
4003 2
4004 1
4005 2
4006 2
4007 2
4008 2
4009 2
4010 1
4011 2
4012 2
4013 2
4014 1
4015 1
4016 0
4017 1
4018 0
4019 2
4020 0
4021 2
4022 0
4023 2
4024 2
4025 2
4026 1
4027 1
4028 2
4029 2
4030 1
4031 1
4032 1
4033 2
4034 0
4035 1
4036 1
4037 0
4038 0
4039 1
4040 1
4041 1
4042 2
4043 2
4044 2
4045 1
4046 0
4047 1
4048 1
4049 2
4050 2
4051 1
4052 1
4053 0
4054 1
4055 1
4056 1
4057 1
4058 1
4059 2
4060 0
4061 1
4062 2
4063 2
4064 1
4065 0
4066 1
4067 0
4068 1
4069 1
4070 0
4071 0
4072 2
4073 0
4074 1
4075 0
4076 2
4077 0
4078 2
4079 2
4080 1
4081 2
4082 2
4083 1
4084 1
4085 1
4086 2
4087 1
4088 1
4089 1
4090 2
4091 0
4092 1
4093 1
4094 2
4095 2
4096 1
4097 2
4098 1
4099 1
4100 1
4101 1
4102 0
4103 1
4104 0
4105 1
4106 1
4107 2
4108 2
4109 2
4110 1
4111 0
4112 2
4113 1
4114 1
4115 1
4116 1
4117 1
4118 0
4119 1
4120 1
4121 1
4122 1
4123 1
4124 0
4125 1
4126 0
4127 2
4128 2
4129 0
4130 1
4131 2
4132 1
4133 0
4134 1
4135 1
4136 2
4137 2
4138 1
4139 1
4140 0
4141 2
4142 1
4143 2
4144 2
4145 1
4146 1
4147 2
4148 1
4149 1
4150 2
4151 2
4152 2
4153 0
4154 1
4155 1
4156 1
4157 0
4158 2
4159 1
4160 0
4161 1
4162 1
4163 1
4164 0
4165 1
4166 2
4167 2
4168 1
4169 2
4170 2
4171 0
4172 2
4173 2
4174 1
4175 2
4176 2
4177 0
4178 0
4179 0
4180 1
4181 0
4182 1
4183 1
4184 1
4185 0
4186 1
4187 1
4188 2
4189 0
4190 2
4191 0
4192 0
4193 1
4194 2
4195 1
4196 0
4197 1
4198 1
4199 0
4200 2
4201 2
4202 1
4203 0
4204 2
4205 1
4206 0
4207 2
4208 2
4209 1
4210 1
4211 1
4212 2
4213 1
4214 2
4215 1
4216 2
4217 0
4218 2
4219 1
4220 2
4221 1
4222 0
4223 0
4224 0
4225 0
4226 0
4227 0
4228 0
4229 0
4230 0
4231 2
4232 0
4233 0
4234 0
4235 0
4236 0
4237 1
4238 2
4239 2
4240 0
4241 2
4242 0
4243 2
4244 1
4245 1
4246 1
4247 2
4248 0
4249 0
4250 1
4251 1
4252 1
4253 2
4254 0
4255 2
4256 1
4257 0
4258 2
4259 2
4260 0
4261 0
4262 1
4263 1
4264 1
4265 0
4266 0
4267 0
4268 1
4269 0
4270 1
4271 0
4272 0
4273 2
4274 1
4275 0
4276 2
4277 0
4278 1
4279 0
4280 2
4281 2
4282 0
4283 1
4284 1
4285 1
4286 1
4287 1
4288 2
4289 0
4290 2
4291 1
4292 1
4293 2
4294 1
4295 1
4296 1
4297 1
4298 1
4299 1
4300 2
4301 0
4302 1
4303 1
4304 1
4305 1
4306 2
4307 0
4308 0
4309 1
4310 1
4311 1
4312 2
4313 1
4314 0
4315 1
4316 1
4317 0
4318 2
4319 0
4320 0
4321 1
4322 1
4323 1
4324 1
4325 1
4326 1
4327 0
4328 2
4329 1
4330 2
4331 0
4332 1
4333 1
4334 2
4335 1
4336 1
4337 1
4338 0
4339 2
4340 0
4341 2
4342 1
4343 0
4344 1
4345 1
4346 1
4347 0
4348 1
4349 2
4350 1
4351 1
4352 1
4353 1
4354 1
4355 1
4356 1
4357 1
4358 1
4359 1
4360 0
4361 1
4362 1
4363 0
4364 0
4365 2
4366 0
4367 0
4368 2
4369 0
4370 0
4371 0
4372 2
4373 0
4374 0
4375 0
4376 0
4377 0
4378 0
4379 0
4380 2
4381 0
4382 1
4383 2
4384 2
4385 1
4386 1
4387 1
4388 1
4389 1
4390 1
4391 0
4392 1
4393 1
4394 0
4395 1
4396 1
4397 0
4398 2
4399 2
4400 2
4401 0
4402 2
4403 1
4404 0
4405 0
4406 1
4407 1
4408 0
4409 2
4410 2
4411 1
4412 0
4413 1
4414 1
4415 1
4416 2
4417 2
4418 0
4419 2
4420 1
4421 1
4422 1
4423 0
4424 0
4425 1
4426 1
4427 1
4428 2
4429 1
4430 1
4431 2
4432 1
4433 2
4434 1
4435 2
4436 0
4437 1
4438 0
4439 1
4440 1
4441 2
4442 2
4443 1
4444 1
4445 2
4446 2
4447 0
4448 2
4449 0
4450 0
4451 2
4452 1
4453 2
4454 0
4455 0
4456 0
4457 2
4458 2
4459 1
4460 1
4461 1
4462 1
4463 2
4464 2
4465 2
4466 2
4467 2
4468 2
4469 2
4470 1
4471 0
4472 1
4473 2
4474 2
4475 2
4476 0
4477 2
4478 1
4479 1
4480 2
4481 2
4482 2
4483 2
4484 2
4485 2
4486 2
4487 1
4488 2
4489 2
4490 2
4491 2
4492 2
4493 1
4494 2
4495 1
4496 2
4497 2
4498 2
4499 0
4500 1
4501 3
4502 2
4503 1
4504 1
4505 2
4506 1
4507 2
4508 2
4509 1
4510 1
4511 2
4512 2
4513 2
4514 1
4515 2
4516 1
4517 0
4518 1
4519 2
4520 1
4521 2
4522 1
4523 0
4524 2
4525 2
4526 1
4527 1
4528 2
4529 1
4530 1
4531 2
4532 1
4533 1
4534 1
4535 1
4536 1
4537 1
4538 2
4539 2
4540 0
4541 2
4542 0
4543 2
4544 2
4545 2
4546 0
4547 0
4548 0
4549 2
4550 2
4551 2
4552 2
4553 2
4554 0
4555 0
4556 2
4557 2
4558 0
4559 2
4560 2
4561 2
4562 2
4563 0
4564 0
4565 0
4566 0
4567 2
4568 0
4569 0
4570 0
4571 0
4572 2
4573 2
4574 2
4575 0
4576 0
4577 0
4578 2
4579 2
4580 0
4581 2
4582 2
4583 2
4584 0
4585 1
4586 2
4587 0
4588 0
4589 2
4590 2
4591 2
4592 2
4593 0
4594 2
4595 2
4596 1
4597 1
4598 0
4599 2
4600 1
4601 2
4602 2
4603 0
4604 2
4605 2
4606 1
4607 2
4608 0
4609 0
4610 1
4611 2
4612 2
4613 2
4614 0
4615 1
4616 0
4617 2
4618 2
4619 2
4620 1
4621 2
4622 1
4623 0
4624 2
4625 2
4626 1
4627 1
4628 2
4629 0
4630 0
4631 0
4632 0
4633 2
4634 2
4635 1
4636 1
4637 2
4638 2
4639 2
4640 1
4641 2
4642 1
4643 0
4644 2
4645 1
4646 0
4647 2
4648 2
4649 2
4650 2
4651 0
4652 0
4653 1
4654 0
4655 0
4656 0
4657 0
4658 1
4659 1
4660 1
4661 1
4662 2
4663 0
4664 0
4665 1
4666 2
4667 0
4668 0
4669 0
4670 1
4671 2
4672 2
4673 1
4674 1
4675 1
4676 0
4677 0
4678 2
4679 1
4680 0
4681 1
4682 0
4683 0
4684 0
4685 0
4686 0
4687 0
4688 0
4689 2
4690 0
4691 1
4692 0
4693 2
4694 1
4695 0
4696 0
4697 1
4698 1
4699 1
4700 0
4701 2
4702 1
4703 1
4704 1
4705 0
4706 0
4707 0
4708 0
4709 2
4710 0
4711 1
4712 1
4713 0
4714 2
4715 0
4716 0
4717 1
4718 1
4719 0
4720 2
4721 0
4722 0
4723 0
4724 1
4725 0
4726 0
4727 0
4728 2
4729 2
4730 0
4731 3
4732 1
4733 0
4734 2
4735 2
4736 2
4737 1
4738 0
4739 1
4740 0
4741 2
4742 0
4743 0
4744 1
4745 1
4746 2
4747 0
4748 1
4749 2
4750 0
4751 0
4752 0
4753 1
4754 2
4755 1
4756 0
4757 1
4758 1
4759 0
4760 2
4761 2
4762 2
4763 2
4764 0
4765 2
4766 2
4767 1
4768 2
4769 0
4770 2
4771 1
4772 1
4773 1
4774 0
4775 0
4776 2
4777 1
4778 2
4779 1
4780 2
4781 0
4782 0
4783 1
4784 1
4785 3
4786 2
4787 0
4788 2
4789 1
4790 2
4791 1
4792 2
4793 2
4794 0
4795 1
4796 1
4797 2
4798 2
4799 1
4800 1
4801 1
4802 2
4803 0
4804 1
4805 0
4806 2
4807 1
4808 2
4809 2
4810 1
4811 0
4812 0
4813 0
4814 1
4815 2
4816 2
4817 1
4818 1
4819 1
4820 2
4821 2
4822 0
4823 2
4824 2
4825 0
4826 0
4827 1
4828 1
4829 1
4830 1
4831 2
4832 2
4833 1
4834 2
4835 1
4836 2
4837 1
4838 2
4839 1
4840 1
4841 1
4842 1
4843 2
4844 1
4845 1
4846 0
4847 0
4848 0
4849 0
4850 0
4851 2
4852 2
4853 1
4854 0
4855 0
4856 0
4857 0
4858 0
4859 2
4860 2
4861 2
4862 2
4863 0
4864 2
4865 0
4866 1
4867 0
4868 0
4869 1
4870 1
4871 0
4872 2
4873 0
4874 1
4875 1
4876 2
4877 1
4878 0
4879 1
4880 0
4881 0
4882 2
4883 1
4884 2
4885 2
4886 2
4887 1
4888 0
4889 1
4890 0
4891 2
4892 2
4893 0
4894 1
4895 0
4896 1
4897 1
4898 2
4899 0
4900 1
4901 1
4902 2
4903 1
4904 2
4905 2
4906 1
4907 2
4908 1
4909 0
4910 0
4911 2
4912 0
4913 0
4914 2
4915 1
4916 2
4917 2
4918 2
4919 2
4920 1
4921 0
4922 2
4923 0
4924 1
4925 0
4926 1
4927 0
4928 0
4929 0
4930 1
4931 1
4932 1
4933 0
4934 2
4935 0
4936 2
4937 1
4938 2
4939 0
4940 0
4941 1
4942 0
4943 1
4944 2
4945 0
4946 0
4947 0
4948 1
4949 0
4950 2
4951 1
4952 1
4953 0
4954 0
4955 1
4956 1
4957 1
4958 1
4959 0
4960 0
4961 2
4962 2
4963 0
4964 0
4965 0
4966 1
4967 1
4968 1
4969 0
4970 1
4971 1
4972 2
4973 1
4974 1
4975 2
4976 1
4977 0
4978 2
4979 0
4980 2
4981 0
4982 0
4983 1
4984 2
4985 0
4986 0
4987 2
4988 1
4989 1
4990 2
4991 2
4992 1
4993 1
4994 2
4995 1
4996 2
4997 2
4998 2
4999 1
5000 1
5001 2
5002 2
5003 1
5004 1
5005 1
5006 1
5007 0
5008 1
5009 1
5010 0
5011 2
5012 0
5013 0
5014 2
5015 2
5016 2
5017 1
5018 0
5019 2
5020 1
5021 2
5022 1
5023 0
5024 2
5025 1
5026 0
5027 1
5028 2
5029 1
5030 0
5031 0
5032 2
5033 0
5034 1
5035 1
5036 1
5037 0
5038 1
5039 0
5040 1
5041 0
5042 2
5043 2
5044 0
5045 2
5046 0
5047 2
5048 2
5049 2
5050 0
5051 1
5052 0
5053 0
5054 1
5055 1
5056 2
5057 0
5058 2
5059 2
5060 2
5061 2
5062 1
5063 2
5064 1
5065 1
5066 1
5067 0
5068 1
5069 0
5070 2
5071 0
5072 2
5073 0
5074 1
5075 2
5076 0
5077 1
5078 2
5079 1
5080 1
5081 2
5082 2
5083 1
5084 2
5085 1
5086 1
5087 0
5088 2
5089 2
5090 0
5091 0
5092 0
5093 1
5094 1
5095 2
5096 1
5097 0
5098 2
5099 1
5100 2
5101 2
5102 0
5103 0
5104 2
5105 1
5106 1
5107 2
5108 1
5109 2
5110 1
5111 2
5112 2
5113 2
5114 1
5115 1
5116 2
5117 0
5118 1
5119 1
5120 2
5121 0
5122 2
5123 1
5124 1
5125 2
5126 2
5127 0
5128 1
5129 1
5130 2
5131 1
5132 1
5133 2
5134 2
5135 0
5136 2
5137 0
5138 1
5139 2
5140 0
5141 2
5142 1
5143 2
5144 0
5145 0
5146 2
5147 2
5148 1
5149 2
5150 1
5151 2
5152 1
5153 0
5154 0
5155 0
5156 1
5157 1
5158 0
5159 0
5160 1
5161 1
5162 1
5163 1
5164 0
5165 0
5166 1
5167 2
5168 2
5169 1
5170 0
5171 2
5172 1
5173 0
5174 1
5175 2
5176 2
5177 2
5178 0
5179 2
5180 2
5181 0
5182 2
5183 0
5184 2
5185 1
5186 2
5187 2
5188 1
5189 0
5190 2
5191 2
5192 0
5193 1
5194 2
5195 2
5196 1
5197 2
5198 2
5199 1
5200 1
5201 2
5202 0
5203 1
5204 2
5205 0
5206 2
5207 2
5208 1
5209 1
5210 2
5211 0
5212 1
5213 0
5214 0
5215 2
5216 2
5217 0
5218 2
5219 1
5220 1
5221 2
5222 1
5223 0
5224 2
5225 0
5226 2
5227 2
5228 1
5229 1
5230 2
5231 0
5232 2
5233 2
5234 0
5235 1
5236 2
5237 0
5238 0
5239 0
5240 2
5241 2
5242 1
5243 2
5244 1
5245 1
5246 1
5247 2
5248 2
5249 2
5250 2
5251 2
5252 0
5253 2
5254 2
5255 2
5256 0
5257 2
5258 0
5259 0
5260 2
5261 0
5262 2
5263 2
5264 2
5265 0
5266 0
5267 0
5268 0
5269 2
5270 2
5271 0
5272 1
5273 0
5274 0
5275 0
5276 2
5277 2
5278 1
5279 2
5280 1
5281 1
5282 2
5283 2
5284 2
5285 2
5286 2
5287 2
5288 1
5289 0
5290 2
5291 2
5292 2
5293 2
5294 1
5295 2
5296 2
5297 2
5298 1
5299 2
5300 2
5301 1
5302 0
5303 2
5304 2
5305 0
5306 0
5307 2
5308 1
5309 2
5310 1
5311 2
5312 2
5313 1
5314 0
5315 2
5316 2
5317 0
5318 2
5319 0
5320 1
5321 2
5322 0
5323 0
5324 0
5325 0
5326 1
5327 1
5328 2
5329 2
5330 0
5331 0
5332 0
5333 2
5334 2
5335 0
5336 1
5337 2
5338 1
5339 1
5340 2
5341 2
5342 1
5343 2
5344 1
5345 1
5346 0
5347 2
5348 1
5349 1
5350 1
5351 2
5352 2
5353 0
5354 2
5355 2
5356 2
5357 0
5358 1
5359 1
5360 0
5361 2
5362 2
5363 2
5364 0
5365 0
5366 2
5367 1
5368 1
5369 0
5370 0
5371 2
5372 0
5373 1
5374 0
5375 2
5376 2
5377 0
5378 2
5379 0
5380 0
5381 2
5382 2
5383 2
5384 0
5385 2
5386 2
5387 1
5388 2
5389 0
5390 2
5391 1
5392 1
5393 1
5394 2
5395 2
5396 1
5397 2
5398 2
5399 1
5400 2
5401 2
5402 2
5403 1
5404 1
5405 0
5406 0
5407 0
5408 0
5409 1
5410 1
5411 0
5412 2
5413 1
5414 0
5415 0
5416 0
5417 2
5418 2
5419 2
5420 2
5421 2
5422 2
5423 0
5424 2
5425 1
5426 1
5427 2
5428 2
5429 1
5430 2
5431 2
5432 2
5433 2
5434 1
5435 2
5436 1
5437 2
5438 1
5439 1
5440 2
5441 1
5442 2
5443 0
5444 0
5445 2
5446 2
5447 1
5448 0
5449 2
5450 1
5451 2
5452 1
5453 1
5454 2
5455 0
5456 0
5457 0
5458 2
5459 1
5460 0
5461 1
5462 0
5463 0
5464 1
5465 2
5466 2
5467 2
5468 0
5469 2
5470 0
5471 2
5472 2
5473 2
5474 1
5475 2
5476 2
5477 1
5478 1
5479 2
5480 0
5481 1
5482 1
5483 0
5484 1
5485 2
5486 1
5487 2
5488 1
5489 1
5490 2
5491 0
5492 1
5493 2
5494 2
5495 2
5496 0
5497 1
5498 1
5499 2
5500 2
5501 1
5502 2
5503 2
5504 2
5505 0
5506 2
5507 1
5508 2
5509 2
5510 1
5511 2
5512 0
5513 2
5514 0
5515 0
5516 2
5517 2
5518 2
5519 2
5520 1
5521 0
5522 2
5523 0
5524 1
5525 0
5526 2
5527 2
5528 0
5529 0
5530 1
5531 1
5532 1
5533 1
5534 1
5535 2
5536 2
5537 2
5538 2
5539 0
5540 2
5541 2
5542 2
5543 2
5544 1
5545 2
5546 1
5547 2
5548 2
5549 2
5550 0
5551 2
5552 2
5553 0
5554 2
5555 0
5556 2
5557 0
5558 1
5559 0
5560 2
5561 2
5562 2
5563 1
5564 2
5565 2
5566 1
5567 2
5568 2
5569 2
5570 1
5571 2
5572 0
5573 0
5574 2
5575 2
5576 0
5577 2
5578 1
5579 1
5580 2
5581 1
5582 1
5583 2
5584 2
5585 2
5586 2
5587 1
5588 0
5589 1
5590 2
5591 0
5592 2
5593 0
5594 2
5595 2
5596 1
5597 0
5598 0
5599 1
5600 1
5601 0
5602 2
5603 0
5604 2
5605 2
5606 0
5607 2
5608 2
5609 0
5610 0
5611 1
5612 2
5613 1
5614 0
5615 0
5616 1
5617 2
5618 1
5619 0
5620 2
5621 0
5622 2
5623 0
5624 1
5625 1
5626 2
5627 2
5628 0
5629 2
5630 2
5631 2
5632 0
5633 1
5634 1
5635 2
5636 2
5637 1
5638 1
5639 1
5640 1
5641 0
5642 0
5643 2
5644 2
5645 2
5646 1
5647 1
5648 0
5649 2
5650 2
5651 0
5652 2
5653 0
5654 1
5655 2
5656 1
5657 2
5658 1
5659 1
5660 1
5661 2
5662 2
5663 0
5664 2
5665 0
5666 1
5667 2
5668 2
5669 2
5670 1
5671 0
5672 1
5673 1
5674 0
5675 2
5676 2
5677 1
5678 0
5679 0
5680 2
5681 0
5682 0
5683 0
5684 0
5685 0
5686 0
5687 2
5688 1
5689 2
5690 1
5691 1
5692 2
5693 2
5694 2
5695 2
5696 2
5697 0
5698 2
5699 0
5700 2
5701 0
5702 2
5703 2
5704 0
5705 2
5706 0
5707 2
5708 1
5709 2
5710 2
5711 2
5712 2
5713 2
5714 0
5715 0
5716 0
5717 1
5718 2
5719 1
5720 2
5721 1
5722 1
5723 1
5724 1
5725 0
5726 1
5727 2
5728 2
5729 2
5730 2
5731 2
5732 1
5733 1
5734 2
5735 2
5736 1
5737 1
5738 0
5739 0
5740 0
5741 2
5742 0
5743 1
5744 1
5745 2
5746 1
5747 2
5748 0
5749 1
5750 1
5751 0
5752 0
5753 1
5754 2
5755 0
5756 1
5757 2
5758 0
5759 2
5760 0
5761 0
5762 2
5763 1
5764 1
5765 2
5766 0
5767 0
5768 2
5769 2
5770 0
5771 1
5772 2
5773 1
5774 1
5775 1
5776 1
5777 1
5778 1
5779 1
5780 2
5781 2
5782 2
5783 2
5784 2
5785 2
5786 2
5787 2
5788 2
5789 2
5790 2
5791 2
5792 2
5793 2
5794 2
5795 0
5796 2
5797 0
5798 2
5799 1
5800 2
5801 1
5802 1
5803 3
5804 3
5805 3
5806 3
5807 1
5808 2
5809 1
5810 1
5811 1
5812 2
5813 2
5814 2
5815 0
5816 2
5817 1
5818 2
5819 2
5820 2
5821 2
5822 3
5823 2
5824 2
5825 2
5826 2
5827 0
5828 1
5829 0
5830 2
5831 1
5832 0
5833 1
5834 2
5835 2
5836 2
5837 0
5838 0
5839 2
5840 2
5841 0
5842 0
5843 2
5844 1
5845 1
5846 1
5847 3
5848 3
5849 3
5850 3
5851 2
5852 0
5853 1
5854 0
5855 0
5856 2
5857 2
5858 2
5859 0
5860 0
5861 2
5862 2
5863 0
5864 1
5865 0
5866 1
5867 1
5868 1
5869 1
5870 1
5871 0
5872 2
5873 0
5874 0
5875 2
5876 2
5877 1
5878 0
5879 1
5880 2
5881 2
5882 2
5883 2
5884 2
5885 1
5886 2
5887 0
5888 2
5889 2
5890 0
5891 0
5892 2
5893 2
5894 2
5895 0
5896 2
5897 1
5898 2
5899 2
5900 1
5901 0
5902 2
5903 2
5904 2
5905 2
5906 1
5907 2
5908 2
5909 2
5910 1
5911 2
5912 1
5913 0
5914 2
5915 2
5916 2
5917 1
5918 2
5919 1
5920 0
5921 2
5922 1
5923 2
5924 2
5925 0
5926 1
5927 0
5928 0
5929 0
5930 2
5931 2
5932 2
5933 1
5934 2
5935 2
5936 0
5937 2
5938 2
5939 1
5940 2
5941 1
5942 0
5943 1
5944 2
5945 1
5946 1
5947 1
5948 1
5949 2
5950 0
5951 1
5952 2
5953 0
5954 2
5955 1
5956 2
5957 1
5958 1
5959 2
5960 1
5961 1
5962 0
5963 1
5964 0
5965 1
5966 2
5967 2
5968 2
5969 2
5970 2
5971 2
5972 2
5973 2
5974 2
5975 2
5976 0
5977 2
5978 2
5979 2
5980 0
5981 1
5982 1
5983 1
5984 0
5985 0
5986 0
5987 1
5988 2
5989 2
5990 1
5991 2
5992 1
5993 2
5994 1
5995 1
5996 2
5997 1
5998 2
5999 0
6000 2
6001 1
6002 2
6003 0
6004 0
6005 2
6006 1
6007 0
6008 1
6009 1
6010 1
6011 0
6012 1
6013 2
6014 0
6015 2
6016 2
6017 2
6018 0
6019 1
6020 2
6021 1
6022 1
6023 0
6024 2
6025 2
6026 2
6027 1
6028 0
6029 2
6030 1
6031 1
6032 2
6033 2
6034 1
6035 2
6036 2
6037 2
6038 0
6039 2
6040 1
6041 2
6042 1
6043 0
6044 2
6045 1
6046 2
6047 1
6048 2
6049 0
6050 2
6051 2
6052 0
6053 0
6054 2
6055 2
6056 0
6057 0
6058 2
6059 2
6060 2
6061 2
6062 3
6063 0
6064 2
6065 0
6066 1
6067 2
6068 2
6069 2
6070 2
6071 0
6072 1
6073 1
6074 2
6075 1
6076 2
6077 1
6078 1
6079 2
6080 0
6081 2
6082 2
6083 0
6084 2
6085 0
6086 0
6087 0
6088 1
6089 2
6090 1
6091 2
6092 2
6093 2
6094 0
6095 1
6096 2
6097 1
6098 2
6099 2
6100 2
6101 0
6102 2
6103 1
6104 2
6105 2
6106 0
6107 2
6108 0
6109 0
6110 0
6111 2
6112 1
6113 2
6114 2
6115 2
6116 2
6117 0
6118 2
6119 2
6120 2
6121 2
6122 2
6123 2
6124 2
6125 0
6126 3
6127 3
6128 3
6129 3
6130 3
6131 3
6132 3
6133 3
6134 2
6135 0
6136 2
6137 2
6138 0
6139 2
6140 0
6141 1
6142 0
6143 2
6144 2
6145 2
6146 0
6147 0
6148 1
6149 1
6150 0
6151 3
6152 3
6153 1
6154 3
6155 3
6156 1
6157 2
6158 2
6159 2
6160 0
6161 2
6162 2
6163 0
6164 0
6165 2
6166 2
6167 1
6168 1
6169 2
6170 2
6171 2
6172 3
6173 3
6174 3
6175 3
6176 3
6177 3
6178 3
6179 3
6180 3
6181 3
6182 3
6183 2
6184 1
6185 1
6186 2
6187 2
6188 2
6189 0
6190 1
6191 1
6192 1
6193 2
6194 0
6195 0
6196 1
6197 0
6198 2
6199 1
6200 0
6201 1
6202 2
6203 2
6204 0
6205 1
6206 2
6207 2
6208 2
6209 0
6210 0
6211 2
6212 2
6213 1
6214 0
6215 3
6216 2
6217 2
6218 0
6219 0
6220 1
6221 1
6222 2
6223 1
6224 1
6225 2
6226 2
6227 3
6228 3
6229 3
6230 3
6231 3
6232 3
6233 1
6234 1
6235 2
6236 2
6237 1
6238 2
6239 0
6240 1
6241 2
6242 2
6243 1
6244 1
6245 2
6246 1
6247 2
6248 0
6249 2
6250 1
6251 2
6252 1
6253 0
6254 2
6255 0
6256 0
6257 2
6258 2
6259 0
6260 1
6261 0
6262 2
6263 2
6264 2
6265 2
6266 0
6267 2
6268 0
6269 0
6270 2
6271 0
6272 0
6273 2
6274 2
6275 1
6276 2
6277 0
6278 2
6279 3
6280 2
6281 0
6282 2
6283 0
6284 0
6285 0
6286 2
6287 2
6288 2
6289 2
6290 2
6291 2
6292 2
6293 1
6294 2
6295 2
6296 2
6297 2
6298 2
6299 2
6300 2
6301 0
6302 2
6303 2
6304 2
6305 1
6306 0
6307 1
6308 2
6309 2
6310 2
6311 2
6312 1
6313 0
6314 2
6315 2
6316 0
6317 1
6318 0
6319 0
6320 0
6321 0
6322 3
6323 3
6324 3
6325 3
6326 2
6327 2
6328 1
6329 0
6330 0
6331 2
6332 0
6333 2
6334 2
6335 2
6336 1
6337 2
6338 2
6339 2
6340 1
6341 2
6342 0
6343 2
6344 2
6345 1
6346 2
6347 0
6348 0
6349 2
6350 2
6351 0
6352 2
6353 2
6354 0
6355 0
6356 2
6357 1
6358 2
6359 0
6360 1
6361 1
6362 0
6363 1
6364 1
6365 2
6366 0
6367 2
6368 1
6369 1
6370 2
6371 2
6372 2
6373 1
6374 2
6375 1
6376 1
6377 2
6378 1
6379 2
6380 2
6381 2
6382 2
6383 2
6384 1
6385 2
6386 1
6387 2
6388 2
6389 2
6390 2
6391 2
6392 2
6393 1
6394 1
6395 2
6396 0
6397 2
6398 1
6399 0
6400 2
6401 1
6402 2
6403 2
6404 0
6405 2
6406 0
6407 1
6408 1
6409 1
6410 2
6411 1
6412 2
6413 1
6414 2
6415 0
6416 2
6417 1
6418 2
6419 2
6420 2
6421 2
6422 0
6423 2
6424 0
6425 2
6426 2
6427 1
6428 0
6429 0
6430 1
6431 3
6432 3
6433 3
6434 3
6435 0
6436 1
6437 1
6438 2
6439 2
6440 2
6441 2
6442 0
6443 0
6444 2
6445 2
6446 2
6447 1
6448 1
6449 0
6450 2
6451 0
6452 2
6453 0
6454 2
6455 2
6456 2
6457 2
6458 2
6459 2
6460 0
6461 2
6462 2
6463 0
6464 2
6465 0
6466 2
6467 0
6468 0
6469 2
6470 2
6471 2
6472 1
6473 2
6474 2
6475 2
6476 2
6477 0
6478 0
6479 2
6480 1
6481 2
6482 2
6483 2
6484 0
6485 2
6486 2
6487 2
6488 2
6489 2
6490 0
6491 2
6492 0
6493 0
6494 2
6495 1
6496 0
6497 0
6498 0
6499 0
6500 0
6501 0
6502 0
6503 3
6504 0
6505 1
6506 0
6507 1
6508 2
6509 2
6510 2
6511 3
6512 2
6513 0
6514 2
6515 2
6516 2
6517 0
6518 0
6519 0
6520 2
6521 0
6522 1
6523 0
6524 2
6525 2
6526 2
6527 2
6528 2
6529 2
6530 2
6531 0
6532 1
6533 2
6534 0
6535 2
6536 2
6537 2
6538 2
6539 0
6540 1
6541 2
6542 0
6543 2
6544 2
6545 2
6546 2
6547 2
6548 1
6549 2
6550 1
6551 1
6552 0
6553 0
6554 0
6555 1
6556 0
6557 0
6558 0
6559 2
6560 2
6561 2
6562 2
6563 1
6564 2
6565 0
6566 2
6567 1
6568 0
6569 2
6570 2
6571 2
6572 2
6573 2
6574 2
6575 2
6576 1
6577 2
6578 2
6579 2
6580 0
6581 2
6582 2
6583 0
6584 2
6585 2
6586 1
6587 2
6588 0
6589 1
6590 2
6591 0
6592 2
6593 2
6594 0
6595 2
6596 2
6597 2
6598 0
6599 0
6600 0
6601 0
6602 2
6603 0
6604 2
6605 2
6606 2
6607 2
6608 0
6609 2
6610 1
6611 2
6612 2
6613 0
6614 2
6615 2
6616 2
6617 2
6618 2
6619 0
6620 2
6621 1
6622 1
6623 1
6624 1
6625 1
6626 1
6627 1
6628 1
6629 2
6630 2
6631 2
6632 2
6633 2
6634 1
6635 2
6636 0
6637 1
6638 2
6639 2
6640 0
6641 0
6642 2
6643 1
6644 0
6645 1
6646 2
6647 0
6648 1
6649 2
6650 2
6651 2
6652 0
6653 1
6654 0
6655 3
6656 0
6657 2
6658 0
6659 0
6660 0
6661 0
6662 0
6663 0
6664 0
6665 2
6666 1
6667 2
6668 2
6669 2
6670 2
6671 2
6672 1
6673 2
6674 2
6675 1
6676 2
6677 0
6678 2
6679 2
6680 2
6681 3
6682 3
6683 1
6684 1
6685 2
6686 0
6687 0
6688 0
6689 1
6690 2
6691 0
6692 0
6693 1
6694 2
6695 2
6696 0
6697 1
6698 2
6699 2
6700 2
6701 0
6702 3
6703 3
6704 0
6705 2
6706 1
6707 1
6708 2
6709 0
6710 2
6711 2
6712 2
6713 0
6714 0
6715 3
6716 1
6717 3
6718 2
6719 3
6720 1
6721 2
6722 1
6723 1
6724 3
6725 3
6726 2
6727 1
6728 2
6729 2
6730 1
6731 1
6732 2
6733 2
6734 0
6735 0
6736 1
6737 2
6738 0
6739 0
6740 2
6741 0
6742 0
6743 1
6744 1
6745 0
6746 1
6747 2
6748 2
6749 2
6750 0
6751 2
6752 2
6753 2
6754 2
6755 0
6756 2
6757 2
6758 1
6759 2
6760 2
6761 2
6762 0
6763 0
6764 2
6765 0
6766 2
6767 0
6768 0
6769 0
6770 2
6771 1
6772 2
6773 2
6774 0
6775 2
6776 2
6777 2
6778 2
6779 2
6780 2
6781 0
6782 2
6783 3
6784 2
6785 0
6786 0
6787 0
6788 2
6789 2
6790 2
6791 2
6792 2
6793 0
6794 1
6795 0
6796 0
6797 2
6798 0
6799 2
6800 0
6801 0
6802 2
6803 0
6804 2
6805 0
6806 2
6807 0
6808 0
6809 2
6810 0
6811 1
6812 2
6813 2
6814 1
6815 1
6816 0
6817 2
6818 0
6819 2
6820 2
6821 1
6822 1
0 2
1 0
2 1
3 2
0 0
1 1
2 2
1e-06 0.121127 107
