0 3
1 3
2 4
3 1
4 1
5 4
6 1
7 1
8 4
9 1
10 4
11 3
12 1
13 4
14 4
15 4
16 4
17 4
18 2
19 1
20 1
21 1
22 1
23 3
24 1
25 1
26 3
27 4
28 1
29 1
30 4
31 4
32 1
33 1
34 4
35 4
36 1
37 4
38 4
39 1
40 4
41 1
42 1
43 2
44 3
45 3
46 1
47 1
48 3
49 4
50 1
51 1
52 1
53 1
54 1
55 3
56 4
57 1
58 1
59 3
60 4
61 3
62 4
63 1
64 1
65 1
66 4
67 1
68 4
69 1
70 1
71 1
72 3
73 1
74 4
75 3
76 3
77 4
78 1
79 4
80 1
81 3
82 3
83 1
84 3
85 3
86 4
87 1
88 1
89 4
90 4
91 1
92 3
93 1
94 1
95 4
96 3
97 4
98 1
99 1
100 1
101 1
102 4
103 4
104 3
105 3
106 1
107 0
108 3
109 1
110 1
111 4
112 3
113 2
114 3
115 4
116 3
117 3
118 4
119 3
120 3
121 4
122 1
123 4
124 1
125 1
126 1
127 3
128 1
129 3
130 3
131 4
132 1
133 3
134 1
135 1
136 3
137 3
138 3
139 1
140 4
141 4
142 1
143 4
144 4
145 1
146 3
147 2
148 2
149 3
150 3
151 1
152 3
153 0
154 3
155 1
156 3
157 4
158 1
159 3
160 1
161 4
162 1
163 1
164 1
165 1
166 1
167 1
168 4
169 4
170 1
171 4
172 4
173 4
174 1
175 4
176 3
177 1
178 1
179 4
180 4
181 1
182 1
183 4
184 4
185 1
186 3
187 4
188 1
189 1
190 1
191 4
192 1
193 1
194 3
195 1
196 1
197 3
198 4
199 4
200 1
201 4
202 4
203 3
204 3
205 3
206 3
207 1
208 4
209 4
210 1
211 1
212 1
213 4
214 4
215 3
216 4
217 1
218 1
219 1
220 4
221 2
222 3
223 3
224 4
225 4
226 3
227 1
228 3
229 4
230 2
231 1
232 1
233 1
234 4
235 1
236 3
237 1
238 1
239 1
240 1
241 1
242 1
243 1
244 3
245 1
246 1
247 3
248 1
249 1
250 1
251 3
252 4
253 1
254 1
255 1
256 1
257 1
258 1
259 3
260 3
261 3
262 4
263 3
264 1
265 3
266 4
267 1
268 1
269 3
270 1
271 3
272 4
273 3
274 3
275 3
276 1
277 4
278 1
279 3
280 1
281 1
282 1
283 1
284 3
285 4
286 3
287 4
288 3
289 1
290 3
291 3
292 4
293 4
294 1
295 1
296 4
297 3
298 4
299 2
300 1
301 4
302 3
303 1
304 1
305 4
306 3
307 1
308 3
309 1
310 3
311 3
312 4
313 1
314 2
315 3
316 3
317 1
318 1
319 3
320 3
321 3
322 1
323 1
324 1
325 3
326 4
327 3
328 1
329 1
330 3
331 1
332 4
333 1
334 3
335 4
336 3
337 3
338 4
339 4
340 4
341 2
342 3
343 1
344 3
345 3
346 3
347 1
348 3
349 1
350 1
351 3
352 3
353 1
354 3
355 1
356 3
357 3
358 1
359 4
360 3
361 1
362 4
363 1
364 3
365 3
366 1
367 0
368 4
369 4
370 4
371 1
372 4
373 4
374 3
375 3
376 0
377 3
378 2
379 2
380 4
381 1
382 3
383 3
384 1
385 1
386 3
387 1
388 1
389 1
390 1
391 1
392 1
393 1
394 4
395 4
396 1
397 4
398 1
399 2
400 3
401 4
402 1
403 1
404 3
405 3
406 4
407 3
408 3
409 4
410 1
411 2
412 1
413 1
414 3
415 2
416 4
417 3
418 3
419 4
420 4
421 1
422 0
423 3
424 3
425 4
426 3
427 3
428 1
429 1
430 3
431 1
432 4
433 1
434 1
435 3
436 3
437 1
438 4
439 3
440 3
441 4
442 4
443 2
444 1
445 2
446 1
447 1
448 3
449 2
450 1
451 4
452 3
453 1
454 3
455 4
456 4
457 3
458 4
459 3
460 3
461 1
462 4
463 1
464 1
465 3
466 3
467 4
468 1
469 4
470 4
471 1
472 3
473 1
474 3
475 3
476 1
477 3
478 3
479 1
480 1
481 4
482 3
483 3
484 3
485 4
486 3
487 3
488 4
489 3
490 3
491 4
492 4
493 4
494 3
495 4
496 4
497 1
498 1
499 3
500 4
501 3
502 1
503 4
504 4
505 4
506 4
507 1
508 1
509 3
510 2
511 1
512 3
513 2
514 1
515 4
516 3
517 1
518 3
519 4
520 1
521 1
522 3
523 4
524 3
525 1
526 1
527 1
528 3
529 3
530 1
531 1
532 1
533 3
534 4
535 3
536 1
537 4
538 3
539 2
540 1
541 3
542 3
543 1
544 3
545 1
546 4
547 1
548 1
549 3
550 1
551 2
552 3
553 3
554 1
555 3
556 1
557 3
558 1
559 2
560 3
561 3
562 4
563 1
564 1
565 1
566 1
567 1
568 1
569 1
570 1
571 1
572 1
573 1
574 3
575 1
576 1
577 3
578 1
579 1
580 1
581 1
582 1
583 1
584 1
585 1
586 1
587 1
588 1
589 1
590 1
591 1
592 1
593 1
594 1
595 1
596 1
597 1
598 1
599 1
600 1
601 4
602 1
603 1
604 1
605 1
606 1
607 1
608 1
609 1
610 1
611 1
612 1
613 4
614 1
615 1
616 4
617 1
618 1
619 1
620 1
621 1
622 1
623 1
624 1
625 1
626 1
627 1
628 1
629 1
630 1
631 1
632 1
633 1
634 1
635 1
636 1
637 1
638 4
639 4
640 4
641 4
642 3
643 1
644 1
645 3
646 3
647 4
648 1
649 1
650 1
651 3
652 3
653 4
654 3
655 4
656 4
657 4
658 1
659 1
660 1
661 1
662 0
663 4
664 3
665 1
666 3
667 2
668 3
669 3
670 3
671 4
672 1
673 1
674 3
675 2
676 3
677 2
678 1
679 3
680 3
681 4
682 3
683 4
684 4
685 3
686 3
687 4
688 4
689 3
690 4
691 1
692 3
693 2
694 1
695 1
696 4
697 4
698 2
699 3
700 3
701 3
702 4
703 4
704 1
705 1
706 0
707 4
708 1
709 1
710 1
711 4
712 3
713 3
714 3
715 4
716 4
717 1
718 3
719 2
720 1
721 3
722 2
723 4
724 4
725 1
726 1
727 3
728 1
729 2
730 3
731 4
732 4
733 3
734 1
735 3
736 4
737 4
738 3
739 4
740 4
741 3
742 2
743 4
744 3
745 3
746 2
747 1
748 3
749 2
750 1
751 3
752 4
753 3
754 4
755 1
756 1
757 4
758 1
759 4
760 2
761 4
762 3
763 1
764 1
765 4
766 4
767 1
768 4
769 4
770 3
771 3
772 3
773 4
774 4
775 3
776 1
777 1
778 1
779 1
780 1
781 1
782 3
783 1
784 1
785 1
786 3
787 3
788 1
789 2
790 4
791 1
792 3
793 3
794 3
795 2
796 4
797 4
798 3
799 4
800 4
801 4
802 4
803 1
804 3
805 1
806 4
807 1
808 1
809 1
810 3
811 1
812 3
813 1
814 1
815 3
816 3
817 2
818 1
819 3
820 3
821 1
822 1
823 2
824 4
825 3
826 3
827 4
828 1
829 1
830 4
831 4
832 1
833 3
834 1
835 1
836 4
837 1
838 1
839 4
840 1
841 1
842 3
843 4
844 1
845 3
846 3
847 3
848 3
849 0
850 1
851 3
852 1
853 4
854 3
855 1
856 1
857 3
858 1
859 4
860 3
861 1
862 4
863 1
864 1
865 3
866 3
867 1
868 1
869 1
870 1
871 1
872 3
873 1
874 1
875 4
876 2
877 3
878 1
879 3
880 3
881 4
882 3
883 3
884 1
885 3
886 4
887 4
888 1
889 4
890 3
891 3
892 4
893 1
894 1
895 4
896 1
897 1
898 3
899 4
900 2
901 3
902 3
903 3
904 4
905 3
906 1
907 4
908 1
909 4
910 3
911 1
912 1
913 1
914 2
915 2
916 3
917 4
918 4
919 4
920 1
921 3
922 3
923 3
924 3
925 3
926 3
927 2
928 4
929 3
930 3
931 4
932 1
933 4
934 1
935 1
936 1
937 4
938 3
939 4
940 4
941 4
942 4
943 4
944 4
945 4
946 3
947 1
948 3
949 1
950 1
951 3
952 1
953 1
954 3
955 2
956 3
957 1
958 3
959 4
960 4
961 3
962 3
963 1
964 4
965 3
966 3
967 4
968 4
969 4
970 3
971 1
972 3
973 1
974 1
975 1
976 3
977 3
978 3
979 3
980 1
981 1
982 3
983 3
984 3
985 1
986 4
987 4
988 4
989 3
990 1
991 1
992 3
993 1
994 3
995 4
996 3
997 1
998 1
999 1
1000 4
1001 2
1002 3
1003 4
1004 2
1005 4
1006 3
1007 2
1008 2
1009 2
1010 2
1011 1
1012 3
1013 3
1014 2
1015 1
1016 1
1017 1
1018 1
1019 4
1020 3
1021 2
1022 1
1023 3
1024 3
1025 1
1026 3
1027 2
1028 3
1029 1
1030 1
1031 4
1032 4
1033 3
1034 1
1035 1
1036 3
1037 3
1038 3
1039 4
1040 1
1041 1
1042 2
1043 3
1044 1
1045 1
1046 3
1047 3
1048 1
1049 1
1050 1
1051 1
1052 4
1053 1
1054 3
1055 1
1056 4
1057 4
1058 4
1059 4
1060 4
1061 4
1062 1
1063 4
1064 4
1065 4
1066 1
1067 4
1068 1
1069 3
1070 3
1071 1
1072 3
1073 4
1074 4
1075 3
1076 3
1077 3
1078 3
1079 1
1080 1
1081 3
1082 1
1083 1
1084 1
1085 3
1086 1
1087 1
1088 4
1089 4
1090 4
1091 3
1092 1
1093 3
1094 4
1095 1
1096 4
1097 1
1098 1
1099 1
1100 1
1101 1
1102 3
1103 4
1104 3
1105 3
1106 1
1107 3
1108 1
1109 3
1110 1
1111 3
1112 1
1113 4
1114 1
1115 1
1116 4
1117 1
1118 1
1119 3
1120 4
1121 1
1122 3
1123 1
1124 4
1125 3
1126 1
1127 1
1128 3
1129 3
1130 1
1131 3
1132 3
1133 3
1134 3
1135 3
1136 0
1137 2
1138 1
1139 3
1140 1
1141 4
1142 3
1143 1
1144 4
1145 1
1146 3
1147 1
1148 1
1149 1
1150 3
1151 3
1152 4
1153 1
1154 1
1155 1
1156 2
1157 1
1158 3
1159 2
1160 1
1161 1
1162 3
1163 1
1164 1
1165 4
1166 1
1167 4
1168 1
1169 4
1170 1
1171 4
1172 1
1173 3
1174 3
1175 1
1176 1
1177 1
1178 3
1179 1
1180 1
1181 3
1182 1
1183 1
1184 3
1185 4
1186 1
1187 1
1188 3
1189 1
1190 4
1191 3
1192 3
1193 4
1194 1
1195 3
1196 1
1197 1
1198 1
1199 4
1200 4
1201 2
1202 1
1203 4
1204 3
1205 3
1206 1
1207 4
1208 1
1209 4
1210 4
1211 2
1212 1
1213 1
1214 1
1215 1
1216 3
1217 1
1218 1
1219 3
1220 4
1221 1
1222 1
1223 4
1224 1
1225 4
1226 1
1227 1
1228 1
1229 1
1230 3
1231 1
1232 1
1233 3
1234 1
1235 3
1236 1
1237 3
1238 3
1239 3
1240 1
1241 4
1242 1
1243 4
1244 1
1245 1
1246 3
1247 1
1248 1
1249 1
1250 4
1251 1
1252 3
1253 1
1254 1
1255 1
1256 1
1257 3
1258 4
1259 4
1260 1
1261 3
1262 2
1263 1
1264 3
1265 3
1266 1
1267 4
1268 4
1269 1
1270 4
1271 2
1272 1
1273 2
1274 4
1275 1
1276 4
1277 1
1278 4
1279 1
1280 3
1281 4
1282 4
1283 3
1284 4
1285 1
1286 1
1287 3
1288 1
1289 2
1290 4
1291 1
1292 1
1293 3
1294 1
1295 3
1296 3
1297 3
1298 1
1299 1
1300 4
1301 4
1302 4
1303 1
1304 1
1305 1
1306 3
1307 3
1308 1
1309 3
1310 3
1311 1
1312 2
1313 1
1314 1
1315 4
1316 1
1317 3
1318 1
1319 3
1320 1
1321 1
1322 2
1323 4
1324 3
1325 3
1326 1
1327 4
1328 1
1329 3
1330 1
1331 1
1332 1
1333 3
1334 1
1335 3
1336 1
1337 1
1338 4
1339 3
1340 1
1341 4
1342 1
1343 4
1344 1
1345 2
1346 4
1347 3
1348 3
1349 1
1350 1
1351 3
1352 1
1353 3
1354 3
1355 4
1356 1
1357 4
1358 2
1359 1
1360 4
1361 1
1362 1
1363 1
1364 1
1365 1
1366 4
1367 3
1368 3
1369 4
1370 4
1371 4
1372 1
1373 4
1374 1
1375 1
1376 1
1377 3
1378 1
1379 1
1380 3
1381 4
1382 1
1383 3
1384 3
1385 3
1386 1
1387 1
1388 1
1389 1
1390 1
1391 2
1392 4
1393 4
1394 1
1395 1
1396 4
1397 4
1398 1
1399 1
1400 1
1401 1
1402 1
1403 1
1404 1
1405 1
1406 1
1407 1
1408 1
1409 1
1410 1
1411 1
1412 1
1413 1
1414 1
1415 1
1416 1
1417 1
1418 1
1419 1
1420 3
1421 1
1422 4
1423 3
1424 4
1425 1
1426 3
1427 1
1428 1
1429 4
1430 1
1431 4
1432 4
1433 1
1434 1
1435 3
1436 3
1437 1
1438 4
1439 4
1440 1
1441 1
1442 3
1443 3
1444 1
1445 1
1446 2
1447 1
1448 1
1449 4
1450 1
1451 3
1452 4
1453 1
1454 1
1455 1
1456 1
1457 1
1458 4
1459 3
1460 4
1461 4
1462 2
1463 0
1464 1
1465 2
1466 4
1467 3
1468 3
1469 1
1470 1
1471 4
1472 1
1473 1
1474 1
1475 1
1476 4
1477 4
1478 2
1479 2
1480 4
1481 1
1482 4
1483 4
1484 1
1485 1
1486 4
1487 1
1488 1
1489 3
1490 4
1491 4
1492 1
1493 1
1494 1
1495 1
1496 4
1497 2
1498 1
1499 4
1500 4
1501 4
1502 1
1503 1
1504 3
1505 4
1506 1
1507 3
1508 4
1509 4
1510 3
1511 1
1512 1
1513 4
1514 1
1515 3
1516 1
1517 1
1518 3
1519 4
1520 1
1521 1
1522 0
1523 1
1524 4
1525 3
1526 4
1527 4
1528 1
1529 3
1530 2
1531 4
1532 2
1533 1
1534 4
1535 3
1536 1
1537 1
1538 1
1539 2
1540 2
1541 3
1542 4
1543 3
1544 3
1545 4
1546 4
1547 1
1548 1
1549 1
1550 4
1551 1
1552 1
1553 1
1554 1
1555 0
1556 1
1557 3
1558 4
1559 3
1560 1
1561 4
1562 3
1563 1
1564 3
1565 3
1566 3
1567 4
1568 3
1569 3
1570 1
1571 4
1572 3
1573 4
1574 1
1575 1
1576 3
1577 1
1578 3
1579 4
1580 2
1581 1
1582 3
1583 3
1584 4
1585 1
1586 1
1587 4
1588 4
1589 1
1590 3
1591 1
1592 3
1593 3
1594 1
1595 3
1596 1
1597 3
1598 3
1599 3
1600 4
1601 2
1602 3
1603 1
1604 3
1605 1
1606 1
1607 3
1608 3
1609 1
1610 4
1611 0
1612 4
1613 4
1614 1
1615 2
1616 1
1617 1
1618 3
1619 3
1620 1
1621 2
1622 1
1623 1
1624 3
1625 1
1626 4
1627 1
1628 1
1629 3
1630 1
1631 1
1632 1
1633 3
1634 3
1635 3
1636 1
1637 3
1638 1
1639 1
1640 3
1641 3
1642 1
1643 1
1644 1
1645 1
1646 3
1647 1
1648 3
1649 1
1650 3
1651 1
1652 3
1653 1
1654 3
1655 1
1656 3
1657 3
1658 1
1659 1
1660 1
1661 1
1662 1
1663 3
1664 3
1665 1
1666 3
1667 4
1668 1
1669 3
1670 1
1671 4
1672 3
1673 3
1674 3
1675 1
1676 1
1677 1
1678 4
1679 1
1680 1
1681 2
1682 3
1683 3
1684 3
1685 3
1686 4
1687 1
1688 1
1689 3
1690 1
1691 1
1692 1
1693 3
1694 1
1695 1
1696 1
1697 1
1698 4
1699 4
1700 1
1701 3
1702 4
1703 3
1704 1
1705 4
1706 1
1707 1
1708 1
1709 4
1710 2
1711 2
1712 4
1713 4
1714 1
1715 1
1716 3
1717 1
1718 4
1719 1
1720 2
1721 3
1722 1
1723 3
1724 2
1725 4
1726 1
1727 2
1728 4
1729 3
1730 2
1731 3
1732 1
1733 3
1734 2
1735 1
1736 1
1737 4
1738 3
1739 1
1740 4
1741 3
1742 4
1743 1
1744 1
1745 1
1746 3
1747 3
1748 4
1749 1
1750 1
1751 3
1752 4
1753 3
1754 4
1755 3
1756 3
1757 1
1758 4
1759 1
1760 3
1761 3
1762 4
1763 3
1764 2
1765 1
1766 1
1767 1
1768 1
1769 1
1770 3
1771 1
1772 1
1773 4
1774 1
1775 3
1776 1
1777 3
1778 1
1779 3
1780 1
1781 1
1782 1
1783 3
1784 4
1785 4
1786 4
1787 3
1788 3
1789 3
1790 1
1791 3
1792 3
1793 3
1794 1
1795 3
1796 1
1797 3
1798 4
1799 4
1800 3
1801 2
1802 4
1803 1
1804 2
1805 3
1806 3
1807 1
1808 1
1809 4
1810 4
1811 1
1812 1
1813 3
1814 1
1815 3
1816 1
1817 1
1818 3
1819 1
1820 3
1821 1
1822 1
1823 1
1824 1
1825 1
1826 3
1827 3
1828 3
1829 1
1830 3
1831 4
1832 3
1833 3
1834 2
1835 4
1836 1
1837 1
1838 3
1839 4
1840 1
1841 1
1842 1
1843 4
1844 1
1845 4
1846 1
1847 4
1848 4
1849 4
1850 4
1851 1
1852 4
1853 4
1854 1
1855 3
1856 1
1857 1
1858 1
1859 4
1860 4
1861 4
1862 3
1863 1
1864 1
1865 4
1866 3
1867 4
1868 1
1869 3
1870 1
1871 3
1872 4
1873 3
1874 1
1875 3
1876 3
1877 4
1878 3
1879 1
1880 1
1881 1
1882 2
1883 3
1884 1
1885 4
1886 1
1887 1
1888 1
1889 1
1890 3
1891 3
1892 3
1893 4
1894 1
1895 3
1896 1
1897 3
1898 4
1899 3
1900 3
1901 1
1902 4
1903 1
1904 4
1905 1
1906 4
1907 1
1908 4
1909 4
1910 1
1911 3
1912 2
1913 4
1914 4
1915 3
1916 1
1917 4
1918 4
1919 2
1920 2
1921 3
1922 1
1923 1
1924 1
1925 2
1926 1
1927 4
1928 1
1929 2
1930 4
1931 3
1932 1
1933 3
1934 4
1935 1
1936 4
1937 1
1938 4
1939 3
1940 1
1941 4
1942 4
1943 1
1944 1
1945 1
1946 2
1947 1
1948 3
1949 1
1950 4
1951 4
1952 4
1953 1
1954 1
1955 4
1956 3
1957 3
1958 1
1959 0
1960 4
1961 4
1962 1
1963 3
1964 1
1965 1
1966 1
1967 4
1968 4
1969 3
1970 4
1971 4
1972 1
1973 1
1974 1
1975 1
1976 4
1977 1
1978 1
1979 1
1980 1
1981 2
1982 1
1983 1
1984 1
1985 1
1986 3
1987 4
1988 4
1989 2
1990 1
1991 3
1992 2
1993 1
1994 1
1995 3
1996 1
1997 1
1998 3
1999 4
2000 3
2001 1
2002 4
2003 3
2004 3
2005 3
2006 4
2007 1
2008 4
2009 4
2010 4
2011 4
2012 4
2013 1
2014 3
2015 1
2016 3
2017 4
2018 1
2019 1
2020 3
2021 4
2022 1
2023 3
2024 4
2025 1
2026 3
2027 2
2028 1
2029 1
2030 1
2031 4
2032 2
2033 1
2034 1
2035 1
2036 2
2037 3
2038 1
2039 3
2040 1
2041 1
2042 1
2043 3
2044 4
2045 1
2046 1
2047 4
2048 3
2049 2
2050 4
2051 4
2052 3
2053 1
2054 1
2055 3
2056 1
2057 3
2058 4
2059 4
2060 2
2061 2
2062 4
2063 3
2064 4
2065 3
2066 0
2067 0
2068 3
2069 1
2070 4
2071 3
2072 4
2073 1
2074 4
2075 3
2076 2
2077 1
2078 1
2079 4
2080 2
2081 2
2082 4
2083 3
2084 1
2085 4
2086 3
2087 3
2088 1
2089 1
2090 1
2091 1
2092 3
2093 1
2094 3
2095 1
2096 1
2097 1
2098 3
2099 3
2100 2
2101 1
2102 0
2103 1
2104 3
2105 1
2106 3
2107 1
2108 4
2109 4
2110 3
2111 3
2112 3
2113 3
2114 4
2115 2
2116 2
2117 1
2118 3
2119 3
2120 1
2121 1
2122 3
2123 4
2124 4
2125 1
2126 1
2127 3
2128 1
2129 1
2130 3
2131 1
2132 1
2133 2
2134 1
2135 3
2136 2
2137 1
2138 3
2139 1
2140 4
2141 1
2142 4
2143 2
2144 1
2145 2
2146 3
2147 3
2148 3
2149 3
2150 1
2151 4
2152 1
2153 1
2154 1
2155 4
2156 3
2157 1
2158 4
2159 4
2160 4
2161 1
2162 1
2163 3
2164 3
2165 1
2166 4
2167 2
2168 4
2169 4
2170 4
2171 0
2172 1
2173 3
2174 1
2175 1
2176 3
2177 1
2178 1
2179 4
2180 3
2181 3
2182 1
2183 1
2184 1
2185 1
2186 4
2187 1
2188 3
2189 1
2190 1
2191 1
2192 3
2193 2
2194 3
2195 3
2196 1
2197 4
2198 4
2199 3
2200 1
2201 1
2202 4
2203 1
2204 1
2205 3
2206 3
2207 4
2208 3
2209 1
2210 1
2211 3
2212 3
2213 3
2214 1
2215 3
2216 4
2217 4
2218 3
2219 4
2220 3
2221 1
2222 3
2223 1
2224 1
2225 3
2226 3
2227 4
2228 3
2229 4
2230 1
2231 4
2232 4
2233 1
2234 1
2235 3
2236 3
2237 1
2238 1
2239 3
2240 1
2241 1
2242 4
2243 4
2244 4
2245 1
2246 1
2247 3
2248 2
2249 1
2250 1
2251 1
2252 3
2253 1
2254 1
2255 4
2256 1
2257 1
2258 4
2259 1
2260 1
2261 4
2262 1
2263 3
2264 1
2265 3
2266 1
2267 1
2268 3
2269 1
2270 4
2271 4
2272 4
2273 4
2274 4
2275 4
2276 4
2277 4
2278 4
2279 4
2280 3
2281 4
2282 4
2283 4
2284 4
2285 4
2286 4
2287 4
2288 4
2289 3
2290 4
2291 4
2292 4
2293 1
2294 3
2295 4
2296 4
2297 3
2298 4
2299 4
2300 4
2301 3
2302 4
2303 4
2304 1
2305 1
2306 1
2307 4
2308 4
2309 3
2310 4
2311 4
2312 4
2313 4
2314 3
2315 4
2316 3
2317 2
2318 4
2319 4
2320 4
2321 3
2322 4
2323 4
2324 3
2325 3
2326 3
2327 4
2328 4
2329 4
2330 4
2331 4
2332 4
2333 4
2334 2
2335 4
2336 3
2337 3
2338 3
2339 4
2340 3
2341 4
2342 4
2343 4
2344 4
2345 3
2346 3
2347 4
2348 3
2349 1
2350 1
2351 1
2352 1
2353 3
2354 1
2355 1
2356 4
2357 3
2358 1
2359 3
2360 3
2361 4
2362 3
2363 3
2364 3
2365 3
2366 1
2367 1
2368 1
2369 1
2370 4
2371 3
2372 1
2373 4
2374 2
2375 2
2376 1
2377 4
2378 1
2379 1
2380 2
2381 1
2382 2
2383 1
2384 3
2385 3
2386 1
2387 1
2388 3
2389 1
2390 3
2391 4
2392 3
2393 3
2394 4
2395 4
2396 4
2397 1
2398 3
2399 4
2400 1
2401 4
2402 1
2403 1
2404 1
2405 2
2406 3
2407 3
2408 4
2409 3
2410 3
2411 1
2412 3
2413 3
2414 3
2415 1
2416 4
2417 3
2418 4
2419 3
2420 1
2421 3
2422 1
2423 2
2424 1
2425 3
2426 3
2427 4
2428 3
2429 3
2430 3
2431 2
2432 4
2433 2
2434 4
2435 4
2436 4
2437 4
2438 1
2439 2
2440 1
2441 3
2442 3
2443 4
2444 3
2445 4
2446 4
2447 4
2448 4
2449 3
2450 4
2451 4
2452 4
2453 3
2454 4
2455 1
2456 1
2457 3
2458 4
2459 1
2460 4
2461 2
2462 4
2463 3
2464 3
2465 4
2466 1
2467 1
2468 1
2469 1
2470 1
2471 1
2472 1
2473 2
2474 1
2475 1
2476 2
2477 1
2478 1
2479 4
2480 1
2481 3
2482 3
2483 4
2484 3
2485 1
2486 3
2487 0
2488 3
2489 3
2490 1
2491 2
2492 2
2493 4
2494 3
2495 3
2496 1
2497 3
2498 4
2499 1
2500 3
2501 3
2502 3
2503 1
2504 3
2505 3
2506 1
2507 3
2508 3
2509 1
2510 1
2511 1
2512 1
2513 3
2514 3
2515 4
2516 4
2517 3
2518 1
2519 1
2520 3
2521 3
2522 3
2523 1
2524 2
2525 4
2526 3
2527 2
2528 3
2529 3
2530 3
2531 3
2532 3
2533 3
2534 1
2535 1
2536 4
2537 4
2538 3
2539 3
2540 4
2541 4
2542 3
2543 4
2544 2
2545 1
2546 4
2547 4
2548 1
2549 1
2550 3
2551 4
2552 1
2553 4
2554 1
2555 4
2556 3
2557 1
2558 3
2559 4
2560 4
2561 3
2562 1
2563 1
2564 1
2565 3
2566 3
2567 1
2568 1
2569 1
2570 4
2571 3
2572 1
2573 4
2574 4
2575 1
2576 1
2577 2
2578 3
2579 1
2580 4
2581 1
2582 1
2583 4
2584 4
2585 4
2586 4
2587 4
2588 3
2589 4
2590 3
2591 4
2592 1
2593 1
2594 3
2595 3
2596 4
2597 3
2598 3
2599 3
2600 3
2601 1
2602 1
2603 1
2604 3
2605 1
2606 1
2607 1
2608 3
2609 1
2610 1
2611 1
2612 1
2613 3
2614 3
2615 3
2616 3
2617 1
2618 3
2619 2
2620 3
2621 3
2622 1
2623 1
2624 3
2625 2
2626 3
2627 3
2628 3
2629 1
2630 2
2631 3
2632 3
2633 1
2634 1
2635 1
2636 3
2637 1
2638 2
2639 2
2640 1
2641 1
2642 1
2643 1
2644 4
2645 3
2646 1
2647 1
2648 1
2649 1
2650 1
2651 1
2652 1
2653 1
2654 4
2655 3
2656 1
2657 3
2658 1
2659 1
2660 3
2661 4
2662 1
2663 4
2664 1
2665 3
2666 1
2667 1
2668 4
2669 1
2670 1
2671 4
2672 4
2673 4
2674 4
2675 3
2676 0
2677 1
2678 3
2679 1
2680 4
2681 1
2682 3
2683 4
2684 3
2685 4
2686 3
2687 3
2688 4
2689 4
2690 1
2691 3
2692 3
2693 1
2694 1
2695 4
2696 1
2697 1
2698 3
2699 4
2700 3
2701 4
2702 1
2703 1
2704 3
2705 4
2706 1
2707 3
2708 1
2709 2
2710 3
2711 1
2712 1
2713 1
2714 1
2715 1
2716 1
2717 1
2718 1
2719 2
2720 4
2721 3
2722 3
2723 3
2724 4
2725 3
2726 4
2727 1
2728 1
2729 3
2730 4
2731 3
2732 1
2733 3
2734 3
2735 3
2736 3
2737 1
2738 4
2739 1
2740 3
2741 3
2742 3
2743 4
2744 1
2745 1
2746 1
2747 1
2748 3
2749 1
2750 3
2751 1
2752 1
2753 1
2754 3
2755 3
2756 3
2757 3
2758 3
2759 3
2760 4
2761 1
2762 1
2763 3
2764 2
2765 3
2766 4
2767 3
2768 1
2769 3
2770 1
2771 1
2772 1
2773 1
2774 1
2775 4
2776 1
2777 1
2778 4
2779 4
2780 3
2781 3
2782 1
2783 3
2784 1
2785 1
2786 4
2787 4
2788 1
2789 4
2790 4
2791 1
2792 1
2793 1
2794 1
2795 1
2796 1
2797 3
2798 3
2799 4
2800 2
2801 1
2802 4
2803 1
2804 3
2805 1
2806 4
2807 3
2808 1
2809 2
2810 1
2811 3
2812 4
2813 1
2814 3
2815 1
2816 3
2817 1
2818 1
2819 1
2820 3
2821 1
2822 1
2823 3
2824 4
2825 1
2826 1
2827 3
2828 3
2829 4
2830 3
2831 4
2832 1
2833 3
2834 1
2835 4
2836 1
2837 2
2838 4
2839 3
2840 3
2841 1
2842 1
2843 4
2844 3
2845 1
2846 3
2847 1
2848 3
2849 3
2850 1
2851 4
2852 2
2853 1
2854 3
2855 3
2856 1
2857 1
2858 1
2859 3
2860 3
2861 1
2862 4
2863 3
2864 1
2865 1
2866 3
2867 3
2868 3
2869 4
2870 3
2871 4
2872 1
2873 1
2874 1
2875 4
2876 3
2877 1
2878 1
2879 1
2880 1
2881 1
2882 1
2883 1
2884 1
2885 1
2886 1
2887 1
2888 1
2889 1
2890 1
2891 1
2892 1
2893 1
2894 3
2895 4
2896 4
2897 3
2898 1
2899 3
2900 1
2901 4
2902 1
2903 1
2904 2
2905 1
2906 4
2907 1
2908 1
2909 3
2910 3
2911 3
2912 3
2913 4
2914 4
2915 4
2916 3
2917 3
2918 1
2919 3
2920 3
2921 1
2922 3
2923 4
2924 1
2925 3
2926 3
2927 3
2928 3
2929 3
2930 3
2931 1
2932 1
2933 3
2934 1
2935 1
2936 3
2937 3
2938 0
2939 2
2940 4
2941 1
2942 3
2943 1
2944 4
2945 3
2946 1
2947 1
2948 3
2949 4
2950 4
2951 3
2952 1
2953 1
2954 1
2955 1
2956 4
2957 3
2958 3
2959 1
2960 3
2961 2
2962 1
2963 3
2964 1
2965 3
2966 3
2967 2
2968 1
2969 1
2970 1
2971 1
2972 3
2973 2
2974 1
2975 3
2976 1
2977 1
2978 1
2979 1
2980 2
2981 2
2982 1
2983 1
2984 1
2985 1
2986 1
2987 3
2988 1
2989 1
2990 1
2991 4
2992 1
2993 3
2994 1
2995 1
2996 3
2997 3
2998 1
2999 1
3000 1
3001 1
3002 1
3003 1
3004 1
3005 1
3006 1
3007 1
3008 1
3009 3
3010 4
3011 1
3012 4
3013 4
3014 1
3015 3
3016 3
3017 3
3018 3
3019 1
3020 3
3021 3
3022 4
3023 4
3024 4
3025 3
3026 3
3027 1
3028 1
3029 4
3030 1
3031 1
3032 1
3033 4
3034 1
3035 4
3036 4
3037 2
3038 3
3039 3
3040 1
3041 4
3042 1
3043 1
3044 1
3045 1
3046 4
3047 4
3048 3
3049 2
3050 2
3051 4
3052 4
3053 4
3054 1
3055 3
3056 1
3057 4
3058 2
3059 1
3060 1
3061 3
3062 3
3063 1
3064 4
3065 1
3066 1
3067 3
3068 1
3069 3
3070 1
3071 4
3072 3
3073 3
3074 3
3075 4
3076 1
3077 4
3078 1
3079 1
3080 3
3081 4
3082 1
3083 4
3084 1
3085 1
3086 1
3087 4
3088 3
3089 4
3090 3
3091 3
3092 3
3093 4
3094 4
3095 1
3096 4
3097 1
3098 1
3099 1
3100 1
3101 1
3102 1
3103 3
3104 1
3105 1
3106 1
3107 1
3108 1
3109 1
3110 1
3111 1
3112 1
3113 1
3114 4
3115 1
3116 1
3117 1
3118 1
3119 1
3120 1
3121 1
3122 1
3123 1
3124 1
3125 1
3126 1
3127 1
3128 1
3129 1
3130 1
3131 1
3132 1
3133 1
3134 4
3135 1
3136 1
3137 1
3138 1
3139 4
3140 1
3141 1
3142 1
3143 1
3144 1
3145 1
3146 1
3147 1
3148 1
3149 1
3150 1
3151 1
3152 1
3153 1
3154 1
3155 1
3156 1
3157 1
3158 1
3159 1
3160 1
3161 1
3162 1
3163 2
3164 1
3165 1
3166 1
3167 1
3168 1
3169 1
3170 1
3171 1
3172 1
3173 1
3174 1
3175 1
3176 1
3177 1
3178 1
3179 1
3180 1
3181 1
3182 1
3183 2
3184 4
3185 4
3186 4
3187 4
3188 1
3189 4
3190 1
3191 1
3192 1
3193 1
3194 1
3195 1
3196 1
3197 1
3198 1
3199 1
3200 1
3201 1
3202 1
3203 1
3204 1
3205 1
3206 1
3207 1
3208 1
3209 1
3210 1
3211 1
3212 3
3213 3
3214 4
3215 1
3216 4
3217 1
3218 4
3219 1
3220 1
3221 4
3222 3
3223 3
3224 3
3225 3
3226 4
3227 3
3228 1
3229 1
3230 1
3231 1
3232 4
3233 4
3234 4
3235 3
3236 1
3237 3
3238 3
3239 3
3240 4
3241 3
3242 3
3243 3
3244 1
3245 1
3246 3
3247 1
3248 4
3249 4
3250 3
3251 3
3252 3
3253 4
3254 1
3255 1
3256 3
3257 3
3258 1
3259 3
3260 4
3261 2
3262 3
3263 1
3264 3
3265 1
3266 3
3267 4
3268 3
3269 2
3270 3
3271 1
3272 1
3273 1
3274 1
3275 1
3276 2
3277 1
3278 4
3279 3
3280 3
3281 1
3282 3
3283 1
3284 1
3285 4
3286 3
3287 1
3288 1
3289 3
3290 1
3291 1
3292 3
3293 3
3294 1
3295 3
3296 4
3297 1
3298 1
3299 4
3300 3
3301 3
3302 0
3303 3
3304 2
3305 1
3306 3
3307 3
3308 3
3309 2
3310 1
3311 2
3312 3
3313 1
3314 1
3315 1
3316 4
3317 3
3318 3
3319 3
3320 1
3321 3
3322 2
3323 3
3324 1
3325 1
3326 3
3327 3
3328 1
3329 4
3330 4
3331 4
3332 4
3333 4
3334 1
3335 3
3336 1
3337 3
3338 4
3339 3
3340 1
3341 3
3342 3
3343 1
3344 1
3345 1
3346 1
3347 4
3348 1
3349 1
3350 4
3351 3
3352 4
3353 3
3354 3
3355 1
3356 3
3357 1
3358 4
3359 2
3360 1
3361 0
3362 1
3363 4
3364 1
3365 3
3366 4
3367 1
3368 4
3369 3
3370 1
3371 4
3372 1
3373 4
3374 3
3375 3
3376 1
3377 4
3378 3
3379 1
3380 1
3381 4
3382 4
3383 3
3384 1
3385 3
3386 1
3387 1
3388 3
3389 3
3390 1
3391 1
3392 3
3393 3
3394 4
3395 1
3396 3
3397 4
3398 1
3399 1
3400 4
3401 1
3402 0
3403 4
3404 1
3405 3
3406 3
3407 1
3408 1
3409 1
3410 4
3411 4
3412 4
3413 1
3414 1
3415 1
3416 2
3417 2
3418 1
3419 2
3420 1
3421 3
3422 1
3423 1
3424 1
3425 1
3426 4
3427 3
3428 4
3429 4
3430 1
3431 4
3432 1
3433 1
3434 4
3435 4
3436 1
3437 1
3438 3
3439 3
3440 3
3441 4
3442 4
3443 2
3444 3
3445 4
3446 4
3447 4
3448 4
3449 4
3450 4
3451 4
3452 4
3453 3
3454 4
3455 3
3456 1
3457 1
3458 4
3459 1
3460 1
3461 3
3462 1
3463 4
3464 1
3465 3
3466 4
3467 2
3468 3
3469 1
3470 3
3471 1
3472 3
3473 2
3474 3
3475 1
3476 3
3477 1
3478 4
3479 1
3480 1
3481 1
3482 1
3483 1
3484 1
3485 1
3486 1
3487 1
3488 1
3489 1
3490 1
3491 1
3492 3
3493 3
3494 4
3495 2
3496 4
3497 1
3498 4
3499 4
3500 1
3501 4
3502 1
3503 4
3504 4
3505 1
3506 3
3507 1
3508 1
3509 1
3510 1
3511 3
3512 3
3513 2
3514 4
3515 1
3516 3
3517 3
3518 1
3519 4
3520 3
3521 1
3522 1
3523 1
3524 1
3525 1
3526 1
3527 3
3528 4
3529 4
3530 1
3531 1
3532 4
3533 3
3534 1
3535 3
3536 4
3537 3
3538 3
3539 1
3540 4
3541 3
3542 4
3543 1
3544 3
3545 1
3546 2
3547 3
3548 1
3549 4
3550 2
3551 1
3552 4
3553 4
3554 3
3555 4
3556 3
3557 1
3558 4
3559 1
3560 1
3561 4
3562 1
3563 2
3564 1
3565 3
3566 1
3567 3
3568 3
3569 4
3570 2
3571 1
3572 3
3573 1
3574 2
3575 1
3576 1
3577 3
3578 1
3579 3
3580 1
3581 3
3582 3
3583 4
3584 1
3585 3
3586 1
3587 1
3588 4
3589 4
3590 1
3591 1
3592 1
3593 3
3594 4
3595 2
3596 3
3597 2
3598 1
3599 3
3600 1
3601 1
3602 1
3603 1
3604 1
3605 1
3606 1
3607 1
3608 1
3609 1
3610 3
3611 1
3612 1
3613 1
3614 1
3615 3
3616 2
3617 1
3618 1
3619 1
3620 1
3621 3
3622 3
3623 1
3624 4
3625 4
3626 1
3627 3
3628 1
3629 1
3630 4
3631 1
3632 1
3633 2
3634 4
3635 1
3636 1
3637 4
3638 3
3639 3
3640 1
3641 1
3642 1
3643 1
3644 1
3645 1
3646 3
3647 1
3648 3
3649 1
3650 1
3651 1
3652 3
3653 3
3654 4
3655 4
3656 4
3657 1
3658 1
3659 2
3660 4
3661 3
3662 4
3663 3
3664 4
3665 3
3666 1
3667 3
3668 1
3669 4
3670 3
3671 3
3672 2
3673 1
3674 4
3675 4
3676 3
3677 3
3678 4
3679 3
3680 4
3681 1
3682 1
3683 4
3684 3
3685 2
3686 1
3687 3
3688 4
3689 3
3690 4
3691 4
3692 1
3693 2
3694 1
3695 2
3696 1
3697 3
3698 3
3699 3
3700 3
3701 4
3702 1
3703 4
3704 4
3705 1
3706 4
3707 1
3708 3
3709 3
3710 1
3711 3
3712 3
3713 3
3714 4
3715 3
3716 1
3717 3
3718 2
3719 1
3720 3
3721 3
3722 3
3723 3
3724 3
3725 3
3726 3
3727 4
3728 1
3729 1
3730 3
3731 3
3732 3
3733 4
3734 4
3735 3
3736 1
3737 1
3738 1
3739 3
3740 1
3741 4
3742 4
3743 4
3744 1
3745 1
3746 1
3747 1
3748 4
3749 3
3750 1
3751 1
3752 0
3753 1
3754 4
3755 4
3756 1
3757 1
3758 1
3759 3
3760 4
3761 3
3762 4
3763 4
3764 1
3765 1
3766 4
3767 4
3768 4
3769 4
3770 3
3771 4
3772 4
3773 4
3774 1
3775 2
3776 4
3777 4
3778 1
3779 3
3780 3
3781 3
3782 4
3783 1
3784 3
3785 1
3786 1
3787 3
3788 3
3789 4
3790 4
3791 3
3792 3
3793 3
3794 1
3795 3
3796 3
3797 1
3798 2
3799 1
3800 1
3801 3
3802 3
3803 2
3804 1
3805 3
3806 1
3807 1
3808 4
3809 3
3810 4
3811 1
3812 4
3813 4
3814 4
3815 3
3816 3
3817 4
3818 4
3819 2
3820 4
3821 4
3822 1
3823 4
3824 1
3825 1
3826 1
3827 3
3828 1
3829 1
3830 3
3831 3
3832 4
3833 4
3834 3
3835 3
3836 4
3837 4
3838 3
3839 3
3840 1
3841 4
3842 4
3843 3
3844 1
3845 4
3846 1
3847 4
3848 3
3849 3
3850 4
3851 3
3852 1
3853 4
3854 3
3855 3
3856 3
3857 4
3858 3
3859 3
3860 4
3861 4
3862 4
3863 1
3864 3
3865 3
3866 3
3867 1
3868 4
3869 0
3870 4
3871 1
3872 3
3873 3
3874 1
3875 1
3876 4
3877 1
3878 4
3879 1
3880 3
3881 3
3882 3
3883 3
3884 4
3885 4
3886 3
3887 1
3888 1
3889 4
3890 1
3891 1
3892 3
3893 3
3894 4
3895 4
3896 1
3897 4
3898 3
3899 4
3900 4
3901 4
3902 3
3903 4
3904 4
3905 4
3906 0
3907 3
3908 1
3909 3
3910 1
3911 3
3912 1
3913 4
3914 1
3915 3
3916 4
3917 1
3918 1
3919 1
3920 1
3921 1
3922 3
3923 3
3924 0
3925 3
3926 3
3927 1
3928 1
3929 1
3930 1
3931 1
3932 1
3933 1
3934 4
3935 4
3936 3
3937 2
3938 4
3939 4
3940 4
3941 1
3942 3
3943 1
3944 3
3945 1
3946 3
3947 3
3948 1
3949 4
3950 1
3951 4
3952 1
3953 3
3954 1
3955 4
3956 4
3957 3
3958 3
3959 4
3960 4
3961 4
3962 1
3963 1
3964 3
3965 2
3966 4
3967 1
3968 1
3969 3
3970 4
3971 1
3972 4
3973 3
3974 4
3975 1
3976 1
3977 4
3978 3
3979 3
3980 4
3981 0
3982 1
3983 2
3984 3
3985 1
3986 3
3987 3
3988 4
3989 1
3990 3
3991 1
3992 2
3993 4
3994 4
3995 1
3996 2
3997 4
3998 1
3999 3
4000 0
4001 4
4002 1
4003 1
4004 4
4005 1
4006 1
4007 3
4008 3
4009 1
4010 1
4011 3
4012 3
4013 4
4014 3
4015 3
4016 4
4017 3
4018 4
4019 3
4020 1
4021 3
4022 3
4023 4
4024 1
4025 4
4026 4
4027 2
4028 3
4029 1
4030 3
4031 3
4032 1
4033 3
4034 4
4035 3
4036 2
4037 1
4038 1
4039 1
4040 3
4041 1
4042 3
4043 3
4044 1
4045 1
4046 1
4047 2
4048 4
4049 1
4050 3
4051 3
4052 1
4053 1
4054 1
4055 1
4056 1
4057 3
4058 1
4059 4
4060 1
4061 3
4062 4
4063 1
4064 3
4065 3
4066 3
4067 3
4068 3
4069 4
4070 1
4071 1
4072 1
4073 3
4074 1
4075 3
4076 3
4077 1
4078 4
4079 1
4080 4
4081 4
4082 3
4083 4
4084 4
4085 1
4086 4
4087 3
4088 3
4089 1
4090 1
4091 4
4092 1
4093 3
4094 1
4095 3
4096 3
4097 3
4098 3
4099 3
4100 3
4101 3
4102 3
4103 4
4104 4
4105 1
4106 4
4107 3
4108 4
4109 0
4110 4
4111 1
4112 1
4113 1
4114 1
4115 3
4116 1
4117 1
4118 3
4119 1
4120 1
4121 2
4122 4
4123 3
4124 3
4125 2
4126 4
4127 1
4128 1
4129 4
4130 1
4131 4
4132 1
4133 1
4134 4
4135 3
4136 1
4137 1
4138 3
4139 1
4140 2
4141 3
4142 4
4143 3
4144 4
4145 1
4146 3
4147 1
4148 4
4149 1
4150 3
4151 1
4152 3
4153 2
4154 1
4155 4
4156 4
4157 3
4158 4
4159 3
4160 3
4161 4
4162 3
4163 3
4164 1
4165 4
4166 1
4167 1
4168 4
4169 4
4170 1
4171 1
4172 1
4173 3
4174 1
4175 1
4176 1
4177 1
4178 1
4179 3
4180 3
4181 4
4182 1
4183 1
4184 3
4185 1
4186 4
4187 1
4188 4
4189 1
4190 1
4191 4
4192 2
4193 1
4194 1
4195 4
4196 1
4197 1
4198 1
4199 1
4200 1
4201 1
4202 3
4203 4
4204 1
4205 4
4206 4
4207 4
4208 1
4209 3
4210 3
4211 3
4212 3
4213 3
4214 4
4215 1
4216 1
4217 1
4218 3
4219 1
4220 1
4221 1
4222 1
4223 1
4224 3
4225 1
4226 4
4227 1
4228 1
4229 4
4230 2
4231 3
4232 1
4233 3
4234 1
4235 1
4236 4
4237 1
4238 1
4239 1
4240 3
4241 4
4242 3
4243 1
4244 1
4245 4
4246 4
4247 1
4248 2
4249 4
4250 4
4251 4
4252 1
4253 4
4254 3
4255 4
4256 4
4257 1
4258 4
4259 4
4260 4
4261 4
4262 3
4263 4
4264 1
4265 3
4266 4
4267 3
4268 4
4269 4
4270 1
4271 1
4272 4
4273 4
4274 4
4275 1
4276 3
4277 3
4278 4
4279 4
4280 4
4281 4
4282 2
4283 4
4284 4
4285 3
4286 4
4287 3
4288 2
4289 4
4290 1
4291 4
4292 1
4293 4
4294 4
4295 3
4296 4
4297 3
4298 1
4299 3
4300 4
4301 1
4302 4
4303 4
4304 1
4305 3
4306 3
4307 2
4308 3
4309 1
4310 0
4311 2
4312 4
4313 1
4314 4
4315 1
4316 1
4317 2
4318 4
4319 2
4320 4
4321 1
4322 4
4323 3
4324 1
4325 1
4326 3
4327 1
4328 4
4329 3
4330 3
4331 1
4332 4
4333 1
4334 4
4335 1
4336 1
4337 4
4338 4
4339 1
4340 3
4341 1
4342 4
4343 1
4344 1
4345 4
4346 1
4347 1
4348 4
4349 1
4350 1
4351 1
4352 1
4353 1
4354 1
4355 1
4356 4
4357 4
4358 1
4359 1
4360 1
4361 1
4362 4
4363 4
4364 3
4365 3
4366 4
4367 1
4368 4
4369 3
4370 1
4371 3
4372 3
4373 1
4374 0
4375 4
4376 1
4377 1
4378 4
4379 1
4380 4
4381 1
4382 1
4383 3
4384 3
4385 1
4386 1
4387 1
4388 2
4389 3
4390 4
4391 4
4392 4
4393 4
4394 3
4395 3
4396 3
4397 1
4398 4
4399 3
4400 1
4401 4
4402 3
4403 2
4404 1
4405 4
4406 3
4407 3
4408 3
4409 4
4410 4
4411 1
4412 1
4413 3
4414 4
4415 4
4416 2
4417 1
4418 3
4419 4
4420 1
4421 1
4422 1
4423 1
4424 3
4425 3
4426 4
4427 3
4428 3
4429 3
4430 1
4431 3
4432 4
4433 4
4434 3
4435 1
4436 4
4437 4
4438 3
4439 1
4440 4
4441 1
4442 1
4443 3
4444 3
4445 3
4446 1
4447 1
4448 3
4449 1
4450 1
4451 4
4452 4
4453 3
4454 3
4455 3
4456 1
4457 1
4458 1
4459 3
4460 4
4461 4
4462 1
4463 1
4464 4
4465 3
4466 4
4467 3
4468 1
4469 3
4470 1
4471 3
4472 1
4473 1
4474 4
4475 3
4476 4
4477 4
4478 3
4479 3
4480 1
4481 1
4482 4
4483 1
4484 4
4485 4
4486 2
4487 1
4488 3
4489 3
4490 1
4491 1
4492 3
4493 4
4494 3
4495 3
4496 4
4497 3
4498 2
4499 1
4500 4
4501 3
4502 3
4503 4
4504 2
4505 1
4506 4
4507 3
4508 2
4509 1
4510 4
4511 1
4512 3
4513 4
4514 1
4515 1
4516 1
4517 1
4518 1
4519 1
4520 1
4521 1
4522 1
4523 1
4524 1
4525 1
4526 1
4527 1
4528 1
4529 1
4530 3
4531 1
4532 4
4533 1
4534 0
4535 1
4536 1
4537 4
4538 4
4539 4
4540 3
4541 1
4542 2
4543 1
4544 3
4545 4
4546 4
4547 1
4548 2
4549 2
4550 1
4551 1
4552 1
4553 1
4554 1
4555 2
4556 1
4557 3
4558 3
4559 3
4560 1
4561 1
4562 1
4563 1
4564 3
4565 1
4566 4
4567 1
4568 3
4569 1
4570 3
4571 1
4572 1
4573 1
4574 1
4575 3
4576 1
4577 1
4578 3
4579 4
4580 4
4581 1
4582 1
4583 3
4584 3
4585 4
4586 1
4587 2
4588 3
4589 3
4590 4
4591 2
4592 3
4593 4
4594 1
4595 2
4596 1
4597 4
4598 1
4599 4
4600 1
4601 3
4602 3
4603 3
4604 1
4605 3
4606 1
4607 1
4608 1
4609 3
4610 3
4611 4
4612 3
4613 1
4614 3
4615 4
4616 1
4617 4
4618 1
4619 3
4620 3
4621 3
4622 3
4623 2
4624 3
4625 3
4626 3
4627 4
4628 3
4629 3
4630 1
4631 1
4632 2
4633 3
4634 3
4635 1
4636 3
4637 1
4638 4
4639 1
4640 1
4641 1
4642 1
4643 3
4644 1
4645 1
4646 2
4647 3
4648 1
4649 3
4650 3
4651 1
4652 3
4653 0
4654 3
4655 3
4656 1
4657 4
4658 3
4659 3
4660 4
4661 3
4662 1
4663 3
4664 3
4665 4
4666 1
4667 1
4668 1
4669 1
4670 1
4671 1
4672 1
4673 2
4674 1
4675 1
4676 1
4677 1
4678 1
4679 1
4680 1
4681 1
4682 1
4683 1
4684 2
4685 1
4686 3
4687 4
4688 4
4689 1
4690 3
4691 1
4692 3
4693 3
4694 4
4695 4
4696 3
4697 3
4698 1
4699 2
4700 4
4701 4
4702 1
4703 4
4704 1
4705 4
4706 1
4707 4
4708 2
4709 1
4710 3
4711 3
4712 1
4713 2
4714 1
4715 3
4716 1
4717 1
4718 3
4719 1
4720 3
4721 3
4722 3
4723 0
4724 1
4725 3
4726 4
4727 4
4728 3
4729 3
4730 1
4731 1
4732 3
4733 1
4734 1
4735 4
4736 4
4737 3
4738 1
4739 3
4740 3
4741 1
4742 4
4743 4
4744 1
4745 4
4746 1
4747 0
4748 4
4749 1
4750 4
4751 1
4752 3
4753 4
4754 3
4755 1
4756 1
4757 1
4758 1
4759 3
4760 1
4761 1
4762 1
4763 1
4764 1
4765 4
4766 3
4767 3
4768 1
4769 0
4770 4
4771 1
4772 4
4773 3
4774 1
4775 1
4776 4
4777 3
4778 3
4779 3
4780 3
4781 4
4782 4
4783 3
4784 4
4785 4
4786 4
4787 3
4788 1
4789 4
4790 4
4791 4
4792 1
4793 4
4794 3
4795 4
4796 4
4797 4
4798 4
4799 3
4800 1
4801 1
4802 2
4803 1
4804 4
4805 4
4806 2
4807 4
4808 1
4809 3
4810 1
4811 4
4812 4
4813 1
4814 1
4815 4
4816 1
4817 1
4818 4
4819 3
4820 4
4821 4
4822 2
4823 3
4824 2
4825 1
4826 3
4827 1
4828 1
4829 1
4830 4
4831 3
4832 4
4833 4
4834 1
4835 4
4836 1
4837 3
4838 4
4839 4
4840 1
4841 4
4842 1
4843 0
4844 4
4845 1
4846 4
4847 1
4848 3
4849 4
4850 3
4851 1
4852 4
4853 1
4854 1
4855 1
4856 1
4857 1
4858 1
4859 1
4860 1
4861 1
4862 0
4863 1
4864 1
4865 1
4866 4
4867 1
4868 3
4869 4
4870 3
4871 4
4872 1
4873 1
4874 1
4875 1
4876 1
4877 4
4878 1
4879 1
4880 1
4881 1
4882 2
4883 1
4884 1
4885 3
4886 1
4887 1
4888 1
4889 1
4890 1
4891 1
4892 3
4893 3
4894 2
4895 2
4896 1
4897 1
4898 4
4899 1
4900 1
4901 4
4902 4
4903 4
4904 4
4905 1
4906 4
4907 1
4908 1
4909 3
4910 1
4911 3
4912 2
4913 1
4914 3
4915 4
4916 4
4917 1
4918 4
4919 3
4920 3
4921 1
4922 1
4923 3
4924 4
4925 4
4926 4
4927 1
4928 4
4929 4
4930 1
4931 4
4932 1
4933 3
4934 4
4935 1
4936 3
4937 1
4938 1
4939 1
4940 1
4941 0
4942 4
4943 1
4944 4
4945 2
4946 4
4947 4
4948 1
4949 1
4950 1
4951 1
4952 1
4953 4
4954 4
4955 1
4956 4
4957 4
4958 4
4959 3
4960 1
4961 3
4962 2
4963 1
4964 4
4965 4
4966 3
4967 4
4968 3
4969 1
4970 1
4971 1
4972 1
4973 3
4974 4
4975 2
4976 1
4977 0
4978 0
4979 1
4980 4
4981 4
4982 3
4983 1
4984 4
4985 1
4986 1
4987 3
4988 4
4989 2
4990 4
4991 1
4992 3
4993 2
4994 4
4995 3
4996 1
4997 1
4998 1
4999 3
5000 3
5001 1
5002 3
5003 1
5004 3
5005 4
5006 1
5007 1
5008 4
5009 1
5010 1
5011 1
5012 3
5013 3
5014 1
5015 1
5016 2
5017 4
5018 3
5019 1
5020 2
5021 3
5022 3
5023 3
5024 1
5025 4
5026 2
5027 2
5028 3
5029 1
5030 1
5031 1
5032 1
5033 1
5034 2
5035 1
5036 3
5037 1
5038 4
5039 1
5040 1
5041 1
5042 4
5043 3
5044 1
5045 1
5046 1
5047 4
5048 1
5049 2
5050 3
5051 1
5052 4
5053 1
5054 4
5055 4
5056 2
5057 1
5058 2
5059 1
5060 4
5061 1
5062 3
5063 3
5064 1
5065 4
5066 1
5067 1
5068 1
5069 1
5070 2
5071 4
5072 1
5073 1
5074 1
5075 2
5076 4
5077 1
5078 1
5079 1
5080 1
5081 3
5082 1
5083 4
5084 1
5085 1
5086 3
5087 1
5088 4
5089 1
5090 3
5091 4
5092 3
5093 4
5094 3
5095 3
5096 1
5097 4
5098 1
5099 1
5100 1
5101 4
5102 3
5103 3
5104 1
5105 2
5106 1
5107 4
5108 3
5109 3
5110 3
5111 1
5112 1
5113 4
5114 1
5115 4
5116 3
5117 3
5118 1
5119 1
5120 4
5121 1
5122 4
5123 3
5124 3
5125 1
5126 3
5127 1
5128 3
5129 1
5130 1
5131 4
5132 1
5133 4
5134 3
5135 3
5136 4
5137 3
5138 4
5139 3
5140 1
5141 3
5142 2
5143 4
5144 1
5145 3
5146 4
5147 1
5148 1
5149 3
5150 1
5151 2
5152 1
5153 4
5154 4
5155 1
5156 1
5157 2
5158 4
5159 4
5160 2
5161 4
5162 1
5163 1
5164 3
5165 4
5166 3
5167 3
5168 4
5169 4
5170 4
5171 3
5172 3
5173 4
5174 4
5175 4
5176 4
5177 3
5178 4
5179 3
5180 1
5181 1
5182 1
5183 3
5184 1
5185 1
5186 4
5187 4
5188 1
5189 1
5190 3
5191 1
5192 4
5193 3
5194 3
5195 4
5196 1
5197 1
5198 1
5199 1
5200 1
5201 3
5202 4
5203 2
5204 4
5205 4
5206 4
5207 2
5208 1
5209 3
5210 1
5211 1
5212 1
5213 3
5214 4
5215 1
5216 4
5217 3
5218 1
5219 2
5220 1
5221 4
5222 1
5223 3
5224 1
5225 1
5226 1
5227 3
5228 1
5229 1
5230 4
5231 4
5232 1
5233 4
5234 4
5235 4
5236 4
5237 4
5238 2
5239 1
5240 1
5241 1
5242 3
5243 1
5244 1
5245 4
5246 4
5247 3
5248 1
5249 3
5250 4
5251 1
5252 3
5253 4
5254 1
5255 1
5256 4
5257 1
5258 1
5259 1
5260 1
5261 4
5262 4
5263 1
5264 4
5265 2
5266 3
5267 1
5268 1
5269 3
5270 1
5271 3
5272 1
5273 3
5274 1
5275 4
5276 2
5277 3
5278 3
5279 1
5280 4
5281 1
5282 1
5283 4
5284 3
5285 4
5286 1
5287 1
5288 1
5289 1
5290 1
5291 1
5292 4
5293 4
5294 4
5295 4
5296 1
5297 1
5298 3
5299 1
5300 3
5301 3
5302 3
5303 1
5304 4
5305 4
5306 3
5307 3
5308 1
5309 1
5310 1
5311 1
5312 1
5313 3
5314 3
5315 1
5316 4
5317 1
5318 1
5319 3
5320 1
5321 1
5322 1
5323 4
5324 0
5325 1
5326 3
5327 2
5328 3
5329 1
5330 4
5331 3
5332 4
5333 1
5334 3
5335 4
5336 1
5337 1
5338 1
5339 4
5340 4
5341 4
5342 4
5343 4
5344 4
5345 3
5346 3
5347 3
5348 4
5349 1
5350 1
5351 3
5352 1
5353 1
5354 3
5355 3
5356 1
5357 1
5358 3
5359 4
5360 1
5361 3
5362 3
5363 1
5364 4
5365 1
5366 3
5367 3
5368 1
5369 4
5370 1
5371 4
5372 4
5373 3
5374 4
5375 4
5376 1
5377 4
5378 1
5379 4
5380 3
5381 3
5382 3
5383 2
5384 3
5385 1
5386 1
5387 2
5388 4
5389 3
5390 1
5391 3
5392 3
5393 0
5394 1
5395 3
5396 1
5397 1
5398 1
5399 1
5400 4
5401 1
5402 1
5403 1
5404 4
5405 1
5406 1
5407 1
5408 1
5409 1
5410 3
5411 2
5412 4
5413 1
5414 3
5415 4
5416 1
5417 4
5418 1
5419 1
5420 4
5421 4
5422 3
5423 2
5424 1
5425 1
5426 1
5427 1
5428 3
5429 1
5430 1
5431 1
5432 2
5433 1
5434 1
5435 3
5436 1
5437 4
5438 3
5439 4
5440 1
5441 1
5442 1
5443 1
5444 3
5445 1
5446 1
5447 4
5448 3
5449 1
5450 1
5451 2
5452 3
5453 1
5454 3
5455 1
5456 4
5457 3
5458 4
5459 4
5460 1
5461 4
5462 1
5463 2
5464 4
5465 1
5466 3
5467 2
5468 3
5469 3
5470 4
5471 1
5472 1
5473 1
5474 1
5475 4
5476 1
5477 3
5478 1
5479 1
5480 2
5481 4
5482 3
5483 1
5484 1
5485 3
5486 1
5487 4
5488 4
5489 4
5490 1
5491 4
5492 3
5493 1
5494 3
5495 4
5496 1
5497 4
5498 1
5499 3
5500 1
5501 3
5502 1
5503 1
5504 1
5505 1
5506 4
5507 3
5508 1
5509 4
5510 3
5511 4
5512 1
5513 4
5514 3
5515 1
5516 1
5517 1
5518 3
5519 1
5520 1
5521 1
5522 3
5523 3
5524 1
5525 3
5526 1
5527 3
5528 1
5529 3
5530 1
5531 4
5532 1
5533 3
5534 3
5535 1
5536 4
5537 3
5538 1
5539 1
5540 3
5541 4
5542 4
5543 4
5544 1
5545 1
5546 1
5547 1
5548 1
5549 1
5550 1
5551 1
5552 1
5553 4
5554 4
5555 2
5556 4
5557 3
5558 4
5559 1
5560 2
5561 4
5562 4
5563 3
5564 3
5565 4
5566 4
5567 3
5568 4
5569 1
5570 3
5571 1
5572 1
5573 1
5574 1
5575 1
5576 2
5577 3
5578 1
5579 4
5580 3
5581 4
5582 1
5583 1
5584 3
5585 3
5586 3
5587 3
5588 1
5589 3
5590 1
5591 1
5592 4
5593 1
5594 1
5595 1
5596 4
5597 4
5598 2
5599 1
5600 3
5601 2
5602 4
5603 3
5604 4
5605 1
5606 1
5607 1
5608 1
5609 4
5610 4
5611 4
5612 4
5613 3
5614 3
5615 4
5616 1
5617 1
5618 4
5619 3
5620 4
5621 2
5622 4
5623 1
5624 4
5625 2
5626 4
5627 1
5628 1
5629 1
5630 3
5631 3
5632 2
5633 4
5634 4
5635 1
5636 4
5637 1
5638 1
5639 1
5640 1
5641 1
5642 1
5643 4
5644 1
5645 3
5646 1
5647 1
5648 3
5649 1
5650 4
5651 1
5652 1
5653 1
5654 1
5655 1
5656 4
5657 4
5658 4
5659 4
5660 4
5661 4
5662 4
5663 1
5664 1
5665 3
5666 2
5667 1
5668 1
5669 3
5670 4
5671 4
5672 1
5673 4
5674 3
5675 1
5676 4
5677 1
5678 1
5679 4
5680 4
5681 1
5682 1
5683 3
5684 4
5685 1
5686 3
5687 1
5688 4
5689 3
5690 1
5691 4
5692 4
5693 1
5694 2
5695 1
5696 1
5697 3
5698 4
5699 1
5700 1
5701 1
5702 1
5703 4
5704 3
5705 3
5706 3
5707 3
5708 3
5709 4
5710 3
5711 1
5712 1
5713 4
5714 3
5715 3
5716 3
5717 3
5718 3
5719 3
5720 3
5721 3
5722 3
5723 3
5724 4
5725 3
5726 2
5727 1
5728 1
5729 1
5730 1
5731 2
5732 1
5733 4
5734 4
5735 1
5736 3
5737 3
5738 3
5739 4
5740 4
5741 1
5742 1
5743 1
5744 1
5745 4
5746 3
5747 1
5748 1
5749 4
5750 1
5751 3
5752 1
5753 4
5754 1
5755 3
5756 1
5757 1
5758 2
5759 3
5760 1
5761 1
5762 4
5763 2
5764 3
5765 4
5766 1
5767 1
5768 4
5769 3
5770 4
5771 4
5772 2
5773 4
5774 3
5775 1
5776 4
5777 2
5778 2
5779 4
5780 4
5781 1
5782 3
5783 3
5784 1
5785 4
5786 1
5787 1
5788 3
5789 3
5790 1
5791 3
5792 4
5793 3
5794 1
5795 1
5796 1
5797 1
5798 2
5799 1
5800 4
5801 4
5802 4
5803 1
5804 1
5805 1
5806 3
5807 3
5808 4
5809 1
5810 1
5811 1
5812 1
5813 1
5814 3
5815 4
5816 1
5817 4
5818 3
5819 1
5820 4
5821 1
5822 3
5823 2
5824 1
5825 1
5826 1
5827 1
5828 4
5829 4
5830 4
5831 1
5832 4
5833 1
5834 1
5835 1
5836 4
5837 3
5838 4
5839 4
5840 3
5841 1
5842 1
5843 3
5844 3
5845 3
5846 1
5847 3
5848 1
5849 1
5850 1
5851 1
5852 2
5853 1
5854 1
5855 1
5856 1
5857 3
5858 1
5859 1
5860 2
5861 3
5862 1
5863 3
5864 4
5865 3
5866 1
5867 1
5868 3
5869 1
5870 1
5871 1
5872 1
5873 1
5874 1
5875 4
5876 3
5877 3
5878 1
5879 1
5880 4
5881 4
5882 4
5883 3
5884 4
5885 4
5886 4
5887 3
5888 4
5889 4
5890 4
5891 4
5892 2
5893 4
5894 1
5895 4
5896 1
5897 4
5898 4
5899 4
5900 1
5901 3
5902 4
5903 1
5904 1
5905 1
5906 4
5907 1
5908 4
5909 1
5910 1
5911 2
5912 3
5913 1
5914 1
5915 4
5916 1
5917 3
5918 1
5919 1
5920 3
5921 4
5922 4
5923 3
5924 4
5925 4
5926 2
5927 4
5928 4
5929 1
5930 4
5931 4
5932 1
5933 1
5934 1
5935 1
5936 1
5937 4
5938 2
5939 1
5940 4
5941 4
5942 1
5943 4
5944 1
5945 1
5946 1
5947 1
5948 1
5949 3
5950 1
5951 4
5952 2
5953 4
5954 3
5955 4
5956 1
5957 3
5958 3
5959 4
5960 4
5961 3
5962 1
5963 1
5964 1
5965 3
5966 1
5967 1
5968 4
5969 1
5970 1
5971 0
5972 3
5973 3
5974 1
5975 1
5976 1
5977 4
5978 1
5979 1
5980 4
5981 3
5982 1
5983 1
5984 1
5985 1
5986 1
5987 4
5988 1
5989 1
5990 1
5991 1
5992 3
5993 3
5994 1
5995 4
5996 4
5997 4
5998 4
5999 1
6000 2
6001 4
6002 1
6003 3
6004 4
6005 3
6006 1
6007 1
6008 1
6009 1
6010 1
6011 1
6012 1
6013 4
6014 3
6015 4
6016 1
6017 3
6018 1
6019 1
6020 3
6021 1
6022 1
6023 4
6024 4
6025 3
6026 3
6027 3
6028 1
6029 1
6030 4
6031 1
6032 1
6033 1
6034 1
6035 1
6036 1
6037 1
6038 1
6039 4
6040 1
6041 4
6042 3
6043 2
6044 1
6045 4
6046 1
6047 4
6048 1
6049 2
6050 1
6051 4
6052 4
6053 3
6054 4
6055 3
6056 3
6057 1
6058 1
6059 1
6060 4
6061 1
6062 3
6063 1
6064 4
6065 1
6066 4
6067 3
6068 4
6069 1
6070 1
6071 4
6072 3
6073 1
6074 4
6075 4
6076 1
6077 1
6078 1
6079 3
6080 1
6081 4
6082 1
6083 1
6084 1
6085 1
6086 1
6087 1
6088 1
6089 1
6090 3
6091 4
6092 1
6093 1
6094 4
6095 4
6096 4
6097 1
6098 1
6099 3
6100 1
6101 3
6102 1
6103 1
6104 4
6105 1
6106 4
6107 4
6108 1
6109 4
6110 4
6111 1
6112 4
6113 1
6114 3
6115 4
6116 1
6117 1
6118 1
6119 1
6120 1
6121 4
6122 1
6123 3
6124 4
6125 3
6126 4
6127 4
6128 3
6129 3
6130 4
6131 4
6132 4
6133 1
6134 1
6135 1
6136 3
6137 4
6138 4
6139 4
6140 2
6141 1
6142 1
6143 1
6144 2
6145 1
6146 3
6147 1
6148 4
6149 0
6150 4
6151 1
6152 4
6153 1
6154 1
6155 2
6156 1
6157 4
6158 1
6159 1
6160 4
6161 1
6162 3
6163 1
6164 1
6165 3
6166 1
6167 1
6168 1
6169 1
6170 0
6171 4
6172 1
6173 1
6174 4
6175 1
6176 1
6177 1
6178 1
6179 3
6180 4
6181 4
6182 4
6183 4
6184 2
6185 3
6186 4
6187 4
6188 4
6189 4
6190 4
6191 4
6192 4
6193 4
6194 3
6195 3
6196 3
6197 4
6198 4
6199 4
6200 1
6201 1
6202 1
6203 1
6204 4
6205 4
6206 4
6207 4
6208 1
6209 1
6210 1
6211 1
6212 4
6213 4
6214 3
6215 2
6216 4
6217 4
6218 4
6219 4
6220 3
6221 3
6222 3
6223 1
6224 1
6225 1
6226 1
6227 1
6228 1
6229 4
6230 1
6231 4
6232 1
6233 3
6234 1
6235 1
6236 3
6237 3
6238 1
6239 1
6240 1
6241 4
6242 1
6243 1
6244 1
6245 4
6246 1
6247 1
6248 4
6249 3
6250 3
6251 3
6252 1
6253 1
6254 1
6255 1
6256 4
6257 1
6258 3
6259 1
6260 3
6261 1
6262 1
6263 4
6264 1
6265 3
6266 4
6267 1
6268 1
6269 1
6270 1
6271 2
6272 4
6273 1
6274 4
6275 4
6276 1
6277 1
6278 4
6279 1
6280 0
6281 1
6282 1
6283 4
6284 3
6285 1
6286 1
6287 1
6288 4
6289 3
6290 4
6291 4
6292 4
6293 1
6294 4
6295 1
6296 1
6297 4
6298 1
6299 3
6300 1
6301 4
6302 1
6303 3
6304 4
6305 4
6306 4
6307 4
6308 4
6309 4
6310 4
6311 4
6312 3
6313 1
6314 4
6315 4
6316 3
6317 4
6318 4
6319 3
6320 4
6321 4
6322 4
6323 4
6324 4
6325 1
6326 1
6327 4
6328 1
6329 4
6330 1
6331 1
6332 1
6333 4
6334 1
6335 4
6336 4
6337 4
6338 1
6339 3
6340 3
6341 4
6342 2
6343 1
6344 1
6345 1
6346 3
6347 4
6348 1
6349 3
6350 4
6351 1
6352 3
6353 1
6354 1
6355 1
6356 3
6357 3
6358 2
6359 3
6360 4
6361 3
6362 4
6363 3
6364 3
6365 4
6366 4
6367 3
6368 1
6369 3
6370 3
6371 3
6372 4
6373 3
6374 4
6375 4
6376 4
6377 4
6378 4
6379 4
6380 4
6381 4
6382 2
6383 4
6384 4
6385 1
6386 4
6387 3
6388 3
6389 1
6390 1
6391 1
6392 1
6393 4
6394 3
6395 4
6396 1
6397 4
6398 3
6399 3
6400 4
6401 2
6402 1
6403 3
6404 4
6405 1
6406 1
6407 1
6408 1
6409 3
6410 1
6411 4
6412 3
6413 1
6414 1
6415 4
6416 3
6417 1
6418 4
6419 1
6420 4
6421 4
6422 4
6423 4
6424 3
6425 4
6426 4
6427 4
6428 3
6429 1
6430 3
6431 3
6432 1
6433 3
6434 1
6435 1
6436 3
6437 4
6438 3
6439 1
6440 1
6441 3
6442 3
6443 3
6444 1
6445 1
6446 1
6447 3
6448 4
6449 4
6450 1
6451 1
6452 3
6453 4
6454 3
6455 0
6456 3
6457 2
6458 4
6459 4
6460 1
6461 4
6462 1
6463 1
6464 4
6465 4
6466 4
6467 1
6468 1
6469 1
6470 1
6471 4
6472 1
6473 3
6474 3
6475 4
6476 1
6477 4
6478 1
6479 1
6480 1
6481 1
6482 1
6483 1
6484 2
6485 1
6486 1
6487 1
6488 4
6489 1
6490 1
6491 3
6492 1
6493 1
6494 1
6495 4
6496 1
6497 4
6498 4
6499 4
6500 4
6501 0
6502 1
6503 1
6504 1
6505 2
6506 3
6507 4
6508 3
6509 1
6510 1
6511 1
6512 4
6513 3
6514 4
6515 1
6516 3
6517 1
6518 1
6519 1
6520 1
6521 4
6522 1
6523 1
6524 4
6525 3
6526 1
6527 4
6528 4
6529 4
6530 4
6531 4
6532 4
6533 4
6534 1
6535 1
6536 1
6537 1
6538 1
6539 1
6540 1
6541 1
6542 1
6543 3
6544 4
6545 1
6546 1
6547 1
6548 1
6549 3
6550 3
6551 4
6552 4
6553 3
6554 3
6555 4
6556 2
6557 1
6558 1
6559 1
6560 1
6561 3
6562 1
6563 1
6564 3
6565 4
6566 1
6567 3
6568 1
6569 1
6570 4
6571 1
6572 1
6573 1
6574 1
6575 1
6576 3
6577 3
6578 1
6579 4
6580 4
6581 1
6582 1
6583 1
6584 1
6585 1
6586 1
6587 1
6588 1
6589 1
6590 1
6591 1
6592 4
6593 2
6594 4
6595 4
6596 4
6597 4
6598 3
6599 3
6600 4
6601 3
6602 4
6603 1
6604 1
6605 1
6606 2
6607 1
6608 3
6609 4
6610 1
6611 3
6612 1
6613 3
6614 3
6615 3
6616 3
6617 1
6618 1
6619 1
6620 1
6621 1
6622 1
6623 1
6624 1
6625 1
6626 3
6627 1
6628 1
6629 1
6630 3
6631 1
6632 1
6633 1
6634 1
6635 1
6636 4
6637 1
6638 1
6639 1
6640 1
6641 1
6642 1
6643 3
6644 3
6645 4
6646 3
6647 4
6648 4
6649 4
6650 1
6651 4
6652 4
6653 4
6654 3
6655 4
6656 4
6657 4
6658 1
6659 4
6660 4
6661 1
6662 4
6663 1
6664 1
6665 3
6666 1
6667 1
6668 1
6669 4
6670 1
6671 3
6672 1
6673 4
6674 3
6675 3
6676 3
6677 3
6678 3
6679 4
6680 1
6681 1
6682 1
6683 1
6684 1
6685 1
6686 3
6687 4
6688 1
6689 1
6690 1
6691 1
6692 1
6693 1
6694 1
6695 1
6696 4
6697 4
6698 4
6699 4
6700 4
6701 4
6702 4
6703 4
6704 1
6705 4
6706 1
6707 1
6708 1
6709 1
6710 1
6711 1
6712 3
6713 1
6714 1
6715 1
6716 1
6717 1
6718 1
0 0
1 0
2 1
3 2
4 3
0 0
1 1
2 2
3 3
1e-06 0.0921956 94
