0 0
1 0
2 4
3 3
4 0
5 0
6 0
7 0
8 0
9 0
10 0
11 2
12 0
13 0
14 0
15 0
16 0
17 0
18 0
19 0
20 0
21 0
22 0
23 0
24 0
25 0
26 2
27 0
28 0
29 3
30 0
31 0
32 0
33 0
34 2
35 2
36 0
37 0
38 0
39 0
40 0
41 2
42 0
43 2
44 3
45 0
46 3
47 0
48 0
49 0
50 0
51 0
52 0
53 3
54 0
55 3
56 0
57 0
58 0
59 0
60 0
61 0
62 0
63 0
64 0
65 0
66 0
67 0
68 0
69 0
70 0
71 0
72 0
73 0
74 0
75 0
76 0
77 3
78 0
79 0
80 0
81 2
82 0
83 2
84 0
85 0
86 0
87 0
88 0
89 0
90 0
91 0
92 0
93 0
94 0
95 2
96 2
97 2
98 0
99 2
100 0
101 2
102 2
103 0
104 0
105 2
106 2
107 2
108 0
109 2
110 2
111 2
112 2
113 0
114 2
115 2
116 2
117 0
118 2
119 2
120 2
121 2
122 2
123 2
124 2
125 2
126 2
127 2
128 2
129 2
130 2
131 2
132 2
133 2
134 3
135 2
136 2
137 0
138 0
139 2
140 2
141 2
142 0
143 0
144 2
145 2
146 0
147 3
148 4
149 2
150 0
151 0
152 2
153 0
154 4
155 0
156 3
157 4
158 3
159 2
160 0
161 3
162 4
163 3
164 3
165 0
166 3
167 3
168 2
169 3
170 2
171 3
172 3
173 2
174 2
175 2
176 2
177 2
178 0
179 3
180 2
181 0
182 0
183 3
184 3
185 0
186 2
187 3
188 2
189 0
190 3
191 2
192 3
193 0
194 0
195 0
196 0
197 4
198 0
199 3
200 3
201 3
202 0
203 4
204 2
205 4
206 2
207 2
208 0
209 3
210 3
211 0
212 3
213 3
214 2
215 2
216 4
217 4
218 3
219 0
220 3
221 3
222 0
223 3
224 0
225 3
226 3
227 3
228 2
229 3
230 3
231 3
232 0
233 4
234 3
235 3
236 2
237 2
238 2
239 2
240 2
241 3
242 3
243 2
244 4
245 0
246 2
247 3
248 3
249 0
250 2
251 2
252 2
253 2
254 0
255 2
256 0
257 3
258 4
259 0
260 2
261 3
262 2
263 2
264 3
265 0
266 0
267 0
268 3
269 0
270 3
271 3
272 0
273 4
274 0
275 3
276 3
277 4
278 0
279 2
280 0
281 2
282 2
283 0
284 2
285 2
286 3
287 4
288 0
289 4
290 4
291 4
292 2
293 3
294 4
295 2
296 0
297 3
298 2
299 0
300 0
301 4
302 2
303 2
304 2
305 3
306 0
307 3
308 0
309 3
310 3
311 2
312 3
313 3
314 2
315 0
316 4
317 3
318 0
319 0
320 2
321 3
322 0
323 2
324 0
325 0
326 3
327 0
328 4
329 2
330 3
331 3
332 3
333 2
334 0
335 0
336 4
337 2
338 3
339 3
340 3
341 3
342 3
343 3
344 3
345 2
346 3
347 3
348 2
349 3
350 3
351 3
352 4
353 2
354 0
355 2
356 2
357 3
358 0
359 2
360 2
361 0
362 2
363 4
364 2
365 2
366 2
367 2
368 2
369 2
370 2
371 2
372 2
373 2
374 2
375 2
376 4
377 4
378 2
379 2
380 0
381 2
382 2
383 2
384 2
385 3
386 2
387 0
388 4
389 2
390 2
391 2
392 2
393 2
394 0
395 0
396 2
397 2
398 4
399 0
400 0
401 2
402 2
403 0
404 3
405 0
406 2
407 2
408 3
409 0
410 3
411 2
412 2
413 2
414 3
415 0
416 2
417 2
418 2
419 2
420 2
421 4
422 2
423 4
424 2
425 2
426 2
427 2
428 4
429 3
430 3
431 2
432 2
433 2
434 0
435 2
436 2
437 2
438 2
439 2
440 2
441 0
442 2
443 0
444 2
445 2
446 4
447 2
448 2
449 0
450 2
451 2
452 0
453 2
454 0
455 2
456 2
457 2
458 2
459 0
460 2
461 2
462 2
463 4
464 0
465 0
466 4
467 2
468 2
469 3
470 2
471 2
472 2
473 2
474 2
475 3
476 2
477 2
478 2
479 2
480 2
481 0
482 2
483 2
484 2
485 0
486 2
487 4
488 2
489 2
490 0
491 2
492 2
493 0
494 2
495 2
496 4
497 2
498 2
499 2
500 2
501 2
502 2
503 2
504 0
505 0
506 2
507 0
508 4
509 4
510 4
511 4
512 0
513 4
514 4
515 3
516 3
517 4
518 2
519 4
520 4
521 3
522 4
523 4
524 4
525 3
526 4
527 4
528 2
529 4
530 4
531 4
532 3
533 3
534 0
535 4
536 4
537 3
538 3
539 3
540 4
541 4
542 4
543 4
544 4
545 2
546 4
547 4
548 3
549 4
550 4
551 4
552 0
553 4
554 4
555 4
556 4
557 4
558 4
559 2
560 3
561 3
562 4
563 4
564 4
565 4
566 2
567 4
568 2
569 4
570 3
571 4
572 4
573 3
574 3
575 3
576 4
577 4
578 4
579 4
580 4
581 4
582 4
583 2
584 4
585 4
586 0
587 4
588 4
589 2
590 4
591 4
592 4
593 4
594 0
595 0
596 4
597 4
598 4
599 3
600 4
601 4
602 3
603 3
604 4
605 4
606 4
607 4
608 4
609 4
610 3
611 2
612 4
613 4
614 4
615 4
616 4
617 4
618 4
619 4
620 4
621 3
622 0
623 4
624 4
625 3
626 4
627 0
628 2
629 4
630 0
631 3
632 4
633 0
634 2
635 3
636 3
637 4
638 4
639 4
640 3
641 4
642 4
643 4
644 4
645 4
646 4
647 4
648 0
649 0
650 0
651 0
652 3
653 0
654 0
655 0
656 0
657 0
658 0
659 3
660 0
661 0
662 0
663 3
664 0
665 0
666 0
667 3
668 0
669 0
670 0
671 0
672 2
673 0
674 0
675 0
676 0
677 0
678 0
679 0
680 0
681 0
682 2
683 0
684 2
685 2
686 0
687 2
688 0
689 0
690 0
691 0
692 0
693 0
694 0
695 0
696 0
697 3
698 0
699 0
700 0
701 3
702 0
703 4
704 0
705 0
706 0
707 4
708 0
709 0
710 0
711 0
712 3
713 0
714 0
715 0
716 0
717 2
718 0
719 0
720 0
721 0
722 0
723 2
724 0
725 0
726 0
727 0
728 0
729 0
730 0
731 0
732 0
733 0
734 0
735 0
736 0
737 0
738 0
739 0
740 4
741 0
742 0
743 0
744 0
745 0
746 0
747 0
748 0
749 0
750 2
751 0
752 0
753 0
754 0
755 0
756 0
757 0
758 2
759 0
760 0
761 0
762 0
763 0
764 0
765 0
766 0
767 2
768 0
769 0
770 0
771 2
772 0
773 0
774 0
775 0
776 0
777 0
778 0
779 0
780 2
781 0
782 0
783 0
784 3
785 0
786 0
787 0
788 0
789 0
790 0
791 0
792 0
793 0
794 0
795 0
796 0
797 3
798 0
799 0
800 0
801 0
802 2
803 0
804 0
805 0
806 0
807 0
808 0
809 3
810 0
811 0
812 0
813 0
814 0
815 0
816 0
817 2
818 2
819 0
820 0
821 0
822 0
823 0
824 0
825 0
826 0
827 0
828 0
829 0
830 0
831 0
832 0
833 0
834 0
835 2
836 0
837 2
838 2
839 0
840 0
841 0
842 0
843 0
844 0
845 0
846 0
847 0
848 0
849 0
850 0
851 0
852 0
853 0
854 0
855 0
856 0
857 0
858 0
859 3
860 3
861 3
862 3
863 3
864 3
865 3
866 3
867 3
868 3
869 3
870 3
871 3
872 3
873 3
874 3
875 3
876 3
877 3
878 3
879 3
880 3
881 3
882 0
883 3
884 0
885 0
886 0
887 0
888 0
889 0
890 0
891 0
892 0
893 0
894 0
895 0
896 0
897 0
898 0
899 0
900 0
901 0
902 0
903 0
904 0
905 0
906 0
907 2
908 0
909 0
910 0
911 0
912 0
913 0
914 0
915 2
916 0
917 0
918 0
919 0
920 0
921 3
922 0
923 0
924 0
925 0
926 0
927 0
928 0
929 3
930 0
931 0
932 0
933 2
934 0
935 0
936 0
937 0
938 0
939 0
940 0
941 0
942 0
943 0
944 2
945 0
946 2
947 0
948 0
949 0
950 0
951 0
952 0
953 0
954 0
955 0
956 0
957 0
958 0
959 4
960 0
961 0
962 0
963 0
964 0
965 0
966 0
967 0
968 0
969 0
970 2
971 0
972 0
973 0
974 0
975 0
976 0
977 0
978 0
979 0
980 0
981 0
982 0
983 3
984 0
985 0
986 0
987 0
988 2
989 2
990 0
991 0
992 0
993 0
994 0
995 0
996 0
997 0
998 0
999 0
1000 0
1001 3
1002 0
1003 0
1004 0
1005 0
1006 0
1007 0
1008 0
1009 0
1010 0
1011 3
1012 3
1013 0
1014 0
1015 0
1016 0
1017 0
1018 4
1019 0
1020 2
1021 0
1022 0
1023 0
1024 3
1025 0
1026 0
1027 3
1028 3
1029 3
1030 3
1031 3
1032 0
1033 3
1034 0
1035 3
1036 0
1037 0
1038 0
1039 0
1040 0
1041 2
1042 0
1043 0
1044 0
1045 0
1046 0
1047 0
1048 3
1049 0
1050 0
1051 0
1052 0
1053 0
1054 0
1055 0
1056 0
1057 0
1058 0
1059 0
1060 3
1061 0
1062 0
1063 0
1064 0
1065 0
1066 2
1067 0
1068 0
1069 0
1070 0
1071 0
1072 3
1073 3
1074 0
1075 0
1076 3
1077 2
1078 0
1079 0
1080 0
1081 0
1082 0
1083 0
1084 0
1085 0
1086 0
1087 0
1088 0
1089 0
1090 3
1091 3
1092 0
1093 0
1094 0
1095 2
1096 0
1097 0
1098 0
1099 2
1100 0
1101 0
1102 2
1103 0
1104 0
1105 0
1106 3
1107 0
1108 0
1109 0
1110 0
1111 0
1112 0
1113 0
1114 0
1115 0
1116 0
1117 0
1118 0
1119 0
1120 0
1121 0
1122 0
1123 0
1124 0
1125 0
1126 0
1127 0
1128 0
1129 0
1130 0
1131 3
1132 0
1133 0
1134 2
1135 2
1136 2
1137 3
1138 3
1139 2
1140 2
1141 2
1142 0
1143 2
1144 2
1145 2
1146 2
1147 3
1148 2
1149 3
1150 2
1151 2
1152 2
1153 2
1154 2
1155 2
1156 2
1157 2
1158 2
1159 2
1160 2
1161 2
1162 2
1163 4
1164 2
1165 2
1166 4
1167 2
1168 2
1169 2
1170 3
1171 2
1172 2
1173 2
1174 2
1175 2
1176 2
1177 2
1178 2
1179 2
1180 2
1181 0
1182 2
1183 2
1184 0
1185 2
1186 2
1187 0
1188 2
1189 2
1190 4
1191 2
1192 2
1193 2
1194 2
1195 4
1196 2
1197 3
1198 2
1199 3
1200 2
1201 2
1202 2
1203 2
1204 2
1205 4
1206 2
1207 2
1208 2
1209 2
1210 2
1211 0
1212 3
1213 2
1214 2
1215 2
1216 2
1217 3
1218 2
1219 4
1220 2
1221 3
1222 2
1223 4
1224 3
1225 2
1226 2
1227 2
1228 3
1229 2
1230 2
1231 2
1232 2
1233 2
1234 2
1235 2
1236 4
1237 2
1238 4
1239 0
1240 3
1241 2
1242 2
1243 2
1244 3
1245 2
1246 2
1247 2
1248 4
1249 2
1250 2
1251 2
1252 2
1253 2
1254 4
1255 2
1256 2
1257 0
1258 4
1259 3
1260 3
1261 2
1262 2
1263 2
1264 2
1265 2
1266 4
1267 2
1268 0
1269 0
1270 3
1271 2
1272 2
1273 2
1274 2
1275 2
1276 2
1277 0
1278 2
1279 4
1280 2
1281 3
1282 2
1283 2
1284 2
1285 0
1286 3
1287 2
1288 2
1289 2
1290 2
1291 0
1292 2
1293 0
1294 0
1295 2
1296 2
1297 2
1298 3
1299 4
1300 4
1301 2
1302 2
1303 2
1304 2
1305 2
1306 2
1307 3
1308 2
1309 2
1310 2
1311 3
1312 2
1313 2
1314 3
1315 4
1316 2
1317 2
1318 2
1319 2
1320 2
1321 2
1322 2
1323 2
1324 4
1325 2
1326 2
1327 2
1328 2
1329 2
1330 2
1331 2
1332 2
1333 2
1334 2
1335 4
1336 2
1337 2
1338 0
1339 2
1340 2
1341 2
1342 3
1343 2
1344 4
1345 2
1346 2
1347 3
1348 2
1349 2
1350 2
1351 2
1352 3
1353 2
1354 2
1355 3
1356 2
1357 2
1358 2
1359 4
1360 2
1361 2
1362 2
1363 2
1364 2
1365 2
1366 2
1367 2
1368 2
1369 2
1370 2
1371 2
1372 2
1373 4
1374 4
1375 2
1376 2
1377 4
1378 3
1379 2
1380 2
1381 3
1382 2
1383 3
1384 2
1385 3
1386 2
1387 2
1388 2
1389 4
1390 4
1391 2
1392 0
1393 4
1394 0
1395 0
1396 2
1397 2
1398 4
1399 3
1400 2
1401 4
1402 2
1403 2
1404 2
1405 2
1406 2
1407 2
1408 2
1409 2
1410 4
1411 3
1412 2
1413 2
1414 2
1415 2
1416 2
1417 2
1418 3
1419 2
1420 2
1421 2
1422 4
1423 2
1424 2
1425 2
1426 3
1427 0
1428 4
1429 3
1430 2
1431 2
1432 2
1433 0
1434 2
1435 2
1436 2
1437 3
1438 0
1439 2
1440 2
1441 2
1442 2
1443 2
1444 2
1445 0
1446 3
1447 2
1448 2
1449 2
1450 4
1451 2
1452 2
1453 0
1454 2
1455 2
1456 2
1457 2
1458 3
1459 3
1460 2
1461 4
1462 4
1463 4
1464 0
1465 2
1466 2
1467 2
1468 2
1469 4
1470 2
1471 2
1472 0
1473 0
1474 2
1475 3
1476 0
1477 0
1478 2
1479 2
1480 4
1481 4
1482 2
1483 2
1484 2
1485 2
1486 0
1487 2
1488 2
1489 3
1490 0
1491 2
1492 2
1493 0
1494 2
1495 2
1496 2
1497 2
1498 3
1499 3
1500 2
1501 2
1502 2
1503 3
1504 2
1505 2
1506 2
1507 3
1508 2
1509 0
1510 4
1511 2
1512 2
1513 2
1514 2
1515 2
1516 3
1517 2
1518 4
1519 2
1520 2
1521 2
1522 2
1523 2
1524 2
1525 2
1526 0
1527 2
1528 2
1529 2
1530 2
1531 2
1532 2
1533 2
1534 2
1535 2
1536 2
1537 2
1538 2
1539 2
1540 0
1541 2
1542 3
1543 4
1544 4
1545 2
1546 2
1547 2
1548 3
1549 2
1550 2
1551 2
1552 3
1553 0
1554 2
1555 3
1556 2
1557 2
1558 0
1559 2
1560 2
1561 2
1562 2
1563 2
1564 2
1565 2
1566 2
1567 2
1568 2
1569 4
1570 2
1571 2
1572 0
1573 2
1574 2
1575 3
1576 2
1577 2
1578 2
1579 4
1580 4
1581 0
1582 2
1583 4
1584 2
1585 2
1586 2
1587 2
1588 2
1589 2
1590 0
1591 2
1592 2
1593 2
1594 2
1595 4
1596 2
1597 2
1598 2
1599 2
1600 2
1601 2
1602 2
1603 3
1604 2
1605 2
1606 2
1607 2
1608 2
1609 2
1610 0
1611 4
1612 2
1613 2
1614 2
1615 3
1616 2
1617 4
1618 2
1619 4
1620 2
1621 2
1622 2
1623 2
1624 2
1625 3
1626 2
1627 4
1628 2
1629 0
1630 4
1631 2
1632 2
1633 0
1634 4
1635 2
1636 3
1637 3
1638 2
1639 2
1640 3
1641 2
1642 2
1643 2
1644 2
1645 0
1646 2
1647 2
1648 0
1649 2
1650 3
1651 2
1652 0
1653 2
1654 2
1655 2
1656 2
1657 4
1658 2
1659 2
1660 2
1661 3
1662 4
1663 3
1664 2
1665 2
1666 2
1667 3
1668 4
1669 2
1670 3
1671 3
1672 2
1673 4
1674 2
1675 2
1676 2
1677 2
1678 2
1679 2
1680 2
1681 2
1682 2
1683 2
1684 2
1685 2
1686 2
1687 2
1688 2
1689 2
1690 2
1691 3
1692 2
1693 2
1694 2
1695 2
1696 2
1697 0
1698 2
1699 2
1700 2
1701 0
1702 2
1703 2
1704 2
1705 2
1706 2
1707 2
1708 2
1709 2
1710 2
1711 3
1712 4
1713 2
1714 2
1715 3
1716 2
1717 2
1718 2
1719 2
1720 2
1721 2
1722 2
1723 2
1724 2
1725 0
1726 2
1727 2
1728 2
1729 0
1730 2
1731 2
1732 4
1733 4
1734 2
1735 3
1736 0
1737 4
1738 2
1739 3
1740 0
1741 4
1742 4
1743 3
1744 3
1745 2
1746 2
1747 2
1748 0
1749 2
1750 3
1751 2
1752 2
1753 2
1754 2
1755 4
1756 2
1757 2
1758 3
1759 2
1760 2
1761 3
1762 2
1763 4
1764 2
1765 3
1766 2
1767 0
1768 0
1769 0
1770 2
1771 0
1772 0
1773 3
1774 2
1775 3
1776 2
1777 2
1778 4
1779 4
1780 0
1781 3
1782 2
1783 4
1784 2
1785 4
1786 2
1787 2
1788 4
1789 2
1790 3
1791 3
1792 2
1793 2
1794 3
1795 3
1796 4
1797 2
1798 2
1799 2
1800 2
1801 4
1802 2
1803 2
1804 2
1805 2
1806 2
1807 4
1808 3
1809 3
1810 2
1811 4
1812 4
1813 2
1814 3
1815 4
1816 2
1817 0
1818 2
1819 2
1820 2
1821 2
1822 2
1823 0
1824 2
1825 2
1826 3
1827 3
1828 3
1829 2
1830 2
1831 0
1832 2
1833 0
1834 4
1835 0
1836 2
1837 4
1838 2
1839 2
1840 0
1841 2
1842 0
1843 2
1844 2
1845 4
1846 4
1847 2
1848 4
1849 2
1850 4
1851 2
1852 2
1853 0
1854 4
1855 2
1856 2
1857 4
1858 4
1859 2
1860 2
1861 4
1862 0
1863 2
1864 4
1865 0
1866 2
1867 2
1868 4
1869 4
1870 2
1871 3
1872 4
1873 4
1874 2
1875 0
1876 2
1877 0
1878 0
1879 2
1880 0
1881 2
1882 2
1883 4
1884 4
1885 0
1886 4
1887 2
1888 4
1889 2
1890 4
1891 2
1892 2
1893 2
1894 3
1895 0
1896 4
1897 0
1898 0
1899 2
1900 2
1901 2
1902 2
1903 0
1904 4
1905 4
1906 4
1907 4
1908 4
1909 3
1910 4
1911 2
1912 2
1913 4
1914 2
1915 0
1916 2
1917 2
1918 4
1919 3
1920 0
1921 3
1922 3
1923 3
1924 2
1925 2
1926 3
1927 2
1928 0
1929 4
1930 0
1931 0
1932 2
1933 3
1934 2
1935 4
1936 4
1937 0
1938 4
1939 4
1940 0
1941 4
1942 0
1943 2
1944 3
1945 2
1946 2
1947 3
1948 2
1949 0
1950 3
1951 3
1952 2
1953 4
1954 3
1955 4
1956 0
1957 2
1958 4
1959 4
1960 0
1961 4
1962 3
1963 0
1964 2
1965 0
1966 2
1967 3
1968 2
1969 4
1970 2
1971 2
1972 2
1973 4
1974 2
1975 2
1976 4
1977 2
1978 2
1979 4
1980 2
1981 0
1982 2
1983 3
1984 2
1985 2
1986 2
1987 2
1988 2
1989 0
1990 2
1991 4
1992 2
1993 0
1994 2
1995 2
1996 2
1997 0
1998 4
1999 2
2000 2
2001 3
2002 3
2003 2
2004 0
2005 2
2006 4
2007 0
2008 2
2009 3
2010 0
2011 0
2012 3
2013 0
2014 3
2015 2
2016 4
2017 2
2018 3
2019 2
2020 4
2021 4
2022 3
2023 0
2024 2
2025 2
2026 0
2027 3
2028 4
2029 3
2030 3
2031 2
2032 3
2033 2
2034 0
2035 0
2036 3
2037 3
2038 3
2039 3
2040 3
2041 2
2042 3
2043 3
2044 3
2045 3
2046 3
2047 3
2048 3
2049 3
2050 3
2051 3
2052 2
2053 2
2054 2
2055 2
2056 2
2057 2
2058 2
2059 2
2060 0
2061 2
2062 2
2063 2
2064 2
2065 0
2066 2
2067 2
2068 2
2069 2
2070 2
2071 2
2072 2
2073 2
2074 4
2075 0
2076 3
2077 2
2078 2
2079 4
2080 3
2081 0
2082 0
2083 3
2084 3
2085 3
2086 2
2087 3
2088 0
2089 0
2090 3
2091 2
2092 4
2093 3
2094 3
2095 4
2096 4
2097 4
2098 4
2099 3
2100 2
2101 2
2102 4
2103 3
2104 2
2105 4
2106 4
2107 4
2108 3
2109 3
2110 3
2111 4
2112 4
2113 3
2114 3
2115 4
2116 2
2117 0
2118 4
2119 3
2120 2
2121 2
2122 3
2123 0
2124 4
2125 4
2126 4
2127 4
2128 3
2129 3
2130 4
2131 2
2132 2
2133 2
2134 3
2135 2
2136 4
2137 4
2138 4
2139 4
2140 4
2141 4
2142 3
2143 3
2144 3
2145 4
2146 3
2147 4
2148 4
2149 2
2150 3
2151 3
2152 3
2153 2
2154 3
2155 3
2156 4
2157 3
2158 4
2159 2
2160 3
2161 4
2162 2
2163 0
2164 4
2165 2
2166 3
2167 4
2168 4
2169 3
2170 0
2171 4
2172 3
2173 3
2174 3
2175 3
2176 3
2177 0
2178 2
2179 4
2180 4
2181 4
2182 3
2183 4
2184 3
2185 3
2186 2
2187 3
2188 4
2189 3
2190 3
2191 2
2192 3
2193 0
2194 4
2195 4
2196 4
2197 3
2198 4
2199 4
2200 4
2201 4
2202 2
2203 2
2204 4
2205 4
2206 4
2207 3
2208 4
2209 3
2210 4
2211 4
2212 4
2213 4
2214 4
2215 4
2216 4
2217 3
2218 0
2219 2
2220 0
2221 2
2222 2
2223 2
2224 4
2225 2
2226 2
2227 2
2228 4
2229 2
2230 2
2231 0
2232 2
2233 2
2234 2
2235 2
2236 2
2237 2
2238 2
2239 4
2240 2
2241 2
2242 2
2243 2
2244 3
2245 2
2246 2
2247 2
2248 2
2249 2
2250 2
2251 2
2252 2
2253 2
2254 2
2255 2
2256 2
2257 2
2258 2
2259 2
2260 4
2261 2
2262 2
2263 2
2264 2
2265 2
2266 2
2267 2
2268 3
2269 3
2270 2
2271 2
2272 2
2273 2
2274 2
2275 2
2276 2
2277 2
2278 2
2279 2
2280 2
2281 2
2282 2
2283 2
2284 2
2285 2
2286 2
2287 3
2288 2
2289 2
2290 0
2291 3
2292 2
2293 2
2294 0
2295 4
2296 2
2297 2
2298 2
2299 2
2300 2
2301 2
2302 4
2303 2
2304 2
2305 2
2306 2
2307 4
2308 2
2309 2
2310 2
2311 2
2312 4
2313 2
2314 2
2315 2
2316 3
2317 2
2318 2
2319 2
2320 2
2321 2
2322 2
2323 2
2324 2
2325 2
2326 2
2327 2
2328 2
2329 2
2330 2
2331 2
2332 2
2333 3
2334 2
2335 2
2336 2
2337 3
2338 2
2339 2
2340 2
2341 2
2342 2
2343 2
2344 2
2345 2
2346 2
2347 0
2348 2
2349 4
2350 2
2351 2
2352 4
2353 2
2354 2
2355 2
2356 2
2357 3
2358 3
2359 2
2360 2
2361 3
2362 3
2363 2
2364 3
2365 2
2366 2
2367 2
2368 2
2369 2
2370 4
2371 2
2372 2
2373 2
2374 2
2375 2
2376 2
2377 2
2378 2
2379 2
2380 3
2381 2
2382 3
2383 2
2384 4
2385 2
2386 0
2387 2
2388 2
2389 2
2390 2
2391 2
2392 4
2393 2
2394 2
2395 2
2396 2
2397 2
2398 2
2399 2
2400 3
2401 2
2402 2
2403 2
2404 4
2405 3
2406 2
2407 2
2408 2
2409 2
2410 2
2411 2
2412 2
2413 2
2414 2
2415 2
2416 2
2417 2
2418 2
2419 2
2420 2
2421 2
2422 2
2423 2
2424 2
2425 2
2426 2
2427 2
2428 2
2429 2
2430 3
2431 2
2432 2
2433 2
2434 2
2435 2
2436 2
2437 2
2438 4
2439 2
2440 2
2441 2
2442 4
2443 3
2444 2
2445 2
2446 2
2447 2
2448 2
2449 2
2450 2
2451 2
2452 2
2453 3
2454 2
2455 2
2456 4
2457 2
2458 2
2459 2
2460 2
2461 2
2462 4
2463 2
2464 2
2465 2
2466 2
2467 2
2468 2
2469 4
2470 2
2471 2
2472 2
2473 2
2474 2
2475 2
2476 2
2477 2
2478 2
2479 2
2480 2
2481 4
2482 2
2483 2
2484 2
2485 2
2486 2
2487 2
2488 2
2489 2
2490 2
2491 2
2492 2
2493 2
2494 2
2495 2
2496 2
2497 2
2498 2
2499 2
2500 2
2501 2
2502 4
2503 2
2504 2
2505 2
2506 2
2507 2
2508 2
2509 2
2510 2
2511 4
2512 2
2513 2
2514 2
2515 2
2516 4
2517 2
2518 2
2519 3
2520 2
2521 2
2522 2
2523 2
2524 2
2525 2
2526 2
2527 2
2528 3
2529 2
2530 2
2531 2
2532 2
2533 4
2534 2
2535 4
2536 2
2537 2
2538 2
2539 2
2540 0
2541 2
2542 2
2543 2
2544 3
2545 4
2546 3
2547 2
2548 2
2549 2
2550 2
2551 3
2552 2
2553 4
2554 4
2555 2
2556 2
2557 4
2558 2
2559 2
2560 4
2561 2
2562 2
2563 0
2564 2
2565 2
2566 2
2567 2
2568 3
2569 2
2570 2
2571 2
2572 2
2573 2
2574 2
2575 2
2576 2
2577 2
2578 2
2579 2
2580 2
2581 2
2582 2
2583 2
2584 2
2585 2
2586 4
2587 2
2588 2
2589 3
2590 2
2591 3
2592 2
2593 2
2594 2
2595 2
2596 2
2597 0
2598 2
2599 2
2600 2
2601 2
2602 2
2603 2
2604 2
2605 2
2606 2
2607 2
2608 2
2609 2
2610 2
2611 4
2612 2
2613 2
2614 2
2615 3
2616 3
2617 2
2618 4
2619 0
2620 2
2621 2
2622 3
2623 2
2624 2
2625 2
2626 2
2627 2
2628 2
2629 2
2630 2
2631 2
2632 2
2633 2
2634 2
2635 2
2636 2
2637 2
2638 2
2639 2
2640 2
2641 2
2642 2
2643 3
2644 2
2645 2
2646 2
2647 2
2648 2
2649 2
2650 2
2651 2
2652 2
2653 2
2654 3
2655 2
2656 2
2657 2
2658 2
2659 2
2660 2
2661 4
2662 2
2663 0
2664 2
2665 4
2666 2
2667 4
2668 3
2669 3
2670 0
2671 3
2672 2
2673 3
2674 4
2675 3
2676 0
2677 3
2678 4
2679 3
2680 3
2681 3
2682 3
2683 3
2684 0
2685 3
2686 3
2687 3
2688 0
2689 3
2690 3
2691 2
2692 4
2693 3
2694 4
2695 3
2696 4
2697 3
2698 2
2699 3
2700 3
2701 3
2702 3
2703 2
2704 0
2705 3
2706 2
2707 4
2708 2
2709 0
2710 3
2711 3
2712 2
2713 4
2714 2
2715 2
2716 3
2717 2
2718 3
2719 2
2720 2
2721 3
2722 3
2723 3
2724 2
2725 2
2726 2
2727 2
2728 4
2729 0
2730 3
2731 0
2732 3
2733 3
2734 3
2735 2
2736 2
2737 2
2738 2
2739 2
2740 3
2741 2
2742 2
2743 3
2744 2
2745 2
2746 3
2747 2
2748 3
2749 3
2750 2
2751 2
2752 0
2753 0
2754 3
2755 3
2756 2
2757 2
2758 0
2759 2
2760 0
2761 4
2762 3
2763 2
2764 2
2765 4
2766 3
2767 2
2768 4
2769 2
2770 3
2771 3
2772 4
2773 0
2774 2
2775 3
2776 2
2777 4
2778 3
2779 2
2780 0
2781 2
2782 2
2783 2
2784 0
2785 0
2786 0
2787 3
2788 2
2789 3
2790 2
2791 3
2792 3
2793 2
2794 2
2795 3
2796 3
2797 0
2798 2
2799 2
2800 2
2801 3
2802 2
2803 3
2804 3
2805 3
2806 2
2807 3
2808 2
2809 2
2810 2
2811 0
2812 3
2813 3
2814 3
2815 4
2816 4
2817 4
2818 4
2819 0
2820 0
2821 3
2822 3
2823 3
2824 3
2825 3
2826 3
2827 3
2828 3
2829 3
2830 3
2831 3
2832 2
2833 0
2834 0
2835 3
2836 0
2837 3
2838 0
2839 2
2840 2
2841 3
2842 4
2843 4
2844 3
2845 3
2846 4
2847 3
2848 3
2849 2
2850 3
2851 2
2852 2
2853 0
2854 3
2855 3
2856 3
2857 3
2858 3
2859 3
2860 4
2861 4
2862 4
2863 2
2864 5
2865 5
2866 4
2867 3
2868 2
2869 4
2870 4
2871 2
2872 2
2873 3
2874 4
2875 3
2876 4
2877 4
2878 2
2879 4
2880 4
2881 2
2882 2
2883 2
2884 3
2885 4
2886 2
2887 2
2888 2
2889 3
2890 0
2891 2
2892 2
2893 4
2894 2
2895 2
2896 2
2897 3
2898 2
2899 3
2900 3
2901 3
2902 3
2903 0
2904 3
2905 3
2906 4
2907 3
2908 2
2909 3
2910 3
2911 3
2912 2
2913 4
2914 2
2915 2
2916 3
2917 0
2918 3
2919 4
2920 3
2921 2
2922 2
2923 2
2924 3
2925 4
2926 2
2927 4
2928 4
2929 2
2930 0
2931 4
2932 2
2933 4
2934 2
2935 0
2936 3
2937 3
2938 3
2939 4
2940 2
2941 2
2942 2
2943 4
2944 2
2945 2
2946 4
2947 0
2948 2
2949 2
2950 3
2951 4
2952 4
2953 3
2954 3
2955 3
2956 2
2957 3
2958 3
2959 0
2960 0
2961 3
2962 2
2963 3
2964 3
2965 3
2966 4
2967 0
2968 3
2969 2
2970 2
2971 4
2972 2
2973 3
2974 3
2975 3
2976 0
2977 3
2978 2
2979 4
2980 4
2981 3
2982 3
2983 2
2984 3
2985 3
2986 4
2987 4
2988 2
2989 0
2990 4
2991 2
2992 2
2993 3
2994 3
2995 3
2996 3
2997 3
2998 3
2999 3
3000 3
3001 3
3002 3
3003 3
3004 3
3005 3
3006 3
3007 3
3008 3
3009 3
3010 3
3011 0
3012 3
3013 3
3014 3
3015 3
3016 3
3017 3
3018 3
3019 3
3020 3
3021 3
3022 4
3023 4
3024 3
3025 3
3026 4
3027 4
3028 4
3029 4
3030 3
3031 0
3032 3
3033 0
3034 4
3035 2
3036 3
3037 4
3038 4
3039 2
3040 2
3041 4
3042 2
3043 3
3044 3
3045 3
3046 4
3047 4
3048 0
3049 4
3050 2
3051 4
3052 4
3053 3
3054 4
3055 4
3056 2
3057 4
3058 3
3059 3
3060 4
3061 2
3062 2
3063 0
3064 0
3065 0
3066 2
3067 4
3068 2
3069 3
3070 3
3071 2
3072 3
3073 3
3074 2
3075 2
3076 4
3077 0
3078 2
3079 3
3080 2
3081 4
3082 3
3083 4
3084 2
3085 4
3086 2
3087 2
3088 3
3089 3
3090 3
3091 3
3092 3
3093 3
3094 0
3095 2
3096 3
3097 2
3098 3
3099 3
3100 3
3101 3
3102 3
3103 3
3104 4
3105 3
3106 2
3107 2
3108 2
3109 2
3110 0
3111 0
3112 3
3113 0
3114 2
3115 4
3116 3
3117 2
3118 4
3119 3
3120 4
3121 2
3122 4
3123 2
3124 2
3125 3
3126 4
3127 2
3128 4
3129 2
3130 2
3131 4
3132 0
3133 2
3134 3
3135 4
3136 3
3137 3
3138 3
3139 3
3140 3
3141 3
3142 3
3143 3
3144 2
3145 2
3146 3
3147 3
3148 3
3149 2
3150 2
3151 3
3152 3
3153 3
3154 3
3155 3
3156 2
3157 3
3158 2
3159 4
3160 2
3161 3
3162 3
3163 2
3164 2
3165 3
3166 3
3167 4
3168 2
3169 3
3170 0
3171 4
3172 4
3173 4
3174 2
3175 2
3176 3
3177 2
3178 3
3179 3
3180 3
3181 2
3182 2
3183 2
3184 2
3185 2
3186 4
3187 2
3188 4
3189 2
3190 3
3191 4
3192 3
3193 3
3194 3
3195 3
3196 3
3197 3
3198 3
3199 3
3200 3
3201 3
3202 3
3203 3
3204 3
3205 3
3206 3
3207 3
3208 3
3209 4
3210 0
3211 4
3212 2
3213 2
3214 3
3215 3
3216 2
3217 2
3218 3
3219 0
3220 4
3221 2
3222 4
3223 4
3224 2
3225 0
3226 2
3227 2
3228 2
3229 2
3230 3
3231 2
3232 2
3233 4
3234 2
3235 0
3236 4
3237 3
3238 3
3239 3
3240 3
3241 3
3242 3
3243 4
3244 2
3245 4
3246 2
3247 2
3248 4
3249 2
3250 3
3251 4
3252 2
3253 3
3254 2
3255 3
3256 3
3257 4
3258 3
3259 2
3260 0
3261 0
3262 0
3263 3
3264 2
3265 2
3266 2
3267 4
3268 3
3269 3
3270 3
3271 3
3272 3
3273 3
3274 3
3275 2
3276 2
3277 0
3278 2
3279 3
3280 3
3281 2
3282 4
3283 4
3284 4
3285 0
3286 0
3287 2
3288 4
3289 4
3290 4
3291 3
3292 0
3293 3
3294 3
3295 3
3296 2
3297 4
3298 0
3299 4
3300 3
3301 2
3302 2
3303 4
3304 3
3305 3
3306 2
3307 3
3308 2
3309 2
3310 3
3311 0
3312 3
3313 3
3314 4
3315 3
3316 4
3317 2
3318 3
3319 3
3320 4
3321 2
3322 2
3323 4
3324 2
3325 4
3326 4
3327 3
3328 2
3329 4
3330 4
3331 4
3332 3
3333 2
3334 3
3335 3
3336 0
3337 3
3338 2
3339 2
3340 3
3341 3
3342 4
3343 3
3344 3
3345 3
3346 3
3347 3
3348 3
3349 2
3350 4
3351 2
3352 0
3353 4
3354 2
3355 2
3356 0
3357 3
3358 4
3359 2
3360 4
3361 2
3362 2
3363 2
3364 4
3365 4
3366 3
3367 3
3368 2
3369 4
3370 3
3371 4
3372 2
3373 4
3374 3
3375 3
3376 3
3377 3
3378 2
3379 0
3380 3
3381 2
3382 2
3383 3
3384 2
3385 4
3386 3
3387 4
3388 2
3389 2
3390 3
3391 4
3392 2
3393 2
3394 4
3395 3
3396 4
3397 4
3398 2
3399 4
3400 2
3401 2
3402 2
3403 3
3404 2
3405 3
3406 4
3407 3
3408 3
3409 3
3410 3
3411 3
3412 3
3413 3
3414 3
3415 3
3416 3
3417 3
3418 3
3419 3
3420 3
3421 3
3422 3
3423 3
3424 3
3425 3
3426 3
3427 3
3428 3
3429 3
3430 3
3431 3
3432 3
3433 3
3434 3
3435 3
3436 3
3437 3
3438 3
3439 3
3440 3
3441 3
3442 3
3443 3
3444 3
3445 3
3446 3
3447 3
3448 3
3449 3
3450 3
3451 3
3452 3
3453 3
3454 3
3455 3
3456 3
3457 3
3458 3
3459 3
3460 3
3461 3
3462 3
3463 3
3464 3
3465 3
3466 3
3467 3
3468 3
3469 3
3470 3
3471 3
3472 3
3473 3
3474 3
3475 3
3476 3
3477 3
3478 3
3479 3
3480 0
3481 4
3482 3
3483 4
3484 0
3485 4
3486 3
3487 2
3488 2
3489 2
3490 3
3491 2
3492 2
3493 4
3494 3
3495 3
3496 2
3497 2
3498 4
3499 3
3500 2
3501 3
3502 3
3503 4
3504 2
3505 4
3506 4
3507 3
3508 4
3509 3
3510 3
3511 4
3512 2
3513 4
3514 3
3515 4
3516 2
3517 4
3518 2
3519 2
3520 4
3521 0
3522 0
3523 2
3524 3
3525 3
3526 3
3527 4
3528 4
3529 4
3530 3
3531 2
3532 3
3533 4
3534 3
3535 4
3536 2
3537 4
3538 0
3539 2
3540 2
3541 2
3542 4
3543 2
3544 0
3545 2
3546 3
3547 4
3548 3
3549 2
3550 4
3551 2
3552 4
3553 2
3554 2
3555 3
3556 3
3557 3
3558 2
3559 3
3560 2
3561 3
3562 3
3563 3
3564 2
3565 3
3566 3
3567 3
3568 4
3569 2
3570 2
3571 4
3572 3
3573 3
3574 3
3575 3
3576 3
3577 3
3578 3
3579 3
3580 4
3581 3
3582 2
3583 3
3584 3
3585 3
3586 2
3587 4
3588 2
3589 2
3590 3
3591 2
3592 4
3593 3
3594 4
3595 4
3596 4
3597 3
3598 3
3599 2
3600 3
3601 2
3602 0
3603 3
3604 4
3605 3
3606 0
3607 4
3608 2
3609 2
3610 2
3611 4
3612 3
3613 3
3614 3
3615 2
3616 4
3617 2
3618 2
3619 3
3620 4
3621 4
3622 4
3623 3
3624 4
3625 3
3626 3
3627 4
3628 4
3629 3
3630 4
3631 4
3632 2
3633 4
3634 3
3635 3
3636 2
3637 2
3638 0
3639 4
3640 4
3641 0
3642 2
3643 3
3644 2
3645 2
3646 4
3647 3
3648 3
3649 4
3650 3
3651 3
3652 3
3653 3
3654 4
3655 2
3656 4
3657 3
3658 3
3659 3
3660 3
3661 3
3662 3
3663 2
3664 3
3665 0
3666 2
3667 4
3668 3
3669 3
3670 3
3671 3
3672 3
3673 0
3674 3
3675 3
3676 3
3677 3
3678 3
3679 3
3680 3
3681 3
3682 3
3683 3
3684 3
3685 3
3686 3
3687 3
3688 3
3689 2
3690 0
3691 3
3692 3
3693 3
3694 3
3695 3
3696 3
3697 3
3698 3
3699 3
3700 3
3701 3
3702 0
3703 4
3704 4
3705 0
3706 3
3707 2
3708 0
3709 2
3710 4
3711 3
3712 3
3713 3
3714 2
3715 4
3716 3
3717 4
3718 3
3719 3
3720 3
3721 2
3722 2
3723 3
3724 4
3725 3
3726 2
3727 4
3728 4
3729 3
3730 2
3731 3
3732 4
3733 3
3734 4
3735 3
3736 2
3737 4
3738 3
3739 4
3740 0
3741 3
3742 4
3743 4
3744 3
3745 3
3746 4
3747 4
3748 3
3749 0
3750 2
3751 3
3752 3
3753 2
3754 2
3755 4
3756 3
3757 3
3758 3
3759 3
3760 3
3761 3
3762 4
3763 3
3764 3
3765 3
3766 3
3767 2
3768 0
3769 3
3770 2
3771 3
3772 3
3773 3
3774 3
3775 3
3776 3
3777 3
3778 3
3779 3
3780 3
3781 3
3782 3
3783 3
3784 3
3785 3
3786 3
3787 3
3788 3
3789 3
3790 3
3791 3
3792 3
3793 3
3794 3
3795 3
3796 3
3797 3
3798 3
3799 3
3800 3
3801 3
3802 3
3803 3
3804 3
3805 3
3806 3
3807 3
3808 3
3809 3
3810 3
3811 3
3812 3
3813 2
3814 4
3815 2
3816 3
3817 2
3818 2
3819 3
3820 3
3821 3
3822 3
3823 3
3824 3
3825 3
3826 3
3827 3
3828 3
3829 3
3830 3
3831 3
3832 3
3833 3
3834 3
3835 2
3836 4
3837 3
3838 3
3839 3
3840 3
3841 3
3842 4
3843 2
3844 4
3845 4
3846 4
3847 0
3848 4
3849 2
3850 4
3851 3
3852 4
3853 2
3854 4
3855 3
3856 3
3857 0
3858 4
3859 2
3860 2
3861 3
3862 2
3863 0
3864 4
3865 3
3866 4
3867 2
3868 2
3869 4
3870 2
3871 4
3872 3
3873 0
3874 3
3875 2
3876 3
3877 2
3878 2
3879 3
3880 3
3881 3
3882 3
3883 3
3884 2
3885 3
3886 3
3887 2
3888 3
3889 3
3890 3
3891 3
3892 3
3893 2
3894 2
3895 4
3896 3
3897 3
3898 3
3899 3
3900 3
3901 3
3902 3
3903 3
3904 3
3905 3
3906 3
3907 3
3908 3
3909 3
3910 3
3911 3
3912 3
3913 3
3914 2
3915 2
3916 0
3917 0
3918 4
3919 2
3920 3
3921 4
3922 2
3923 3
3924 4
3925 2
3926 2
3927 0
3928 2
3929 2
3930 2
3931 2
3932 2
3933 2
3934 4
3935 3
3936 2
3937 2
3938 2
3939 4
3940 3
3941 3
3942 2
3943 3
3944 3
3945 3
3946 2
3947 4
3948 3
3949 4
3950 4
3951 2
3952 0
3953 4
3954 4
3955 3
3956 2
3957 2
3958 2
3959 3
3960 2
3961 3
3962 3
3963 4
3964 0
3965 2
3966 0
3967 2
3968 2
3969 3
3970 4
3971 2
3972 4
3973 3
3974 2
3975 2
3976 0
3977 2
3978 4
3979 2
3980 0
3981 2
3982 2
3983 4
3984 8
3985 3
3986 4
3987 3
3988 4
3989 2
3990 4
3991 0
3992 3
3993 4
3994 2
3995 3
3996 2
3997 3
3998 3
3999 2
4000 2
4001 2
4002 2
4003 2
4004 3
4005 3
4006 3
4007 3
4008 0
4009 2
4010 3
4011 4
4012 3
4013 2
4014 0
4015 3
4016 0
4017 3
4018 2
4019 3
4020 3
4021 2
4022 0
4023 3
4024 2
4025 2
4026 4
4027 4
4028 4
4029 4
4030 2
4031 3
4032 3
4033 3
4034 2
4035 0
4036 2
4037 3
4038 3
4039 4
4040 2
4041 2
4042 4
4043 2
4044 2
4045 2
4046 3
4047 2
4048 3
4049 3
4050 4
4051 4
4052 2
4053 3
4054 3
4055 2
4056 4
4057 2
4058 2
4059 4
4060 4
4061 3
4062 4
4063 3
4064 3
4065 2
4066 4
4067 4
4068 2
4069 3
4070 2
4071 3
4072 4
4073 3
4074 3
4075 3
4076 3
4077 2
4078 3
4079 3
4080 3
4081 3
4082 3
4083 3
4084 3
4085 3
4086 3
4087 3
4088 3
4089 2
4090 4
4091 3
4092 3
4093 3
4094 3
4095 3
4096 3
4097 3
4098 2
4099 3
4100 2
4101 0
4102 3
4103 3
4104 2
4105 2
4106 4
4107 4
4108 4
4109 0
4110 2
4111 4
4112 4
4113 4
4114 0
4115 2
4116 3
4117 3
4118 3
4119 3
4120 4
4121 3
4122 0
4123 2
4124 4
4125 2
4126 3
4127 3
4128 3
4129 3
4130 3
4131 3
4132 3
4133 3
4134 3
4135 3
4136 3
4137 3
4138 4
4139 4
4140 0
4141 3
4142 3
4143 3
4144 3
4145 3
4146 3
4147 3
4148 3
4149 3
4150 3
4151 3
4152 0
4153 2
4154 0
4155 2
4156 4
4157 4
4158 2
4159 4
4160 4
4161 3
4162 4
4163 2
4164 4
4165 3
4166 0
4167 3
4168 3
4169 3
4170 4
4171 3
4172 0
4173 4
4174 2
4175 3
4176 4
4177 4
4178 3
4179 3
4180 4
4181 4
4182 3
4183 2
4184 3
4185 3
4186 3
4187 3
4188 3
4189 4
4190 3
4191 3
4192 3
4193 3
4194 3
4195 2
4196 3
4197 2
4198 3
4199 3
4200 3
4201 3
4202 4
4203 4
4204 4
4205 4
4206 3
4207 2
4208 3
4209 2
4210 0
4211 2
4212 2
4213 4
4214 3
4215 4
4216 4
4217 2
4218 4
4219 4
4220 3
4221 3
4222 2
4223 3
4224 4
4225 4
4226 3
4227 2
4228 4
4229 3
4230 4
4231 4
4232 0
4233 3
4234 3
4235 3
4236 4
4237 3
4238 3
4239 4
4240 2
4241 0
4242 0
4243 3
4244 0
4245 4
4246 0
4247 2
4248 4
4249 4
4250 3
4251 3
4252 4
4253 4
4254 3
4255 3
4256 3
4257 4
4258 4
4259 3
4260 0
4261 3
4262 4
4263 0
4264 4
4265 2
4266 4
4267 2
4268 2
4269 4
4270 4
4271 4
4272 3
4273 4
4274 4
4275 0
4276 4
4277 3
4278 4
4279 4
4280 4
4281 0
4282 4
4283 4
4284 4
4285 4
4286 4
4287 4
4288 3
4289 4
4290 3
4291 0
4292 0
4293 4
4294 3
4295 3
4296 4
4297 4
4298 3
4299 4
4300 0
4301 0
4302 4
4303 0
4304 3
4305 4
4306 3
4307 3
4308 3
4309 3
4310 3
4311 3
4312 0
4313 0
4314 0
4315 3
4316 10
4317 3
4318 2
4319 4
4320 4
4321 3
4322 2
4323 3
4324 4
4325 4
4326 3
4327 0
4328 0
4329 0
4330 3
4331 3
4332 4
4333 2
4334 3
4335 3
4336 3
4337 3
4338 3
4339 3
4340 4
4341 3
4342 2
4343 4
4344 2
4345 2
4346 0
4347 0
4348 3
4349 3
4350 4
4351 3
4352 3
4353 3
4354 4
4355 3
4356 0
4357 3
4358 2
4359 2
4360 4
4361 4
4362 4
4363 4
4364 3
4365 4
4366 3
4367 4
4368 4
4369 4
4370 4
4371 4
4372 4
4373 4
4374 4
4375 3
4376 3
4377 4
4378 3
4379 4
4380 3
4381 4
4382 4
4383 0
4384 0
4385 3
4386 0
4387 3
4388 0
4389 3
4390 3
4391 4
4392 0
4393 4
4394 3
4395 3
4396 3
4397 4
4398 3
4399 0
4400 3
4401 4
4402 4
4403 4
4404 0
4405 3
4406 3
4407 2
4408 3
4409 4
4410 4
4411 4
4412 4
4413 0
4414 4
4415 4
4416 3
4417 3
4418 4
4419 0
4420 3
4421 3
4422 0
4423 3
4424 3
4425 3
4426 3
4427 4
4428 3
4429 4
4430 3
4431 4
4432 2
4433 0
4434 0
4435 4
4436 4
4437 3
4438 4
4439 4
4440 0
4441 4
4442 0
4443 4
4444 0
4445 3
4446 4
4447 0
4448 4
4449 4
4450 4
4451 4
4452 4
4453 0
4454 4
4455 4
4456 3
4457 4
4458 3
4459 3
4460 3
4461 4
4462 4
4463 4
4464 4
4465 0
4466 4
4467 0
4468 4
4469 4
4470 3
4471 3
4472 3
4473 0
4474 0
4475 0
4476 4
4477 4
4478 4
4479 4
4480 4
4481 3
4482 0
4483 4
4484 0
4485 4
4486 4
4487 3
4488 3
4489 4
4490 3
4491 0
4492 3
4493 0
4494 0
4495 4
4496 3
4497 3
4498 3
4499 4
4500 4
4501 4
4502 3
4503 0
4504 3
4505 3
4506 2
4507 0
4508 3
4509 3
4510 4
4511 4
4512 4
4513 3
4514 2
4515 0
4516 4
4517 0
4518 3
4519 3
4520 3
4521 3
4522 4
4523 0
4524 4
4525 0
4526 0
4527 0
4528 3
4529 3
4530 3
4531 0
4532 3
4533 3
4534 4
4535 3
4536 4
4537 0
4538 3
4539 3
4540 3
4541 4
4542 4
4543 3
4544 4
4545 4
4546 4
4547 4
4548 0
4549 0
4550 4
4551 0
4552 0
4553 4
4554 0
4555 4
4556 4
4557 3
4558 4
4559 3
4560 3
4561 3
4562 4
4563 4
4564 4
4565 4
4566 3
4567 3
4568 0
4569 3
4570 4
4571 4
4572 4
4573 2
4574 4
4575 0
4576 4
4577 4
4578 4
4579 4
4580 0
4581 4
4582 3
4583 3
4584 3
4585 0
4586 3
4587 0
4588 4
4589 4
4590 4
4591 3
4592 4
4593 4
4594 4
4595 4
4596 3
4597 4
4598 4
4599 4
4600 4
4601 0
4602 4
4603 3
4604 4
4605 4
4606 3
4607 4
4608 4
4609 4
4610 3
4611 3
4612 3
4613 3
4614 3
4615 3
4616 3
4617 3
4618 3
4619 3
4620 4
4621 4
4622 3
4623 3
4624 3
4625 0
4626 4
4627 4
4628 4
4629 4
4630 3
4631 3
4632 3
4633 0
4634 4
4635 3
4636 4
4637 3
4638 3
4639 3
4640 3
4641 3
4642 4
4643 0
4644 3
4645 4
4646 3
4647 4
4648 4
4649 4
4650 4
4651 3
4652 0
4653 4
4654 4
4655 4
4656 3
4657 3
4658 3
4659 3
4660 3
4661 3
4662 3
4663 3
4664 3
4665 4
4666 3
4667 3
4668 4
4669 4
4670 3
4671 3
4672 3
4673 0
4674 4
4675 4
4676 4
4677 3
4678 3
4679 4
4680 2
4681 3
4682 3
4683 3
4684 4
4685 4
4686 4
4687 4
4688 4
4689 3
4690 0
4691 3
4692 4
4693 3
4694 3
4695 3
4696 0
4697 3
4698 3
4699 0
4700 0
4701 4
4702 3
4703 2
4704 4
4705 3
4706 3
4707 3
4708 2
4709 3
4710 3
4711 4
4712 0
4713 4
4714 3
4715 3
4716 4
4717 0
4718 4
4719 4
4720 3
4721 4
4722 4
4723 3
4724 4
4725 4
4726 3
4727 3
4728 4
4729 4
4730 4
4731 3
4732 4
4733 4
4734 4
4735 2
4736 3
4737 0
4738 3
4739 2
4740 4
4741 4
4742 4
4743 4
4744 2
4745 4
4746 3
4747 3
4748 2
4749 3
4750 0
4751 3
4752 3
4753 3
4754 3
4755 4
4756 2
4757 4
4758 4
4759 3
4760 3
4761 4
4762 4
4763 4
4764 4
4765 4
4766 4
4767 4
4768 4
4769 4
4770 2
4771 4
4772 0
4773 4
4774 3
4775 4
4776 4
4777 3
4778 3
4779 0
4780 0
4781 0
4782 0
4783 0
4784 3
4785 3
4786 3
4787 0
4788 3
4789 0
4790 3
4791 4
4792 2
4793 3
4794 3
4795 3
4796 3
4797 0
4798 0
4799 3
4800 0
4801 3
4802 3
4803 3
4804 3
4805 4
4806 3
4807 8
4808 0
4809 3
4810 3
4811 3
4812 3
4813 3
4814 3
4815 3
4816 3
4817 3
4818 3
4819 3
4820 3
4821 0
4822 3
4823 3
4824 3
4825 3
4826 3
4827 4
4828 3
4829 4
4830 3
4831 0
4832 3
4833 3
4834 4
4835 3
4836 4
4837 3
4838 0
4839 3
4840 3
4841 3
4842 3
4843 3
4844 3
4845 3
4846 3
4847 3
4848 4
4849 0
4850 3
4851 3
4852 3
4853 4
4854 3
4855 3
4856 3
4857 3
4858 3
4859 3
4860 3
4861 3
4862 4
4863 3
4864 3
4865 3
4866 3
4867 0
4868 4
4869 3
4870 0
4871 3
4872 3
4873 3
4874 3
4875 3
4876 3
4877 3
4878 3
4879 3
4880 3
4881 3
4882 3
4883 0
4884 3
4885 3
4886 3
4887 4
4888 3
4889 8
4890 4
4891 3
4892 2
4893 3
4894 3
4895 3
4896 3
4897 3
4898 3
4899 3
4900 3
4901 3
4902 3
4903 0
4904 3
4905 3
4906 3
4907 4
4908 2
4909 3
4910 3
4911 0
4912 0
4913 0
4914 2
4915 0
4916 4
4917 0
4918 0
4919 0
4920 3
4921 4
4922 2
4923 3
4924 3
4925 3
4926 3
4927 3
4928 3
4929 0
4930 3
4931 3
4932 3
4933 4
4934 3
4935 3
4936 3
4937 3
4938 3
4939 3
4940 3
4941 4
4942 3
4943 3
4944 4
4945 4
4946 3
4947 3
4948 4
4949 2
4950 3
4951 3
4952 3
4953 3
4954 3
4955 3
4956 4
4957 3
4958 4
4959 4
4960 4
4961 4
4962 2
4963 4
4964 4
4965 4
4966 4
4967 4
4968 0
4969 4
4970 4
4971 4
4972 4
4973 3
4974 3
4975 3
4976 3
4977 3
4978 4
4979 0
4980 3
4981 4
4982 3
4983 3
4984 3
4985 3
4986 3
4987 3
4988 3
4989 3
4990 3
4991 3
4992 3
4993 3
4994 3
4995 3
4996 3
4997 4
4998 3
4999 3
5000 0
5001 3
5002 3
5003 3
5004 0
5005 3
5006 3
5007 3
5008 0
5009 3
5010 3
5011 4
5012 3
5013 3
5014 3
5015 3
5016 3
5017 3
5018 3
5019 3
5020 3
5021 3
5022 3
5023 0
5024 3
5025 3
5026 3
5027 3
5028 3
5029 3
5030 3
5031 3
5032 4
5033 0
5034 3
5035 3
5036 0
5037 0
5038 2
5039 0
5040 0
5041 0
5042 2
5043 0
5044 2
5045 4
5046 0
5047 3
5048 0
5049 3
5050 0
5051 3
5052 4
5053 4
5054 3
5055 4
5056 4
5057 3
5058 3
5059 3
5060 3
5061 3
5062 3
5063 0
5064 0
5065 3
5066 3
5067 3
5068 3
5069 6
5070 0
5071 4
5072 6
5073 6
5074 6
5075 3
5076 2
5077 4
5078 4
5079 4
5080 4
5081 4
5082 4
5083 3
5084 4
5085 4
5086 4
5087 2
5088 2
5089 4
5090 0
5091 0
5092 2
5093 4
5094 3
5095 4
5096 4
5097 4
5098 4
5099 4
5100 4
5101 4
5102 3
5103 4
5104 4
5105 4
5106 4
5107 4
5108 0
5109 4
5110 4
5111 3
5112 4
5113 3
5114 4
5115 4
5116 4
5117 4
5118 4
5119 4
5120 3
5121 3
5122 3
5123 4
5124 3
5125 4
5126 0
5127 2
5128 4
5129 2
5130 4
5131 4
5132 3
5133 4
5134 4
5135 4
5136 4
5137 4
5138 3
5139 3
5140 3
5141 0
5142 3
5143 3
5144 3
5145 4
5146 3
5147 3
5148 3
5149 4
5150 0
5151 3
5152 4
5153 3
5154 3
5155 2
5156 3
5157 2
5158 3
5159 2
5160 4
5161 3
5162 0
5163 3
5164 3
5165 2
5166 3
5167 3
5168 3
5169 3
5170 3
5171 2
5172 3
5173 4
5174 3
5175 3
5176 3
5177 3
5178 3
5179 3
5180 4
5181 2
5182 2
5183 4
5184 3
5185 4
5186 3
5187 4
5188 3
5189 4
5190 4
5191 3
5192 0
5193 3
5194 0
5195 4
5196 2
5197 3
5198 4
5199 3
5200 3
5201 0
5202 3
5203 3
5204 4
5205 0
5206 4
5207 4
5208 4
5209 4
5210 4
5211 4
5212 4
5213 3
5214 4
5215 3
5216 4
5217 4
5218 4
5219 2
5220 2
5221 4
5222 4
5223 4
5224 4
5225 3
5226 4
5227 3
5228 4
5229 3
5230 4
5231 4
5232 2
5233 2
5234 4
5235 3
5236 0
5237 0
5238 0
5239 0
5240 0
5241 0
5242 4
5243 4
5244 4
5245 4
5246 4
5247 4
5248 4
5249 2
5250 4
5251 2
5252 4
5253 4
5254 2
5255 3
5256 3
5257 3
5258 3
5259 3
5260 3
5261 3
5262 3
5263 2
5264 3
5265 3
5266 0
5267 4
5268 3
5269 3
5270 2
5271 4
5272 4
5273 4
5274 3
5275 3
5276 4
5277 3
5278 2
5279 4
5280 4
5281 4
5282 4
5283 4
5284 3
5285 0
5286 4
5287 4
5288 4
5289 4
5290 4
5291 4
5292 4
5293 0
5294 4
5295 4
5296 0
5297 4
5298 4
5299 4
5300 4
5301 4
5302 4
5303 3
5304 4
5305 4
5306 2
5307 4
5308 4
5309 4
5310 3
5311 4
5312 4
5313 4
5314 4
5315 3
5316 0
5317 4
5318 3
5319 4
5320 4
5321 0
5322 3
5323 4
5324 4
5325 4
5326 4
5327 3
5328 4
5329 4
5330 4
5331 4
5332 4
5333 4
5334 4
5335 4
5336 4
5337 4
5338 2
5339 4
5340 4
5341 3
5342 2
5343 4
5344 4
5345 4
5346 0
5347 3
5348 4
5349 0
5350 4
5351 3
5352 4
5353 4
5354 3
5355 4
5356 4
5357 4
5358 4
5359 4
5360 4
5361 2
5362 3
5363 4
5364 3
5365 0
5366 4
5367 3
5368 4
5369 4
5370 3
5371 4
5372 0
5373 4
5374 0
5375 3
5376 3
5377 4
5378 4
5379 4
5380 4
5381 3
5382 4
5383 4
5384 4
5385 2
5386 0
5387 4
5388 4
5389 2
5390 4
5391 4
5392 0
5393 4
5394 4
5395 4
5396 2
5397 4
5398 4
5399 3
5400 0
5401 4
5402 4
5403 4
5404 4
5405 4
5406 4
5407 4
5408 3
5409 4
5410 4
5411 4
5412 4
5413 4
5414 4
5415 3
5416 4
5417 3
5418 0
5419 2
5420 4
5421 4
5422 4
5423 4
5424 4
5425 4
5426 3
5427 4
5428 4
5429 4
5430 4
5431 4
5432 4
5433 4
5434 4
5435 4
5436 4
5437 3
5438 2
5439 4
5440 4
5441 4
5442 4
5443 4
5444 4
5445 4
5446 15
5447 4
5448 4
5449 4
5450 4
5451 4
5452 4
5453 4
5454 4
5455 4
5456 4
5457 3
5458 4
5459 4
5460 3
5461 4
5462 0
5463 0
5464 3
5465 4
5466 2
5467 4
5468 2
5469 4
5470 2
5471 4
5472 0
5473 3
5474 3
5475 3
5476 3
5477 3
5478 2
5479 3
5480 3
5481 3
5482 3
5483 3
5484 3
5485 3
5486 3
5487 3
5488 3
5489 3
5490 3
5491 3
5492 3
5493 3
5494 0
5495 0
5496 0
5497 4
5498 4
5499 3
5500 4
5501 4
5502 4
5503 3
5504 3
5505 3
5506 3
5507 3
5508 3
5509 3
5510 2
5511 3
5512 3
5513 4
5514 3
5515 3
5516 2
5517 3
5518 3
5519 2
5520 4
5521 2
5522 3
5523 3
5524 3
5525 4
5526 0
5527 0
5528 4
5529 2
5530 4
5531 4
5532 2
5533 4
5534 4
5535 3
5536 3
5537 2
5538 0
5539 0
5540 3
5541 0
5542 0
5543 4
5544 0
5545 4
5546 0
5547 4
5548 3
5549 4
5550 0
5551 4
5552 2
5553 3
5554 3
5555 3
5556 2
5557 2
5558 3
5559 4
5560 3
5561 4
5562 3
5563 3
5564 3
5565 3
5566 2
5567 3
5568 4
5569 0
5570 0
5571 4
5572 4
5573 0
5574 0
5575 3
5576 0
5577 3
5578 0
5579 4
5580 0
5581 4
5582 3
5583 0
5584 3
5585 3
5586 4
5587 3
5588 3
5589 3
5590 3
5591 3
5592 3
5593 3
5594 3
5595 3
5596 0
5597 0
5598 3
5599 2
5600 3
5601 3
5602 2
5603 4
5604 3
5605 3
5606 3
5607 3
5608 3
5609 2
5610 3
5611 2
5612 3
5613 2
5614 3
5615 4
5616 3
5617 4
5618 4
5619 4
5620 3
5621 3
5622 4
5623 4
5624 0
5625 3
5626 3
5627 4
5628 3
5629 4
5630 4
5631 0
5632 0
5633 4
5634 4
5635 3
5636 2
5637 3
5638 3
5639 4
5640 4
5641 4
5642 4
5643 4
5644 3
5645 2
5646 4
5647 2
5648 3
5649 3
5650 4
5651 4
5652 3
5653 2
5654 4
5655 4
5656 2
5657 3
5658 4
5659 4
5660 3
5661 3
5662 4
5663 4
5664 3
5665 3
5666 2
5667 4
5668 4
5669 4
5670 3
5671 3
5672 3
5673 4
5674 0
5675 4
5676 4
5677 4
5678 3
5679 3
5680 4
5681 0
5682 3
5683 3
5684 3
5685 0
5686 4
5687 4
5688 3
5689 3
5690 3
5691 4
5692 3
5693 3
5694 3
5695 4
5696 4
5697 4
5698 4
5699 4
5700 3
5701 3
5702 3
5703 3
5704 4
5705 2
5706 4
5707 3
5708 2
5709 4
5710 4
5711 4
5712 4
5713 3
5714 3
5715 0
5716 4
5717 4
5718 3
5719 0
5720 4
5721 0
5722 3
5723 4
5724 4
5725 3
5726 3
5727 4
5728 3
5729 3
5730 3
5731 3
5732 3
5733 3
5734 3
5735 3
5736 3
5737 3
5738 3
5739 3
5740 3
5741 3
5742 3
5743 3
5744 4
5745 4
5746 3
5747 4
5748 4
5749 4
5750 3
5751 3
5752 3
5753 3
5754 3
5755 2
5756 4
5757 4
5758 3
5759 4
5760 0
5761 4
5762 3
5763 3
5764 4
5765 3
5766 4
5767 4
5768 3
5769 0
5770 3
5771 3
5772 3
5773 2
5774 4
5775 3
5776 4
5777 2
5778 4
5779 3
5780 3
5781 4
5782 3
5783 4
5784 4
5785 4
5786 4
5787 3
5788 4
5789 4
5790 4
5791 4
5792 2
5793 4
5794 3
5795 4
5796 4
5797 3
5798 0
5799 3
5800 3
5801 4
5802 4
5803 3
5804 0
5805 4
5806 0
5807 4
5808 4
5809 4
5810 0
5811 0
5812 3
5813 3
5814 0
5815 4
5816 4
5817 3
5818 3
5819 3
5820 3
5821 4
5822 3
5823 0
5824 3
5825 0
5826 4
5827 4
5828 3
5829 3
5830 3
5831 3
5832 4
5833 3
5834 2
5835 3
5836 4
5837 3
5838 3
5839 4
5840 4
5841 2
5842 4
5843 3
5844 2
5845 3
5846 4
5847 3
5848 2
5849 3
5850 3
5851 4
5852 4
5853 4
5854 0
5855 4
5856 3
5857 4
5858 3
5859 3
5860 4
5861 3
5862 3
5863 3
5864 3
5865 3
5866 4
5867 4
5868 0
5869 4
5870 2
5871 3
5872 2
5873 0
5874 0
5875 4
5876 4
5877 3
5878 4
5879 8
5880 3
5881 4
5882 3
5883 4
5884 0
5885 4
5886 2
5887 4
5888 4
5889 4
5890 4
5891 3
5892 4
5893 4
5894 4
5895 3
5896 2
5897 3
5898 4
5899 4
5900 4
5901 3
5902 4
5903 4
5904 0
5905 4
5906 3
5907 4
5908 0
5909 0
5910 4
5911 3
5912 4
5913 4
5914 4
5915 0
5916 3
5917 3
5918 4
5919 2
5920 2
5921 3
5922 3
5923 3
5924 3
5925 3
5926 3
5927 3
5928 3
5929 3
5930 3
5931 3
5932 3
5933 4
5934 4
5935 0
5936 4
5937 4
5938 3
5939 0
5940 4
5941 4
5942 4
5943 4
5944 4
5945 4
5946 4
5947 3
5948 3
5949 3
5950 4
5951 3
5952 4
5953 4
5954 3
5955 3
5956 3
5957 4
5958 4
5959 3
5960 4
5961 3
5962 3
5963 4
5964 3
5965 2
5966 3
5967 3
5968 4
5969 2
5970 4
5971 4
5972 0
5973 4
5974 3
5975 3
5976 4
5977 2
5978 3
5979 3
5980 0
5981 0
5982 4
5983 2
5984 3
5985 3
5986 2
5987 4
5988 4
5989 4
5990 4
5991 4
5992 4
5993 4
5994 3
5995 3
5996 4
5997 0
5998 0
5999 3
6000 3
6001 3
6002 4
6003 4
6004 4
6005 4
6006 3
6007 3
6008 2
6009 0
6010 4
6011 4
6012 3
6013 4
6014 3
6015 0
6016 3
6017 3
6018 2
6019 4
6020 4
6021 4
6022 4
6023 3
6024 4
6025 4
6026 4
6027 3
6028 3
6029 4
6030 4
6031 3
6032 2
6033 4
6034 4
6035 4
6036 3
6037 4
6038 4
6039 3
6040 4
6041 3
6042 4
6043 3
6044 0
6045 4
6046 3
6047 4
6048 2
6049 3
6050 4
6051 3
6052 4
6053 4
6054 3
6055 4
6056 4
6057 4
6058 4
6059 4
6060 4
6061 3
6062 3
6063 4
6064 4
6065 4
6066 4
6067 4
6068 0
6069 3
6070 3
6071 0
6072 4
6073 15
6074 4
6075 2
6076 3
6077 4
6078 4
6079 0
6080 3
6081 4
6082 4
6083 0
6084 0
6085 4
6086 3
6087 4
6088 3
6089 0
6090 4
6091 8
6092 3
6093 3
6094 4
6095 3
6096 4
6097 4
6098 3
6099 3
6100 3
6101 3
6102 3
6103 3
6104 3
6105 4
6106 4
6107 3
6108 3
6109 4
6110 4
6111 2
6112 3
6113 4
6114 4
6115 0
6116 4
6117 3
6118 4
6119 3
6120 4
6121 3
6122 3
6123 4
6124 3
6125 0
6126 3
6127 4
6128 2
6129 3
6130 3
6131 4
6132 3
6133 3
6134 4
6135 4
6136 3
6137 2
6138 0
6139 4
6140 0
6141 3
6142 3
6143 3
6144 0
6145 3
6146 3
6147 3
6148 3
6149 3
6150 3
6151 3
6152 0
6153 3
6154 3
6155 4
6156 3
6157 3
6158 3
6159 3
6160 3
6161 0
6162 0
6163 3
6164 3
6165 3
6166 3
6167 0
6168 4
6169 3
6170 4
6171 4
6172 0
6173 4
6174 4
6175 2
6176 3
6177 2
6178 4
6179 2
6180 3
6181 3
6182 3
6183 0
6184 2
6185 0
6186 0
6187 4
6188 4
6189 4
6190 3
6191 4
6192 3
6193 4
6194 0
6195 0
6196 4
6197 3
6198 4
6199 3
6200 3
6201 3
6202 3
6203 4
6204 4
6205 4
6206 3
6207 4
6208 3
6209 4
6210 3
6211 3
6212 3
6213 3
6214 3
6215 3
6216 3
6217 3
6218 3
6219 3
6220 3
6221 3
6222 3
6223 3
6224 3
6225 3
6226 3
6227 4
6228 2
6229 2
6230 4
6231 2
6232 4
6233 4
6234 3
6235 3
6236 4
6237 3
6238 3
6239 3
6240 3
6241 3
6242 4
6243 3
6244 4
6245 4
6246 0
6247 4
6248 4
6249 3
6250 4
6251 2
6252 4
6253 3
6254 3
6255 3
6256 3
6257 4
6258 4
6259 3
6260 4
6261 3
6262 4
6263 0
6264 3
6265 4
6266 3
6267 4
6268 4
6269 4
6270 3
6271 4
6272 3
6273 4
6274 4
6275 3
6276 3
6277 3
6278 3
6279 3
6280 4
6281 3
6282 4
6283 3
6284 3
6285 0
6286 4
6287 3
6288 4
6289 0
6290 3
6291 3
6292 8
6293 4
6294 4
6295 3
6296 2
6297 4
6298 0
6299 4
6300 4
6301 3
6302 4
6303 3
6304 3
6305 4
6306 3
6307 3
6308 3
6309 4
6310 0
6311 0
6312 4
6313 4
6314 4
6315 4
6316 4
6317 4
6318 4
6319 3
6320 4
6321 3
6322 0
6323 3
6324 4
6325 4
6326 3
6327 3
6328 3
6329 3
6330 0
6331 4
6332 3
6333 3
6334 4
6335 3
6336 3
6337 4
6338 4
6339 3
6340 3
6341 4
6342 4
6343 4
6344 3
6345 4
6346 3
6347 0
6348 3
6349 3
6350 0
6351 0
6352 4
6353 0
6354 4
6355 4
6356 4
6357 4
6358 3
6359 4
6360 3
6361 4
6362 3
6363 4
6364 4
6365 0
6366 3
6367 4
6368 4
6369 3
6370 4
6371 3
6372 3
6373 4
6374 4
6375 4
6376 0
6377 4
6378 4
6379 4
6380 0
6381 0
6382 0
6383 0
6384 3
6385 2
6386 3
6387 3
6388 3
6389 3
6390 3
6391 3
6392 4
6393 4
6394 2
6395 4
6396 4
6397 2
6398 0
6399 0
6400 4
6401 3
6402 4
6403 3
6404 4
6405 0
6406 4
6407 4
6408 4
6409 3
6410 0
6411 4
6412 4
6413 3
6414 3
6415 4
6416 0
6417 4
6418 4
6419 4
6420 4
6421 4
6422 2
6423 4
6424 4
6425 3
6426 3
6427 3
6428 4
6429 4
6430 3
6431 4
6432 0
6433 3
6434 3
6435 3
6436 4
6437 4
6438 4
6439 4
6440 3
6441 4
6442 3
6443 3
6444 3
6445 3
6446 2
6447 3
6448 3
6449 3
6450 3
6451 3
6452 3
6453 3
6454 4
6455 0
6456 3
6457 0
6458 4
6459 4
6460 2
6461 4
6462 4
6463 4
6464 2
6465 3
6466 2
6467 2
6468 0
6469 2
6470 2
6471 2
6472 2
6473 2
6474 2
6475 0
6476 2
6477 4
6478 4
6479 4
6480 0
6481 0
6482 4
6483 2
6484 2
6485 4
6486 4
6487 3
6488 0
6489 3
6490 2
6491 4
6492 3
6493 3
6494 3
6495 3
6496 2
6497 4
6498 4
6499 4
6500 0
6501 0
6502 4
6503 0
6504 0
6505 2
6506 3
6507 3
6508 14
6509 4
6510 4
6511 4
6512 3
6513 3
6514 0
6515 4
6516 0
6517 3
6518 3
6519 3
6520 4
6521 3
6522 3
6523 8
6524 3
6525 3
6526 4
6527 3
6528 0
6529 3
6530 3
6531 4
6532 4
6533 4
6534 4
6535 0
6536 3
6537 3
6538 4
6539 4
6540 2
6541 3
6542 3
6543 3
6544 4
6545 3
6546 2
6547 3
6548 3
6549 3
6550 4
6551 3
6552 3
6553 3
6554 4
6555 3
6556 0
6557 3
6558 3
6559 3
6560 4
6561 2
6562 4
6563 4
6564 3
6565 4
6566 4
6567 2
6568 4
6569 4
6570 4
6571 3
6572 0
6573 3
6574 3
6575 0
6576 3
6577 3
6578 3
6579 3
6580 3
6581 4
6582 3
6583 3
6584 3
6585 4
6586 3
6587 3
6588 3
6589 3
6590 3
6591 3
6592 3
6593 4
6594 4
6595 4
6596 4
6597 3
6598 3
6599 3
6600 3
6601 3
6602 3
6603 3
6604 4
6605 3
6606 3
6607 3
6608 3
6609 3
6610 4
6611 4
6612 3
6613 4
6614 0
6615 4
6616 4
6617 3
6618 0
6619 3
6620 3
6621 3
6622 3
6623 3
6624 3
6625 3
6626 3
6627 4
6628 4
6629 4
6630 4
6631 4
6632 3
6633 3
6634 2
6635 2
6636 0
6637 4
6638 4
6639 3
6640 3
6641 7
6642 7
6643 4
6644 3
6645 3
6646 4
6647 4
6648 3
6649 8
6650 4
6651 4
6652 4
6653 0
6654 3
6655 0
6656 2
6657 2
6658 2
6659 2
6660 2
6661 2
6662 3
6663 3
6664 0
6665 2
6666 2
6667 0
6668 3
6669 3
6670 3
6671 4
6672 4
6673 3
6674 3
6675 3
6676 0
6677 3
6678 0
6679 3
6680 3
6681 3
6682 3
6683 3
6684 3
6685 3
6686 4
6687 0
6688 0
6689 4
6690 4
6691 4
6692 0
6693 0
6694 0
6695 3
6696 0
6697 0
6698 0
6699 3
6700 3
6701 0
6702 0
6703 3
6704 3
6705 0
6706 0
6707 4
6708 4
6709 0
6710 2
6711 4
6712 4
6713 4
6714 2
6715 3
6716 4
6717 4
6718 4
6719 4
6720 3
6721 3
6722 0
6723 9
6724 4
6725 9
6726 9
6727 4
6728 4
6729 3
6730 0
6731 3
6732 3
6733 3
6734 4
6735 3
6736 3
6737 3
6738 3
6739 3
6740 3
6741 3
6742 3
6743 3
6744 3
6745 3
6746 3
6747 3
6748 3
6749 3
6750 3
6751 3
6752 3
6753 3
6754 3
6755 3
6756 3
6757 3
6758 2
6759 3
6760 3
6761 4
6762 3
6763 2
6764 3
6765 4
6766 2
6767 4
6768 4
6769 4
6770 4
6771 2
6772 4
6773 0
6774 0
6775 4
6776 0
6777 4
6778 3
6779 0
6780 2
6781 3
6782 3
6783 3
6784 0
6785 4
6786 0
6787 4
6788 0
6789 3
6790 3
6791 3
6792 3
6793 3
6794 3
6795 3
6796 3
6797 0
6798 3
6799 2
6800 10
6801 0
6802 8
6803 12
6804 10
6805 10
6806 10
6807 3
6808 8
6809 10
6810 2
6811 4
6812 3
6813 2
6814 0
6815 3
6816 3
6817 3
6818 3
6819 0
6820 0
6821 4
6822 0
6823 2
6824 3
6825 3
6826 3
6827 3
6828 4
6829 3
6830 3
6831 2
6832 2
6833 3
6834 3
6835 0
6836 0
6837 0
6838 4
6839 4
6840 3
6841 3
6842 8
6843 0
6844 0
6845 0
6846 0
6847 3
6848 3
6849 3
6850 3
6851 3
6852 3
6853 3
6854 3
6855 3
6856 3
6857 3
6858 3
6859 3
6860 3
6861 3
6862 3
6863 3
6864 3
6865 3
6866 3
6867 3
6868 3
6869 2
6870 3
6871 3
6872 0
6873 4
6874 2
6875 4
6876 3
6877 3
6878 3
6879 3
6880 3
6881 0
6882 4
6883 4
6884 4
6885 3
6886 3
6887 0
6888 2
6889 2
6890 2
6891 0
6892 0
6893 4
6894 2
6895 2
6896 0
6897 3
6898 3
6899 0
6900 3
6901 0
6902 0
6903 4
6904 0
6905 0
6906 4
6907 3
6908 3
6909 3
6910 4
6911 2
6912 4
6913 2
6914 0
6915 0
6916 15
6917 4
6918 2
6919 3
6920 3
6921 3
6922 3
6923 3
6924 3
6925 3
6926 0
6927 3
6928 0
6929 3
6930 4
6931 3
6932 3
6933 4
6934 2
6935 2
6936 3
6937 3
6938 3
6939 4
6940 3
6941 3
6942 3
6943 3
6944 3
6945 4
6946 3
6947 3
6948 3
6949 3
6950 3
6951 3
6952 3
6953 0
6954 3
6955 3
6956 3
6957 3
6958 3
6959 3
6960 3
6961 3
6962 3
6963 3
6964 3
6965 3
6966 3
6967 3
6968 3
6969 3
6970 3
6971 3
6972 3
6973 3
6974 3
6975 3
6976 3
6977 3
6978 3
6979 3
6980 3
6981 3
6982 0
6983 4
6984 4
6985 4
6986 0
6987 2
6988 0
6989 3
6990 3
6991 4
6992 3
6993 3
6994 3
6995 3
6996 0
6997 0
6998 0
6999 2
7000 4
7001 3
7002 3
7003 0
7004 0
7005 3
7006 3
7007 3
7008 4
7009 4
7010 4
7011 3
7012 4
7013 4
7014 2
7015 4
7016 11
7017 11
7018 11
7019 11
7020 2
7021 3
7022 2
7023 0
7024 3
7025 0
7026 0
7027 2
7028 0
7029 4
7030 3
7031 3
7032 3
7033 3
7034 0
7035 0
7036 4
7037 4
7038 3
7039 3
7040 3
7041 3
7042 3
7043 3
7044 3
7045 3
7046 2
7047 3
7048 3
7049 3
7050 3
7051 3
7052 3
7053 8
7054 4
7055 12
7056 12
7057 12
7058 12
7059 12
7060 8
7061 8
7062 12
7063 12
7064 12
7065 8
7066 12
7067 3
7068 8
7069 12
7070 8
7071 12
7072 12
7073 8
7074 12
7075 4
7076 12
7077 4
7078 12
7079 0
7080 0
7081 2
7082 4
7083 0
7084 0
7085 4
7086 0
7087 3
7088 0
7089 0
7090 0
7091 4
7092 3
7093 3
7094 3
7095 1
7096 0
7097 0
7098 3
7099 3
7100 4
7101 4
7102 4
7103 4
7104 4
7105 4
7106 0
7107 0
7108 0
7109 0
7110 0
7111 0
7112 0
7113 0
7114 4
7115 3
7116 3
7117 3
7118 3
7119 3
7120 4
7121 0
7122 4
7123 0
7124 13
7125 13
7126 4
7127 4
7128 4
7129 4
7130 4
7131 0
7132 0
7133 0
7134 4
7135 2
7136 0
7137 3
7138 4
7139 4
7140 3
7141 0
7142 0
7143 3
7144 3
7145 3
7146 3
7147 3
7148 3
7149 2
7150 0
7151 2
7152 4
7153 3
7154 3
7155 3
7156 2
7157 4
7158 3
7159 3
7160 3
7161 3
7162 3
7163 0
7164 4
7165 3
7166 3
7167 3
7168 3
7169 3
7170 3
7171 3
7172 3
7173 3
7174 3
7175 3
7176 3
7177 3
7178 3
7179 3
7180 3
7181 3
7182 3
7183 3
7184 3
7185 3
7186 3
7187 3
7188 3
7189 3
7190 3
7191 3
7192 3
7193 3
7194 0
7195 0
7196 0
7197 3
7198 3
7199 3
7200 3
7201 3
7202 3
7203 3
7204 0
7205 3
7206 0
7207 0
7208 0
7209 0
7210 3
7211 3
7212 3
7213 3
7214 3
7215 3
7216 4
7217 0
7218 3
7219 3
7220 3
7221 3
7222 3
7223 3
7224 3
7225 4
7226 1
7227 1
7228 4
7229 1
7230 3
7231 2
7232 0
7233 3
7234 4
7235 0
7236 4
7237 3
7238 3
7239 3
7240 3
7241 3
7242 3
7243 3
7244 3
7245 3
7246 3
7247 3
7248 4
7249 2
7250 3
7251 14
7252 14
7253 14
7254 4
7255 8
7256 8
7257 8
7258 8
7259 8
7260 8
7261 8
7262 8
7263 8
7264 8
7265 8
7266 8
7267 8
7268 8
7269 8
7270 8
7271 8
7272 8
7273 8
7274 8
7275 8
7276 8
7277 8
7278 8
7279 8
7280 8
7281 8
7282 8
7283 8
7284 8
7285 8
7286 8
7287 8
7288 8
7289 8
7290 8
7291 3
7292 4
7293 3
7294 3
7295 3
7296 3
7297 3
7298 4
7299 0
7300 3
7301 3
7302 3
7303 3
7304 3
7305 0
7306 3
7307 3
7308 3
7309 3
7310 3
7311 3
7312 3
7313 3
7314 3
7315 3
7316 3
7317 3
7318 3
7319 4
7320 3
7321 2
7322 4
7323 3
7324 3
7325 3
7326 4
7327 2
7328 3
7329 3
7330 3
7331 3
7332 0
7333 3
7334 3
7335 3
7336 3
7337 3
7338 3
7339 3
7340 3
7341 3
7342 3
7343 3
7344 3
7345 4
7346 4
7347 4
7348 4
7349 3
7350 4
7351 4
7352 4
7353 4
7354 4
7355 4
7356 4
7357 4
7358 4
7359 4
7360 4
7361 4
7362 4
7363 4
7364 4
7365 4
7366 4
7367 4
7368 2
7369 4
7370 4
7371 4
7372 4
7373 2
7374 3
7375 4
7376 4
7377 4
7378 4
7379 4
7380 4
7381 4
7382 0
7383 4
7384 4
7385 2
7386 2
7387 2
7388 2
7389 2
7390 2
7391 2
7392 0
7393 3
7394 4
7395 0
7396 2
7397 4
7398 4
7399 4
7400 4
7401 4
7402 3
7403 0
7404 0
7405 4
7406 3
7407 2
7408 4
7409 4
7410 4
7411 4
7412 4
7413 4
7414 4
7415 0
7416 4
7417 4
7418 4
7419 4
7420 2
7421 0
7422 4
7423 0
7424 4
7425 2
7426 0
7427 3
7428 3
7429 2
7430 4
7431 3
7432 2
7433 3
7434 3
7435 3
7436 4
7437 3
7438 3
7439 3
7440 0
7441 3
7442 3
7443 3
7444 3
7445 3
7446 0
7447 3
7448 0
7449 0
7450 0
7451 0
7452 3
7453 0
7454 0
7455 3
7456 15
7457 15
7458 4
7459 15
7460 3
7461 15
7462 13
7463 4
7464 2
7465 15
7466 15
7467 15
7468 15
7469 15
7470 15
7471 15
7472 15
7473 15
7474 15
7475 15
7476 4
7477 0
7478 15
7479 15
7480 15
7481 0
7482 0
7483 0
7484 0
7485 3
7486 2
7487 2
7488 0
7489 0
7490 0
7491 0
7492 3
7493 3
7494 3
7495 3
7496 3
7497 3
7498 3
7499 3
7500 4
7501 3
7502 4
7503 4
7504 4
7505 3
7506 3
7507 3
7508 3
7509 3
7510 3
7511 3
7512 3
7513 3
7514 3
7515 3
7516 3
7517 3
7518 3
7519 3
7520 3
7521 0
7522 3
7523 2
7524 2
7525 4
7526 0
7527 0
7528 0
7529 3
7530 3
7531 3
7532 3
7533 3
7534 3
7535 3
7536 3
7537 3
7538 3
7539 3
7540 3
7541 3
7542 0
7543 3
7544 3
7545 3
7546 3
7547 3
7548 3
7549 3
7550 3
7551 3
7552 3
7553 0
7554 4
7555 3
7556 3
7557 3
7558 4
7559 4
7560 4
7561 4
7562 4
7563 4
7564 4
7565 4
7566 4
7567 4
7568 1
7569 0
7570 4
7571 3
7572 0
7573 0
7574 3
7575 4
7576 4
7577 4
7578 0
7579 4
7580 3
7581 4
7582 4
7583 3
7584 2
7585 2
7586 3
7587 2
7588 3
7589 3
7590 3
7591 3
7592 3
7593 3
7594 3
7595 3
7596 0
7597 2
7598 4
7599 0
7600 0
7601 4
7602 3
7603 4
7604 2
7605 3
7606 3
7607 0
7608 3
7609 3
7610 0
7611 0
7612 0
7613 0
7614 0
7615 4
7616 3
7617 3
7618 3
7619 3
7620 3
7621 0
7622 0
7623 0
7624 0
7625 3
7626 0
7627 4
7628 4
7629 4
7630 4
7631 4
7632 4
7633 4
7634 4
7635 4
7636 4
7637 0
7638 4
7639 0
7640 4
7641 4
7642 4
7643 4
7644 2
7645 4
7646 4
7647 0
7648 0
7649 0
7650 0
7651 0
7652 3
7653 3
7654 3
7655 0
7656 4
7657 4
7658 2
7659 4
7660 4
7661 3
7662 3
7663 3
7664 4
7665 3
7666 3
7667 3
7668 4
7669 4
7670 4
7671 4
7672 0
7673 0
7674 0
7675 0
7676 0
7677 0
7678 0
7679 0
7680 0
7681 0
7682 4
7683 0
7684 0
7685 0
7686 3
7687 3
7688 3
7689 3
7690 3
7691 3
7692 3
7693 3
7694 3
7695 3
7696 3
7697 3
7698 3
7699 3
7700 3
7701 3
7702 3
7703 3
7704 3
7705 3
7706 3
7707 3
7708 3
7709 3
7710 3
7711 3
7712 3
7713 3
7714 3
7715 3
7716 3
7717 3
7718 3
7719 3
7720 3
7721 3
7722 3
7723 3
7724 3
7725 3
7726 3
7727 0
7728 0
7729 0
7730 0
7731 0
7732 4
7733 4
7734 0
7735 0
7736 4
7737 4
7738 4
7739 4
7740 4
7741 0
7742 0
7743 0
7744 2
7745 0
7746 0
7747 0
7748 0
7749 0
7750 0
7751 0
7752 0
7753 0
7754 2
7755 3
7756 3
7757 2
7758 0
7759 0
7760 2
7761 2
7762 2
7763 0
7764 0
7765 3
7766 2
7767 0
7768 0
7769 0
7770 4
7771 3
7772 2
7773 0
7774 13
7775 0
7776 0
7777 0
7778 0
7779 3
7780 3
7781 3
7782 3
7783 3
7784 4
7785 3
7786 4
7787 3
7788 3
7789 3
7790 1
7791 1
7792 1
7793 1
7794 1
7795 1
7796 1
7797 2
7798 0
7799 3
7800 2
7801 4
7802 3
7803 0
7804 0
7805 0
7806 0
7807 3
7808 3
7809 3
7810 3
7811 3
7812 3
7813 2
7814 0
7815 0
7816 0
7817 0
7818 0
7819 0
7820 0
7821 0
7822 4
7823 3
7824 3
7825 3
7826 3
7827 3
7828 3
7829 3
7830 3
7831 3
7832 3
7833 3
7834 3
7835 3
7836 0
7837 3
7838 3
7839 0
7840 3
7841 3
7842 0
7843 3
7844 3
7845 3
7846 3
7847 4
7848 4
7849 4
7850 3
7851 3
7852 3
7853 2
7854 0
7855 3
7856 3
7857 2
7858 2
7859 0
7860 4
7861 2
7862 3
7863 3
7864 3
7865 3
7866 3
7867 0
7868 0
7869 3
7870 3
7871 3
7872 3
7873 0
7874 0
7875 4
7876 4
7877 0
7878 0
7879 3
7880 0
7881 3
7882 3
7883 0
7884 0
7885 4
7886 13
7887 13
7888 13
7889 13
7890 13
7891 13
7892 13
7893 13
7894 13
7895 0
7896 0
7897 0
7898 0
7899 2
7900 2
7901 4
7902 4
7903 4
7904 4
7905 4
7906 4
7907 4
7908 2
7909 2
7910 2
7911 2
7912 3
7913 3
7914 3
7915 2
7916 0
7917 3
7918 3
7919 3
7920 3
7921 0
7922 0
7923 0
7924 3
7925 3
7926 0
7927 2
7928 2
7929 2
7930 2
7931 2
7932 3
7933 3
7934 16
7935 3
7936 4
7937 3
7938 4
7939 4
7940 4
7941 4
7942 4
7943 2
7944 3
7945 0
7946 16
7947 16
7948 0
7949 3
7950 2
7951 2
7952 0
7953 3
7954 3
7955 3
7956 0
7957 0
7958 0
7959 3
7960 0
7961 0
7962 0
7963 0
7964 3
7965 0
7966 3
7967 3
7968 3
7969 3
7970 0
7971 3
7972 3
7973 3
7974 3
7975 3
7976 3
7977 3
7978 3
7979 3
7980 3
7981 3
7982 3
7983 3
7984 3
7985 3
7986 0
7987 0
7988 3
7989 3
7990 3
7991 2
7992 2
7993 2
7994 0
7995 0
7996 0
0 2
1 4
2 3
3 5
4 4
5 4
6 0
7 4
8 1
9 4
10 1
11 4
12 1
13 4
14 3
15 4
16 5
0 0
1 1
2 2
3 3
4 4
5 5
1e-06 0.152919 137
