0 0
1 0
2 2
3 0
4 2
5 0
6 1
7 0
8 0
9 0
10 0
11 2
12 0
13 2
14 2
15 0
16 0
17 1
18 2
19 0
20 0
21 1
22 2
23 1
24 1
25 2
26 0
27 1
28 2
29 2
30 0
31 2
32 1
33 2
34 2
35 0
36 0
37 0
38 1
39 2
40 0
41 0
42 1
43 2
44 1
45 1
46 1
47 1
48 1
49 2
50 2
51 0
52 1
53 1
54 1
55 2
56 1
57 0
58 2
59 1
60 2
61 1
62 0
63 2
64 1
65 0
66 0
67 0
68 1
69 0
70 2
71 1
72 2
73 0
74 1
75 0
76 0
77 2
78 0
79 2
80 0
81 0
82 1
83 2
84 1
85 1
86 2
87 0
88 0
89 1
90 1
91 0
92 0
93 2
94 0
95 0
96 1
97 0
98 0
99 1
100 1
101 1
102 2
103 0
104 0
105 1
106 2
107 2
108 0
109 0
110 2
111 0
112 2
113 1
114 2
115 0
116 1
117 2
118 0
119 1
120 1
121 1
122 0
123 0
124 0
125 0
126 2
127 2
128 2
129 2
130 1
131 0
132 0
133 0
134 2
135 2
136 0
137 2
138 0
139 0
140 2
141 2
142 0
143 0
144 1
145 2
146 0
147 1
148 1
149 0
150 1
151 0
152 2
153 1
154 2
155 2
156 2
157 2
158 0
159 0
160 1
161 1
162 1
163 2
164 1
165 1
166 0
167 0
168 1
169 0
170 0
171 1
172 1
173 2
174 1
175 2
176 0
177 1
178 0
179 2
180 2
181 1
182 2
183 0
184 0
185 1
186 1
187 2
188 2
189 1
190 0
191 2
192 1
193 2
194 2
195 2
196 0
197 0
198 1
199 1
200 0
201 1
202 1
203 1
204 2
205 0
206 2
207 0
208 1
209 0
210 0
211 1
212 1
213 1
214 0
215 0
216 0
217 1
218 1
219 0
220 1
221 0
222 1
223 0
224 0
225 1
226 1
227 0
228 1
229 1
230 2
231 1
232 0
233 2
234 1
235 1
236 2
237 2
238 0
239 1
240 0
241 2
242 1
243 1
244 2
245 0
246 0
247 0
248 1
249 1
250 1
251 0
252 2
253 2
254 0
255 0
256 0
257 2
258 2
259 1
260 0
261 2
262 1
263 0
264 2
265 2
266 0
267 0
268 1
269 0
270 0
271 0
272 1
273 1
274 2
275 1
276 2
277 1
278 0
279 0
280 0
281 0
282 0
283 0
284 1
285 2
286 2
287 0
288 0
289 2
290 0
291 0
292 0
293 0
294 0
295 0
296 2
297 2
298 1
299 0
300 2
301 0
302 0
303 2
304 0
305 2
306 2
307 1
308 2
309 1
310 2
311 2
312 2
313 2
314 0
315 1
316 0
317 0
318 1
319 0
320 1
321 0
322 1
323 1
324 0
325 2
326 1
327 1
328 0
329 2
330 0
331 0
332 0
333 0
334 2
335 1
336 1
337 2
338 0
339 0
340 0
341 2
342 1
343 2
344 0
345 1
346 1
347 0
348 0
349 0
350 0
351 1
352 0
353 2
354 1
355 2
356 0
357 1
358 1
359 0
360 1
361 0
362 2
363 1
364 2
365 1
366 0
367 1
368 1
369 0
370 0
371 0
372 0
373 0
374 1
375 0
376 1
377 2
378 0
379 2
380 0
381 1
382 0
383 2
384 1
385 0
386 0
387 0
388 2
389 1
390 0
391 2
392 0
393 0
394 2
395 1
396 1
397 2
398 0
399 0
400 2
401 2
402 1
403 0
404 0
405 1
406 2
407 0
408 0
409 0
410 2
411 2
412 2
413 2
414 0
415 1
416 0
417 1
418 0
419 2
420 2
421 1
422 0
423 2
424 2
425 2
426 2
427 1
428 0
429 0
430 1
431 0
432 1
433 0
434 0
435 1
436 1
437 1
438 0
439 0
440 0
441 2
442 1
443 0
444 0
445 1
446 2
447 1
448 2
449 2
450 0
451 2
452 2
453 2
454 1
455 2
456 1
457 0
458 0
459 2
460 2
461 1
462 1
463 1
464 0
465 0
466 2
467 0
468 0
469 2
470 0
471 2
472 0
473 0
474 0
475 0
476 0
477 1
478 0
479 1
480 1
481 1
482 0
483 2
484 0
485 1
486 2
487 0
488 0
489 1
490 0
491 0
492 0
493 1
494 0
495 1
496 1
497 1
498 0
499 1
500 1
501 0
502 1
503 1
504 1
505 1
506 0
507 0
508 0
509 0
510 0
511 1
512 1
513 1
514 1
515 2
516 2
517 1
518 1
519 1
520 1
521 1
522 1
523 1
524 1
525 0
526 1
527 1
528 0
529 1
530 2
531 1
532 1
533 1
534 1
535 2
536 1
537 1
538 2
539 1
540 1
541 0
542 1
543 1
544 1
545 1
546 1
547 2
548 1
549 1
550 2
551 2
552 2
553 1
554 1
555 1
556 1
557 1
558 2
559 1
560 1
561 1
562 1
563 1
564 1
565 1
566 1
567 1
568 1
569 1
570 1
571 1
572 1
573 2
574 1
575 1
576 1
577 1
578 1
579 1
580 1
581 2
582 2
583 2
584 2
585 1
586 2
587 2
588 2
589 2
590 0
591 0
592 1
593 0
594 2
595 2
596 3
597 2
598 1
599 0
600 0
601 0
602 2
603 2
604 0
605 1
606 0
607 1
608 1
609 2
610 1
611 0
612 0
613 0
614 1
615 0
616 2
617 1
618 1
619 0
620 0
621 0
622 0
623 1
624 1
625 0
626 2
627 1
628 0
629 0
630 2
631 2
632 2
633 2
634 1
635 0
636 2
637 1
638 0
639 1
640 0
641 0
642 0
643 0
644 0
645 2
646 0
647 0
648 0
649 2
650 1
651 1
652 2
653 2
654 0
655 0
656 0
657 0
658 1
659 1
660 2
661 3
662 0
663 0
664 0
665 0
666 1
667 1
668 0
669 0
670 1
671 2
672 1
673 2
674 0
675 0
676 2
677 0
678 0
679 0
680 0
681 2
682 2
683 0
684 0
685 1
686 2
687 0
688 0
689 1
690 0
691 2
692 2
693 2
694 0
695 2
696 0
697 1
698 0
699 0
700 0
701 1
702 0
703 0
704 0
705 2
706 0
707 2
708 0
709 0
710 2
711 0
712 0
713 1
714 0
715 0
716 1
717 2
718 1
719 2
720 2
721 0
722 1
723 2
724 0
725 2
726 2
727 0
728 2
729 0
730 0
731 1
732 1
733 0
734 2
735 2
736 2
737 0
738 2
739 2
740 2
741 2
742 1
743 1
744 2
745 0
746 1
747 0
748 1
749 2
750 0
751 1
752 0
753 0
754 0
755 0
756 0
757 2
758 2
759 2
760 2
761 2
762 1
763 0
764 0
765 1
766 0
767 1
768 0
769 2
770 1
771 0
772 1
773 0
774 2
775 2
776 1
777 0
778 0
779 1
780 0
781 0
782 0
783 1
784 0
785 0
786 1
787 0
788 1
789 1
790 1
791 2
792 0
793 0
794 1
795 2
796 0
797 1
798 2
799 2
800 2
801 0
802 0
803 1
804 1
805 2
806 0
807 1
808 1
809 0
810 0
811 2
812 1
813 0
814 1
815 0
816 2
817 1
818 2
819 1
820 0
821 2
822 2
823 2
824 2
825 1
826 1
827 1
828 1
829 1
830 0
831 0
832 0
833 1
834 0
835 2
836 1
837 0
838 3
839 1
840 1
841 1
842 0
843 0
844 1
845 2
846 1
847 1
848 0
849 1
850 2
851 0
852 0
853 1
854 1
855 0
856 0
857 2
858 2
859 2
860 2
861 1
862 0
863 0
864 0
865 2
866 2
867 2
868 2
869 2
870 1
871 0
872 1
873 2
874 2
875 0
876 1
877 0
878 2
879 0
880 1
881 0
882 0
883 2
884 0
885 0
886 1
887 1
888 0
889 0
890 0
891 0
892 0
893 0
894 1
895 0
896 1
897 0
898 0
899 0
900 0
901 1
902 2
903 0
904 2
905 1
906 1
907 1
908 1
909 2
910 1
911 0
912 0
913 1
914 1
915 0
916 1
917 0
918 0
919 2
920 1
921 1
922 2
923 2
924 2
925 0
926 0
927 1
928 0
929 1
930 1
931 1
932 1
933 0
934 2
935 0
936 0
937 0
938 1
939 0
940 0
941 0
942 1
943 1
944 0
945 1
946 0
947 0
948 0
949 1
950 1
951 0
952 0
953 0
954 1
955 1
956 0
957 2
958 1
959 2
960 2
961 1
962 1
963 0
964 1
965 1
966 1
967 0
968 1
969 0
970 1
971 2
972 2
973 2
974 2
975 2
976 2
977 2
978 2
979 2
980 1
981 1
982 0
983 0
984 0
985 0
986 1
987 2
988 0
989 0
990 1
991 0
992 0
993 1
994 0
995 2
996 0
997 0
998 1
999 1
1000 2
1001 2
1002 2
1003 0
1004 0
1005 0
1006 0
1007 1
1008 2
1009 1
1010 1
1011 2
1012 0
1013 2
1014 1
1015 1
1016 0
1017 0
1018 0
1019 0
1020 0
1021 1
1022 1
1023 1
1024 0
1025 2
1026 0
1027 1
1028 1
1029 2
1030 0
1031 0
1032 0
1033 1
1034 0
1035 1
1036 0
1037 1
1038 1
1039 0
1040 0
1041 1
1042 0
1043 0
1044 0
1045 2
1046 2
1047 1
1048 1
1049 0
1050 0
1051 0
1052 1
1053 1
1054 2
1055 0
1056 0
1057 1
1058 0
1059 0
1060 0
1061 2
1062 3
1063 2
1064 1
1065 1
1066 1
1067 1
1068 1
1069 0
1070 2
1071 2
1072 2
1073 1
1074 2
1075 0
1076 2
1077 0
1078 1
1079 0
1080 0
1081 0
1082 1
1083 1
1084 2
1085 1
1086 1
1087 1
1088 2
1089 1
1090 1
1091 2
1092 2
1093 1
1094 1
1095 0
1096 2
1097 2
1098 2
1099 0
1100 1
1101 1
1102 1
1103 1
1104 2
1105 2
1106 1
1107 2
1108 0
1109 0
1110 0
1111 2
1112 1
1113 2
1114 1
1115 0
1116 1
1117 1
1118 2
1119 1
1120 2
1121 1
1122 1
1123 0
1124 2
1125 1
1126 0
1127 1
1128 2
1129 2
1130 1
1131 1
1132 2
1133 0
1134 1
1135 0
1136 2
1137 1
1138 2
1139 2
1140 0
1141 1
1142 1
1143 2
1144 0
1145 0
1146 1
1147 2
1148 1
1149 1
1150 1
1151 0
1152 0
1153 0
1154 2
1155 1
1156 0
1157 2
1158 2
1159 0
1160 2
1161 0
1162 0
1163 0
1164 2
1165 1
1166 1
1167 2
1168 2
1169 0
1170 2
1171 0
1172 2
1173 1
1174 0
1175 2
1176 0
1177 2
1178 2
1179 0
1180 1
1181 2
1182 2
1183 2
1184 2
1185 1
1186 1
1187 0
1188 0
1189 0
1190 0
1191 2
1192 1
1193 0
1194 0
1195 2
1196 0
1197 1
1198 2
1199 1
1200 0
1201 0
1202 2
1203 2
1204 2
1205 0
1206 2
1207 0
1208 0
1209 1
1210 1
1211 1
1212 0
1213 0
1214 2
1215 2
1216 0
1217 2
1218 0
1219 0
1220 1
1221 1
1222 2
1223 1
1224 2
1225 2
1226 1
1227 1
1228 2
1229 1
1230 2
1231 1
1232 0
1233 2
1234 0
1235 0
1236 1
1237 1
1238 0
1239 1
1240 0
1241 0
1242 1
1243 1
1244 2
1245 1
1246 1
1247 1
1248 1
1249 1
1250 2
1251 0
1252 0
1253 2
1254 2
1255 2
1256 1
1257 1
1258 0
1259 0
1260 1
1261 1
1262 1
1263 0
1264 1
1265 1
1266 1
1267 0
1268 0
1269 0
1270 1
1271 1
1272 1
1273 0
1274 2
1275 1
1276 1
1277 2
1278 0
1279 1
1280 1
1281 1
1282 1
1283 0
1284 2
1285 1
1286 1
1287 2
1288 2
1289 1
1290 0
1291 1
1292 1
1293 1
1294 1
1295 1
1296 1
1297 1
1298 1
1299 1
1300 1
1301 0
1302 1
1303 0
1304 0
1305 2
1306 1
1307 1
1308 1
1309 1
1310 2
1311 2
1312 2
1313 1
1314 2
1315 2
1316 1
1317 2
1318 0
1319 2
1320 1
1321 0
1322 0
1323 1
1324 1
1325 0
1326 0
1327 0
1328 1
1329 2
1330 0
1331 1
1332 1
1333 0
1334 1
1335 2
1336 1
1337 0
1338 0
1339 2
1340 0
1341 2
1342 1
1343 1
1344 0
1345 0
1346 2
1347 1
1348 2
1349 2
1350 1
1351 0
1352 1
1353 2
1354 2
1355 2
1356 2
1357 1
1358 0
1359 2
1360 0
1361 1
1362 1
1363 1
1364 1
1365 2
1366 2
1367 1
1368 0
1369 1
1370 2
1371 2
1372 2
1373 1
1374 2
1375 2
1376 1
1377 0
1378 1
1379 2
1380 0
1381 0
1382 0
1383 0
1384 2
1385 2
1386 0
1387 2
1388 1
1389 0
1390 2
1391 0
1392 2
1393 1
1394 0
1395 1
1396 0
1397 0
1398 0
1399 0
1400 2
1401 2
1402 0
1403 0
1404 1
1405 0
1406 2
1407 2
1408 0
1409 2
1410 1
1411 2
1412 1
1413 0
1414 2
1415 2
1416 0
1417 0
1418 2
1419 2
1420 1
1421 1
1422 1
1423 2
1424 2
1425 1
1426 1
1427 0
1428 2
1429 0
1430 2
1431 0
1432 2
1433 0
1434 0
1435 2
1436 2
1437 2
1438 0
1439 2
1440 0
1441 0
1442 1
1443 0
1444 2
1445 2
1446 1
1447 0
1448 0
1449 2
1450 1
1451 0
1452 1
1453 0
1454 2
1455 0
1456 0
1457 2
1458 0
1459 0
1460 2
1461 0
1462 1
1463 2
1464 0
1465 1
1466 0
1467 0
1468 0
1469 0
1470 0
1471 0
1472 1
1473 0
1474 1
1475 0
1476 0
1477 0
1478 1
1479 2
1480 2
1481 0
1482 1
1483 0
1484 1
1485 3
1486 0
1487 0
1488 2
1489 2
1490 1
1491 0
1492 2
1493 1
1494 0
1495 0
1496 0
1497 1
1498 1
1499 0
1500 0
1501 0
1502 1
1503 1
1504 0
1505 0
1506 0
1507 1
1508 1
1509 0
1510 1
1511 0
1512 1
1513 0
1514 1
1515 0
1516 0
1517 1
1518 0
1519 2
1520 1
1521 0
1522 1
1523 0
1524 0
1525 0
1526 0
1527 2
1528 0
1529 0
1530 0
1531 0
1532 0
1533 1
1534 1
1535 1
1536 0
1537 1
1538 0
1539 2
1540 0
1541 0
1542 0
1543 2
1544 1
1545 1
1546 2
1547 1
1548 2
1549 1
1550 0
1551 1
1552 1
1553 1
1554 2
1555 0
1556 0
1557 2
1558 0
1559 1
1560 1
1561 1
1562 0
1563 1
1564 0
1565 0
1566 0
1567 1
1568 2
1569 1
1570 0
1571 1
1572 2
1573 1
1574 1
1575 0
1576 1
1577 0
1578 2
1579 0
1580 1
1581 0
1582 1
1583 2
1584 1
1585 0
1586 1
1587 0
1588 2
1589 1
1590 0
1591 2
1592 1
1593 2
1594 0
1595 1
1596 1
1597 0
1598 0
1599 2
1600 1
1601 1
1602 2
1603 2
1604 0
1605 1
1606 2
1607 0
1608 0
1609 2
1610 0
1611 0
1612 0
1613 0
1614 0
1615 1
1616 1
1617 1
1618 0
1619 0
1620 1
1621 1
1622 2
1623 1
1624 1
1625 0
1626 0
1627 0
1628 0
1629 1
1630 1
1631 2
1632 0
1633 0
1634 0
1635 0
1636 0
1637 0
1638 1
1639 0
1640 0
1641 1
1642 1
1643 0
1644 1
1645 1
1646 2
1647 2
1648 0
1649 2
1650 2
1651 2
1652 0
1653 2
1654 1
1655 1
1656 0
1657 0
1658 0
1659 2
1660 0
1661 0
1662 2
1663 2
1664 0
1665 0
1666 0
1667 0
1668 0
1669 1
1670 0
1671 2
1672 0
1673 0
1674 2
1675 2
1676 0
1677 2
1678 0
1679 0
1680 0
1681 2
1682 1
1683 0
1684 2
1685 1
1686 0
1687 1
1688 2
1689 1
1690 2
1691 1
1692 2
1693 2
1694 1
1695 2
1696 1
1697 0
1698 1
1699 0
1700 1
1701 0
1702 2
1703 2
1704 0
1705 1
1706 1
1707 2
1708 2
1709 2
1710 2
1711 2
1712 1
1713 2
1714 0
1715 2
1716 0
1717 2
1718 2
1719 1
1720 0
1721 0
1722 2
1723 0
1724 0
1725 0
1726 2
1727 0
1728 0
1729 0
1730 2
1731 1
1732 0
1733 1
1734 0
1735 2
1736 1
1737 0
1738 2
1739 2
1740 2
1741 1
1742 0
1743 1
1744 2
1745 2
1746 1
1747 0
1748 2
1749 2
1750 0
1751 1
1752 0
1753 0
1754 0
1755 0
1756 2
1757 0
1758 1
1759 1
1760 1
1761 2
1762 0
1763 1
1764 0
1765 2
1766 1
1767 2
1768 0
1769 0
1770 1
1771 2
1772 0
1773 1
1774 0
1775 0
1776 1
1777 2
1778 2
1779 2
1780 1
1781 1
1782 0
1783 1
1784 0
1785 1
1786 0
1787 0
1788 0
1789 0
1790 1
1791 0
1792 2
1793 2
1794 0
1795 1
1796 2
1797 0
1798 2
1799 2
1800 2
1801 0
1802 1
1803 1
1804 1
1805 2
1806 0
1807 0
1808 1
1809 0
1810 0
1811 2
1812 2
1813 1
1814 0
1815 1
1816 1
1817 0
1818 0
1819 0
1820 0
1821 0
1822 1
1823 1
1824 1
1825 1
1826 1
1827 0
1828 0
1829 0
1830 1
1831 2
1832 0
1833 0
1834 2
1835 0
1836 1
1837 1
1838 1
1839 2
1840 2
1841 2
1842 1
1843 0
1844 1
1845 0
1846 2
1847 1
1848 1
1849 0
1850 0
1851 1
1852 1
1853 2
1854 2
1855 0
1856 2
1857 1
1858 1
1859 0
1860 0
1861 2
1862 2
1863 0
1864 1
1865 0
1866 1
1867 1
1868 1
1869 1
1870 2
1871 2
1872 1
1873 1
1874 1
1875 0
1876 0
1877 0
1878 2
1879 0
1880 1
1881 1
1882 0
1883 0
1884 2
1885 0
1886 0
1887 0
1888 0
1889 2
1890 0
1891 2
1892 2
1893 0
1894 1
1895 2
1896 0
1897 0
1898 0
1899 0
1900 0
1901 2
1902 0
1903 2
1904 1
1905 1
1906 0
1907 0
1908 0
1909 1
1910 2
1911 0
1912 0
1913 0
1914 1
1915 1
1916 0
1917 0
1918 0
1919 1
1920 1
1921 1
1922 2
1923 0
1924 2
1925 1
1926 1
1927 0
1928 1
1929 0
1930 0
1931 0
1932 1
1933 0
1934 2
1935 1
1936 2
1937 0
1938 0
1939 0
1940 2
1941 0
1942 1
1943 0
1944 0
1945 1
1946 1
1947 2
1948 1
1949 1
1950 1
1951 2
1952 0
1953 2
1954 1
1955 0
1956 1
1957 1
1958 1
1959 0
1960 0
1961 2
1962 0
1963 1
1964 0
1965 1
1966 2
1967 2
1968 1
1969 0
1970 1
1971 0
1972 0
1973 0
1974 1
1975 2
1976 2
1977 1
1978 1
1979 0
1980 2
1981 2
1982 2
1983 1
1984 0
1985 1
1986 2
1987 2
1988 2
1989 0
1990 0
1991 1
1992 1
1993 2
1994 1
1995 1
1996 2
1997 1
1998 1
1999 0
2000 0
2001 1
2002 1
2003 3
2004 1
2005 0
2006 1
2007 0
2008 1
2009 1
2010 1
2011 0
2012 1
2013 2
2014 0
2015 1
2016 1
2017 0
2018 0
2019 1
2020 1
2021 2
2022 2
2023 2
2024 2
2025 0
2026 0
2027 1
2028 1
2029 0
2030 0
2031 0
2032 2
2033 0
2034 0
2035 2
2036 0
2037 2
2038 0
2039 1
2040 0
2041 1
2042 0
2043 2
2044 0
2045 2
2046 0
2047 0
2048 2
2049 1
2050 1
2051 1
2052 0
2053 1
2054 0
2055 0
2056 1
2057 1
2058 0
2059 1
2060 0
2061 1
2062 1
2063 0
2064 0
2065 1
2066 0
2067 1
2068 0
2069 1
2070 1
2071 2
2072 1
2073 2
2074 0
2075 2
2076 1
2077 0
2078 1
2079 0
2080 1
2081 2
2082 2
2083 2
2084 2
2085 2
2086 2
2087 2
2088 2
2089 2
2090 2
2091 2
2092 2
2093 2
2094 2
2095 2
2096 2
2097 2
2098 2
2099 2
2100 2
2101 2
2102 2
2103 2
2104 3
2105 2
2106 0
2107 2
2108 2
2109 0
2110 2
2111 2
2112 2
2113 2
2114 0
2115 3
2116 3
2117 3
2118 2
2119 2
2120 2
2121 2
2122 2
2123 0
2124 0
2125 0
2126 0
2127 0
2128 0
2129 2
2130 0
2131 2
2132 2
2133 2
2134 2
2135 0
2136 0
2137 0
2138 2
2139 2
2140 2
2141 2
2142 2
2143 2
2144 0
2145 0
2146 2
2147 2
2148 0
2149 0
2150 2
2151 0
2152 0
2153 2
2154 2
2155 2
2156 0
2157 0
2158 0
2159 0
2160 1
2161 1
2162 1
2163 0
2164 0
2165 2
2166 0
2167 0
2168 1
2169 2
2170 0
2171 2
2172 0
2173 0
2174 0
2175 0
2176 1
2177 1
2178 1
2179 2
2180 0
2181 2
2182 0
2183 2
2184 2
2185 1
2186 0
2187 0
2188 1
2189 1
2190 0
2191 1
2192 1
2193 2
2194 0
2195 1
2196 0
2197 0
2198 0
2199 2
2200 0
2201 2
2202 2
2203 0
2204 0
2205 1
2206 0
2207 2
2208 1
2209 1
2210 2
2211 2
2212 2
2213 0
2214 0
2215 0
2216 2
2217 0
2218 1
2219 0
2220 0
2221 0
2222 0
2223 2
2224 0
2225 1
2226 0
2227 2
2228 2
2229 0
2230 1
2231 0
2232 0
2233 0
2234 0
2235 0
2236 0
2237 0
2238 2
2239 2
2240 2
2241 0
2242 1
2243 0
2244 2
2245 0
2246 0
2247 0
2248 0
2249 0
2250 2
2251 2
2252 1
2253 0
2254 2
2255 2
2256 0
2257 2
2258 2
2259 2
2260 1
2261 0
2262 0
2263 2
2264 2
2265 2
2266 2
2267 2
2268 1
2269 1
2270 1
2271 1
2272 1
2273 2
2274 2
2275 1
2276 1
2277 0
2278 1
2279 1
2280 0
2281 2
2282 0
2283 0
2284 0
2285 2
2286 1
2287 0
2288 2
2289 0
2290 0
2291 1
2292 2
2293 0
2294 0
2295 0
2296 2
2297 0
2298 0
2299 0
2300 0
2301 0
2302 0
2303 0
2304 0
2305 1
2306 1
2307 0
2308 3
2309 2
2310 1
2311 0
2312 2
2313 2
2314 2
2315 2
2316 0
2317 2
2318 0
2319 1
2320 1
2321 1
2322 0
2323 0
2324 2
2325 1
2326 0
2327 0
2328 0
2329 0
2330 0
2331 0
2332 2
2333 2
2334 1
2335 0
2336 0
2337 0
2338 2
2339 2
2340 0
2341 1
2342 2
2343 2
2344 1
2345 1
2346 1
2347 2
2348 0
2349 0
2350 0
2351 0
2352 1
2353 2
2354 0
2355 1
2356 0
2357 0
2358 0
2359 1
2360 0
2361 0
2362 0
2363 1
2364 0
2365 0
2366 1
2367 2
2368 0
2369 0
2370 1
2371 1
2372 1
2373 0
2374 0
2375 1
2376 1
2377 1
2378 2
2379 0
2380 2
2381 0
2382 2
2383 0
2384 2
2385 1
2386 0
2387 1
2388 0
2389 0
2390 0
2391 0
2392 2
2393 1
2394 1
2395 1
2396 0
2397 1
2398 1
2399 1
2400 0
2401 1
2402 1
2403 1
2404 2
2405 0
2406 0
2407 0
2408 1
2409 1
2410 0
2411 0
2412 0
2413 1
2414 1
2415 0
2416 0
2417 0
2418 0
2419 0
2420 1
2421 0
2422 0
2423 1
2424 0
2425 1
2426 0
2427 0
2428 2
2429 0
2430 1
2431 0
2432 0
2433 1
2434 2
2435 2
2436 1
2437 0
2438 1
2439 0
2440 1
2441 0
2442 1
2443 1
2444 0
2445 1
2446 1
2447 0
2448 1
2449 1
2450 0
2451 0
2452 1
2453 2
2454 0
2455 0
2456 0
2457 0
2458 2
2459 0
2460 0
2461 1
2462 0
2463 0
2464 2
2465 2
2466 0
2467 0
2468 0
2469 0
2470 0
2471 0
2472 0
2473 2
2474 0
2475 0
2476 1
2477 1
2478 2
2479 1
2480 1
2481 0
2482 1
2483 2
2484 1
2485 0
2486 0
2487 0
2488 0
2489 1
2490 0
2491 0
2492 1
2493 2
2494 0
2495 1
2496 0
2497 0
2498 0
2499 0
2500 2
2501 0
2502 0
2503 0
2504 0
2505 0
2506 2
2507 1
2508 2
2509 0
2510 2
2511 0
2512 1
2513 0
2514 1
2515 0
2516 0
2517 1
2518 0
2519 1
2520 0
2521 1
2522 0
2523 2
2524 0
2525 1
2526 2
2527 1
2528 0
2529 1
2530 0
2531 1
2532 2
2533 1
2534 0
2535 1
2536 2
2537 0
2538 0
2539 0
2540 1
2541 2
2542 1
2543 0
2544 0
2545 1
2546 0
2547 2
2548 1
2549 0
2550 1
2551 2
2552 2
2553 1
2554 1
2555 1
2556 2
2557 2
2558 0
2559 0
2560 1
2561 1
2562 1
2563 1
2564 2
2565 2
2566 2
2567 1
2568 0
2569 1
2570 1
2571 1
2572 1
2573 1
2574 0
2575 2
2576 0
2577 1
2578 0
2579 0
2580 1
2581 1
2582 1
2583 0
2584 2
2585 0
2586 1
2587 0
2588 2
2589 1
2590 0
2591 1
2592 1
2593 0
2594 0
2595 1
2596 0
2597 0
2598 0
2599 0
2600 2
2601 1
2602 0
2603 1
2604 0
2605 2
2606 2
2607 2
2608 1
2609 1
2610 0
2611 1
2612 0
2613 1
2614 1
2615 0
2616 2
2617 2
2618 2
2619 1
2620 2
2621 1
2622 1
2623 0
2624 0
2625 1
2626 2
2627 0
2628 1
2629 1
2630 0
2631 0
2632 0
2633 2
2634 0
2635 2
2636 0
2637 1
2638 0
2639 2
2640 2
2641 1
2642 1
2643 1
2644 1
2645 1
2646 1
2647 1
2648 1
2649 1
2650 1
2651 1
2652 1
2653 1
2654 1
2655 1
2656 2
2657 1
2658 1
2659 1
2660 1
2661 0
2662 0
2663 1
2664 2
2665 0
2666 1
2667 1
2668 2
2669 1
2670 0
2671 0
2672 0
2673 0
2674 0
2675 0
2676 1
2677 2
2678 0
2679 2
2680 0
2681 0
2682 1
2683 1
2684 0
2685 1
2686 2
2687 0
2688 0
2689 0
2690 0
2691 0
2692 1
2693 0
2694 2
2695 1
2696 1
2697 0
2698 0
2699 1
2700 2
2701 1
2702 2
2703 2
2704 2
2705 0
2706 1
2707 0
2708 2
2709 2
2710 0
2711 0
2712 1
2713 2
2714 0
2715 0
2716 1
2717 0
2718 1
2719 0
2720 1
2721 0
2722 0
2723 0
2724 1
2725 2
2726 1
2727 0
2728 2
2729 2
2730 0
2731 1
2732 0
2733 1
2734 2
2735 0
2736 0
2737 2
2738 1
2739 1
2740 1
2741 1
2742 1
2743 2
2744 0
2745 1
2746 2
2747 2
2748 2
2749 1
2750 1
2751 0
2752 1
2753 1
2754 1
2755 0
2756 1
2757 2
2758 1
2759 1
2760 1
2761 0
2762 1
2763 2
2764 1
2765 2
2766 0
2767 1
2768 0
2769 0
2770 1
2771 0
2772 2
2773 2
2774 2
2775 2
2776 2
2777 0
2778 1
2779 1
2780 2
2781 1
2782 1
2783 2
2784 1
2785 0
2786 2
2787 0
2788 0
2789 2
2790 1
2791 0
2792 2
2793 1
2794 1
2795 2
2796 2
2797 2
2798 2
2799 0
2800 0
2801 0
2802 1
2803 0
2804 2
2805 2
2806 1
2807 1
2808 1
2809 0
2810 1
2811 2
2812 1
2813 1
2814 0
2815 2
2816 2
2817 1
2818 0
2819 0
2820 0
2821 1
2822 2
2823 1
2824 1
2825 1
2826 1
2827 2
2828 0
2829 0
2830 0
2831 2
2832 1
2833 0
2834 2
2835 0
2836 2
2837 1
2838 2
2839 1
2840 0
2841 1
2842 1
2843 1
2844 0
2845 1
2846 1
2847 1
2848 1
2849 2
2850 1
2851 1
2852 1
2853 1
2854 1
2855 1
2856 1
2857 1
2858 1
2859 1
2860 1
2861 1
2862 1
2863 1
2864 1
2865 1
2866 1
2867 1
2868 1
2869 1
2870 1
2871 1
2872 1
2873 2
2874 1
2875 1
2876 2
2877 1
2878 1
2879 1
2880 2
2881 1
2882 1
2883 1
2884 1
2885 1
2886 2
2887 1
2888 1
2889 1
2890 1
2891 1
2892 1
2893 1
2894 1
2895 1
2896 1
2897 1
2898 1
2899 1
2900 1
2901 1
2902 1
2903 1
2904 2
2905 1
2906 0
2907 1
2908 1
2909 1
2910 1
2911 1
2912 1
2913 1
2914 1
2915 1
2916 1
2917 1
2918 1
2919 1
2920 1
2921 2
2922 1
2923 1
2924 1
2925 1
2926 1
2927 2
2928 1
2929 0
2930 2
2931 1
2932 2
2933 2
2934 1
2935 1
2936 2
2937 1
2938 1
2939 1
2940 1
2941 1
2942 2
2943 1
2944 1
2945 1
2946 1
2947 1
2948 1
2949 1
2950 2
2951 1
2952 1
2953 1
2954 0
2955 2
2956 0
2957 1
2958 2
2959 1
2960 2
2961 0
2962 0
2963 0
2964 0
2965 0
2966 0
2967 1
2968 2
2969 2
2970 0
2971 0
2972 1
2973 0
2974 0
2975 2
2976 2
2977 2
2978 0
2979 0
2980 1
2981 1
2982 1
2983 1
2984 0
2985 0
2986 1
2987 1
2988 1
2989 1
2990 2
2991 0
2992 1
2993 2
2994 2
2995 0
2996 1
2997 0
2998 1
2999 0
3000 2
3001 2
3002 2
3003 1
3004 2
3005 0
3006 0
3007 1
3008 1
3009 1
3010 0
3011 0
3012 1
3013 0
3014 2
3015 0
3016 0
3017 0
3018 2
3019 2
3020 1
3021 1
3022 1
3023 2
3024 1
3025 0
3026 1
3027 1
3028 1
3029 0
3030 2
3031 0
3032 2
3033 0
3034 1
3035 1
3036 2
3037 2
3038 0
3039 2
3040 1
3041 2
3042 1
3043 1
3044 1
3045 1
3046 2
3047 1
3048 0
3049 0
3050 1
3051 0
3052 0
3053 0
3054 1
3055 2
3056 1
3057 0
3058 1
3059 0
3060 2
3061 0
3062 2
3063 2
3064 2
3065 0
3066 1
3067 0
3068 0
3069 0
3070 1
3071 0
3072 1
3073 1
3074 1
3075 1
3076 1
3077 0
3078 2
3079 2
3080 0
3081 0
3082 0
3083 0
3084 1
3085 2
3086 1
3087 0
3088 1
3089 1
3090 2
3091 1
3092 2
3093 2
3094 2
3095 0
3096 0
3097 2
3098 0
3099 1
3100 2
3101 0
3102 0
3103 2
3104 0
3105 0
3106 0
3107 1
3108 2
3109 2
3110 0
3111 0
3112 0
3113 1
3114 0
3115 1
3116 1
3117 0
3118 2
3119 2
3120 1
3121 0
3122 2
3123 0
3124 1
3125 2
3126 1
3127 1
3128 1
3129 0
3130 1
3131 2
3132 1
3133 1
3134 2
3135 2
3136 0
3137 1
3138 1
3139 2
3140 0
3141 0
3142 2
3143 0
3144 0
3145 1
3146 1
3147 1
3148 0
3149 0
3150 2
3151 1
3152 2
3153 0
3154 1
3155 1
3156 0
3157 1
3158 1
3159 0
3160 2
3161 2
3162 1
3163 2
3164 0
3165 1
3166 0
3167 1
3168 2
3169 2
3170 2
3171 2
3172 2
3173 2
3174 2
3175 2
3176 0
3177 1
3178 2
3179 1
3180 0
3181 2
3182 1
3183 1
3184 1
3185 0
3186 0
3187 2
3188 0
3189 0
3190 1
3191 2
3192 1
3193 1
3194 0
3195 0
3196 0
3197 1
3198 1
3199 1
3200 1
3201 1
3202 2
3203 1
3204 1
3205 1
3206 1
3207 1
3208 1
3209 1
3210 1
3211 1
3212 1
3213 0
3214 0
3215 2
3216 2
3217 2
3218 0
3219 1
3220 1
3221 1
3222 2
3223 2
3224 0
3225 0
3226 1
3227 2
3228 0
3229 2
3230 1
3231 0
3232 0
3233 0
3234 0
3235 0
3236 1
3237 0
3238 0
3239 1
3240 0
3241 0
3242 2
3243 0
3244 2
3245 0
3246 1
3247 0
3248 0
3249 2
3250 1
3251 2
3252 1
3253 2
3254 0
3255 2
3256 0
3257 1
3258 0
3259 0
3260 1
3261 0
3262 1
3263 2
3264 1
3265 0
3266 0
3267 0
3268 2
3269 0
3270 1
3271 2
3272 0
3273 1
3274 1
3275 0
3276 2
3277 0
3278 0
3279 2
3280 0
3281 0
3282 1
3283 1
3284 0
3285 1
3286 1
3287 0
3288 1
3289 0
3290 0
3291 1
3292 0
3293 1
3294 2
3295 1
3296 0
3297 1
3298 1
3299 0
3300 2
3301 2
3302 2
3303 1
3304 0
3305 2
3306 0
3307 1
3308 1
3309 0
3310 1
3311 2
3312 1
3313 1
3314 1
3315 1
3316 2
3317 1
3318 2
3319 0
3320 2
3321 0
3322 1
3323 1
3324 1
3325 0
3326 0
3327 0
3328 1
3329 2
3330 1
3331 0
3332 1
3333 2
3334 0
3335 0
3336 2
3337 0
3338 1
3339 2
3340 0
3341 2
3342 1
3343 1
3344 1
3345 0
3346 1
3347 0
3348 1
3349 1
3350 1
3351 2
3352 0
3353 2
3354 2
3355 2
3356 2
3357 0
3358 0
3359 0
3360 1
3361 1
3362 0
3363 2
3364 2
3365 1
3366 2
3367 2
3368 2
3369 0
3370 2
3371 1
3372 2
3373 2
3374 0
3375 0
3376 0
3377 0
3378 1
3379 1
3380 0
3381 0
3382 0
3383 2
3384 0
3385 2
3386 0
3387 2
3388 2
3389 1
3390 0
3391 2
3392 0
3393 1
3394 0
3395 0
3396 0
3397 1
3398 0
3399 0
3400 1
3401 2
3402 1
3403 2
3404 1
3405 2
3406 0
3407 0
3408 1
3409 0
3410 2
3411 0
3412 2
3413 0
3414 2
3415 1
3416 2
3417 2
3418 0
3419 0
3420 2
3421 0
3422 0
3423 0
3424 0
3425 1
3426 1
3427 1
3428 1
3429 0
3430 1
3431 2
3432 1
3433 0
3434 1
3435 2
3436 2
3437 2
3438 2
3439 1
3440 0
3441 2
3442 1
3443 2
3444 0
3445 2
3446 2
3447 0
3448 1
3449 2
3450 2
3451 1
3452 1
3453 1
3454 0
3455 1
3456 2
3457 2
3458 0
3459 1
3460 1
3461 2
3462 0
3463 1
3464 2
3465 0
3466 0
3467 2
3468 3
3469 2
3470 2
3471 2
3472 1
3473 0
3474 0
3475 0
3476 1
3477 1
3478 0
3479 0
3480 0
3481 0
3482 0
3483 0
3484 0
3485 0
3486 0
3487 1
3488 0
3489 0
3490 0
3491 0
3492 0
3493 2
3494 0
3495 1
3496 0
3497 2
3498 2
3499 2
3500 2
3501 2
3502 0
3503 2
3504 2
3505 0
3506 2
3507 0
3508 2
3509 2
3510 0
3511 2
3512 2
3513 1
3514 0
3515 1
3516 2
3517 2
3518 0
3519 1
3520 1
3521 0
3522 0
3523 2
3524 1
3525 0
3526 0
3527 0
3528 1
3529 0
3530 0
3531 0
3532 2
3533 0
3534 0
3535 1
3536 0
3537 2
3538 0
3539 0
3540 2
3541 0
3542 0
3543 2
3544 1
3545 2
3546 0
3547 2
3548 0
3549 0
3550 2
3551 0
3552 2
3553 0
3554 0
3555 0
3556 0
3557 0
3558 0
3559 2
3560 0
3561 0
3562 0
3563 1
3564 1
3565 2
3566 1
3567 2
3568 0
3569 0
3570 2
3571 0
3572 0
3573 0
3574 0
3575 0
3576 1
3577 2
3578 0
3579 1
3580 0
3581 0
3582 2
3583 0
3584 0
3585 2
3586 2
3587 0
3588 0
3589 2
3590 0
3591 2
3592 0
3593 2
3594 0
3595 0
3596 1
3597 2
3598 1
3599 0
3600 1
3601 0
3602 0
3603 2
3604 0
3605 1
3606 1
3607 1
3608 0
3609 0
3610 0
3611 1
3612 0
3613 1
3614 1
3615 1
3616 2
3617 2
3618 0
3619 2
3620 2
3621 2
3622 0
3623 1
3624 1
3625 0
3626 1
3627 2
3628 0
3629 0
3630 1
3631 2
3632 1
3633 1
3634 1
3635 1
3636 0
3637 2
3638 0
3639 0
3640 0
3641 2
3642 1
3643 1
3644 0
3645 0
3646 0
3647 1
3648 1
3649 0
3650 2
3651 1
3652 2
3653 0
3654 0
3655 1
3656 0
3657 0
3658 0
3659 2
3660 1
3661 0
3662 2
3663 0
3664 2
3665 0
3666 0
3667 1
3668 2
3669 2
3670 0
3671 1
3672 2
3673 0
3674 0
3675 2
3676 1
3677 1
3678 1
3679 0
3680 0
3681 0
3682 2
3683 0
3684 0
3685 0
3686 0
3687 2
3688 0
3689 0
3690 2
3691 1
3692 0
3693 0
3694 0
3695 2
3696 1
3697 2
3698 1
3699 2
3700 0
3701 0
3702 0
3703 0
3704 1
3705 0
3706 2
3707 0
3708 0
3709 1
3710 2
3711 1
3712 2
3713 0
3714 0
3715 0
3716 1
3717 0
3718 2
3719 1
3720 0
3721 1
3722 0
3723 0
3724 1
3725 2
3726 1
3727 1
3728 1
3729 1
3730 1
3731 0
3732 0
3733 0
3734 0
3735 0
3736 0
3737 0
3738 0
3739 0
3740 0
3741 0
3742 1
3743 2
3744 1
3745 0
3746 1
3747 1
3748 0
3749 1
3750 0
3751 2
3752 0
3753 2
3754 0
3755 0
3756 0
3757 0
3758 1
3759 1
3760 1
3761 0
3762 1
3763 0
3764 2
3765 0
3766 0
3767 2
3768 0
3769 0
3770 0
3771 0
3772 2
3773 2
3774 1
3775 2
3776 0
3777 0
3778 1
3779 2
3780 1
3781 0
3782 0
3783 1
3784 0
3785 0
3786 2
3787 2
3788 0
3789 0
3790 0
3791 0
3792 0
3793 2
3794 1
3795 2
3796 1
3797 2
3798 2
3799 0
3800 0
3801 0
3802 1
3803 0
3804 0
3805 2
3806 0
3807 1
3808 1
3809 0
3810 0
3811 1
3812 1
3813 0
3814 0
3815 0
3816 1
3817 1
3818 2
3819 2
3820 0
3821 2
3822 0
3823 0
3824 0
3825 1
3826 0
3827 2
3828 1
3829 1
3830 0
3831 2
3832 1
3833 1
3834 0
3835 2
3836 0
3837 2
3838 1
3839 1
3840 0
3841 1
3842 0
3843 2
3844 2
3845 2
3846 0
3847 2
3848 2
3849 2
3850 1
3851 1
3852 1
3853 0
3854 1
3855 1
3856 0
3857 1
3858 1
3859 1
3860 1
3861 0
3862 2
3863 1
3864 2
3865 1
3866 2
3867 2
3868 2
3869 0
3870 0
3871 2
3872 0
3873 1
3874 0
3875 0
3876 1
3877 0
3878 1
3879 2
3880 2
3881 1
3882 2
3883 0
3884 0
3885 1
3886 0
3887 1
3888 1
3889 0
3890 1
3891 1
3892 1
3893 0
3894 0
3895 1
3896 2
3897 2
3898 0
3899 0
3900 2
3901 1
3902 2
3903 2
3904 1
3905 2
3906 0
3907 1
3908 2
3909 2
3910 0
3911 2
3912 0
3913 0
3914 2
3915 2
3916 2
3917 0
3918 2
3919 2
3920 0
3921 1
3922 2
3923 2
3924 2
3925 3
3926 2
3927 2
3928 0
3929 2
3930 2
3931 2
3932 0
3933 2
3934 2
3935 2
3936 2
3937 0
3938 0
3939 0
3940 1
3941 2
3942 2
3943 2
3944 1
3945 2
3946 1
3947 2
3948 2
3949 2
3950 1
3951 2
3952 2
3953 2
3954 0
3955 0
3956 1
3957 0
3958 0
3959 2
3960 2
3961 2
3962 1
3963 0
3964 0
3965 1
3966 1
3967 0
3968 0
3969 2
3970 2
3971 1
3972 2
3973 0
3974 1
3975 1
3976 0
3977 1
3978 2
3979 0
3980 0
3981 2
3982 2
3983 0
3984 1
3985 0
3986 0
3987 2
3988 1
3989 2
3990 1
3991 0
3992 0
3993 1
3994 0
3995 1
3996 2
3997 1
3998 1
3999 2
4000 1
4001 0
4002 1
4003 2
4004 2
4005 2
4006 1
4007 1
4008 1
4009 1
4010 0
4011 0
4012 1
4013 2
4014 0
4015 1
4016 0
4017 2
4018 1
4019 1
4020 0
4021 1
4022 1
4023 0
4024 2
4025 1
4026 0
4027 0
4028 0
4029 1
4030 0
4031 1
4032 1
4033 2
4034 0
4035 2
4036 2
4037 0
4038 0
4039 2
4040 0
4041 0
4042 0
4043 0
4044 0
4045 2
4046 2
4047 0
4048 0
4049 0
4050 2
4051 2
4052 0
4053 1
4054 1
4055 2
4056 1
4057 0
4058 2
4059 0
4060 2
4061 2
4062 0
4063 0
4064 2
4065 2
4066 0
4067 1
4068 1
4069 0
4070 2
4071 2
4072 0
4073 1
4074 0
4075 0
4076 0
4077 0
4078 2
4079 1
4080 1
4081 0
4082 0
4083 0
4084 1
4085 1
4086 0
4087 2
4088 2
4089 0
4090 0
4091 0
4092 0
4093 0
4094 2
4095 0
4096 2
4097 1
4098 1
4099 2
4100 2
4101 0
4102 2
4103 0
4104 1
4105 2
4106 2
4107 0
4108 2
4109 2
4110 2
4111 0
4112 0
4113 0
4114 0
4115 1
4116 0
4117 0
4118 2
4119 1
4120 0
4121 2
4122 0
4123 1
4124 0
4125 0
4126 1
4127 1
4128 1
4129 2
4130 1
4131 0
4132 0
4133 1
4134 2
4135 2
4136 0
4137 2
4138 0
4139 0
4140 0
4141 2
4142 0
4143 2
4144 1
4145 2
4146 0
4147 0
4148 1
4149 1
4150 1
4151 1
4152 1
4153 1
4154 1
4155 1
4156 2
4157 1
4158 1
4159 1
4160 1
4161 1
4162 1
4163 1
4164 0
4165 0
4166 2
4167 2
4168 1
4169 2
4170 2
4171 0
4172 0
4173 1
4174 1
4175 0
4176 2
4177 2
4178 2
4179 1
4180 0
4181 2
4182 2
4183 1
4184 1
4185 2
4186 0
4187 0
4188 0
4189 1
4190 2
4191 1
4192 0
4193 1
4194 0
4195 1
4196 0
4197 0
4198 1
4199 1
4200 1
4201 1
4202 1
4203 1
4204 2
4205 1
4206 0
4207 0
4208 0
4209 0
4210 0
4211 2
4212 2
4213 1
4214 2
4215 0
4216 0
4217 1
4218 2
4219 0
4220 0
4221 2
4222 0
4223 0
4224 2
4225 1
4226 0
4227 0
4228 2
4229 2
4230 2
4231 0
4232 0
4233 0
4234 2
4235 0
4236 1
4237 0
4238 0
4239 2
4240 2
4241 1
4242 1
4243 0
4244 0
4245 0
4246 0
4247 0
4248 0
4249 2
4250 0
4251 1
4252 1
4253 0
4254 0
4255 2
4256 0
4257 0
4258 2
4259 1
4260 2
4261 2
4262 1
4263 0
4264 0
4265 1
4266 0
4267 0
4268 0
4269 2
4270 0
4271 1
4272 0
4273 0
4274 0
4275 0
4276 1
4277 2
4278 1
4279 0
4280 0
4281 0
4282 1
4283 0
4284 0
4285 1
4286 1
4287 1
4288 1
4289 1
4290 1
4291 1
4292 1
4293 2
4294 2
4295 1
4296 1
4297 1
4298 1
4299 1
4300 1
4301 1
4302 0
4303 1
4304 1
4305 0
4306 2
4307 1
4308 1
4309 0
4310 0
4311 0
4312 0
4313 1
4314 0
4315 0
4316 1
4317 0
4318 0
4319 1
4320 2
4321 2
4322 2
4323 1
4324 2
4325 0
4326 1
4327 1
4328 0
4329 0
4330 1
4331 2
4332 2
4333 1
4334 1
4335 1
4336 0
4337 0
4338 2
4339 1
4340 0
4341 2
4342 0
4343 2
4344 1
4345 1
4346 0
4347 0
4348 0
4349 2
4350 0
4351 1
4352 2
4353 2
4354 2
4355 0
4356 2
4357 1
4358 2
4359 1
4360 0
4361 1
4362 0
4363 1
4364 0
4365 1
4366 1
4367 2
4368 1
4369 1
4370 1
4371 1
4372 0
4373 0
4374 1
4375 2
4376 1
4377 1
4378 1
4379 0
4380 0
4381 1
4382 2
4383 0
4384 0
4385 2
4386 2
4387 1
4388 1
4389 2
4390 1
4391 0
4392 0
4393 1
4394 2
4395 2
4396 0
4397 1
4398 1
4399 0
4400 0
4401 0
4402 2
4403 2
4404 2
4405 2
4406 2
4407 2
4408 0
4409 2
4410 2
4411 2
4412 2
4413 2
4414 0
4415 2
4416 2
4417 2
4418 0
4419 0
4420 1
4421 0
4422 1
4423 2
4424 0
4425 0
4426 2
4427 2
4428 0
4429 2
4430 0
4431 0
4432 2
4433 2
4434 2
4435 0
4436 0
4437 0
4438 0
4439 1
4440 0
4441 0
4442 2
4443 1
4444 2
4445 2
4446 1
4447 0
4448 2
4449 2
4450 2
4451 2
4452 0
4453 0
4454 0
4455 0
4456 0
4457 1
4458 2
4459 2
4460 0
4461 0
4462 1
4463 2
4464 1
4465 1
4466 1
4467 1
4468 1
4469 2
4470 0
4471 2
4472 0
4473 1
4474 1
4475 1
4476 2
4477 2
4478 1
4479 0
4480 1
4481 1
4482 1
4483 2
4484 1
4485 0
4486 2
4487 2
4488 1
4489 2
4490 2
4491 1
4492 1
4493 1
4494 0
4495 1
4496 1
4497 1
4498 1
4499 1
4500 1
4501 2
4502 0
4503 2
4504 2
4505 1
4506 2
4507 2
4508 1
4509 2
4510 2
4511 2
4512 2
4513 0
4514 2
4515 1
4516 0
4517 0
4518 1
4519 2
4520 2
4521 0
4522 0
4523 0
4524 2
4525 0
4526 2
4527 1
4528 0
4529 2
4530 1
4531 2
4532 1
4533 0
4534 1
4535 2
4536 2
4537 2
4538 0
4539 2
4540 0
4541 2
4542 2
4543 2
4544 0
4545 2
4546 2
4547 1
4548 1
4549 1
4550 1
4551 2
4552 2
4553 0
4554 2
4555 2
4556 2
4557 0
4558 0
4559 0
4560 1
4561 2
4562 0
4563 1
4564 2
4565 0
4566 1
4567 2
4568 1
4569 1
4570 0
4571 2
4572 2
4573 2
4574 1
4575 1
4576 0
4577 2
4578 0
4579 0
4580 2
4581 2
4582 1
4583 2
4584 1
4585 2
4586 1
4587 0
4588 2
4589 2
4590 1
4591 0
4592 0
4593 1
4594 2
4595 2
4596 2
4597 2
4598 1
4599 0
4600 2
4601 1
4602 2
4603 2
4604 1
4605 2
4606 1
4607 0
4608 1
4609 1
4610 1
4611 1
4612 2
4613 0
4614 1
4615 1
4616 0
4617 0
4618 2
4619 1
4620 2
4621 0
4622 0
4623 0
4624 2
4625 2
4626 1
4627 2
4628 1
4629 1
4630 2
4631 0
4632 1
4633 2
4634 2
4635 1
4636 0
4637 2
4638 1
4639 1
4640 1
4641 0
4642 0
4643 1
4644 1
4645 2
4646 2
4647 2
4648 3
4649 0
4650 1
4651 2
4652 1
4653 0
4654 0
4655 2
4656 0
4657 1
4658 1
4659 1
4660 1
4661 0
4662 0
4663 1
4664 2
4665 1
4666 1
4667 1
4668 2
4669 1
4670 2
4671 1
4672 0
4673 1
4674 1
4675 0
4676 1
4677 2
4678 2
4679 1
4680 0
4681 0
4682 2
4683 2
4684 0
4685 2
4686 1
4687 2
4688 1
4689 0
4690 0
4691 0
4692 2
4693 2
4694 2
4695 0
4696 1
4697 2
4698 1
4699 2
4700 2
4701 0
4702 3
4703 2
4704 1
4705 2
4706 0
4707 0
4708 0
4709 2
4710 1
4711 0
4712 1
4713 0
4714 1
4715 2
4716 0
4717 0
4718 0
4719 1
4720 0
4721 0
4722 1
4723 2
4724 0
4725 0
4726 0
4727 0
4728 1
4729 1
4730 0
4731 2
4732 2
4733 0
4734 2
4735 0
4736 0
4737 2
4738 0
4739 2
4740 0
4741 0
4742 1
4743 1
4744 0
4745 0
4746 0
4747 0
4748 0
4749 2
4750 2
4751 2
4752 0
4753 2
4754 2
4755 2
4756 2
4757 0
4758 0
4759 0
4760 1
4761 0
4762 0
4763 1
4764 1
4765 1
4766 1
4767 0
4768 2
4769 0
4770 1
4771 1
4772 1
4773 1
4774 1
4775 1
4776 2
4777 0
4778 2
4779 2
4780 2
4781 1
4782 0
4783 1
4784 1
4785 2
4786 0
4787 2
4788 2
4789 2
4790 1
4791 1
4792 0
4793 0
4794 1
4795 0
4796 1
4797 2
4798 2
4799 0
4800 1
4801 2
4802 2
4803 0
4804 1
4805 0
4806 1
4807 2
4808 2
4809 2
4810 2
4811 2
4812 1
4813 0
4814 0
4815 1
4816 0
4817 2
4818 2
4819 0
4820 1
4821 0
4822 0
4823 1
4824 0
4825 0
4826 2
4827 0
4828 1
4829 2
4830 0
4831 2
4832 2
4833 2
4834 2
4835 2
4836 0
4837 2
4838 1
4839 0
4840 1
4841 0
4842 1
4843 1
4844 1
4845 2
4846 0
4847 0
4848 1
4849 2
4850 1
4851 1
4852 0
4853 2
4854 1
4855 1
4856 0
4857 1
4858 0
4859 2
4860 2
4861 2
4862 1
4863 1
4864 0
4865 1
4866 0
4867 0
4868 0
4869 1
4870 1
4871 1
4872 0
4873 0
4874 1
4875 1
4876 1
4877 0
4878 1
4879 1
4880 1
4881 1
4882 2
4883 0
4884 1
4885 0
4886 0
4887 0
4888 1
4889 0
4890 1
4891 0
4892 2
4893 2
4894 1
4895 0
4896 1
4897 1
4898 0
4899 1
4900 1
4901 2
4902 0
4903 2
4904 2
4905 2
4906 0
4907 0
4908 0
4909 0
4910 1
4911 1
4912 2
4913 0
4914 1
4915 0
4916 1
4917 0
4918 0
4919 1
4920 0
4921 1
4922 0
4923 0
4924 2
4925 2
4926 1
4927 0
4928 2
4929 2
4930 2
4931 0
4932 2
4933 2
4934 0
4935 2
4936 0
4937 2
4938 2
4939 1
4940 1
4941 0
4942 0
4943 0
4944 1
4945 0
4946 1
4947 1
4948 0
4949 2
4950 0
4951 1
4952 0
4953 0
4954 0
4955 1
4956 2
4957 1
4958 2
4959 2
4960 0
4961 2
4962 2
4963 2
4964 1
4965 1
4966 2
4967 0
4968 2
4969 1
4970 2
4971 2
4972 2
4973 2
4974 0
4975 2
4976 2
4977 2
4978 0
4979 1
4980 0
4981 1
4982 0
4983 1
4984 1
4985 2
4986 0
4987 2
4988 1
4989 0
4990 0
4991 0
4992 0
4993 2
4994 1
4995 1
4996 1
4997 0
4998 0
4999 1
5000 2
5001 2
5002 2
5003 2
5004 1
5005 0
5006 0
5007 1
5008 0
5009 1
5010 2
5011 2
5012 2
5013 0
5014 1
5015 1
5016 0
5017 0
5018 2
5019 1
5020 2
5021 0
5022 2
5023 1
5024 2
5025 0
5026 0
5027 2
5028 1
5029 0
5030 0
5031 2
5032 1
5033 2
5034 0
5035 1
5036 2
5037 2
5038 1
5039 0
5040 0
5041 1
5042 0
5043 2
5044 2
5045 1
5046 1
5047 1
5048 0
5049 2
5050 0
5051 0
5052 1
5053 1
5054 2
5055 1
5056 2
5057 2
5058 0
5059 2
5060 1
5061 2
5062 0
5063 1
5064 1
5065 1
5066 1
5067 1
5068 1
5069 1
5070 0
5071 2
5072 1
5073 0
5074 1
5075 1
5076 1
5077 2
5078 1
5079 0
5080 2
5081 2
5082 0
5083 1
5084 0
5085 2
5086 0
5087 2
5088 2
5089 1
5090 2
5091 1
5092 1
5093 2
5094 0
5095 2
5096 2
5097 0
5098 0
5099 1
5100 2
5101 1
5102 0
5103 2
5104 0
5105 0
5106 1
5107 0
5108 2
5109 2
5110 0
5111 2
5112 1
5113 0
5114 1
5115 1
5116 1
5117 2
5118 0
5119 1
5120 1
5121 1
5122 0
5123 1
5124 0
5125 0
5126 2
5127 1
5128 0
5129 0
5130 1
5131 1
5132 0
5133 1
5134 2
5135 2
5136 1
5137 0
5138 0
5139 2
5140 1
5141 2
5142 1
5143 2
5144 0
5145 2
5146 1
5147 0
5148 1
5149 2
5150 2
5151 2
5152 2
5153 0
5154 0
5155 0
5156 2
5157 2
5158 2
5159 2
5160 0
5161 1
5162 1
5163 2
5164 2
5165 1
5166 1
5167 0
5168 1
5169 1
5170 2
5171 2
5172 1
5173 2
5174 2
5175 2
5176 1
5177 1
5178 1
5179 1
5180 1
5181 0
5182 1
5183 2
5184 1
5185 1
5186 1
5187 1
5188 1
5189 0
5190 2
5191 2
5192 2
5193 0
5194 2
5195 2
5196 1
5197 1
5198 2
5199 2
5200 2
5201 2
5202 0
5203 2
5204 2
5205 2
5206 0
5207 2
5208 2
5209 2
5210 2
5211 2
5212 2
5213 1
5214 2
5215 1
5216 0
5217 1
5218 0
5219 1
5220 2
5221 0
5222 2
5223 2
5224 2
5225 1
5226 2
5227 1
5228 0
5229 0
5230 1
5231 1
5232 1
5233 1
5234 0
5235 0
5236 0
5237 0
5238 2
5239 0
5240 1
5241 0
5242 1
5243 1
5244 0
5245 1
5246 0
5247 0
5248 0
5249 0
5250 0
5251 0
5252 0
5253 0
5254 0
5255 2
5256 0
5257 0
5258 0
5259 2
5260 2
5261 2
5262 2
5263 2
5264 2
5265 1
5266 0
5267 0
5268 1
5269 2
5270 2
5271 1
5272 1
5273 2
5274 0
5275 0
5276 1
5277 1
5278 2
5279 1
5280 0
5281 1
5282 2
5283 2
5284 0
5285 1
5286 1
5287 1
5288 1
5289 1
5290 2
5291 2
5292 1
5293 1
5294 2
5295 0
5296 0
5297 0
5298 2
5299 2
5300 2
5301 1
5302 2
5303 0
5304 0
5305 2
5306 2
5307 0
5308 0
5309 2
5310 1
5311 0
5312 1
5313 0
5314 0
5315 1
5316 0
5317 1
5318 1
5319 1
5320 1
5321 2
5322 2
5323 2
5324 2
5325 2
5326 0
5327 1
5328 0
5329 1
5330 2
5331 2
5332 0
5333 2
5334 1
5335 2
5336 0
5337 1
5338 0
5339 2
5340 0
5341 2
5342 0
5343 0
5344 2
5345 2
5346 1
5347 1
5348 0
5349 2
5350 2
5351 1
5352 1
5353 0
5354 2
5355 1
5356 2
5357 0
5358 0
5359 0
5360 1
5361 1
5362 1
5363 1
5364 0
5365 0
5366 1
5367 1
5368 1
5369 0
5370 2
5371 2
5372 0
5373 1
5374 1
5375 0
5376 2
5377 0
5378 1
5379 0
5380 1
5381 0
5382 0
5383 0
5384 2
5385 1
5386 0
5387 2
5388 1
5389 1
5390 2
5391 0
5392 1
5393 1
5394 0
5395 2
5396 2
5397 1
5398 0
5399 2
5400 1
5401 0
5402 1
5403 2
5404 0
5405 2
5406 0
5407 0
5408 2
5409 2
5410 2
5411 1
5412 0
5413 0
5414 2
5415 2
5416 2
5417 1
5418 0
5419 2
5420 1
5421 2
5422 1
5423 0
5424 2
5425 2
5426 0
5427 2
5428 1
5429 1
5430 2
5431 0
5432 0
5433 2
5434 2
5435 0
5436 0
5437 0
5438 0
5439 0
5440 2
5441 2
5442 0
5443 2
5444 2
5445 0
5446 2
5447 1
5448 2
5449 0
5450 1
5451 1
5452 2
5453 1
5454 2
5455 1
5456 2
5457 2
5458 0
5459 0
5460 1
5461 0
5462 1
5463 0
5464 2
5465 2
5466 2
5467 2
5468 0
5469 0
5470 0
5471 0
5472 0
5473 2
5474 2
5475 0
5476 2
5477 1
5478 1
5479 0
5480 1
5481 0
5482 2
5483 2
5484 0
5485 1
5486 1
5487 0
5488 2
5489 1
5490 1
5491 1
5492 0
5493 0
5494 0
5495 1
5496 1
5497 0
5498 1
5499 2
5500 1
5501 1
5502 2
5503 1
5504 0
5505 0
5506 1
5507 1
5508 2
5509 2
5510 2
5511 1
5512 1
5513 0
5514 1
5515 1
5516 0
5517 2
5518 0
5519 1
5520 1
5521 0
5522 2
5523 1
5524 1
5525 2
5526 1
5527 2
5528 1
5529 0
5530 0
5531 1
5532 2
5533 2
5534 2
5535 0
5536 0
5537 0
5538 0
5539 0
5540 1
5541 2
5542 0
5543 1
5544 0
5545 1
5546 1
5547 1
5548 2
5549 2
5550 2
5551 0
5552 0
5553 1
5554 2
5555 1
5556 2
5557 1
5558 0
5559 2
5560 0
5561 2
5562 0
5563 0
5564 2
5565 2
5566 0
5567 1
5568 0
5569 1
5570 0
5571 1
5572 0
5573 2
5574 0
5575 2
5576 2
5577 1
5578 1
5579 2
5580 2
5581 1
5582 1
5583 0
5584 0
5585 1
5586 1
5587 1
5588 1
5589 1
5590 2
5591 0
5592 2
5593 0
5594 0
5595 2
5596 2
5597 1
5598 0
5599 2
5600 1
5601 1
5602 2
5603 0
5604 0
5605 0
5606 1
5607 2
5608 1
5609 1
5610 0
5611 0
5612 0
5613 2
5614 2
5615 1
5616 1
5617 1
5618 1
5619 0
5620 2
5621 0
5622 2
5623 0
5624 0
5625 0
5626 0
5627 2
5628 0
5629 2
5630 2
5631 2
5632 2
5633 1
5634 0
5635 0
5636 2
5637 1
5638 0
5639 0
5640 1
5641 1
5642 1
5643 1
5644 1
5645 0
5646 1
5647 2
5648 0
5649 2
5650 1
5651 0
5652 0
5653 2
5654 1
5655 0
5656 2
5657 0
5658 1
5659 1
5660 2
5661 1
5662 0
5663 1
5664 2
5665 0
5666 2
5667 1
5668 0
5669 1
5670 1
5671 1
5672 1
5673 0
5674 2
5675 0
5676 0
5677 0
5678 0
5679 0
5680 0
5681 2
5682 2
5683 2
5684 2
5685 2
5686 2
5687 2
5688 2
5689 2
5690 2
5691 2
5692 2
5693 2
5694 2
5695 1
5696 1
5697 0
5698 1
5699 2
5700 2
5701 0
5702 2
5703 2
5704 3
5705 3
5706 3
5707 3
5708 0
5709 2
5710 0
5711 0
5712 0
5713 2
5714 2
5715 2
5716 0
5717 0
5718 0
5719 2
5720 2
5721 2
5722 2
5723 3
5724 2
5725 2
5726 2
5727 2
5728 1
5729 0
5730 1
5731 2
5732 1
5733 1
5734 2
5735 2
5736 1
5737 2
5738 1
5739 1
5740 1
5741 1
5742 1
5743 1
5744 2
5745 0
5746 0
5747 0
5748 3
5749 3
5750 3
5751 3
5752 2
5753 1
5754 0
5755 2
5756 0
5757 1
5758 1
5759 2
5760 1
5761 2
5762 2
5763 2
5764 1
5765 2
5766 1
5767 0
5768 1
5769 0
5770 1
5771 1
5772 2
5773 2
5774 2
5775 1
5776 2
5777 0
5778 1
5779 0
5780 1
5781 2
5782 1
5783 2
5784 0
5785 2
5786 0
5787 2
5788 1
5789 2
5790 1
5791 1
5792 2
5793 1
5794 2
5795 0
5796 2
5797 2
5798 0
5799 2
5800 0
5801 0
5802 2
5803 2
5804 2
5805 2
5806 2
5807 0
5808 1
5809 2
5810 2
5811 0
5812 2
5813 0
5814 1
5815 2
5816 2
5817 2
5818 2
5819 2
5820 0
5821 1
5822 1
5823 2
5824 2
5825 0
5826 0
5827 0
5828 1
5829 1
5830 1
5831 2
5832 2
5833 2
5834 0
5835 2
5836 2
5837 0
5838 1
5839 0
5840 0
5841 1
5842 0
5843 1
5844 0
5845 2
5846 1
5847 1
5848 2
5849 0
5850 1
5851 0
5852 0
5853 0
5854 0
5855 2
5856 0
5857 2
5858 0
5859 0
5860 2
5861 0
5862 2
5863 1
5864 0
5865 0
5866 0
5867 2
5868 2
5869 2
5870 2
5871 2
5872 2
5873 2
5874 2
5875 2
5876 2
5877 2
5878 2
5879 2
5880 1
5881 0
5882 0
5883 1
5884 0
5885 1
5886 1
5887 1
5888 1
5889 0
5890 2
5891 0
5892 2
5893 0
5894 2
5895 0
5896 0
5897 2
5898 0
5899 2
5900 1
5901 2
5902 2
5903 2
5904 1
5905 1
5906 2
5907 2
5908 1
5909 1
5910 0
5911 1
5912 1
5913 0
5914 2
5915 2
5916 0
5917 2
5918 2
5919 0
5920 0
5921 2
5922 0
5923 0
5924 1
5925 2
5926 2
5927 1
5928 0
5929 1
5930 0
5931 0
5932 0
5933 2
5934 1
5935 0
5936 2
5937 2
5938 2
5939 0
5940 1
5941 0
5942 2
5943 0
5944 1
5945 2
5946 0
5947 0
5948 2
5949 2
5950 1
5951 2
5952 1
5953 1
5954 2
5955 2
5956 2
5957 1
5958 1
5959 2
5960 1
5961 2
5962 1
5963 2
5964 1
5965 0
5966 2
5967 0
5968 1
5969 2
5970 1
5971 0
5972 2
5973 2
5974 0
5975 2
5976 0
5977 2
5978 2
5979 1
5980 2
5981 2
5982 2
5983 1
5984 1
5985 2
5986 0
5987 2
5988 0
5989 0
5990 2
5991 2
5992 1
5993 1
5994 0
5995 2
5996 2
5997 2
5998 2
5999 1
6000 1
6001 0
6002 2
6003 0
6004 1
6005 2
6006 1
6007 1
6008 2
6009 1
6010 0
6011 2
6012 2
6013 2
6014 1
6015 1
6016 2
6017 2
6018 2
6019 2
6020 2
6021 2
6022 2
6023 1
6024 3
6025 3
6026 3
6027 3
6028 3
6029 3
6030 3
6031 1
6032 1
6033 1
6034 2
6035 1
6036 1
6037 2
6038 1
6039 0
6040 0
6041 0
6042 2
6043 0
6044 0
6045 0
6046 0
6047 0
6048 1
6049 3
6050 3
6051 0
6052 3
6053 3
6054 0
6055 1
6056 0
6057 0
6058 1
6059 2
6060 1
6061 0
6062 1
6063 0
6064 2
6065 0
6066 0
6067 2
6068 2
6069 2
6070 3
6071 3
6072 3
6073 3
6074 1
6075 3
6076 3
6077 3
6078 3
6079 3
6080 3
6081 0
6082 0
6083 2
6084 0
6085 2
6086 2
6087 0
6088 0
6089 0
6090 0
6091 2
6092 1
6093 1
6094 0
6095 0
6096 1
6097 0
6098 0
6099 2
6100 2
6101 1
6102 0
6103 0
6104 0
6105 1
6106 0
6107 1
6108 2
6109 2
6110 1
6111 0
6112 2
6113 3
6114 2
6115 2
6116 1
6117 1
6118 0
6119 0
6120 1
6121 1
6122 0
6123 2
6124 0
6125 3
6126 3
6127 3
6128 3
6129 3
6130 3
6131 0
6132 0
6133 2
6134 2
6135 2
6136 2
6137 2
6138 0
6139 2
6140 0
6141 0
6142 0
6143 0
6144 2
6145 0
6146 1
6147 2
6148 0
6149 2
6150 0
6151 3
6152 2
6153 1
6154 1
6155 1
6156 2
6157 1
6158 2
6159 2
6160 0
6161 2
6162 0
6163 2
6164 0
6165 0
6166 1
6167 1
6168 2
6169 1
6170 1
6171 1
6172 0
6173 1
6174 1
6175 1
6176 2
6177 3
6178 1
6179 1
6180 2
6181 2
6182 1
6183 1
6184 0
6185 1
6186 2
6187 2
6188 2
6189 2
6190 2
6191 2
6192 0
6193 2
6194 1
6195 0
6196 2
6197 1
6198 2
6199 2
6200 0
6201 1
6202 1
6203 1
6204 2
6205 0
6206 2
6207 2
6208 2
6209 2
6210 0
6211 1
6212 0
6213 2
6214 1
6215 1
6216 1
6217 1
6218 0
6219 1
6220 3
6221 3
6222 3
6223 3
6224 2
6225 0
6226 2
6227 2
6228 1
6229 1
6230 2
6231 2
6232 2
6233 0
6234 1
6235 2
6236 0
6237 1
6238 1
6239 2
6240 1
6241 1
6242 1
6243 0
6244 2
6245 2
6246 0
6247 2
6248 1
6249 1
6250 1
6251 0
6252 0
6253 2
6254 0
6255 0
6256 0
6257 0
6258 0
6259 0
6260 1
6261 1
6262 2
6263 1
6264 2
6265 2
6266 2
6267 2
6268 0
6269 2
6270 0
6271 2
6272 2
6273 0
6274 0
6275 2
6276 2
6277 0
6278 2
6279 0
6280 2
6281 0
6282 2
6283 1
6284 1
6285 2
6286 2
6287 2
6288 1
6289 0
6290 2
6291 1
6292 2
6293 1
6294 1
6295 2
6296 2
6297 1
6298 2
6299 1
6300 2
6301 2
6302 0
6303 0
6304 2
6305 0
6306 1
6307 1
6308 0
6309 1
6310 1
6311 0
6312 2
6313 0
6314 2
6315 2
6316 2
6317 1
6318 2
6319 2
6320 1
6321 0
6322 1
6323 1
6324 1
6325 3
6326 3
6327 3
6328 3
6329 1
6330 0
6331 0
6332 1
6333 2
6334 1
6335 2
6336 1
6337 1
6338 2
6339 2
6340 2
6341 0
6342 0
6343 2
6344 2
6345 1
6346 2
6347 2
6348 1
6349 2
6350 2
6351 2
6352 2
6353 2
6354 1
6355 1
6356 2
6357 1
6358 2
6359 1
6360 2
6361 1
6362 1
6363 0
6364 1
6365 2
6366 0
6367 1
6368 2
6369 2
6370 2
6371 1
6372 1
6373 0
6374 0
6375 1
6376 0
6377 1
6378 0
6379 0
6380 2
6381 2
6382 2
6383 2
6384 2
6385 1
6386 1
6387 0
6388 2
6389 2
6390 0
6391 1
6392 2
6393 1
6394 0
6395 2
6396 2
6397 0
6398 2
6399 0
6400 1
6401 2
6402 1
6403 1
6404 1
6405 2
6406 2
6407 0
6408 2
6409 1
6410 0
6411 1
6412 0
6413 1
6414 2
6415 1
6416 0
6417 1
6418 0
6419 1
6420 0
6421 0
6422 0
6423 2
6424 0
6425 2
6426 0
6427 1
6428 2
6429 1
6430 2
6431 1
6432 1
6433 0
6434 2
6435 1
6436 2
6437 0
6438 1
6439 2
6440 0
6441 1
6442 0
6443 2
6444 0
6445 0
6446 1
6447 1
6448 1
6449 2
6450 0
6451 2
6452 2
6453 2
6454 1
6455 0
6456 1
6457 0
6458 0
6459 1
6460 2
6461 2
6462 2
6463 0
6464 1
6465 2
6466 2
6467 1
6468 2
6469 1
6470 1
6471 2
6472 2
6473 0
6474 0
6475 1
6476 1
6477 1
6478 1
6479 1
6480 1
6481 1
6482 2
6483 2
6484 2
6485 1
6486 1
6487 2
6488 1
6489 2
6490 0
6491 1
6492 0
6493 2
6494 1
6495 1
6496 2
6497 1
6498 2
6499 2
6500 1
6501 1
6502 2
6503 2
6504 2
6505 2
6506 2
6507 1
6508 0
6509 0
6510 0
6511 0
6512 0
6513 0
6514 0
6515 0
6516 1
6517 2
6518 2
6519 2
6520 2
6521 0
6522 2
6523 0
6524 2
6525 1
6526 2
6527 1
6528 1
6529 1
6530 0
6531 3
6532 0
6533 1
6534 1
6535 1
6536 1
6537 1
6538 1
6539 1
6540 1
6541 1
6542 1
6543 3
6544 1
6545 0
6546 1
6547 1
6548 2
6549 1
6550 0
6551 1
6552 2
6553 2
6554 2
6555 2
6556 2
6557 2
6558 0
6559 2
6560 0
6561 0
6562 2
6563 2
6564 2
6565 0
6566 1
6567 0
6568 1
6569 2
6570 3
6571 3
6572 1
6573 0
6574 0
6575 1
6576 2
6577 1
6578 1
6579 1
6580 0
6581 1
6582 0
6583 2
6584 2
6585 3
6586 0
6587 1
6588 0
6589 1
6590 1
6591 3
6592 3
6593 1
6594 0
6595 1
6596 1
6597 2
6598 1
6599 2
6600 1
6601 2
6602 1
6603 0
6604 3
6605 0
6606 3
6607 2
6608 3
6609 0
6610 2
6611 0
6612 0
6613 3
6614 3
6615 2
6616 0
6617 1
6618 2
6619 0
6620 1
6621 2
6622 1
6623 2
6624 2
6625 0
6626 1
6627 2
6628 2
6629 0
6630 1
6631 1
6632 1
6633 0
6634 2
6635 0
6636 2
6637 2
6638 2
6639 0
6640 2
6641 2
6642 2
6643 2
6644 1
6645 1
6646 1
6647 1
6648 0
6649 2
6650 1
6651 1
6652 1
6653 2
6654 2
6655 0
6656 0
6657 1
6658 1
6659 1
6660 2
6661 0
6662 0
6663 2
6664 2
6665 2
6666 2
6667 1
6668 1
6669 0
6670 1
6671 1
6672 3
6673 0
6674 2
6675 1
6676 1
6677 2
6678 2
6679 2
6680 1
6681 2
6682 1
6683 1
6684 0
6685 1
6686 1
6687 1
6688 1
6689 2
6690 1
6691 2
6692 1
6693 1
6694 2
6695 1
6696 1
6697 2
6698 0
6699 1
6700 2
6701 2
6702 2
6703 2
6704 2
6705 1
6706 2
6707 1
6708 2
6709 2
6710 2
6711 0
6712 2
6713 2
6714 0
6715 1
6716 2
6717 2
6718 1
6719 1
6720 3
6721 1
6722 2
6723 2
6724 1
6725 1
6726 1
6727 2
6728 2
6729 1
6730 0
6731 0
6732 1
6733 1
6734 1
6735 2
6736 1
6737 1
6738 2
6739 1
6740 1
6741 1
6742 2
6743 1
6744 1
6745 1
6746 1
6747 1
6748 1
6749 1
6750 2
6751 2
6752 1
6753 2
6754 1
6755 3
6756 1
6757 0
6758 1
6759 1
6760 1
6761 1
6762 1
6763 2
6764 2
6765 2
6766 0
6767 2
6768 1
6769 1
6770 2
6771 1
6772 1
6773 1
6774 1
6775 1
6776 2
6777 1
6778 1
6779 1
6780 1
6781 2
6782 1
6783 1
6784 3
6785 1
6786 1
6787 3
6788 2
6789 3
6790 2
6791 2
6792 2
6793 2
6794 2
6795 2
6796 0
0 0
1 2
2 1
3 2
0 0
1 1
2 2
1e-06 0.0916487 81
