0 2
1 0
2 4
3 2
4 2
5 2
6 2
7 2
8 4
9 2
10 2
11 2
12 2
13 2
14 2
15 2
16 2
17 2
18 2
19 2
20 2
21 2
22 2
23 2
24 2
25 2
26 2
27 2
28 2
29 2
30 4
31 2
32 2
33 4
34 2
35 2
36 2
37 2
38 2
39 1
40 2
41 2
42 2
43 2
44 2
45 2
46 2
47 2
48 2
49 2
50 4
51 2
52 2
53 2
54 2
55 2
56 2
57 2
58 4
59 4
60 4
61 4
62 1
63 2
64 2
65 2
66 2
67 2
68 2
69 2
70 4
71 2
72 2
73 2
74 2
75 2
76 2
77 2
78 2
79 4
80 2
81 2
82 2
83 2
84 2
85 2
86 2
87 2
88 2
89 2
90 2
91 2
92 2
93 2
94 2
95 2
96 2
97 0
98 0
99 0
100 1
101 0
102 2
103 0
104 4
105 2
106 0
107 0
108 0
109 1
110 0
111 1
112 1
113 0
114 0
115 2
116 2
117 4
118 1
119 2
120 2
121 0
122 2
123 0
124 1
125 0
126 0
127 2
128 4
129 2
130 4
131 2
132 2
133 2
134 2
135 2
136 4
137 4
138 2
139 2
140 2
141 2
142 2
143 2
144 4
145 2
146 2
147 2
148 2
149 2
150 2
151 2
152 2
153 2
154 2
155 2
156 2
157 2
158 2
159 2
160 2
161 2
162 2
163 2
164 2
165 2
166 4
167 2
168 2
169 2
170 1
171 2
172 2
173 2
174 2
175 2
176 2
177 2
178 4
179 1
180 2
181 2
182 2
183 2
184 2
185 2
186 0
187 2
188 0
189 0
190 2
191 4
192 0
193 2
194 2
195 2
196 4
197 0
198 2
199 2
200 2
201 1
202 0
203 2
204 2
205 2
206 0
207 4
208 2
209 4
210 1
211 2
212 0
213 2
214 2
215 2
216 4
217 4
218 2
219 2
220 2
221 2
222 4
223 0
224 2
225 0
226 1
227 4
228 2
229 2
230 2
231 0
232 1
233 4
234 0
235 4
236 0
237 0
238 1
239 1
240 2
241 0
242 4
243 2
244 4
245 0
246 2
247 2
248 4
249 2
250 4
251 0
252 0
253 4
254 4
255 1
256 2
257 0
258 1
259 4
260 4
261 2
262 4
263 2
264 0
265 4
266 2
267 2
268 4
269 4
270 0
271 4
272 2
273 1
274 0
275 4
276 2
277 1
278 2
279 0
280 2
281 2
282 2
283 2
284 4
285 4
286 2
287 0
288 4
289 2
290 1
291 2
292 0
293 2
294 2
295 2
296 2
297 1
298 4
299 1
300 0
301 0
302 4
303 2
304 4
305 2
306 1
307 2
308 1
309 2
310 4
311 2
312 0
313 2
314 2
315 4
316 2
317 2
318 2
319 0
320 4
321 2
322 2
323 0
324 2
325 4
326 0
327 2
328 4
329 2
330 0
331 2
332 2
333 1
334 4
335 2
336 1
337 2
338 0
339 4
340 0
341 4
342 2
343 1
344 1
345 4
346 2
347 0
348 2
349 2
350 2
351 1
352 2
353 1
354 2
355 1
356 2
357 2
358 2
359 1
360 0
361 2
362 2
363 2
364 2
365 4
366 2
367 2
368 1
369 2
370 1
371 4
372 2
373 4
374 2
375 2
376 2
377 2
378 1
379 1
380 2
381 2
382 2
383 2
384 0
385 2
386 2
387 2
388 1
389 0
390 2
391 2
392 0
393 2
394 2
395 4
396 1
397 2
398 2
399 2
400 2
401 2
402 2
403 4
404 2
405 2
406 1
407 2
408 0
409 4
410 2
411 2
412 0
413 2
414 2
415 1
416 2
417 4
418 1
419 4
420 2
421 2
422 2
423 1
424 2
425 1
426 4
427 4
428 2
429 2
430 0
431 2
432 2
433 2
434 2
435 4
436 0
437 2
438 1
439 2
440 4
441 2
442 2
443 0
444 0
445 4
446 2
447 4
448 2
449 2
450 2
451 4
452 2
453 4
454 2
455 2
456 1
457 2
458 1
459 2
460 2
461 4
462 2
463 1
464 1
465 2
466 2
467 2
468 2
469 2
470 2
471 2
472 1
473 2
474 2
475 2
476 2
477 2
478 4
479 4
480 2
481 2
482 4
483 2
484 2
485 0
486 0
487 0
488 0
489 4
490 0
491 0
492 2
493 0
494 1
495 0
496 0
497 0
498 1
499 1
500 0
501 0
502 0
503 0
504 0
505 0
506 0
507 1
508 0
509 0
510 0
511 2
512 0
513 0
514 0
515 0
516 1
517 0
518 0
519 4
520 0
521 0
522 0
523 0
524 0
525 0
526 0
527 0
528 0
529 0
530 0
531 0
532 0
533 0
534 0
535 0
536 0
537 0
538 0
539 0
540 0
541 0
542 0
543 0
544 0
545 0
546 0
547 4
548 2
549 0
550 0
551 0
552 0
553 0
554 0
555 4
556 4
557 1
558 0
559 0
560 0
561 0
562 0
563 0
564 0
565 2
566 4
567 0
568 0
569 1
570 0
571 0
572 0
573 0
574 0
575 0
576 0
577 0
578 0
579 0
580 0
581 0
582 0
583 0
584 0
585 0
586 0
587 0
588 0
589 0
590 0
591 4
592 0
593 0
594 0
595 0
596 0
597 0
598 0
599 0
600 1
601 0
602 0
603 2
604 0
605 0
606 0
607 0
608 0
609 0
610 0
611 1
612 0
613 0
614 0
615 0
616 0
617 0
618 0
619 2
620 1
621 0
622 0
623 0
624 0
625 0
626 0
627 0
628 0
629 0
630 0
631 0
632 1
633 4
634 0
635 2
636 1
637 2
638 0
639 0
640 0
641 4
642 0
643 0
644 0
645 1
646 2
647 2
648 2
649 2
650 2
651 4
652 2
653 2
654 2
655 2
656 1
657 0
658 2
659 2
660 2
661 1
662 2
663 2
664 2
665 2
666 4
667 2
668 2
669 2
670 2
671 0
672 1
673 0
674 4
675 2
676 2
677 2
678 2
679 2
680 4
681 0
682 2
683 1
684 4
685 2
686 2
687 4
688 2
689 2
690 2
691 2
692 2
693 2
694 2
695 2
696 2
697 2
698 0
699 2
700 2
701 2
702 2
703 4
704 1
705 0
706 2
707 2
708 1
709 2
710 2
711 2
712 2
713 1
714 2
715 2
716 2
717 4
718 2
719 2
720 2
721 2
722 2
723 2
724 2
725 1
726 2
727 2
728 2
729 2
730 4
731 2
732 2
733 2
734 2
735 2
736 2
737 2
738 2
739 2
740 2
741 4
742 2
743 2
744 2
745 1
746 2
747 2
748 4
749 2
750 2
751 2
752 2
753 2
754 2
755 4
756 2
757 2
758 2
759 2
760 2
761 2
762 2
763 2
764 2
765 2
766 2
767 2
768 2
769 2
770 1
771 2
772 2
773 1
774 2
775 2
776 2
777 2
778 4
779 2
780 2
781 2
782 2
783 2
784 2
785 2
786 2
787 2
788 2
789 2
790 1
791 2
792 1
793 2
794 2
795 2
796 2
797 2
798 2
799 2
800 1
801 4
802 1
803 1
804 2
805 2
806 2
807 2
808 2
809 2
810 2
811 2
812 1
813 2
814 2
815 2
816 2
817 2
818 2
819 1
820 1
821 2
822 2
823 2
824 2
825 2
826 1
827 2
828 2
829 2
830 2
831 2
832 2
833 2
834 4
835 2
836 1
837 2
838 2
839 2
840 2
841 2
842 2
843 2
844 2
845 2
846 2
847 2
848 2
849 2
850 4
851 2
852 2
853 1
854 2
855 2
856 2
857 2
858 2
859 2
860 2
861 2
862 2
863 2
864 2
865 4
866 4
867 4
868 4
869 4
870 4
871 4
872 4
873 4
874 4
875 2
876 4
877 4
878 4
879 4
880 4
881 4
882 4
883 4
884 4
885 4
886 4
887 4
888 4
889 2
890 2
891 2
892 2
893 2
894 2
895 2
896 2
897 2
898 2
899 2
900 2
901 2
902 2
903 0
904 2
905 2
906 2
907 2
908 2
909 2
910 4
911 1
912 2
913 2
914 2
915 1
916 2
917 2
918 2
919 2
920 1
921 1
922 2
923 2
924 2
925 2
926 2
927 2
928 2
929 2
930 2
931 2
932 4
933 1
934 2
935 4
936 1
937 2
938 2
939 2
940 4
941 2
942 2
943 2
944 2
945 2
946 2
947 2
948 2
949 2
950 1
951 2
952 1
953 2
954 2
955 2
956 2
957 2
958 2
959 2
960 4
961 2
962 2
963 2
964 2
965 2
966 2
967 4
968 2
969 2
970 2
971 2
972 2
973 2
974 2
975 2
976 2
977 2
978 2
979 2
980 2
981 2
982 2
983 4
984 2
985 2
986 2
987 2
988 2
989 4
990 2
991 2
992 2
993 2
994 2
995 2
996 2
997 2
998 2
999 1
1000 2
1001 2
1002 2
1003 2
1004 2
1005 2
1006 2
1007 2
1008 1
1009 2
1010 2
1011 2
1012 4
1013 2
1014 2
1015 2
1016 2
1017 2
1018 4
1019 2
1020 2
1021 2
1022 1
1023 2
1024 2
1025 1
1026 4
1027 2
1028 2
1029 1
1030 2
1031 4
1032 4
1033 2
1034 2
1035 2
1036 4
1037 4
1038 4
1039 4
1040 4
1041 4
1042 2
1043 2
1044 2
1045 2
1046 2
1047 2
1048 2
1049 2
1050 2
1051 2
1052 2
1053 2
1054 2
1055 2
1056 2
1057 2
1058 2
1059 2
1060 1
1061 4
1062 4
1063 2
1064 2
1065 2
1066 1
1067 2
1068 4
1069 4
1070 4
1071 1
1072 2
1073 2
1074 2
1075 2
1076 2
1077 2
1078 2
1079 4
1080 2
1081 2
1082 2
1083 2
1084 2
1085 2
1086 2
1087 2
1088 4
1089 4
1090 1
1091 2
1092 2
1093 4
1094 2
1095 2
1096 1
1097 4
1098 4
1099 1
1100 2
1101 2
1102 2
1103 2
1104 1
1105 2
1106 0
1107 2
1108 2
1109 4
1110 1
1111 2
1112 2
1113 4
1114 2
1115 2
1116 2
1117 2
1118 2
1119 2
1120 1
1121 2
1122 2
1123 4
1124 4
1125 1
1126 1
1127 2
1128 2
1129 2
1130 4
1131 2
1132 2
1133 2
1134 1
1135 2
1136 2
1137 2
1138 2
1139 2
1140 1
1141 1
1142 1
1143 2
1144 1
1145 1
1146 2
1147 2
1148 1
1149 2
1150 4
1151 1
1152 4
1153 1
1154 1
1155 1
1156 2
1157 4
1158 4
1159 2
1160 2
1161 1
1162 4
1163 2
1164 2
1165 2
1166 1
1167 2
1168 2
1169 1
1170 1
1171 1
1172 4
1173 2
1174 1
1175 2
1176 1
1177 1
1178 1
1179 1
1180 1
1181 1
1182 1
1183 2
1184 1
1185 4
1186 2
1187 2
1188 2
1189 4
1190 4
1191 2
1192 2
1193 2
1194 2
1195 0
1196 2
1197 4
1198 2
1199 2
1200 2
1201 4
1202 2
1203 4
1204 1
1205 0
1206 0
1207 2
1208 2
1209 4
1210 2
1211 2
1212 1
1213 2
1214 2
1215 2
1216 2
1217 2
1218 1
1219 1
1220 2
1221 1
1222 4
1223 0
1224 2
1225 2
1226 0
1227 2
1228 1
1229 2
1230 1
1231 2
1232 2
1233 4
1234 2
1235 2
1236 2
1237 0
1238 2
1239 2
1240 0
1241 4
1242 2
1243 0
1244 2
1245 1
1246 2
1247 4
1248 0
1249 2
1250 0
1251 1
1252 2
1253 0
1254 1
1255 4
1256 2
1257 4
1258 1
1259 0
1260 2
1261 2
1262 1
1263 1
1264 0
1265 4
1266 4
1267 1
1268 4
1269 1
1270 1
1271 2
1272 2
1273 2
1274 0
1275 2
1276 2
1277 2
1278 0
1279 0
1280 0
1281 4
1282 2
1283 4
1284 0
1285 2
1286 0
1287 2
1288 2
1289 2
1290 4
1291 0
1292 4
1293 4
1294 0
1295 4
1296 0
1297 2
1298 2
1299 0
1300 0
1301 1
1302 0
1303 0
1304 0
1305 2
1306 2
1307 0
1308 2
1309 2
1310 2
1311 1
1312 2
1313 2
1314 2
1315 1
1316 4
1317 4
1318 2
1319 2
1320 2
1321 2
1322 2
1323 2
1324 2
1325 2
1326 4
1327 2
1328 2
1329 2
1330 2
1331 2
1332 4
1333 4
1334 0
1335 0
1336 2
1337 0
1338 2
1339 2
1340 2
1341 1
1342 0
1343 2
1344 4
1345 2
1346 2
1347 2
1348 0
1349 2
1350 2
1351 2
1352 2
1353 0
1354 2
1355 2
1356 2
1357 1
1358 2
1359 1
1360 2
1361 0
1362 2
1363 4
1364 2
1365 2
1366 2
1367 1
1368 2
1369 2
1370 2
1371 2
1372 4
1373 2
1374 2
1375 0
1376 4
1377 2
1378 2
1379 2
1380 0
1381 0
1382 0
1383 2
1384 2
1385 2
1386 4
1387 2
1388 2
1389 2
1390 1
1391 2
1392 4
1393 2
1394 0
1395 2
1396 2
1397 0
1398 0
1399 1
1400 0
1401 4
1402 2
1403 4
1404 2
1405 0
1406 1
1407 4
1408 2
1409 4
1410 2
1411 2
1412 2
1413 2
1414 2
1415 2
1416 1
1417 0
1418 4
1419 2
1420 1
1421 4
1422 4
1423 2
1424 2
1425 2
1426 1
1427 1
1428 2
1429 2
1430 0
1431 0
1432 2
1433 2
1434 4
1435 2
1436 1
1437 1
1438 4
1439 1
1440 0
1441 2
1442 1
1443 4
1444 2
1445 2
1446 1
1447 0
1448 2
1449 1
1450 4
1451 0
1452 0
1453 2
1454 2
1455 0
1456 0
1457 4
1458 2
1459 0
1460 2
1461 0
1462 2
1463 2
1464 4
1465 4
1466 4
1467 0
1468 2
1469 4
1470 0
1471 2
1472 2
1473 1
1474 2
1475 2
1476 0
1477 2
1478 0
1479 4
1480 0
1481 2
1482 0
1483 4
1484 2
1485 4
1486 0
1487 2
1488 2
1489 0
1490 1
1491 1
1492 2
1493 0
1494 0
1495 0
1496 2
1497 0
1498 2
1499 2
1500 4
1501 0
1502 4
1503 2
1504 2
1505 2
1506 2
1507 0
1508 2
1509 4
1510 0
1511 1
1512 4
1513 2
1514 2
1515 2
1516 0
1517 0
1518 4
1519 2
1520 4
1521 2
1522 2
1523 4
1524 0
1525 4
1526 0
1527 0
1528 2
1529 2
1530 2
1531 2
1532 4
1533 4
1534 2
1535 2
1536 1
1537 2
1538 2
1539 4
1540 2
1541 2
1542 0
1543 2
1544 2
1545 2
1546 2
1547 2
1548 4
1549 2
1550 0
1551 1
1552 0
1553 2
1554 2
1555 4
1556 4
1557 2
1558 2
1559 2
1560 1
1561 4
1562 2
1563 2
1564 2
1565 2
1566 2
1567 1
1568 2
1569 4
1570 2
1571 4
1572 4
1573 2
1574 1
1575 1
1576 2
1577 4
1578 4
1579 4
1580 4
1581 1
1582 4
1583 2
1584 4
1585 1
1586 4
1587 4
1588 4
1589 2
1590 2
1591 0
1592 2
1593 4
1594 4
1595 2
1596 4
1597 2
1598 0
1599 4
1600 0
1601 4
1602 2
1603 4
1604 4
1605 4
1606 4
1607 4
1608 4
1609 2
1610 2
1611 2
1612 2
1613 1
1614 4
1615 4
1616 0
1617 1
1618 2
1619 2
1620 4
1621 2
1622 2
1623 1
1624 4
1625 2
1626 0
1627 0
1628 0
1629 4
1630 1
1631 2
1632 2
1633 2
1634 2
1635 1
1636 1
1637 2
1638 2
1639 2
1640 2
1641 2
1642 2
1643 2
1644 4
1645 2
1646 2
1647 4
1648 1
1649 0
1650 4
1651 0
1652 4
1653 4
1654 4
1655 4
1656 1
1657 2
1658 2
1659 2
1660 0
1661 0
1662 1
1663 2
1664 4
1665 4
1666 2
1667 4
1668 2
1669 4
1670 2
1671 2
1672 0
1673 1
1674 2
1675 1
1676 4
1677 4
1678 1
1679 0
1680 2
1681 2
1682 1
1683 1
1684 2
1685 2
1686 0
1687 0
1688 2
1689 2
1690 2
1691 2
1692 0
1693 2
1694 2
1695 1
1696 2
1697 2
1698 0
1699 2
1700 1
1701 0
1702 0
1703 4
1704 1
1705 0
1706 2
1707 0
1708 0
1709 0
1710 2
1711 2
1712 2
1713 1
1714 4
1715 2
1716 4
1717 4
1718 4
1719 2
1720 4
1721 4
1722 2
1723 1
1724 4
1725 2
1726 2
1727 4
1728 4
1729 4
1730 2
1731 4
1732 0
1733 2
1734 2
1735 2
1736 2
1737 2
1738 2
1739 2
1740 4
1741 1
1742 2
1743 2
1744 4
1745 1
1746 4
1747 2
1748 2
1749 2
1750 1
1751 4
1752 2
1753 2
1754 2
1755 2
1756 2
1757 4
1758 4
1759 0
1760 4
1761 1
1762 4
1763 2
1764 1
1765 0
1766 2
1767 1
1768 0
1769 0
1770 0
1771 0
1772 2
1773 4
1774 0
1775 0
1776 2
1777 0
1778 4
1779 0
1780 0
1781 0
1782 0
1783 0
1784 2
1785 2
1786 2
1787 0
1788 0
1789 0
1790 0
1791 4
1792 4
1793 0
1794 0
1795 0
1796 0
1797 2
1798 0
1799 0
1800 2
1801 2
1802 2
1803 1
1804 4
1805 0
1806 0
1807 2
1808 0
1809 0
1810 0
1811 4
1812 4
1813 2
1814 0
1815 1
1816 0
1817 0
1818 0
1819 0
1820 0
1821 0
1822 0
1823 2
1824 2
1825 2
1826 0
1827 2
1828 2
1829 2
1830 0
1831 1
1832 0
1833 0
1834 0
1835 0
1836 0
1837 2
1838 4
1839 0
1840 0
1841 0
1842 2
1843 0
1844 0
1845 0
1846 2
1847 0
1848 0
1849 4
1850 4
1851 0
1852 2
1853 0
1854 0
1855 4
1856 2
1857 4
1858 4
1859 4
1860 4
1861 0
1862 0
1863 1
1864 4
1865 0
1866 0
1867 0
1868 2
1869 0
1870 0
1871 2
1872 0
1873 0
1874 0
1875 0
1876 0
1877 0
1878 4
1879 4
1880 4
1881 4
1882 4
1883 0
1884 0
1885 2
1886 0
1887 0
1888 0
1889 0
1890 0
1891 0
1892 0
1893 4
1894 0
1895 0
1896 2
1897 4
1898 0
1899 0
1900 0
1901 0
1902 0
1903 4
1904 0
1905 0
1906 2
1907 4
1908 0
1909 0
1910 0
1911 2
1912 2
1913 0
1914 0
1915 0
1916 0
1917 0
1918 0
1919 0
1920 0
1921 2
1922 0
1923 0
1924 0
1925 0
1926 2
1927 0
1928 2
1929 2
1930 4
1931 2
1932 2
1933 4
1934 0
1935 2
1936 0
1937 2
1938 2
1939 4
1940 4
1941 4
1942 0
1943 1
1944 2
1945 0
1946 2
1947 2
1948 2
1949 2
1950 0
1951 2
1952 0
1953 1
1954 4
1955 0
1956 2
1957 2
1958 0
1959 2
1960 2
1961 1
1962 2
1963 2
1964 1
1965 2
1966 2
1967 2
1968 4
1969 4
1970 4
1971 4
1972 1
1973 2
1974 4
1975 2
1976 0
1977 4
1978 2
1979 2
1980 4
1981 1
1982 2
1983 2
1984 2
1985 4
1986 4
1987 4
1988 4
1989 4
1990 4
1991 4
1992 4
1993 2
1994 2
1995 0
1996 2
1997 2
1998 0
1999 0
2000 4
2001 0
2002 4
2003 0
2004 2
2005 2
2006 0
2007 2
2008 2
2009 0
2010 4
2011 2
2012 4
2013 4
2014 2
2015 4
2016 4
2017 0
2018 4
2019 4
2020 2
2021 4
2022 0
2023 2
2024 2
2025 2
2026 2
2027 2
2028 1
2029 0
2030 4
2031 0
2032 2
2033 4
2034 0
2035 0
2036 0
2037 0
2038 1
2039 0
2040 4
2041 4
2042 4
2043 4
2044 4
2045 4
2046 4
2047 4
2048 4
2049 4
2050 4
2051 2
2052 0
2053 0
2054 4
2055 0
2056 0
2057 2
2058 2
2059 4
2060 2
2061 2
2062 4
2063 4
2064 0
2065 4
2066 1
2067 4
2068 0
2069 2
2070 0
2071 4
2072 4
2073 4
2074 0
2075 4
2076 0
2077 4
2078 4
2079 1
2080 1
2081 4
2082 4
2083 4
2084 4
2085 1
2086 0
2087 2
2088 4
2089 4
2090 4
2091 4
2092 0
2093 4
2094 4
2095 4
2096 4
2097 4
2098 4
2099 0
2100 2
2101 4
2102 2
2103 1
2104 0
2105 2
2106 2
2107 4
2108 1
2109 0
2110 4
2111 0
2112 2
2113 4
2114 0
2115 2
2116 0
2117 2
2118 2
2119 0
2120 0
2121 2
2122 2
2123 2
2124 2
2125 2
2126 2
2127 0
2128 2
2129 4
2130 4
2131 2
2132 1
2133 2
2134 2
2135 2
2136 2
2137 2
2138 2
2139 2
2140 1
2141 1
2142 2
2143 1
2144 2
2145 0
2146 1
2147 2
2148 2
2149 2
2150 2
2151 1
2152 0
2153 4
2154 2
2155 0
2156 2
2157 2
2158 2
2159 2
2160 1
2161 0
2162 4
2163 2
2164 2
2165 2
2166 0
2167 2
2168 2
2169 1
2170 1
2171 2
2172 2
2173 2
2174 1
2175 2
2176 4
2177 4
2178 1
2179 2
2180 0
2181 4
2182 2
2183 2
2184 2
2185 2
2186 2
2187 2
2188 2
2189 4
2190 2
2191 2
2192 0
2193 2
2194 2
2195 4
2196 0
2197 2
2198 0
2199 0
2200 1
2201 2
2202 4
2203 2
2204 0
2205 4
2206 0
2207 2
2208 4
2209 2
2210 4
2211 2
2212 2
2213 2
2214 1
2215 1
2216 1
2217 1
2218 2
2219 1
2220 2
2221 0
2222 0
2223 1
2224 2
2225 2
2226 2
2227 0
2228 4
2229 1
2230 2
2231 2
2232 2
2233 2
2234 0
2235 1
2236 2
2237 0
2238 2
2239 4
2240 4
2241 2
2242 1
2243 2
2244 1
2245 2
2246 1
2247 2
2248 2
2249 4
2250 2
2251 1
2252 2
2253 4
2254 4
2255 4
2256 1
2257 2
2258 1
2259 4
2260 2
2261 1
2262 1
2263 0
2264 2
2265 1
2266 2
2267 1
2268 0
2269 1
2270 2
2271 2
2272 2
2273 2
2274 2
2275 2
2276 1
2277 1
2278 1
2279 2
2280 4
2281 1
2282 1
2283 2
2284 4
2285 4
2286 1
2287 2
2288 2
2289 2
2290 2
2291 2
2292 2
2293 2
2294 2
2295 2
2296 1
2297 2
2298 2
2299 0
2300 0
2301 4
2302 2
2303 2
2304 2
2305 2
2306 4
2307 0
2308 2
2309 2
2310 2
2311 2
2312 2
2313 1
2314 2
2315 2
2316 2
2317 2
2318 0
2319 4
2320 1
2321 2
2322 2
2323 1
2324 0
2325 2
2326 0
2327 4
2328 0
2329 2
2330 2
2331 2
2332 1
2333 4
2334 2
2335 0
2336 2
2337 1
2338 2
2339 2
2340 1
2341 2
2342 2
2343 4
2344 0
2345 4
2346 2
2347 0
2348 4
2349 1
2350 2
2351 0
2352 1
2353 4
2354 1
2355 2
2356 2
2357 2
2358 2
2359 0
2360 4
2361 2
2362 2
2363 4
2364 4
2365 0
2366 1
2367 1
2368 4
2369 1
2370 1
2371 1
2372 2
2373 4
2374 2
2375 0
2376 0
2377 2
2378 2
2379 2
2380 2
2381 2
2382 2
2383 2
2384 2
2385 2
2386 1
2387 2
2388 1
2389 1
2390 2
2391 2
2392 0
2393 2
2394 4
2395 1
2396 4
2397 2
2398 0
2399 1
2400 2
2401 2
2402 2
2403 2
2404 2
2405 4
2406 1
2407 1
2408 2
2409 0
2410 2
2411 4
2412 2
2413 4
2414 0
2415 2
2416 2
2417 2
2418 2
2419 2
2420 2
2421 2
2422 2
2423 2
2424 2
2425 2
2426 0
2427 4
2428 1
2429 2
2430 2
2431 1
2432 0
2433 0
2434 4
2435 1
2436 0
2437 2
2438 0
2439 2
2440 2
2441 2
2442 0
2443 2
2444 2
2445 2
2446 2
2447 0
2448 1
2449 2
2450 2
2451 2
2452 4
2453 0
2454 4
2455 0
2456 1
2457 0
2458 2
2459 1
2460 2
2461 0
2462 2
2463 0
2464 2
2465 4
2466 0
2467 0
2468 0
2469 2
2470 4
2471 0
2472 2
2473 2
2474 1
2475 2
2476 0
2477 2
2478 0
2479 2
2480 2
2481 1
2482 0
2483 0
2484 1
2485 2
2486 0
2487 1
2488 4
2489 2
2490 2
2491 1
2492 2
2493 2
2494 2
2495 0
2496 2
2497 4
2498 2
2499 2
2500 2
2501 2
2502 2
2503 2
2504 0
2505 2
2506 0
2507 1
2508 2
2509 4
2510 0
2511 2
2512 2
2513 2
2514 2
2515 0
2516 2
2517 2
2518 2
2519 2
2520 2
2521 0
2522 1
2523 4
2524 2
2525 1
2526 0
2527 0
2528 0
2529 2
2530 2
2531 2
2532 2
2533 0
2534 1
2535 2
2536 2
2537 1
2538 0
2539 2
2540 2
2541 2
2542 2
2543 1
2544 1
2545 0
2546 2
2547 0
2548 0
2549 1
2550 2
2551 2
2552 0
2553 1
2554 2
2555 2
2556 0
2557 2
2558 0
2559 1
2560 0
2561 2
2562 0
2563 2
2564 2
2565 2
2566 0
2567 2
2568 2
2569 0
2570 2
2571 2
2572 2
2573 2
2574 2
2575 0
2576 0
2577 1
2578 4
2579 1
2580 2
2581 2
2582 2
2583 2
2584 1
2585 0
2586 4
2587 4
2588 0
2589 2
2590 2
2591 0
2592 2
2593 2
2594 2
2595 2
2596 0
2597 2
2598 2
2599 0
2600 0
2601 0
2602 0
2603 2
2604 0
2605 2
2606 2
2607 2
2608 0
2609 0
2610 2
2611 0
2612 1
2613 2
2614 2
2615 2
2616 0
2617 2
2618 2
2619 0
2620 0
2621 2
2622 0
2623 2
2624 2
2625 2
2626 2
2627 2
2628 1
2629 4
2630 2
2631 2
2632 0
2633 4
2634 2
2635 2
2636 0
2637 2
2638 0
2639 2
2640 2
2641 2
2642 2
2643 2
2644 2
2645 1
2646 2
2647 0
2648 2
2649 2
2650 1
2651 2
2652 0
2653 4
2654 1
2655 2
2656 1
2657 2
2658 2
2659 0
2660 4
2661 1
2662 0
2663 2
2664 2
2665 1
2666 2
2667 2
2668 2
2669 4
2670 2
2671 2
2672 2
2673 0
2674 2
2675 2
2676 0
2677 1
2678 0
2679 0
2680 2
2681 0
2682 2
2683 4
2684 2
2685 2
2686 4
2687 1
2688 0
2689 2
2690 1
2691 2
2692 2
2693 2
2694 4
2695 2
2696 0
2697 0
2698 2
2699 2
2700 2
2701 0
2702 2
2703 1
2704 2
2705 2
2706 2
2707 0
2708 2
2709 2
2710 2
2711 0
2712 2
2713 2
2714 2
2715 1
2716 0
2717 0
2718 0
2719 2
2720 4
2721 2
2722 1
2723 0
2724 0
2725 2
2726 2
2727 1
2728 0
2729 2
2730 0
2731 2
2732 0
2733 2
2734 4
2735 0
2736 2
2737 0
2738 4
2739 2
2740 2
2741 2
2742 2
2743 0
2744 2
2745 2
2746 2
2747 4
2748 2
2749 2
2750 2
2751 0
2752 2
2753 2
2754 0
2755 4
2756 2
2757 2
2758 1
2759 0
2760 2
2761 2
2762 0
2763 0
2764 4
2765 2
2766 2
2767 1
2768 2
2769 0
2770 1
2771 0
2772 2
2773 2
2774 2
2775 2
2776 2
2777 2
2778 2
2779 2
2780 1
2781 2
2782 4
2783 1
2784 0
2785 2
2786 0
2787 2
2788 2
2789 2
2790 2
2791 2
2792 0
2793 2
2794 1
2795 4
2796 4
2797 0
2798 2
2799 2
2800 4
2801 4
2802 2
2803 2
2804 2
2805 0
2806 2
2807 2
2808 2
2809 2
2810 2
2811 1
2812 1
2813 1
2814 1
2815 0
2816 2
2817 2
2818 0
2819 1
2820 2
2821 1
2822 4
2823 4
2824 4
2825 4
2826 4
2827 4
2828 4
2829 4
2830 4
2831 4
2832 0
2833 2
2834 4
2835 2
2836 2
2837 2
2838 0
2839 2
2840 2
2841 4
2842 1
2843 4
2844 0
2845 0
2846 4
2847 0
2848 4
2849 4
2850 2
2851 2
2852 4
2853 2
2854 2
2855 4
2856 1
2857 4
2858 2
2859 2
2860 2
2861 4
2862 2
2863 2
2864 0
2865 0
2866 4
2867 2
2868 2
2869 0
2870 2
2871 4
2872 1
2873 2
2874 0
2875 4
2876 4
2877 4
2878 0
2879 4
2880 1
2881 2
2882 4
2883 4
2884 4
2885 2
2886 4
2887 4
2888 0
2889 0
2890 4
2891 0
2892 0
2893 2
2894 4
2895 1
2896 2
2897 0
2898 2
2899 2
2900 4
2901 1
2902 0
2903 2
2904 0
2905 1
2906 0
2907 4
2908 2
2909 0
2910 0
2911 2
2912 2
2913 2
2914 4
2915 0
2916 1
2917 2
2918 2
2919 4
2920 4
2921 0
2922 0
2923 2
2924 2
2925 0
2926 0
2927 4
2928 4
2929 2
2930 2
2931 0
2932 4
2933 0
2934 0
2935 2
2936 2
2937 2
2938 1
2939 2
2940 0
2941 1
2942 2
2943 0
2944 0
2945 2
2946 0
2947 0
2948 0
2949 1
2950 0
2951 1
2952 2
2953 2
2954 0
2955 4
2956 0
2957 1
2958 0
2959 1
2960 4
2961 2
2962 4
2963 2
2964 0
2965 4
2966 1
2967 0
2968 2
2969 4
2970 0
2971 2
2972 2
2973 0
2974 1
2975 0
2976 1
2977 0
2978 1
2979 0
2980 0
2981 2
2982 1
2983 0
2984 1
2985 1
2986 2
2987 2
2988 0
2989 2
2990 2
2991 1
2992 0
2993 2
2994 0
2995 2
2996 0
2997 0
2998 0
2999 4
3000 2
3001 1
3002 2
3003 0
3004 0
3005 2
3006 1
3007 2
3008 0
3009 2
3010 2
3011 2
3012 0
3013 4
3014 4
3015 2
3016 2
3017 0
3018 4
3019 0
3020 4
3021 0
3022 4
3023 2
3024 4
3025 4
3026 4
3027 4
3028 4
3029 4
3030 4
3031 4
3032 4
3033 0
3034 0
3035 2
3036 0
3037 2
3038 2
3039 2
3040 0
3041 0
3042 2
3043 4
3044 0
3045 0
3046 1
3047 4
3048 0
3049 0
3050 4
3051 2
3052 2
3053 0
3054 4
3055 4
3056 0
3057 2
3058 0
3059 2
3060 0
3061 2
3062 0
3063 2
3064 0
3065 2
3066 0
3067 2
3068 1
3069 2
3070 4
3071 0
3072 0
3073 1
3074 0
3075 0
3076 0
3077 2
3078 2
3079 2
3080 1
3081 2
3082 0
3083 0
3084 0
3085 0
3086 0
3087 4
3088 0
3089 0
3090 2
3091 0
3092 2
3093 2
3094 0
3095 1
3096 0
3097 2
3098 1
3099 0
3100 0
3101 2
3102 1
3103 2
3104 0
3105 2
3106 0
3107 4
3108 2
3109 0
3110 4
3111 2
3112 0
3113 4
3114 2
3115 2
3116 0
3117 0
3118 1
3119 0
3120 0
3121 2
3122 2
3123 2
3124 4
3125 2
3126 2
3127 2
3128 4
3129 4
3130 0
3131 1
3132 0
3133 2
3134 2
3135 2
3136 1
3137 0
3138 2
3139 2
3140 4
3141 2
3142 0
3143 2
3144 2
3145 2
3146 2
3147 2
3148 1
3149 2
3150 0
3151 2
3152 2
3153 2
3154 0
3155 0
3156 0
3157 4
3158 0
3159 1
3160 4
3161 0
3162 2
3163 2
3164 0
3165 4
3166 0
3167 2
3168 0
3169 2
3170 4
3171 4
3172 0
3173 2
3174 4
3175 2
3176 0
3177 4
3178 0
3179 0
3180 2
3181 1
3182 2
3183 1
3184 0
3185 2
3186 0
3187 0
3188 0
3189 1
3190 0
3191 2
3192 4
3193 1
3194 0
3195 0
3196 0
3197 1
3198 2
3199 4
3200 2
3201 0
3202 2
3203 0
3204 0
3205 2
3206 2
3207 0
3208 0
3209 2
3210 4
3211 0
3212 4
3213 0
3214 0
3215 1
3216 2
3217 0
3218 0
3219 2
3220 1
3221 4
3222 4
3223 4
3224 4
3225 4
3226 4
3227 0
3228 2
3229 1
3230 0
3231 2
3232 0
3233 0
3234 1
3235 4
3236 0
3237 2
3238 0
3239 4
3240 2
3241 0
3242 0
3243 0
3244 2
3245 2
3246 1
3247 2
3248 4
3249 4
3250 4
3251 0
3252 0
3253 0
3254 0
3255 0
3256 4
3257 2
3258 2
3259 0
3260 2
3261 2
3262 2
3263 0
3264 2
3265 1
3266 1
3267 0
3268 4
3269 0
3270 2
3271 0
3272 0
3273 0
3274 2
3275 0
3276 4
3277 4
3278 2
3279 2
3280 0
3281 2
3282 0
3283 0
3284 0
3285 1
3286 0
3287 1
3288 0
3289 2
3290 0
3291 2
3292 0
3293 0
3294 0
3295 1
3296 2
3297 2
3298 0
3299 4
3300 4
3301 4
3302 0
3303 4
3304 0
3305 0
3306 0
3307 0
3308 4
3309 2
3310 2
3311 0
3312 1
3313 0
3314 2
3315 0
3316 0
3317 0
3318 0
3319 4
3320 2
3321 2
3322 2
3323 0
3324 1
3325 4
3326 1
3327 1
3328 0
3329 0
3330 2
3331 0
3332 2
3333 2
3334 2
3335 0
3336 2
3337 0
3338 2
3339 2
3340 4
3341 2
3342 0
3343 2
3344 1
3345 1
3346 0
3347 0
3348 1
3349 4
3350 2
3351 0
3352 0
3353 2
3354 0
3355 0
3356 0
3357 1
3358 2
3359 4
3360 0
3361 0
3362 0
3363 4
3364 2
3365 4
3366 4
3367 0
3368 0
3369 2
3370 0
3371 1
3372 0
3373 0
3374 0
3375 2
3376 2
3377 0
3378 0
3379 0
3380 4
3381 1
3382 4
3383 2
3384 2
3385 1
3386 1
3387 0
3388 2
3389 0
3390 0
3391 2
3392 2
3393 2
3394 4
3395 4
3396 1
3397 2
3398 2
3399 0
3400 0
3401 2
3402 2
3403 0
3404 2
3405 2
3406 4
3407 0
3408 2
3409 4
3410 2
3411 2
3412 0
3413 1
3414 2
3415 1
3416 1
3417 0
3418 0
3419 2
3420 4
3421 2
3422 2
3423 4
3424 2
3425 2
3426 0
3427 2
3428 4
3429 0
3430 0
3431 0
3432 2
3433 0
3434 1
3435 4
3436 2
3437 2
3438 1
3439 0
3440 0
3441 0
3442 2
3443 4
3444 0
3445 2
3446 2
3447 4
3448 2
3449 0
3450 0
3451 2
3452 4
3453 4
3454 4
3455 4
3456 4
3457 4
3458 4
3459 4
3460 4
3461 4
3462 4
3463 4
3464 4
3465 4
3466 4
3467 4
3468 4
3469 4
3470 4
3471 4
3472 4
3473 4
3474 4
3475 4
3476 4
3477 4
3478 4
3479 4
3480 4
3481 4
3482 4
3483 4
3484 4
3485 4
3486 4
3487 4
3488 4
3489 4
3490 4
3491 4
3492 4
3493 4
3494 4
3495 0
3496 4
3497 4
3498 0
3499 2
3500 2
3501 4
3502 4
3503 2
3504 1
3505 1
3506 0
3507 0
3508 1
3509 0
3510 1
3511 2
3512 0
3513 1
3514 4
3515 2
3516 0
3517 2
3518 1
3519 2
3520 2
3521 2
3522 0
3523 4
3524 0
3525 2
3526 0
3527 2
3528 2
3529 1
3530 0
3531 1
3532 0
3533 0
3534 0
3535 2
3536 0
3537 0
3538 0
3539 0
3540 1
3541 0
3542 2
3543 1
3544 0
3545 2
3546 0
3547 2
3548 0
3549 0
3550 0
3551 1
3552 0
3553 1
3554 1
3555 0
3556 2
3557 0
3558 0
3559 2
3560 2
3561 0
3562 0
3563 2
3564 4
3565 4
3566 0
3567 2
3568 0
3569 0
3570 1
3571 1
3572 0
3573 0
3574 4
3575 4
3576 0
3577 2
3578 0
3579 0
3580 2
3581 0
3582 0
3583 2
3584 0
3585 2
3586 0
3587 0
3588 0
3589 2
3590 0
3591 0
3592 0
3593 1
3594 0
3595 0
3596 1
3597 2
3598 2
3599 0
3600 2
3601 1
3602 0
3603 4
3604 2
3605 0
3606 2
3607 0
3608 0
3609 2
3610 2
3611 2
3612 0
3613 0
3614 1
3615 0
3616 0
3617 4
3618 2
3619 0
3620 4
3621 0
3622 1
3623 0
3624 2
3625 4
3626 2
3627 2
3628 1
3629 4
3630 4
3631 2
3632 2
3633 2
3634 0
3635 0
3636 1
3637 2
3638 1
3639 0
3640 2
3641 2
3642 2
3643 2
3644 2
3645 0
3646 0
3647 0
3648 1
3649 0
3650 2
3651 1
3652 0
3653 4
3654 0
3655 2
3656 0
3657 2
3658 2
3659 2
3660 0
3661 0
3662 2
3663 0
3664 0
3665 0
3666 0
3667 1
3668 0
3669 0
3670 0
3671 0
3672 0
3673 2
3674 4
3675 4
3676 2
3677 1
3678 2
3679 2
3680 4
3681 0
3682 0
3683 0
3684 4
3685 4
3686 2
3687 0
3688 1
3689 4
3690 0
3691 0
3692 2
3693 2
3694 0
3695 4
3696 4
3697 4
3698 2
3699 4
3700 4
3701 1
3702 4
3703 4
3704 1
3705 4
3706 2
3707 2
3708 0
3709 4
3710 0
3711 2
3712 2
3713 0
3714 0
3715 2
3716 1
3717 0
3718 4
3719 1
3720 0
3721 0
3722 1
3723 2
3724 0
3725 2
3726 1
3727 2
3728 2
3729 1
3730 0
3731 4
3732 0
3733 2
3734 0
3735 2
3736 4
3737 0
3738 0
3739 0
3740 1
3741 0
3742 0
3743 4
3744 4
3745 0
3746 0
3747 2
3748 0
3749 2
3750 1
3751 0
3752 0
3753 0
3754 4
3755 2
3756 0
3757 0
3758 0
3759 2
3760 2
3761 0
3762 2
3763 0
3764 0
3765 4
3766 2
3767 2
3768 2
3769 1
3770 2
3771 0
3772 2
3773 0
3774 2
3775 4
3776 4
3777 2
3778 2
3779 2
3780 0
3781 4
3782 0
3783 0
3784 4
3785 4
3786 4
3787 4
3788 4
3789 4
3790 2
3791 0
3792 2
3793 0
3794 2
3795 2
3796 2
3797 2
3798 2
3799 1
3800 2
3801 4
3802 4
3803 4
3804 4
3805 4
3806 4
3807 2
3808 0
3809 0
3810 4
3811 4
3812 4
3813 2
3814 0
3815 0
3816 0
3817 0
3818 2
3819 1
3820 2
3821 0
3822 2
3823 0
3824 0
3825 0
3826 1
3827 4
3828 2
3829 0
3830 4
3831 4
3832 0
3833 0
3834 0
3835 0
3836 1
3837 0
3838 0
3839 0
3840 2
3841 1
3842 0
3843 1
3844 2
3845 2
3846 2
3847 2
3848 0
3849 2
3850 2
3851 2
3852 2
3853 4
3854 4
3855 2
3856 2
3857 4
3858 4
3859 0
3860 0
3861 2
3862 4
3863 2
3864 1
3865 0
3866 0
3867 2
3868 0
3869 0
3870 2
3871 4
3872 0
3873 0
3874 0
3875 0
3876 2
3877 2
3878 1
3879 1
3880 2
3881 0
3882 0
3883 4
3884 2
3885 2
3886 0
3887 0
3888 2
3889 2
3890 0
3891 0
3892 2
3893 0
3894 0
3895 2
3896 0
3897 4
3898 1
3899 1
3900 2
3901 0
3902 0
3903 0
3904 2
3905 2
3906 4
3907 2
3908 0
3909 0
3910 2
3911 0
3912 0
3913 0
3914 2
3915 0
3916 0
3917 0
3918 0
3919 0
3920 0
3921 2
3922 0
3923 0
3924 0
3925 0
3926 1
3927 2
3928 0
3929 0
3930 2
3931 0
3932 0
3933 0
3934 2
3935 0
3936 2
3937 0
3938 0
3939 2
3940 4
3941 0
3942 4
3943 4
3944 4
3945 0
3946 0
3947 0
3948 0
3949 4
3950 2
3951 0
3952 4
3953 0
3954 1
3955 0
3956 0
3957 2
3958 0
3959 1
3960 0
3961 0
3962 2
3963 0
3964 2
3965 0
3966 0
3967 0
3968 1
3969 0
3970 2
3971 0
3972 1
3973 1
3974 2
3975 2
3976 0
3977 0
3978 0
3979 4
3980 4
3981 2
3982 0
3983 4
3984 2
3985 2
3986 1
3987 2
3988 2
3989 2
3990 2
3991 2
3992 0
3993 0
3994 1
3995 2
3996 1
3997 0
3998 0
3999 2
4000 2
4001 0
4002 2
4003 2
4004 2
4005 2
4006 4
4007 1
4008 0
4009 0
4010 2
4011 1
4012 2
4013 0
4014 4
4015 0
4016 0
4017 0
4018 2
4019 0
4020 1
4021 0
4022 2
4023 0
4024 4
4025 2
4026 2
4027 0
4028 1
4029 1
4030 0
4031 1
4032 0
4033 0
4034 4
4035 1
4036 0
4037 4
4038 1
4039 0
4040 0
4041 0
4042 2
4043 0
4044 0
4045 0
4046 2
4047 2
4048 0
4049 2
4050 1
4051 2
4052 4
4053 4
4054 4
4055 4
4056 2
4057 2
4058 1
4059 4
4060 2
4061 2
4062 2
4063 1
4064 2
4065 0
4066 0
4067 2
4068 2
4069 0
4070 0
4071 2
4072 2
4073 2
4074 1
4075 2
4076 0
4077 1
4078 0
4079 1
4080 0
4081 0
4082 2
4083 1
4084 2
4085 2
4086 2
4087 0
4088 0
4089 0
4090 0
4091 2
4092 0
4093 2
4094 2
4095 4
4096 4
4097 1
4098 0
4099 1
4100 1
4101 1
4102 0
4103 0
4104 2
4105 1
4106 0
4107 0
4108 0
4109 2
4110 2
4111 2
4112 2
4113 4
4114 0
4115 4
4116 0
4117 0
4118 0
4119 1
4120 4
4121 1
4122 4
4123 2
4124 0
4125 1
4126 2
4127 4
4128 4
4129 4
4130 1
4131 4
4132 4
4133 4
4134 4
4135 4
4136 2
4137 0
4138 4
4139 4
4140 4
4141 4
4142 0
4143 2
4144 4
4145 1
4146 4
4147 4
4148 2
4149 4
4150 2
4151 0
4152 0
4153 0
4154 4
4155 0
4156 4
4157 2
4158 0
4159 2
4160 4
4161 2
4162 1
4163 4
4164 4
4165 4
4166 2
4167 4
4168 0
4169 4
4170 2
4171 2
4172 2
4173 4
4174 0
4175 2
4176 0
4177 0
4178 4
4179 2
4180 2
4181 1
4182 4
4183 4
4184 0
4185 1
4186 2
4187 4
4188 1
4189 2
4190 2
4191 1
4192 0
4193 2
4194 1
4195 4
4196 0
4197 0
4198 1
4199 0
4200 1
4201 4
4202 4
4203 4
4204 0
4205 2
4206 0
4207 0
4208 4
4209 4
4210 2
4211 1
4212 2
4213 0
4214 0
4215 2
4216 0
4217 0
4218 0
4219 0
4220 2
4221 0
4222 2
4223 0
4224 0
4225 4
4226 0
4227 0
4228 1
4229 0
4230 0
4231 0
4232 0
4233 0
4234 0
4235 4
4236 2
4237 4
4238 0
4239 0
4240 2
4241 1
4242 2
4243 0
4244 0
4245 0
4246 1
4247 4
4248 4
4249 2
4250 4
4251 2
4252 4
4253 4
4254 2
4255 0
4256 4
4257 4
4258 4
4259 4
4260 1
4261 4
4262 2
4263 4
4264 0
4265 4
4266 0
4267 2
4268 2
4269 2
4270 2
4271 2
4272 1
4273 1
4274 8
4275 0
4276 0
4277 4
4278 0
4279 0
4280 4
4281 0
4282 2
4283 2
4284 0
4285 0
4286 2
4287 0
4288 0
4289 4
4290 0
4291 1
4292 2
4293 0
4294 4
4295 2
4296 4
4297 0
4298 2
4299 0
4300 0
4301 4
4302 4
4303 2
4304 0
4305 0
4306 4
4307 4
4308 4
4309 4
4310 4
4311 4
4312 1
4313 0
4314 1
4315 1
4316 4
4317 2
4318 2
4319 3
4320 0
4321 0
4322 2
4323 0
4324 0
4325 2
4326 0
4327 0
4328 4
4329 4
4330 4
4331 4
4332 4
4333 0
4334 2
4335 4
4336 4
4337 0
4338 2
4339 0
4340 2
4341 0
4342 10
4343 2
4344 1
4345 0
4346 4
4347 4
4348 4
4349 4
4350 4
4351 4
4352 4
4353 0
4354 0
4355 2
4356 2
4357 4
4358 2
4359 4
4360 4
4361 10
4362 4
4363 4
4364 4
4365 4
4366 4
4367 4
4368 4
4369 4
4370 0
4371 0
4372 0
4373 0
4374 0
4375 1
4376 2
4377 0
4378 0
4379 1
4380 4
4381 1
4382 2
4383 2
4384 0
4385 0
4386 2
4387 0
4388 0
4389 4
4390 2
4391 0
4392 4
4393 0
4394 0
4395 0
4396 0
4397 4
4398 1
4399 0
4400 0
4401 0
4402 0
4403 2
4404 0
4405 4
4406 2
4407 4
4408 4
4409 2
4410 0
4411 2
4412 2
4413 4
4414 0
4415 4
4416 4
4417 4
4418 2
4419 4
4420 2
4421 0
4422 0
4423 2
4424 16
4425 2
4426 0
4427 0
4428 2
4429 0
4430 4
4431 0
4432 0
4433 0
4434 1
4435 0
4436 0
4437 2
4438 0
4439 0
4440 0
4441 1
4442 0
4443 4
4444 0
4445 0
4446 0
4447 4
4448 4
4449 4
4450 1
4451 0
4452 0
4453 0
4454 0
4455 0
4456 0
4457 1
4458 0
4459 4
4460 0
4461 4
4462 1
4463 2
4464 2
4465 2
4466 2
4467 1
4468 2
4469 1
4470 4
4471 0
4472 0
4473 0
4474 0
4475 2
4476 4
4477 4
4478 2
4479 2
4480 4
4481 4
4482 0
4483 0
4484 2
4485 0
4486 4
4487 0
4488 4
4489 4
4490 4
4491 0
4492 0
4493 4
4494 0
4495 2
4496 1
4497 4
4498 1
4499 0
4500 2
4501 0
4502 1
4503 2
4504 2
4505 1
4506 1
4507 0
4508 0
4509 4
4510 1
4511 0
4512 1
4513 5
4514 4
4515 5
4516 4
4517 2
4518 4
4519 4
4520 2
4521 1
4522 2
4523 4
4524 4
4525 4
4526 4
4527 0
4528 4
4529 0
4530 2
4531 0
4532 4
4533 4
4534 2
4535 0
4536 2
4537 0
4538 0
4539 0
4540 0
4541 0
4542 0
4543 2
4544 2
4545 0
4546 0
4547 0
4548 0
4549 0
4550 0
4551 2
4552 0
4553 2
4554 0
4555 4
4556 4
4557 4
4558 4
4559 4
4560 4
4561 4
4562 4
4563 2
4564 0
4565 4
4566 2
4567 0
4568 4
4569 0
4570 4
4571 0
4572 0
4573 4
4574 4
4575 4
4576 4
4577 4
4578 4
4579 4
4580 4
4581 4
4582 4
4583 4
4584 4
4585 4
4586 4
4587 4
4588 4
4589 0
4590 0
4591 4
4592 4
4593 4
4594 4
4595 4
4596 0
4597 4
4598 4
4599 4
4600 4
4601 4
4602 4
4603 4
4604 4
4605 2
4606 0
4607 4
4608 4
4609 4
4610 0
4611 4
4612 2
4613 4
4614 4
4615 4
4616 4
4617 4
4618 4
4619 4
4620 4
4621 4
4622 4
4623 4
4624 4
4625 4
4626 4
4627 4
4628 4
4629 0
4630 0
4631 4
4632 4
4633 4
4634 4
4635 4
4636 0
4637 4
4638 0
4639 0
4640 4
4641 0
4642 0
4643 4
4644 1
4645 2
4646 4
4647 4
4648 4
4649 2
4650 4
4651 4
4652 4
4653 4
4654 4
4655 4
4656 4
4657 4
4658 4
4659 4
4660 4
4661 2
4662 2
4663 4
4664 2
4665 2
4666 2
4667 2
4668 0
4669 10
4670 2
4671 4
4672 2
4673 2
4674 2
4675 4
4676 2
4677 2
4678 2
4679 2
4680 4
4681 0
4682 2
4683 2
4684 4
4685 4
4686 3
4687 3
4688 3
4689 3
4690 4
4691 2
4692 3
4693 2
4694 3
4695 1
4696 3
4697 4
4698 1
4699 4
4700 4
4701 0
4702 4
4703 3
4704 0
4705 4
4706 0
4707 3
4708 4
4709 4
4710 4
4711 1
4712 0
4713 4
4714 2
4715 0
4716 4
4717 0
4718 0
4719 2
4720 4
4721 2
4722 4
4723 1
4724 0
4725 0
4726 4
4727 4
4728 4
4729 4
4730 2
4731 0
4732 0
4733 4
4734 0
4735 4
4736 0
4737 0
4738 0
4739 0
4740 0
4741 0
4742 0
4743 0
4744 0
4745 0
4746 2
4747 0
4748 4
4749 4
4750 4
4751 4
4752 0
4753 0
4754 4
4755 2
4756 4
4757 4
4758 2
4759 0
4760 0
4761 4
4762 2
4763 0
4764 0
4765 0
4766 4
4767 4
4768 4
4769 2
4770 0
4771 4
4772 4
4773 0
4774 4
4775 4
4776 4
4777 2
4778 1
4779 0
4780 0
4781 0
4782 1
4783 0
4784 1
4785 4
4786 0
4787 0
4788 4
4789 2
4790 0
4791 2
4792 4
4793 2
4794 4
4795 4
4796 4
4797 0
4798 0
4799 4
4800 4
4801 4
4802 1
4803 4
4804 10
4805 0
4806 4
4807 2
4808 4
4809 4
4810 2
4811 0
4812 2
4813 4
4814 4
4815 1
4816 4
4817 4
4818 4
4819 4
4820 2
4821 4
4822 4
4823 0
4824 1
4825 0
4826 4
4827 4
4828 1
4829 1
4830 4
4831 4
4832 0
4833 4
4834 4
4835 4
4836 4
4837 2
4838 16
4839 4
4840 2
4841 4
4842 2
4843 2
4844 0
4845 0
4846 0
4847 1
4848 4
4849 4
4850 0
4851 0
4852 2
4853 2
4854 4
4855 2
4856 2
4857 4
4858 2
4859 0
4860 1
4861 4
4862 2
4863 2
4864 2
4865 4
4866 4
4867 2
4868 0
4869 2
4870 2
4871 0
4872 0
4873 4
4874 1
4875 1
4876 1
4877 0
4878 0
4879 4
4880 0
4881 2
4882 0
4883 0
4884 0
4885 1
4886 0
4887 0
4888 0
4889 0
4890 0
4891 0
4892 2
4893 0
4894 4
4895 4
4896 0
4897 0
4898 0
4899 1
4900 0
4901 0
4902 0
4903 2
4904 0
4905 0
4906 0
4907 0
4908 2
4909 1
4910 1
4911 0
4912 0
4913 0
4914 0
4915 0
4916 1
4917 2
4918 4
4919 1
4920 1
4921 0
4922 0
4923 1
4924 4
4925 1
4926 2
4927 0
4928 2
4929 0
4930 0
4931 0
4932 0
4933 0
4934 0
4935 2
4936 2
4937 0
4938 0
4939 0
4940 4
4941 4
4942 4
4943 4
4944 4
4945 2
4946 4
4947 4
4948 4
4949 4
4950 4
4951 4
4952 4
4953 0
4954 0
4955 0
4956 0
4957 4
4958 1
4959 2
4960 4
4961 2
4962 1
4963 0
4964 0
4965 2
4966 4
4967 4
4968 4
4969 4
4970 4
4971 2
4972 2
4973 0
4974 1
4975 0
4976 0
4977 0
4978 0
4979 0
4980 0
4981 0
4982 0
4983 0
4984 4
4985 0
4986 0
4987 1
4988 4
4989 0
4990 1
4991 2
4992 0
4993 0
4994 0
4995 4
4996 0
4997 0
4998 0
4999 0
5000 0
5001 0
5002 1
5003 0
5004 2
5005 0
5006 0
5007 0
5008 0
5009 0
5010 0
5011 0
5012 0
5013 2
5014 1
5015 0
5016 1
5017 0
5018 0
5019 0
5020 0
5021 0
5022 0
5023 0
5024 0
5025 2
5026 0
5027 4
5028 2
5029 0
5030 1
5031 0
5032 0
5033 0
5034 4
5035 4
5036 0
5037 4
5038 0
5039 0
5040 0
5041 2
5042 0
5043 0
5044 4
5045 0
5046 0
5047 1
5048 0
5049 0
5050 0
5051 0
5052 0
5053 2
5054 1
5055 0
5056 0
5057 0
5058 0
5059 0
5060 4
5061 4
5062 0
5063 0
5064 2
5065 1
5066 0
5067 2
5068 1
5069 0
5070 0
5071 0
5072 1
5073 0
5074 0
5075 0
5076 0
5077 0
5078 0
5079 1
5080 0
5081 0
5082 0
5083 0
5084 0
5085 4
5086 1
5087 0
5088 2
5089 0
5090 2
5091 0
5092 2
5093 0
5094 4
5095 0
5096 4
5097 0
5098 0
5099 4
5100 0
5101 0
5102 4
5103 0
5104 0
5105 0
5106 2
5107 1
5108 1
5109 4
5110 0
5111 0
5112 0
5113 1
5114 0
5115 2
5116 4
5117 0
5118 0
5119 0
5120 0
5121 0
5122 0
5123 4
5124 1
5125 0
5126 0
5127 0
5128 0
5129 0
5130 0
5131 0
5132 0
5133 4
5134 0
5135 0
5136 2
5137 2
5138 0
5139 0
5140 0
5141 0
5142 0
5143 0
5144 0
5145 0
5146 0
5147 0
5148 2
5149 1
5150 4
5151 0
5152 0
5153 1
5154 0
5155 0
5156 1
5157 4
5158 0
5159 0
5160 2
5161 0
5162 0
5163 0
5164 0
5165 0
5166 0
5167 0
5168 0
5169 0
5170 0
5171 4
5172 10
5173 2
5174 0
5175 0
5176 0
5177 1
5178 0
5179 0
5180 0
5181 0
5182 0
5183 0
5184 2
5185 4
5186 0
5187 0
5188 0
5189 4
5190 1
5191 0
5192 0
5193 0
5194 0
5195 0
5196 0
5197 0
5198 0
5199 2
5200 0
5201 0
5202 0
5203 0
5204 0
5205 0
5206 0
5207 0
5208 0
5209 2
5210 0
5211 0
5212 0
5213 0
5214 0
5215 1
5216 0
5217 2
5218 4
5219 4
5220 2
5221 4
5222 1
5223 4
5224 2
5225 0
5226 2
5227 0
5228 0
5229 4
5230 4
5231 1
5232 1
5233 2
5234 0
5235 0
5236 0
5237 2
5238 2
5239 0
5240 0
5241 0
5242 0
5243 0
5244 0
5245 0
5246 0
5247 1
5248 0
5249 2
5250 0
5251 0
5252 0
5253 0
5254 0
5255 4
5256 0
5257 0
5258 0
5259 2
5260 0
5261 4
5262 0
5263 0
5264 4
5265 0
5266 0
5267 0
5268 0
5269 0
5270 0
5271 0
5272 0
5273 0
5274 0
5275 2
5276 0
5277 0
5278 0
5279 0
5280 0
5281 0
5282 0
5283 0
5284 0
5285 0
5286 0
5287 0
5288 0
5289 0
5290 0
5291 0
5292 2
5293 4
5294 2
5295 4
5296 4
5297 0
5298 0
5299 0
5300 0
5301 0
5302 4
5303 4
5304 2
5305 0
5306 4
5307 0
5308 4
5309 4
5310 4
5311 4
5312 4
5313 1
5314 4
5315 0
5316 0
5317 0
5318 0
5319 0
5320 1
5321 0
5322 1
5323 0
5324 0
5325 1
5326 1
5327 1
5328 0
5329 2
5330 4
5331 1
5332 4
5333 4
5334 4
5335 0
5336 0
5337 0
5338 4
5339 4
5340 0
5341 4
5342 0
5343 0
5344 0
5345 2
5346 2
5347 0
5348 4
5349 4
5350 4
5351 4
5352 4
5353 4
5354 4
5355 4
5356 4
5357 4
5358 0
5359 2
5360 4
5361 4
5362 0
5363 0
5364 2
5365 0
5366 1
5367 2
5368 0
5369 4
5370 0
5371 4
5372 4
5373 0
5374 2
5375 4
5376 4
5377 0
5378 4
5379 2
5380 4
5381 4
5382 2
5383 0
5384 4
5385 0
5386 1
5387 4
5388 4
5389 4
5390 2
5391 0
5392 4
5393 0
5394 0
5395 0
5396 0
5397 0
5398 0
5399 0
5400 4
5401 2
5402 0
5403 0
5404 1
5405 0
5406 0
5407 0
5408 0
5409 0
5410 4
5411 4
5412 1
5413 4
5414 1
5415 0
5416 2
5417 1
5418 0
5419 4
5420 0
5421 1
5422 4
5423 2
5424 0
5425 4
5426 0
5427 2
5428 2
5429 0
5430 2
5431 4
5432 4
5433 0
5434 4
5435 0
5436 0
5437 0
5438 0
5439 2
5440 4
5441 0
5442 0
5443 0
5444 2
5445 4
5446 0
5447 2
5448 0
5449 0
5450 0
5451 2
5452 4
5453 0
5454 2
5455 0
5456 1
5457 4
5458 1
5459 0
5460 4
5461 4
5462 4
5463 4
5464 4
5465 4
5466 2
5467 4
5468 4
5469 4
5470 4
5471 4
5472 4
5473 4
5474 4
5475 4
5476 4
5477 4
5478 0
5479 4
5480 1
5481 0
5482 2
5483 0
5484 4
5485 0
5486 2
5487 0
5488 0
5489 0
5490 0
5491 1
5492 0
5493 0
5494 1
5495 4
5496 4
5497 4
5498 4
5499 4
5500 4
5501 0
5502 4
5503 0
5504 1
5505 4
5506 0
5507 2
5508 4
5509 0
5510 4
5511 4
5512 0
5513 2
5514 2
5515 0
5516 0
5517 0
5518 1
5519 0
5520 4
5521 0
5522 2
5523 2
5524 0
5525 0
5526 0
5527 0
5528 4
5529 4
5530 0
5531 0
5532 0
5533 0
5534 0
5535 0
5536 2
5537 1
5538 4
5539 4
5540 4
5541 4
5542 4
5543 4
5544 4
5545 4
5546 0
5547 0
5548 4
5549 4
5550 4
5551 4
5552 4
5553 0
5554 4
5555 4
5556 0
5557 0
5558 2
5559 0
5560 0
5561 4
5562 0
5563 4
5564 2
5565 0
5566 0
5567 0
5568 2
5569 4
5570 0
5571 0
5572 2
5573 0
5574 4
5575 0
5576 0
5577 0
5578 0
5579 2
5580 2
5581 4
5582 4
5583 4
5584 4
5585 1
5586 0
5587 4
5588 0
5589 4
5590 4
5591 4
5592 0
5593 4
5594 0
5595 0
5596 0
5597 0
5598 2
5599 4
5600 4
5601 4
5602 4
5603 4
5604 4
5605 4
5606 4
5607 2
5608 4
5609 4
5610 0
5611 4
5612 0
5613 1
5614 4
5615 0
5616 4
5617 0
5618 2
5619 2
5620 0
5621 1
5622 0
5623 0
5624 0
5625 1
5626 0
5627 2
5628 0
5629 0
5630 0
5631 0
5632 0
5633 0
5634 0
5635 2
5636 0
5637 2
5638 2
5639 2
5640 2
5641 4
5642 2
5643 4
5644 0
5645 2
5646 4
5647 2
5648 2
5649 2
5650 2
5651 2
5652 1
5653 2
5654 4
5655 2
5656 2
5657 4
5658 4
5659 4
5660 4
5661 4
5662 4
5663 2
5664 4
5665 2
5666 0
5667 0
5668 0
5669 0
5670 4
5671 10
5672 0
5673 0
5674 4
5675 0
5676 0
5677 0
5678 2
5679 4
5680 2
5681 4
5682 4
5683 4
5684 4
5685 4
5686 4
5687 4
5688 0
5689 4
5690 4
5691 4
5692 0
5693 4
5694 2
5695 0
5696 4
5697 4
5698 4
5699 4
5700 4
5701 4
5702 4
5703 4
5704 4
5705 4
5706 1
5707 2
5708 1
5709 0
5710 0
5711 0
5712 1
5713 4
5714 1
5715 0
5716 4
5717 2
5718 0
5719 1
5720 0
5721 0
5722 0
5723 2
5724 2
5725 4
5726 4
5727 2
5728 4
5729 4
5730 2
5731 4
5732 1
5733 0
5734 0
5735 4
5736 2
5737 2
5738 2
5739 4
5740 1
5741 0
5742 0
5743 0
5744 0
5745 2
5746 0
5747 0
5748 4
5749 1
5750 2
5751 4
5752 1
5753 4
5754 2
5755 4
5756 4
5757 2
5758 0
5759 0
5760 0
5761 4
5762 0
5763 0
5764 0
5765 0
5766 2
5767 4
5768 2
5769 2
5770 1
5771 2
5772 2
5773 0
5774 2
5775 2
5776 4
5777 4
5778 0
5779 0
5780 0
5781 1
5782 4
5783 5
5784 5
5785 5
5786 0
5787 10
5788 5
5789 5
5790 5
5791 4
5792 1
5793 5
5794 5
5795 5
5796 5
5797 5
5798 4
5799 0
5800 2
5801 5
5802 0
5803 5
5804 5
5805 5
5806 16
5807 5
5808 5
5809 5
5810 5
5811 5
5812 5
5813 5
5814 5
5815 0
5816 5
5817 5
5818 5
5819 5
5820 0
5821 5
5822 5
5823 5
5824 5
5825 5
5826 0
5827 0
5828 4
5829 4
5830 4
5831 2
5832 4
5833 2
5834 1
5835 0
5836 0
5837 2
5838 0
5839 4
5840 0
5841 4
5842 2
5843 1
5844 4
5845 0
5846 4
5847 0
5848 2
5849 2
5850 0
5851 1
5852 0
5853 4
5854 4
5855 0
5856 2
5857 2
5858 2
5859 0
5860 0
5861 1
5862 2
5863 0
5864 0
5865 0
5866 4
5867 2
5868 0
5869 1
5870 0
5871 4
5872 0
5873 4
5874 1
5875 4
5876 1
5877 2
5878 1
5879 1
5880 0
5881 2
5882 0
5883 0
5884 4
5885 4
5886 4
5887 4
5888 4
5889 2
5890 4
5891 4
5892 4
5893 4
5894 4
5895 4
5896 4
5897 4
5898 4
5899 4
5900 4
5901 4
5902 4
5903 4
5904 4
5905 4
5906 2
5907 0
5908 0
5909 0
5910 4
5911 1
5912 4
5913 2
5914 1
5915 0
5916 0
5917 4
5918 2
5919 1
5920 0
5921 0
5922 0
5923 0
5924 2
5925 1
5926 0
5927 0
5928 2
5929 1
5930 1
5931 1
5932 2
5933 2
5934 0
5935 0
5936 0
5937 4
5938 4
5939 2
5940 4
5941 4
5942 4
5943 0
5944 0
5945 0
5946 1
5947 1
5948 0
5949 4
5950 0
5951 1
5952 0
5953 4
5954 0
5955 0
5956 1
5957 0
5958 4
5959 0
5960 4
5961 4
5962 4
5963 0
5964 4
5965 2
5966 0
5967 1
5968 2
5969 0
5970 2
5971 0
5972 1
5973 0
5974 0
5975 0
5976 2
5977 4
5978 1
5979 0
5980 1
5981 0
5982 1
5983 4
5984 4
5985 4
5986 4
5987 1
5988 2
5989 2
5990 2
5991 0
5992 0
5993 0
5994 2
5995 2
5996 4
5997 1
5998 4
5999 0
6000 4
6001 0
6002 1
6003 0
6004 4
6005 0
6006 4
6007 2
6008 0
6009 0
6010 0
6011 4
6012 4
6013 1
6014 1
6015 1
6016 1
6017 0
6018 1
6019 2
6020 0
6021 4
6022 4
6023 4
6024 0
6025 4
6026 4
6027 0
6028 4
6029 2
6030 4
6031 4
6032 0
6033 2
6034 0
6035 1
6036 4
6037 0
6038 2
6039 4
6040 4
6041 4
6042 0
6043 1
6044 4
6045 2
6046 0
6047 4
6048 0
6049 0
6050 0
6051 4
6052 4
6053 2
6054 4
6055 0
6056 0
6057 0
6058 0
6059 4
6060 0
6061 1
6062 4
6063 4
6064 0
6065 0
6066 0
6067 0
6068 0
6069 4
6070 4
6071 2
6072 2
6073 1
6074 0
6075 4
6076 2
6077 1
6078 4
6079 0
6080 0
6081 0
6082 4
6083 1
6084 0
6085 0
6086 0
6087 2
6088 0
6089 4
6090 1
6091 1
6092 0
6093 0
6094 2
6095 4
6096 0
6097 2
6098 0
6099 0
6100 4
6101 4
6102 0
6103 4
6104 0
6105 4
6106 4
6107 2
6108 2
6109 0
6110 0
6111 1
6112 4
6113 4
6114 4
6115 2
6116 0
6117 4
6118 0
6119 2
6120 0
6121 2
6122 4
6123 0
6124 2
6125 4
6126 0
6127 1
6128 0
6129 0
6130 1
6131 1
6132 0
6133 0
6134 4
6135 0
6136 0
6137 4
6138 4
6139 4
6140 4
6141 4
6142 4
6143 4
6144 4
6145 0
6146 2
6147 0
6148 2
6149 2
6150 1
6151 0
6152 0
6153 0
6154 0
6155 4
6156 2
6157 1
6158 1
6159 2
6160 4
6161 4
6162 1
6163 4
6164 4
6165 0
6166 1
6167 1
6168 0
6169 1
6170 4
6171 4
6172 4
6173 2
6174 0
6175 0
6176 1
6177 0
6178 2
6179 0
6180 2
6181 4
6182 0
6183 4
6184 4
6185 4
6186 4
6187 4
6188 4
6189 4
6190 4
6191 4
6192 4
6193 4
6194 4
6195 4
6196 4
6197 4
6198 4
6199 4
6200 2
6201 1
6202 4
6203 0
6204 0
6205 0
6206 0
6207 1
6208 0
6209 0
6210 0
6211 4
6212 4
6213 0
6214 0
6215 2
6216 4
6217 0
6218 1
6219 1
6220 0
6221 1
6222 0
6223 1
6224 4
6225 1
6226 4
6227 4
6228 4
6229 4
6230 4
6231 0
6232 2
6233 0
6234 4
6235 4
6236 4
6237 4
6238 4
6239 4
6240 4
6241 4
6242 4
6243 4
6244 0
6245 1
6246 4
6247 1
6248 4
6249 4
6250 0
6251 4
6252 4
6253 4
6254 4
6255 4
6256 1
6257 2
6258 4
6259 4
6260 0
6261 0
6262 0
6263 0
6264 0
6265 4
6266 1
6267 2
6268 0
6269 0
6270 4
6271 4
6272 4
6273 0
6274 0
6275 0
6276 0
6277 2
6278 2
6279 0
6280 1
6281 4
6282 2
6283 0
6284 0
6285 0
6286 0
6287 4
6288 4
6289 4
6290 2
6291 2
6292 2
6293 1
6294 2
6295 4
6296 0
6297 1
6298 0
6299 0
6300 4
6301 4
6302 2
6303 0
6304 2
6305 0
6306 4
6307 2
6308 2
6309 2
6310 0
6311 0
6312 4
6313 0
6314 1
6315 4
6316 0
6317 4
6318 4
6319 1
6320 1
6321 4
6322 4
6323 0
6324 0
6325 4
6326 1
6327 2
6328 4
6329 4
6330 0
6331 1
6332 0
6333 0
6334 1
6335 0
6336 2
6337 4
6338 1
6339 4
6340 0
6341 4
6342 4
6343 4
6344 4
6345 4
6346 2
6347 4
6348 4
6349 0
6350 0
6351 2
6352 2
6353 4
6354 2
6355 1
6356 0
6357 2
6358 2
6359 4
6360 4
6361 4
6362 1
6363 4
6364 0
6365 4
6366 4
6367 4
6368 4
6369 4
6370 4
6371 4
6372 4
6373 4
6374 0
6375 4
6376 4
6377 4
6378 2
6379 1
6380 1
6381 4
6382 4
6383 0
6384 1
6385 0
6386 1
6387 1
6388 1
6389 2
6390 2
6391 4
6392 4
6393 0
6394 1
6395 1
6396 1
6397 0
6398 0
6399 0
6400 0
6401 0
6402 0
6403 0
6404 0
6405 0
6406 0
6407 0
6408 0
6409 0
6410 0
6411 2
6412 2
6413 0
6414 0
6415 0
6416 4
6417 4
6418 2
6419 4
6420 4
6421 2
6422 0
6423 4
6424 0
6425 4
6426 1
6427 2
6428 2
6429 4
6430 4
6431 0
6432 0
6433 1
6434 4
6435 2
6436 4
6437 4
6438 0
6439 2
6440 4
6441 2
6442 0
6443 4
6444 4
6445 0
6446 2
6447 1
6448 4
6449 4
6450 2
6451 0
6452 4
6453 4
6454 1
6455 0
6456 4
6457 1
6458 1
6459 2
6460 1
6461 0
6462 0
6463 1
6464 1
6465 2
6466 4
6467 2
6468 2
6469 2
6470 2
6471 0
6472 0
6473 0
6474 2
6475 2
6476 4
6477 4
6478 4
6479 0
6480 4
6481 4
6482 4
6483 4
6484 4
6485 2
6486 4
6487 4
6488 2
6489 4
6490 4
6491 0
6492 6
6493 0
6494 0
6495 0
6496 4
6497 0
6498 2
6499 0
6500 2
6501 2
6502 0
6503 2
6504 0
6505 2
6506 2
6507 0
6508 4
6509 2
6510 0
6511 0
6512 0
6513 2
6514 2
6515 1
6516 2
6517 0
6518 4
6519 2
6520 2
6521 4
6522 2
6523 2
6524 0
6525 0
6526 4
6527 0
6528 2
6529 4
6530 1
6531 0
6532 2
6533 2
6534 0
6535 4
6536 2
6537 2
6538 2
6539 2
6540 0
6541 2
6542 2
6543 2
6544 1
6545 4
6546 2
6547 0
6548 0
6549 0
6550 0
6551 0
6552 2
6553 2
6554 0
6555 2
6556 2
6557 0
6558 0
6559 0
6560 0
6561 4
6562 1
6563 2
6564 0
6565 0
6566 2
6567 1
6568 1
6569 4
6570 0
6571 0
6572 0
6573 2
6574 0
6575 0
6576 2
6577 0
6578 2
6579 0
6580 0
6581 0
6582 0
6583 0
6584 0
6585 0
6586 0
6587 2
6588 0
6589 4
6590 0
6591 4
6592 0
6593 2
6594 0
6595 0
6596 0
6597 0
6598 0
6599 0
6600 0
6601 0
6602 1
6603 2
6604 0
6605 4
6606 2
6607 0
6608 2
6609 0
6610 4
6611 0
6612 4
6613 0
6614 2
6615 2
6616 0
6617 0
6618 0
6619 0
6620 0
6621 4
6622 2
6623 2
6624 4
6625 2
6626 0
6627 0
6628 0
6629 2
6630 4
6631 1
6632 0
6633 2
6634 0
6635 4
6636 0
6637 2
6638 0
6639 0
6640 0
6641 0
6642 2
6643 0
6644 2
6645 2
6646 0
6647 0
6648 0
6649 0
6650 0
6651 0
6652 0
6653 2
6654 0
6655 0
6656 2
6657 0
6658 4
6659 4
6660 4
6661 4
6662 0
6663 2
6664 1
6665 0
6666 2
6667 0
6668 0
6669 0
6670 2
6671 2
6672 0
6673 0
6674 2
6675 4
6676 2
6677 4
6678 2
6679 2
6680 0
6681 2
6682 2
6683 0
6684 17
6685 0
6686 2
6687 0
6688 0
6689 4
6690 0
6691 4
6692 0
6693 4
6694 4
6695 4
6696 4
6697 2
6698 0
6699 4
6700 4
6701 0
6702 4
6703 4
6704 4
6705 0
6706 4
6707 4
6708 4
6709 1
6710 2
6711 4
6712 4
6713 4
6714 4
6715 4
6716 4
6717 2
6718 4
6719 4
6720 4
6721 4
6722 4
6723 4
6724 4
6725 4
6726 0
6727 4
6728 2
6729 0
6730 0
6731 4
6732 4
6733 2
6734 4
6735 0
6736 4
6737 4
6738 4
6739 4
6740 4
6741 4
6742 4
6743 4
6744 4
6745 4
6746 0
6747 4
6748 0
6749 4
6750 1
6751 4
6752 4
6753 4
6754 2
6755 4
6756 4
6757 4
6758 1
6759 4
6760 4
6761 4
6762 0
6763 0
6764 4
6765 4
6766 0
6767 4
6768 4
6769 4
6770 4
6771 4
6772 4
6773 4
6774 4
6775 4
6776 4
6777 4
6778 4
6779 4
6780 4
6781 4
6782 4
6783 4
6784 4
6785 4
6786 4
6787 4
6788 4
6789 4
6790 4
6791 2
6792 4
6793 4
6794 4
6795 4
6796 4
6797 4
6798 4
6799 4
6800 4
6801 4
6802 4
6803 4
6804 4
6805 4
6806 4
6807 0
6808 4
6809 4
6810 4
6811 4
6812 4
6813 4
6814 4
6815 4
6816 4
6817 4
6818 4
6819 4
6820 0
6821 4
6822 4
6823 4
6824 0
6825 4
6826 4
6827 4
6828 4
6829 4
6830 4
6831 4
6832 4
6833 0
6834 1
6835 0
6836 0
6837 0
6838 4
6839 0
6840 0
6841 2
6842 4
6843 4
6844 4
6845 2
6846 4
6847 4
6848 4
6849 4
6850 1
6851 4
6852 0
6853 0
6854 2
6855 0
6856 0
6857 0
6858 2
6859 4
6860 1
6861 0
6862 0
6863 0
6864 0
6865 0
6866 0
6867 0
6868 4
6869 4
6870 0
6871 0
6872 0
6873 0
6874 2
6875 1
6876 2
6877 2
6878 2
6879 2
6880 2
6881 2
6882 2
6883 2
6884 2
6885 0
6886 2
6887 4
6888 2
6889 10
6890 4
6891 2
6892 2
6893 2
6894 2
6895 2
6896 2
6897 2
6898 2
6899 2
6900 2
6901 2
6902 2
6903 2
6904 2
6905 2
6906 2
6907 2
6908 2
6909 2
6910 2
6911 0
6912 2
6913 2
6914 2
6915 2
6916 0
6917 0
6918 2
6919 0
6920 1
6921 1
6922 4
6923 10
6924 0
6925 1
6926 1
6927 0
6928 2
6929 0
6930 2
6931 2
6932 4
6933 4
6934 2
6935 4
6936 0
6937 1
6938 1
6939 4
6940 1
6941 4
6942 2
6943 1
6944 0
6945 2
6946 0
6947 6
6948 4
6949 1
6950 4
6951 1
6952 4
6953 4
6954 4
6955 4
6956 0
6957 4
6958 4
6959 4
6960 4
6961 4
6962 4
6963 2
6964 4
6965 4
6966 4
6967 4
6968 4
6969 0
6970 4
6971 0
6972 0
6973 0
6974 2
6975 0
6976 0
6977 4
6978 0
6979 0
6980 2
6981 2
6982 4
6983 10
6984 0
6985 2
6986 0
6987 0
6988 0
6989 0
6990 0
6991 0
6992 0
6993 0
6994 0
6995 2
6996 0
6997 0
6998 0
6999 4
7000 0
7001 0
7002 0
7003 0
7004 0
7005 0
7006 0
7007 0
7008 0
7009 0
7010 0
7011 0
7012 0
7013 0
7014 0
7015 0
7016 12
7017 0
7018 4
7019 4
7020 2
7021 1
7022 0
7023 7
7024 7
7025 7
7026 7
7027 2
7028 1
7029 0
7030 4
7031 0
7032 0
7033 0
7034 0
7035 0
7036 0
7037 0
7038 0
7039 0
7040 0
7041 0
7042 0
7043 0
7044 0
7045 0
7046 0
7047 0
7048 0
7049 0
7050 2
7051 0
7052 1
7053 2
7054 2
7055 0
7056 0
7057 0
7058 20
7059 2
7060 1
7061 1
7062 1
7063 1
7064 1
7065 1
7066 0
7067 4
7068 0
7069 0
7070 0
7071 0
7072 0
7073 1
7074 1
7075 0
7076 1
7077 4
7078 0
7079 0
7080 16
7081 4
7082 0
7083 0
7084 0
7085 0
7086 0
7087 2
7088 2
7089 2
7090 2
7091 2
7092 2
7093 10
7094 2
7095 4
7096 0
7097 4
7098 2
7099 4
7100 4
7101 8
7102 8
7103 8
7104 2
7105 8
7106 8
7107 8
7108 4
7109 8
7110 8
7111 0
7112 8
7113 8
7114 8
7115 8
7116 8
7117 8
7118 8
7119 8
7120 8
7121 8
7122 8
7123 8
7124 8
7125 8
7126 8
7127 8
7128 8
7129 8
7130 8
7131 8
7132 8
7133 8
7134 8
7135 8
7136 8
7137 8
7138 8
7139 8
7140 8
7141 8
7142 8
7143 1
7144 4
7145 4
7146 2
7147 4
7148 4
7149 4
7150 0
7151 1
7152 1
7153 4
7154 0
7155 0
7156 0
7157 4
7158 4
7159 2
7160 4
7161 4
7162 4
7163 4
7164 0
7165 0
7166 4
7167 4
7168 4
7169 4
7170 4
7171 2
7172 4
7173 4
7174 4
7175 4
7176 0
7177 0
7178 1
7179 4
7180 4
7181 1
7182 2
7183 4
7184 0
7185 4
7186 4
7187 2
7188 4
7189 4
7190 4
7191 4
7192 4
7193 4
7194 2
7195 4
7196 2
7197 4
7198 4
7199 4
7200 4
7201 4
7202 0
7203 0
7204 0
7205 4
7206 0
7207 0
7208 0
7209 4
7210 4
7211 4
7212 4
7213 4
7214 0
7215 1
7216 2
7217 4
7218 2
7219 1
7220 0
7221 4
7222 2
7223 1
7224 4
7225 4
7226 0
7227 4
7228 4
7229 4
7230 4
7231 4
7232 4
7233 4
7234 4
7235 4
7236 2
7237 9
7238 9
7239 4
7240 9
7241 9
7242 0
7243 4
7244 4
7245 4
7246 4
7247 4
7248 4
7249 2
7250 2
7251 0
7252 2
7253 2
7254 0
7255 2
7256 4
7257 0
7258 4
7259 4
7260 4
7261 2
7262 0
7263 2
7264 4
7265 4
7266 0
7267 0
7268 0
7269 2
7270 2
7271 4
7272 4
7273 2
7274 2
7275 2
7276 1
7277 1
7278 2
7279 2
7280 2
7281 4
7282 0
7283 4
7284 1
7285 0
7286 0
7287 4
7288 4
7289 4
7290 4
7291 4
7292 4
7293 4
7294 4
7295 4
7296 4
7297 4
7298 4
7299 4
7300 4
7301 4
7302 4
7303 4
7304 0
7305 4
7306 4
7307 4
7308 4
7309 4
7310 4
7311 4
7312 4
7313 4
7314 4
7315 4
7316 1
7317 0
7318 2
7319 2
7320 4
7321 1
7322 4
7323 1
7324 1
7325 4
7326 4
7327 4
7328 2
7329 4
7330 4
7331 4
7332 1
7333 0
7334 0
7335 4
7336 2
7337 0
7338 4
7339 1
7340 2
7341 4
7342 2
7343 4
7344 2
7345 4
7346 0
7347 2
7348 0
7349 4
7350 4
7351 1
7352 2
7353 4
7354 0
7355 4
7356 0
7357 2
7358 0
7359 4
7360 4
7361 0
7362 4
7363 4
7364 2
7365 0
7366 0
7367 4
7368 2
7369 4
7370 2
7371 4
7372 4
7373 2
7374 0
7375 2
7376 0
7377 4
7378 0
7379 4
7380 10
7381 4
7382 4
7383 4
7384 4
7385 4
7386 4
7387 4
7388 4
7389 4
7390 4
7391 4
7392 4
7393 4
7394 4
7395 4
7396 4
7397 4
7398 4
7399 4
7400 4
7401 4
7402 4
7403 4
7404 4
7405 4
7406 4
7407 4
7408 4
7409 4
7410 4
7411 4
7412 4
7413 4
7414 4
7415 4
7416 4
7417 4
7418 4
7419 4
7420 16
7421 0
7422 16
7423 2
7424 16
7425 0
7426 0
7427 0
7428 0
7429 0
7430 0
7431 0
7432 0
7433 4
7434 4
7435 4
7436 0
7437 4
7438 1
7439 0
7440 0
7441 0
7442 0
7443 4
7444 0
7445 0
7446 0
7447 0
7448 0
7449 0
7450 0
7451 2
7452 0
7453 0
7454 0
7455 10
7456 2
7457 0
7458 10
7459 0
7460 4
7461 4
7462 2
7463 0
7464 1
7465 4
7466 2
7467 1
7468 0
7469 17
7470 1
7471 4
7472 0
7473 0
7474 2
7475 0
7476 4
7477 2
7478 4
7479 0
7480 0
7481 0
7482 0
7483 0
7484 1
7485 0
7486 0
7487 0
7488 0
7489 0
7490 1
7491 2
7492 4
7493 0
7494 0
7495 0
7496 0
7497 0
7498 0
7499 1
7500 1
7501 4
7502 0
7503 0
7504 4
7505 2
7506 0
7507 4
7508 4
7509 4
7510 4
7511 4
7512 4
7513 0
7514 4
7515 0
7516 0
7517 0
7518 0
7519 2
7520 2
7521 0
7522 0
7523 0
7524 0
7525 0
7526 0
7527 0
7528 0
7529 0
7530 0
7531 0
7532 0
7533 0
7534 0
7535 0
7536 0
7537 4
7538 11
7539 11
7540 11
7541 11
7542 11
7543 11
7544 11
7545 11
7546 11
7547 11
7548 11
7549 11
7550 11
7551 11
7552 11
7553 0
7554 11
7555 11
7556 11
7557 11
7558 11
7559 10
7560 11
7561 11
7562 11
7563 11
7564 11
7565 4
7566 11
7567 11
7568 11
7569 11
7570 11
7571 11
7572 0
7573 11
7574 11
7575 11
7576 11
7577 11
7578 4
7579 4
7580 2
7581 4
7582 2
7583 0
7584 16
7585 0
7586 0
7587 4
7588 0
7589 0
7590 0
7591 0
7592 0
7593 0
7594 0
7595 0
7596 0
7597 1
7598 0
7599 0
7600 0
7601 0
7602 0
7603 0
7604 0
7605 0
7606 0
7607 0
7608 16
7609 0
7610 0
7611 0
7612 10
7613 0
7614 0
7615 4
7616 0
7617 0
7618 2
7619 0
7620 0
7621 0
7622 0
7623 0
7624 0
7625 0
7626 0
7627 0
7628 0
7629 0
7630 12
7631 12
7632 12
7633 10
7634 12
7635 4
7636 4
7637 0
7638 2
7639 0
7640 0
7641 0
7642 0
7643 0
7644 0
7645 0
7646 0
7647 4
7648 4
7649 1
7650 0
7651 0
7652 0
7653 4
7654 0
7655 0
7656 4
7657 4
7658 0
7659 0
7660 1
7661 0
7662 4
7663 1
7664 4
7665 2
7666 4
7667 4
7668 4
7669 1
7670 0
7671 4
7672 4
7673 4
7674 1
7675 0
7676 4
7677 0
7678 4
7679 0
7680 0
7681 4
7682 4
7683 4
7684 4
7685 4
7686 0
7687 0
7688 4
7689 0
7690 0
7691 0
7692 0
7693 0
7694 2
7695 1
7696 4
7697 2
7698 0
7699 4
7700 4
7701 0
7702 0
7703 0
7704 1
7705 0
7706 0
7707 0
7708 4
7709 2
7710 1
7711 4
7712 4
7713 4
7714 1
7715 4
7716 4
7717 4
7718 0
7719 10
7720 10
7721 10
7722 10
7723 10
7724 10
7725 10
7726 10
7727 10
7728 10
7729 10
7730 10
7731 10
7732 10
7733 0
7734 10
7735 10
7736 10
7737 10
7738 10
7739 10
7740 10
7741 10
7742 10
7743 10
7744 10
7745 10
7746 10
7747 10
7748 10
7749 10
7750 10
7751 0
7752 10
7753 10
7754 10
7755 10
7756 0
7757 10
7758 0
7759 2
7760 10
7761 10
7762 10
7763 10
7764 10
7765 10
7766 10
7767 2
7768 2
7769 4
7770 4
7771 0
7772 0
7773 0
7774 2
7775 1
7776 0
7777 0
7778 0
7779 0
7780 0
7781 0
7782 2
7783 0
7784 0
7785 2
7786 2
7787 0
7788 2
7789 0
7790 0
7791 0
7792 0
7793 0
7794 1
7795 0
7796 0
7797 0
7798 1
7799 0
7800 0
7801 4
7802 0
7803 0
7804 0
7805 0
7806 1
7807 0
7808 0
7809 0
7810 0
7811 0
7812 0
7813 0
7814 0
7815 2
7816 0
7817 0
7818 0
7819 4
7820 2
7821 0
7822 0
7823 0
7824 0
7825 0
7826 16
7827 0
7828 0
7829 0
7830 1
7831 0
7832 0
7833 0
7834 0
7835 0
7836 0
7837 4
7838 0
7839 0
7840 2
7841 2
7842 0
7843 0
7844 0
7845 2
7846 0
7847 0
7848 0
7849 0
7850 0
7851 2
7852 4
7853 0
7854 0
7855 0
7856 4
7857 0
7858 0
7859 0
7860 2
7861 0
7862 0
7863 2
7864 0
7865 0
7866 0
7867 0
7868 2
7869 0
7870 0
7871 0
7872 0
7873 1
7874 0
7875 0
7876 0
7877 0
7878 2
7879 0
7880 0
7881 0
7882 0
7883 0
7884 0
7885 0
7886 0
7887 0
7888 0
7889 2
7890 2
7891 0
7892 0
7893 0
7894 0
7895 0
7896 0
7897 0
7898 0
7899 0
7900 4
7901 2
7902 2
7903 0
7904 0
7905 0
7906 0
7907 1
7908 1
7909 1
7910 2
7911 4
7912 4
7913 1
7914 4
7915 13
7916 0
7917 0
7918 0
7919 0
7920 1
7921 1
7922 1
7923 1
7924 1
7925 1
7926 1
7927 1
7928 1
7929 1
7930 1
7931 1
7932 1
7933 1
7934 1
7935 1
7936 1
7937 1
7938 1
7939 1
7940 1
7941 1
7942 1
7943 1
7944 1
7945 1
7946 1
7947 1
7948 1
7949 1
7950 1
7951 1
7952 1
7953 1
7954 1
7955 1
7956 1
7957 1
7958 1
7959 1
7960 1
7961 1
7962 1
7963 1
7964 1
7965 1
7966 1
7967 1
7968 1
7969 1
7970 1
7971 2
7972 4
7973 0
7974 2
7975 2
7976 4
7977 4
7978 4
7979 4
7980 4
7981 2
7982 4
7983 4
7984 4
7985 4
7986 4
7987 0
7988 0
7989 0
7990 4
7991 1
7992 1
7993 1
7994 4
7995 13
7996 13
7997 2
7998 0
7999 4
8000 2
8001 4
8002 4
8003 4
8004 0
8005 0
8006 2
8007 2
8008 2
8009 2
8010 2
8011 2
8012 4
8013 4
8014 4
8015 4
8016 4
8017 4
8018 4
8019 4
8020 4
8021 4
8022 4
8023 4
8024 4
8025 4
8026 4
8027 4
8028 4
8029 4
8030 4
8031 4
8032 4
8033 4
8034 4
8035 4
8036 4
8037 4
8038 4
8039 4
8040 4
8041 4
8042 4
8043 4
8044 4
8045 4
8046 4
8047 4
8048 4
8049 4
8050 4
8051 1
8052 1
8053 1
8054 2
8055 1
8056 1
8057 1
8058 1
8059 1
8060 1
8061 1
8062 1
8063 0
8064 0
8065 0
8066 0
8067 0
8068 0
8069 0
8070 0
8071 0
8072 0
8073 0
8074 0
8075 0
8076 0
8077 0
8078 0
8079 0
8080 0
8081 0
8082 0
8083 0
8084 0
8085 0
8086 0
8087 0
8088 0
8089 0
8090 0
8091 0
8092 0
8093 0
8094 0
8095 0
8096 0
8097 0
8098 0
8099 0
8100 0
8101 0
8102 0
8103 0
8104 0
8105 0
8106 0
8107 0
8108 0
8109 0
8110 0
8111 0
8112 0
8113 0
8114 0
8115 0
8116 0
8117 0
8118 0
8119 0
8120 0
8121 1
8122 1
8123 1
8124 4
8125 4
8126 0
8127 2
8128 2
8129 4
8130 2
8131 2
8132 2
8133 2
8134 4
8135 4
8136 0
8137 0
8138 2
8139 11
8140 4
8141 2
8142 0
8143 1
8144 1
8145 0
8146 4
8147 0
8148 2
8149 2
8150 4
8151 4
8152 4
8153 4
8154 4
8155 0
8156 4
8157 4
8158 4
8159 4
8160 0
8161 0
8162 4
8163 4
8164 4
8165 2
8166 0
8167 0
8168 0
8169 0
8170 0
8171 0
8172 0
8173 0
8174 0
8175 0
8176 0
8177 0
8178 0
8179 0
8180 0
8181 0
8182 0
8183 0
8184 0
8185 0
8186 0
8187 0
8188 0
8189 0
8190 0
8191 0
8192 0
8193 0
8194 0
8195 0
8196 0
8197 0
8198 0
8199 14
8200 14
8201 14
8202 14
8203 14
8204 14
8205 2
8206 2
8207 0
8208 0
8209 0
8210 0
8211 0
8212 0
8213 0
8214 0
8215 4
8216 2
8217 4
8218 4
8219 4
8220 4
8221 4
8222 4
8223 4
8224 4
8225 4
8226 4
8227 4
8228 0
8229 0
8230 2
8231 4
8232 4
8233 2
8234 4
8235 4
8236 2
8237 2
8238 4
8239 4
8240 4
8241 4
8242 2
8243 4
8244 4
8245 4
8246 4
8247 2
8248 2
8249 4
8250 4
8251 4
8252 2
8253 4
8254 2
8255 4
8256 4
8257 4
8258 2
8259 4
8260 4
8261 4
8262 2
8263 2
8264 2
8265 4
8266 4
8267 0
8268 0
8269 0
8270 2
8271 2
8272 4
8273 0
8274 0
8275 4
8276 0
8277 0
8278 0
8279 0
8280 0
8281 0
8282 0
8283 0
8284 0
8285 0
8286 0
8287 0
8288 0
8289 0
8290 4
8291 0
8292 0
8293 1
8294 4
8295 2
8296 4
8297 4
8298 4
8299 4
8300 4
8301 4
8302 4
8303 4
8304 4
8305 4
8306 4
8307 4
8308 4
8309 4
8310 4
8311 4
8312 4
8313 4
8314 4
8315 4
8316 4
8317 4
8318 4
8319 4
8320 4
8321 4
8322 4
8323 4
8324 4
8325 0
8326 0
8327 0
8328 0
8329 0
8330 1
8331 0
8332 0
8333 0
8334 0
8335 0
8336 0
8337 0
8338 0
8339 0
8340 0
8341 0
8342 0
8343 0
8344 0
8345 4
8346 4
8347 15
8348 15
8349 2
8350 2
8351 2
8352 2
8353 1
8354 4
8355 0
8356 0
8357 2
8358 4
8359 0
8360 4
8361 4
8362 4
8363 0
8364 4
8365 0
8366 0
8367 2
8368 2
8369 2
8370 2
8371 2
8372 0
8373 0
8374 0
8375 0
8376 2
8377 2
8378 2
8379 2
8380 2
8381 2
8382 0
8383 2
8384 16
8385 16
8386 16
8387 2
8388 0
8389 1
8390 4
8391 16
8392 4
8393 4
8394 4
8395 4
8396 16
8397 4
8398 4
8399 4
8400 4
8401 4
8402 1
8403 0
8404 0
8405 0
8406 4
8407 22
8408 2
8409 16
8410 16
8411 16
8412 16
8413 16
8414 16
8415 16
8416 2
8417 2
8418 2
8419 4
8420 4
8421 4
8422 1
8423 1
8424 1
8425 1
8426 1
8427 1
8428 1
8429 1
8430 1
8431 1
8432 1
8433 1
8434 1
8435 4
8436 1
8437 1
8438 1
8439 1
8440 1
8441 1
8442 1
8443 1
8444 1
8445 1
8446 1
8447 1
8448 1
8449 1
8450 1
8451 1
8452 1
8453 1
8454 1
8455 1
8456 1
8457 1
8458 1
8459 1
8460 1
8461 1
8462 1
8463 1
8464 1
8465 1
8466 1
8467 1
8468 1
8469 1
8470 1
8471 1
8472 1
8473 1
8474 1
8475 1
8476 1
8477 1
8478 1
8479 1
8480 1
8481 1
8482 1
8483 1
8484 1
8485 2
8486 1
8487 0
8488 2
8489 0
8490 0
8491 4
8492 0
8493 0
8494 2
8495 4
8496 4
8497 4
8498 4
8499 4
8500 2
8501 2
8502 2
8503 0
8504 4
8505 2
8506 4
8507 4
8508 2
8509 0
8510 0
8511 0
8512 0
8513 4
8514 2
8515 4
8516 4
8517 4
8518 4
8519 4
8520 4
8521 4
8522 4
8523 4
8524 4
8525 4
8526 4
8527 4
8528 0
8529 0
8530 4
8531 4
8532 4
8533 2
8534 2
8535 0
8536 4
8537 4
8538 4
8539 4
8540 4
8541 4
8542 2
8543 4
8544 4
8545 1
8546 4
8547 2
8548 0
8549 4
8550 4
8551 4
8552 2
8553 1
8554 4
8555 0
8556 4
8557 4
8558 2
8559 2
8560 0
8561 4
8562 2
8563 4
8564 0
8565 4
8566 4
8567 4
8568 2
8569 4
8570 2
8571 17
8572 0
8573 17
8574 17
8575 17
8576 17
8577 17
8578 17
8579 18
8580 18
8581 2
8582 2
8583 2
8584 2
8585 2
8586 4
8587 4
8588 4
8589 4
8590 4
8591 0
8592 4
8593 4
8594 0
8595 0
8596 0
8597 1
8598 0
8599 0
8600 0
8601 0
8602 19
8603 19
8604 19
8605 19
8606 1
8607 19
8608 19
8609 4
8610 4
8611 0
8612 0
8613 0
8614 0
8615 0
8616 0
8617 0
8618 0
8619 0
8620 0
8621 0
8622 0
8623 0
8624 0
8625 0
8626 0
8627 0
8628 0
8629 0
8630 0
8631 0
8632 0
8633 0
8634 0
8635 0
8636 0
8637 0
8638 0
8639 0
8640 0
8641 0
8642 0
8643 0
8644 0
8645 0
8646 0
8647 0
8648 0
8649 0
8650 0
8651 0
8652 2
8653 4
8654 4
8655 4
8656 4
8657 4
8658 4
8659 4
8660 2
8661 2
8662 2
8663 0
8664 4
8665 2
8666 4
8667 4
8668 2
8669 2
8670 1
8671 1
8672 2
8673 2
8674 2
8675 2
8676 4
8677 2
8678 2
8679 2
8680 4
8681 2
8682 0
8683 0
8684 0
8685 0
8686 0
8687 0
8688 2
8689 2
8690 2
8691 2
8692 4
8693 2
8694 2
8695 2
8696 1
8697 1
8698 2
8699 0
8700 4
8701 21
8702 2
8703 20
8704 20
8705 4
8706 4
8707 4
8708 4
8709 2
8710 0
8711 2
8712 2
8713 2
8714 0
8715 0
8716 2
8717 0
8718 0
8719 2
8720 2
8721 2
8722 2
8723 2
8724 2
8725 2
8726 2
8727 21
8728 21
8729 4
8730 4
8731 2
8732 1
8733 2
8734 2
8735 4
8736 0
8737 4
8738 2
8739 22
8740 22
8741 22
8742 4
8743 4
8744 4
8745 4
8746 4
8747 0
8748 2
8749 0
8750 4
8751 4
8752 4
8753 4
8754 4
8755 4
8756 4
8757 0
8758 4
8759 1
8760 0
8761 2
8762 0
8763 0
8764 0
8765 0
8766 2
8767 4
8768 0
8769 0
8770 0
8771 0
8772 0
8773 4
8774 4
8775 4
8776 4
8777 0
8778 4
8779 4
8780 4
8781 4
8782 4
8783 0
8784 0
8785 0
8786 0
8787 4
8788 4
8789 4
8790 4
8791 4
8792 4
8793 4
8794 4
8795 4
8796 0
0 5
1 7
2 2
3 10
4 10
5 6
6 7
7 1
8 0
9 2
10 2
11 10
12 10
13 3
14 4
15 5
16 6
17 10
18 5
19 7
20 8
21 9
22 10
0 0
1 1
2 2
3 3
4 4
5 5
6 6
7 7
8 8
9 9
10 10
1e-06 0.0888497 311
