0 0
1 3
2 1
3 0
4 0
5 0
6 0
7 0
8 0
9 0
10 0
11 0
12 0
13 0
14 0
15 0
16 0
17 0
18 0
19 0
20 0
21 0
22 0
23 0
24 0
25 0
26 0
27 0
28 0
29 1
30 0
31 0
32 0
33 0
34 0
35 0
36 0
37 0
38 0
39 0
40 3
41 0
42 0
43 0
44 1
45 0
46 0
47 0
48 1
49 0
50 1
51 0
52 0
53 0
54 0
55 0
56 1
57 1
58 0
59 1
60 1
61 0
62 0
63 0
64 0
65 0
66 0
67 0
68 0
69 1
70 0
71 0
72 0
73 0
74 0
75 0
76 0
77 0
78 1
79 1
80 0
81 1
82 0
83 0
84 0
85 0
86 0
87 0
88 0
89 0
90 0
91 0
92 0
93 0
94 0
95 0
96 3
97 3
98 3
99 1
100 3
101 0
102 2
103 0
104 2
105 3
106 5
107 3
108 5
109 3
110 1
111 3
112 3
113 3
114 3
115 3
116 1
117 3
118 0
119 3
120 3
121 3
122 3
123 3
124 3
125 3
126 1
127 1
128 0
129 0
130 0
131 0
132 0
133 0
134 0
135 0
136 0
137 0
138 0
139 1
140 0
141 0
142 0
143 5
144 0
145 0
146 0
147 0
148 0
149 0
150 0
151 0
152 0
153 0
154 0
155 0
156 0
157 0
158 0
159 0
160 5
161 0
162 0
163 0
164 5
165 1
166 5
167 0
168 0
169 5
170 0
171 0
172 0
173 0
174 0
175 5
176 0
177 1
178 0
179 0
180 0
181 0
182 0
183 3
184 0
185 3
186 5
187 0
188 0
189 1
190 3
191 5
192 3
193 0
194 0
195 2
196 0
197 0
198 0
199 1
200 3
201 5
202 0
203 0
204 5
205 1
206 3
207 5
208 5
209 0
210 1
211 2
212 0
213 1
214 1
215 1
216 0
217 0
218 0
219 3
220 0
221 3
222 3
223 3
224 3
225 3
226 0
227 3
228 0
229 3
230 1
231 1
232 3
233 0
234 3
235 1
236 3
237 1
238 1
239 1
240 5
241 1
242 0
243 1
244 1
245 1
246 3
247 3
248 5
249 3
250 0
251 0
252 3
253 0
254 3
255 3
256 5
257 1
258 0
259 3
260 1
261 3
262 1
263 3
264 1
265 3
266 3
267 0
268 3
269 0
270 1
271 2
272 3
273 0
274 3
275 0
276 0
277 0
278 0
279 0
280 1
281 2
282 3
283 1
284 0
285 3
286 0
287 5
288 2
289 0
290 3
291 2
292 3
293 1
294 3
295 3
296 1
297 3
298 1
299 3
300 0
301 0
302 1
303 5
304 3
305 2
306 5
307 1
308 3
309 1
310 1
311 1
312 3
313 5
314 0
315 5
316 1
317 1
318 1
319 1
320 0
321 3
322 5
323 2
324 2
325 1
326 3
327 0
328 3
329 1
330 1
331 1
332 1
333 0
334 1
335 1
336 3
337 3
338 5
339 3
340 0
341 3
342 0
343 0
344 0
345 0
346 0
347 0
348 5
349 5
350 5
351 3
352 1
353 3
354 5
355 1
356 3
357 5
358 3
359 5
360 0
361 5
362 0
363 1
364 3
365 3
366 5
367 0
368 1
369 0
370 3
371 3
372 0
373 0
374 3
375 5
376 3
377 3
378 5
379 3
380 0
381 5
382 3
383 3
384 0
385 3
386 3
387 3
388 0
389 3
390 3
391 3
392 5
393 1
394 0
395 3
396 3
397 3
398 3
399 1
400 3
401 0
402 3
403 3
404 1
405 5
406 3
407 5
408 3
409 3
410 3
411 0
412 1
413 3
414 5
415 3
416 5
417 0
418 5
419 3
420 3
421 0
422 5
423 0
424 0
425 3
426 3
427 5
428 3
429 5
430 2
431 0
432 0
433 3
434 1
435 1
436 3
437 3
438 5
439 3
440 5
441 3
442 0
443 3
444 5
445 0
446 3
447 3
448 1
449 0
450 3
451 3
452 5
453 1
454 5
455 0
456 0
457 0
458 0
459 0
460 0
461 0
462 0
463 0
464 0
465 0
466 0
467 0
468 0
469 0
470 0
471 0
472 0
473 0
474 0
475 3
476 3
477 3
478 3
479 3
480 3
481 3
482 3
483 3
484 3
485 3
486 1
487 3
488 3
489 3
490 3
491 3
492 3
493 3
494 3
495 3
496 3
497 3
498 3
499 3
500 3
501 3
502 3
503 3
504 3
505 3
506 2
507 3
508 1
509 3
510 3
511 6
512 3
513 3
514 3
515 3
516 3
517 3
518 3
519 3
520 3
521 3
522 3
523 3
524 3
525 3
526 3
527 3
528 3
529 3
530 3
531 3
532 3
533 1
534 3
535 5
536 3
537 5
538 3
539 3
540 1
541 3
542 3
543 3
544 3
545 3
546 3
547 3
548 3
549 3
550 3
551 3
552 0
553 3
554 3
555 3
556 1
557 3
558 3
559 3
560 1
561 3
562 3
563 3
564 2
565 3
566 3
567 3
568 3
569 3
570 3
571 1
572 3
573 3
574 3
575 3
576 3
577 3
578 3
579 1
580 3
581 3
582 3
583 3
584 3
585 3
586 3
587 3
588 3
589 3
590 3
591 1
592 3
593 6
594 0
595 3
596 3
597 3
598 1
599 3
600 3
601 3
602 3
603 3
604 3
605 3
606 3
607 3
608 3
609 1
610 3
611 3
612 3
613 3
614 3
615 3
616 5
617 3
618 1
619 1
620 2
621 0
622 0
623 0
624 0
625 0
626 0
627 1
628 0
629 0
630 0
631 0
632 0
633 0
634 0
635 0
636 1
637 0
638 0
639 0
640 0
641 0
642 0
643 0
644 1
645 0
646 3
647 0
648 3
649 0
650 0
651 0
652 0
653 0
654 0
655 0
656 5
657 0
658 0
659 0
660 0
661 5
662 0
663 0
664 5
665 0
666 0
667 0
668 0
669 0
670 0
671 0
672 3
673 0
674 0
675 0
676 0
677 0
678 1
679 0
680 0
681 0
682 0
683 0
684 0
685 1
686 0
687 5
688 0
689 0
690 1
691 0
692 1
693 0
694 0
695 0
696 0
697 0
698 0
699 0
700 0
701 5
702 0
703 0
704 0
705 0
706 0
707 2
708 0
709 0
710 0
711 0
712 0
713 0
714 0
715 0
716 0
717 0
718 0
719 0
720 0
721 0
722 0
723 0
724 0
725 0
726 0
727 0
728 0
729 0
730 0
731 0
732 0
733 0
734 0
735 0
736 0
737 0
738 0
739 0
740 0
741 0
742 0
743 0
744 0
745 0
746 0
747 0
748 0
749 0
750 0
751 0
752 0
753 0
754 0
755 0
756 0
757 0
758 0
759 0
760 0
761 0
762 0
763 0
764 0
765 0
766 0
767 0
768 0
769 0
770 0
771 0
772 2
773 0
774 0
775 3
776 0
777 0
778 0
779 0
780 0
781 0
782 0
783 0
784 0
785 0
786 2
787 0
788 0
789 1
790 1
791 0
792 0
793 0
794 0
795 0
796 0
797 0
798 0
799 0
800 0
801 0
802 0
803 0
804 0
805 0
806 0
807 0
808 0
809 0
810 0
811 0
812 0
813 0
814 0
815 0
816 0
817 0
818 0
819 0
820 0
821 0
822 0
823 0
824 0
825 0
826 0
827 2
828 0
829 0
830 0
831 0
832 0
833 0
834 0
835 3
836 1
837 1
838 1
839 1
840 1
841 1
842 1
843 1
844 1
845 1
846 1
847 1
848 1
849 1
850 1
851 1
852 1
853 1
854 1
855 1
856 1
857 1
858 1
859 1
860 0
861 0
862 0
863 0
864 0
865 0
866 0
867 0
868 0
869 0
870 0
871 0
872 0
873 5
874 3
875 0
876 0
877 0
878 0
879 0
880 0
881 0
882 0
883 0
884 0
885 0
886 5
887 0
888 0
889 0
890 0
891 0
892 0
893 2
894 0
895 0
896 0
897 0
898 0
899 0
900 0
901 0
902 0
903 0
904 0
905 0
906 0
907 0
908 0
909 0
910 0
911 0
912 0
913 0
914 0
915 0
916 0
917 0
918 0
919 0
920 0
921 0
922 0
923 0
924 0
925 0
926 0
927 0
928 0
929 0
930 0
931 0
932 0
933 0
934 0
935 0
936 0
937 0
938 5
939 0
940 0
941 0
942 0
943 0
944 0
945 0
946 0
947 0
948 0
949 0
950 0
951 0
952 0
953 0
954 0
955 2
956 0
957 0
958 0
959 1
960 1
961 0
962 0
963 0
964 0
965 0
966 5
967 0
968 0
969 0
970 0
971 0
972 0
973 0
974 0
975 0
976 0
977 0
978 0
979 0
980 0
981 0
982 0
983 0
984 0
985 2
986 0
987 0
988 1
989 0
990 0
991 0
992 0
993 0
994 0
995 0
996 3
997 0
998 0
999 0
1000 0
1001 0
1002 1
1003 0
1004 0
1005 0
1006 1
1007 1
1008 1
1009 1
1010 1
1011 1
1012 0
1013 1
1014 0
1015 0
1016 1
1017 0
1018 0
1019 0
1020 0
1021 0
1022 3
1023 0
1024 0
1025 0
1026 0
1027 0
1028 0
1029 0
1030 1
1031 1
1032 0
1033 0
1034 2
1035 0
1036 0
1037 0
1038 1
1039 0
1040 1
1041 0
1042 0
1043 0
1044 0
1045 0
1046 0
1047 0
1048 1
1049 0
1050 0
1051 0
1052 0
1053 0
1054 0
1055 0
1056 0
1057 1
1058 1
1059 0
1060 1
1061 0
1062 0
1063 0
1064 0
1065 0
1066 0
1067 0
1068 0
1069 0
1070 0
1071 0
1072 0
1073 1
1074 0
1075 0
1076 1
1077 3
1078 0
1079 3
1080 0
1081 0
1082 0
1083 0
1084 0
1085 0
1086 0
1087 0
1088 0
1089 0
1090 1
1091 0
1092 0
1093 0
1094 0
1095 0
1096 0
1097 0
1098 0
1099 0
1100 0
1101 0
1102 0
1103 0
1104 0
1105 0
1106 0
1107 1
1108 0
1109 1
1110 0
1111 0
1112 0
1113 1
1114 0
1115 3
1116 3
1117 0
1118 5
1119 0
1120 0
1121 0
1122 0
1123 3
1124 5
1125 0
1126 0
1127 0
1128 3
1129 0
1130 0
1131 0
1132 0
1133 0
1134 1
1135 0
1136 1
1137 2
1138 0
1139 0
1140 1
1141 5
1142 3
1143 0
1144 0
1145 3
1146 3
1147 0
1148 2
1149 0
1150 1
1151 0
1152 1
1153 0
1154 0
1155 3
1156 0
1157 0
1158 3
1159 1
1160 0
1161 0
1162 3
1163 0
1164 5
1165 0
1166 0
1167 3
1168 3
1169 3
1170 1
1171 2
1172 0
1173 3
1174 0
1175 1
1176 5
1177 3
1178 3
1179 5
1180 5
1181 1
1182 0
1183 2
1184 3
1185 0
1186 0
1187 0
1188 3
1189 1
1190 3
1191 2
1192 5
1193 0
1194 0
1195 3
1196 5
1197 5
1198 1
1199 0
1200 5
1201 5
1202 5
1203 3
1204 3
1205 1
1206 3
1207 5
1208 1
1209 0
1210 5
1211 0
1212 1
1213 5
1214 1
1215 2
1216 2
1217 2
1218 2
1219 5
1220 2
1221 0
1222 2
1223 3
1224 3
1225 5
1226 0
1227 5
1228 0
1229 5
1230 3
1231 1
1232 5
1233 1
1234 3
1235 1
1236 5
1237 0
1238 3
1239 5
1240 2
1241 2
1242 3
1243 3
1244 5
1245 5
1246 3
1247 0
1248 5
1249 5
1250 5
1251 2
1252 0
1253 5
1254 5
1255 2
1256 0
1257 0
1258 0
1259 3
1260 0
1261 0
1262 5
1263 5
1264 0
1265 5
1266 5
1267 0
1268 1
1269 0
1270 5
1271 2
1272 2
1273 5
1274 5
1275 5
1276 3
1277 3
1278 3
1279 3
1280 5
1281 5
1282 5
1283 3
1284 3
1285 0
1286 1
1287 0
1288 2
1289 5
1290 5
1291 0
1292 3
1293 0
1294 0
1295 5
1296 0
1297 5
1298 5
1299 5
1300 5
1301 3
1302 0
1303 5
1304 5
1305 2
1306 2
1307 3
1308 0
1309 0
1310 5
1311 5
1312 2
1313 3
1314 5
1315 0
1316 3
1317 5
1318 3
1319 5
1320 5
1321 5
1322 5
1323 0
1324 5
1325 3
1326 3
1327 5
1328 1
1329 1
1330 3
1331 5
1332 3
1333 0
1334 3
1335 3
1336 2
1337 5
1338 1
1339 5
1340 5
1341 5
1342 5
1343 3
1344 5
1345 0
1346 5
1347 5
1348 2
1349 5
1350 1
1351 0
1352 0
1353 0
1354 5
1355 1
1356 2
1357 0
1358 3
1359 0
1360 5
1361 5
1362 5
1363 0
1364 3
1365 3
1366 5
1367 5
1368 3
1369 2
1370 5
1371 0
1372 0
1373 0
1374 5
1375 3
1376 3
1377 5
1378 1
1379 5
1380 0
1381 2
1382 3
1383 3
1384 0
1385 3
1386 1
1387 0
1388 3
1389 1
1390 3
1391 3
1392 3
1393 0
1394 5
1395 3
1396 5
1397 3
1398 5
1399 5
1400 2
1401 1
1402 3
1403 5
1404 0
1405 0
1406 3
1407 5
1408 2
1409 5
1410 0
1411 2
1412 3
1413 0
1414 5
1415 3
1416 3
1417 0
1418 5
1419 1
1420 1
1421 5
1422 5
1423 5
1424 5
1425 0
1426 5
1427 0
1428 5
1429 5
1430 5
1431 0
1432 1
1433 5
1434 3
1435 2
1436 3
1437 0
1438 5
1439 0
1440 0
1441 1
1442 3
1443 5
1444 3
1445 3
1446 0
1447 5
1448 0
1449 0
1450 5
1451 3
1452 1
1453 2
1454 1
1455 0
1456 5
1457 5
1458 5
1459 1
1460 3
1461 3
1462 0
1463 2
1464 0
1465 0
1466 3
1467 0
1468 0
1469 2
1470 2
1471 3
1472 5
1473 1
1474 3
1475 1
1476 5
1477 5
1478 5
1479 5
1480 5
1481 0
1482 0
1483 5
1484 0
1485 5
1486 1
1487 5
1488 2
1489 5
1490 5
1491 1
1492 1
1493 3
1494 5
1495 0
1496 1
1497 5
1498 3
1499 0
1500 0
1501 5
1502 5
1503 3
1504 3
1505 0
1506 1
1507 3
1508 1
1509 0
1510 3
1511 1
1512 3
1513 0
1514 3
1515 3
1516 3
1517 1
1518 0
1519 0
1520 3
1521 0
1522 3
1523 1
1524 3
1525 3
1526 3
1527 3
1528 3
1529 3
1530 0
1531 2
1532 1
1533 1
1534 1
1535 3
1536 3
1537 2
1538 2
1539 3
1540 3
1541 5
1542 1
1543 3
1544 3
1545 3
1546 1
1547 0
1548 0
1549 3
1550 1
1551 2
1552 3
1553 2
1554 3
1555 1
1556 3
1557 3
1558 0
1559 0
1560 0
1561 5
1562 3
1563 0
1564 5
1565 0
1566 0
1567 0
1568 3
1569 0
1570 1
1571 5
1572 0
1573 1
1574 0
1575 3
1576 1
1577 1
1578 1
1579 1
1580 1
1581 0
1582 0
1583 0
1584 3
1585 0
1586 0
1587 3
1588 5
1589 0
1590 0
1591 3
1592 1
1593 0
1594 1
1595 0
1596 0
1597 0
1598 1
1599 0
1600 0
1601 5
1602 1
1603 3
1604 5
1605 0
1606 3
1607 3
1608 0
1609 5
1610 5
1611 3
1612 5
1613 3
1614 0
1615 3
1616 5
1617 5
1618 0
1619 0
1620 3
1621 0
1622 0
1623 3
1624 1
1625 3
1626 5
1627 5
1628 1
1629 5
1630 5
1631 3
1632 5
1633 5
1634 5
1635 5
1636 5
1637 3
1638 3
1639 0
1640 5
1641 1
1642 3
1643 0
1644 0
1645 1
1646 5
1647 5
1648 3
1649 1
1650 5
1651 0
1652 1
1653 1
1654 1
1655 5
1656 5
1657 2
1658 3
1659 0
1660 0
1661 3
1662 5
1663 3
1664 1
1665 1
1666 1
1667 0
1668 0
1669 0
1670 1
1671 0
1672 5
1673 0
1674 0
1675 0
1676 2
1677 0
1678 0
1679 5
1680 0
1681 1
1682 5
1683 0
1684 1
1685 0
1686 3
1687 3
1688 0
1689 3
1690 3
1691 3
1692 3
1693 1
1694 5
1695 3
1696 0
1697 1
1698 3
1699 3
1700 3
1701 3
1702 3
1703 3
1704 3
1705 5
1706 1
1707 3
1708 3
1709 3
1710 1
1711 1
1712 0
1713 3
1714 5
1715 3
1716 2
1717 3
1718 3
1719 2
1720 5
1721 0
1722 3
1723 1
1724 3
1725 3
1726 0
1727 3
1728 3
1729 3
1730 1
1731 1
1732 0
1733 3
1734 2
1735 3
1736 5
1737 1
1738 5
1739 3
1740 3
1741 3
1742 5
1743 0
1744 0
1745 3
1746 3
1747 0
1748 0
1749 3
1750 1
1751 5
1752 3
1753 3
1754 3
1755 3
1756 5
1757 1
1758 3
1759 3
1760 0
1761 0
1762 3
1763 0
1764 3
1765 5
1766 3
1767 3
1768 1
1769 1
1770 2
1771 3
1772 1
1773 1
1774 3
1775 1
1776 1
1777 1
1778 1
1779 3
1780 3
1781 1
1782 3
1783 3
1784 3
1785 5
1786 2
1787 5
1788 1
1789 3
1790 3
1791 3
1792 0
1793 3
1794 1
1795 1
1796 1
1797 1
1798 1
1799 3
1800 3
1801 0
1802 1
1803 3
1804 1
1805 3
1806 5
1807 1
1808 3
1809 3
1810 1
1811 1
1812 3
1813 0
1814 3
1815 3
1816 1
1817 3
1818 0
1819 1
1820 1
1821 3
1822 3
1823 1
1824 0
1825 5
1826 3
1827 3
1828 1
1829 3
1830 3
1831 1
1832 3
1833 0
1834 3
1835 1
1836 3
1837 1
1838 3
1839 3
1840 3
1841 3
1842 1
1843 1
1844 1
1845 1
1846 3
1847 5
1848 1
1849 1
1850 1
1851 0
1852 0
1853 1
1854 3
1855 5
1856 5
1857 3
1858 0
1859 5
1860 0
1861 0
1862 3
1863 0
1864 3
1865 3
1866 0
1867 3
1868 5
1869 5
1870 0
1871 0
1872 3
1873 5
1874 5
1875 5
1876 5
1877 1
1878 3
1879 3
1880 1
1881 1
1882 1
1883 2
1884 0
1885 0
1886 1
1887 5
1888 0
1889 1
1890 1
1891 1
1892 3
1893 1
1894 1
1895 5
1896 1
1897 3
1898 3
1899 1
1900 1
1901 1
1902 1
1903 1
1904 1
1905 1
1906 1
1907 0
1908 5
1909 3
1910 3
1911 1
1912 0
1913 1
1914 1
1915 1
1916 3
1917 1
1918 3
1919 3
1920 5
1921 3
1922 0
1923 0
1924 1
1925 1
1926 0
1927 0
1928 0
1929 0
1930 0
1931 1
1932 1
1933 3
1934 1
1935 1
1936 0
1937 3
1938 1
1939 3
1940 3
1941 0
1942 0
1943 0
1944 1
1945 3
1946 1
1947 3
1948 0
1949 3
1950 3
1951 1
1952 5
1953 5
1954 1
1955 1
1956 1
1957 1
1958 1
1959 1
1960 1
1961 1
1962 1
1963 1
1964 1
1965 5
1966 1
1967 3
1968 1
1969 5
1970 3
1971 2
1972 0
1973 3
1974 2
1975 3
1976 1
1977 3
1978 1
1979 3
1980 1
1981 3
1982 5
1983 1
1984 1
1985 3
1986 3
1987 0
1988 5
1989 3
1990 1
1991 1
1992 0
1993 2
1994 1
1995 1
1996 1
1997 1
1998 3
1999 1
2000 0
2001 3
2002 1
2003 1
2004 1
2005 1
2006 1
2007 1
2008 1
2009 1
2010 1
2011 1
2012 1
2013 2
2014 3
2015 1
2016 0
2017 1
2018 3
2019 1
2020 3
2021 1
2022 3
2023 0
2024 1
2025 3
2026 5
2027 1
2028 1
2029 0
2030 1
2031 3
2032 5
2033 3
2034 0
2035 5
2036 0
2037 3
2038 0
2039 1
2040 0
2041 3
2042 0
2043 0
2044 1
2045 0
2046 5
2047 0
2048 3
2049 1
2050 3
2051 0
2052 1
2053 5
2054 3
2055 1
2056 3
2057 3
2058 3
2059 0
2060 2
2061 0
2062 3
2063 3
2064 0
2065 3
2066 3
2067 3
2068 5
2069 3
2070 3
2071 3
2072 0
2073 5
2074 5
2075 3
2076 1
2077 0
2078 3
2079 2
2080 3
2081 1
2082 0
2083 5
2084 0
2085 5
2086 5
2087 5
2088 3
2089 0
2090 0
2091 1
2092 5
2093 5
2094 5
2095 1
2096 3
2097 3
2098 3
2099 3
2100 1
2101 1
2102 1
2103 5
2104 0
2105 5
2106 3
2107 5
2108 3
2109 0
2110 5
2111 5
2112 5
2113 2
2114 3
2115 5
2116 3
2117 3
2118 1
2119 5
2120 3
2121 1
2122 3
2123 3
2124 1
2125 5
2126 3
2127 1
2128 0
2129 1
2130 0
2131 0
2132 3
2133 3
2134 1
2135 0
2136 5
2137 5
2138 3
2139 3
2140 5
2141 0
2142 3
2143 5
2144 3
2145 5
2146 5
2147 1
2148 3
2149 0
2150 1
2151 3
2152 3
2153 3
2154 0
2155 3
2156 3
2157 1
2158 1
2159 3
2160 3
2161 1
2162 5
2163 3
2164 3
2165 0
2166 3
2167 0
2168 3
2169 5
2170 0
2171 3
2172 0
2173 1
2174 5
2175 1
2176 2
2177 1
2178 5
2179 3
2180 0
2181 3
2182 3
2183 3
2184 5
2185 3
2186 3
2187 3
2188 1
2189 5
2190 0
2191 1
2192 2
2193 3
2194 3
2195 5
2196 0
2197 3
2198 3
2199 0
2200 3
2201 5
2202 1
2203 3
2204 3
2205 3
2206 5
2207 3
2208 0
2209 1
2210 1
2211 3
2212 5
2213 5
2214 0
2215 2
2216 3
2217 1
2218 1
2219 3
2220 3
2221 1
2222 0
2223 1
2224 3
2225 0
2226 0
2227 2
2228 3
2229 0
2230 1
2231 3
2232 3
2233 0
2234 3
2235 5
2236 0
2237 3
2238 0
2239 1
2240 5
2241 3
2242 1
2243 5
2244 5
2245 1
2246 0
2247 5
2248 0
2249 3
2250 1
2251 0
2252 5
2253 0
2254 1
2255 3
2256 1
2257 1
2258 0
2259 0
2260 3
2261 1
2262 0
2263 3
2264 1
2265 3
2266 2
2267 3
2268 0
2269 1
2270 5
2271 2
2272 3
2273 5
2274 0
2275 3
2276 1
2277 0
2278 0
2279 1
2280 1
2281 3
2282 1
2283 1
2284 0
2285 3
2286 0
2287 0
2288 1
2289 0
2290 5
2291 5
2292 1
2293 0
2294 0
2295 0
2296 5
2297 5
2298 0
2299 5
2300 0
2301 3
2302 0
2303 5
2304 1
2305 0
2306 0
2307 3
2308 5
2309 3
2310 5
2311 5
2312 1
2313 0
2314 5
2315 5
2316 0
2317 0
2318 0
2319 0
2320 0
2321 0
2322 5
2323 0
2324 0
2325 5
2326 1
2327 5
2328 0
2329 3
2330 0
2331 5
2332 5
2333 2
2334 5
2335 5
2336 0
2337 5
2338 0
2339 5
2340 5
2341 5
2342 0
2343 5
2344 0
2345 5
2346 0
2347 5
2348 5
2349 0
2350 5
2351 5
2352 0
2353 5
2354 0
2355 0
2356 5
2357 5
2358 5
2359 3
2360 0
2361 5
2362 5
2363 0
2364 3
2365 0
2366 5
2367 1
2368 0
2369 5
2370 5
2371 5
2372 5
2373 0
2374 0
2375 0
2376 5
2377 5
2378 5
2379 5
2380 5
2381 5
2382 5
2383 5
2384 0
2385 5
2386 5
2387 5
2388 0
2389 1
2390 0
2391 5
2392 5
2393 0
2394 5
2395 0
2396 0
2397 5
2398 3
2399 5
2400 0
2401 5
2402 0
2403 0
2404 5
2405 5
2406 0
2407 5
2408 5
2409 0
2410 5
2411 0
2412 5
2413 3
2414 5
2415 0
2416 5
2417 0
2418 3
2419 0
2420 3
2421 3
2422 0
2423 0
2424 0
2425 5
2426 0
2427 5
2428 0
2429 0
2430 5
2431 5
2432 5
2433 0
2434 0
2435 3
2436 5
2437 5
2438 5
2439 0
2440 0
2441 5
2442 5
2443 5
2444 3
2445 0
2446 5
2447 0
2448 0
2449 0
2450 5
2451 0
2452 5
2453 5
2454 5
2455 0
2456 0
2457 0
2458 5
2459 3
2460 5
2461 5
2462 0
2463 5
2464 0
2465 0
2466 0
2467 5
2468 5
2469 5
2470 0
2471 5
2472 5
2473 0
2474 0
2475 1
2476 0
2477 5
2478 0
2479 5
2480 0
2481 0
2482 0
2483 5
2484 5
2485 3
2486 5
2487 3
2488 0
2489 3
2490 3
2491 0
2492 5
2493 0
2494 5
2495 0
2496 5
2497 5
2498 5
2499 0
2500 0
2501 5
2502 1
2503 5
2504 0
2505 0
2506 5
2507 5
2508 5
2509 0
2510 5
2511 5
2512 0
2513 0
2514 5
2515 5
2516 5
2517 5
2518 5
2519 3
2520 5
2521 5
2522 5
2523 5
2524 0
2525 0
2526 3
2527 0
2528 0
2529 5
2530 5
2531 0
2532 0
2533 5
2534 5
2535 0
2536 0
2537 5
2538 5
2539 0
2540 5
2541 5
2542 1
2543 5
2544 1
2545 5
2546 5
2547 5
2548 1
2549 0
2550 0
2551 0
2552 5
2553 0
2554 0
2555 5
2556 5
2557 5
2558 0
2559 2
2560 0
2561 0
2562 5
2563 0
2564 1
2565 0
2566 0
2567 5
2568 5
2569 0
2570 5
2571 5
2572 5
2573 5
2574 5
2575 5
2576 5
2577 5
2578 0
2579 5
2580 0
2581 5
2582 5
2583 0
2584 0
2585 0
2586 0
2587 0
2588 5
2589 0
2590 5
2591 5
2592 0
2593 5
2594 5
2595 5
2596 5
2597 0
2598 5
2599 5
2600 1
2601 5
2602 5
2603 5
2604 0
2605 0
2606 5
2607 5
2608 5
2609 1
2610 5
2611 0
2612 5
2613 5
2614 0
2615 5
2616 3
2617 5
2618 5
2619 0
2620 0
2621 0
2622 5
2623 5
2624 0
2625 0
2626 5
2627 0
2628 0
2629 0
2630 5
2631 5
2632 5
2633 5
2634 5
2635 5
2636 5
2637 0
2638 0
2639 0
2640 0
2641 3
2642 5
2643 5
2644 0
2645 5
2646 5
2647 5
2648 0
2649 3
2650 5
2651 0
2652 5
2653 1
2654 2
2655 3
2656 5
2657 0
2658 5
2659 0
2660 0
2661 0
2662 0
2663 0
2664 5
2665 0
2666 5
2667 5
2668 5
2669 3
2670 0
2671 3
2672 0
2673 0
2674 5
2675 5
2676 5
2677 0
2678 5
2679 5
2680 5
2681 0
2682 5
2683 5
2684 5
2685 3
2686 5
2687 5
2688 5
2689 5
2690 5
2691 5
2692 0
2693 0
2694 5
2695 5
2696 0
2697 1
2698 5
2699 5
2700 0
2701 3
2702 0
2703 5
2704 5
2705 5
2706 5
2707 5
2708 5
2709 0
2710 5
2711 1
2712 0
2713 0
2714 1
2715 1
2716 1
2717 0
2718 5
2719 0
2720 5
2721 5
2722 0
2723 0
2724 5
2725 0
2726 1
2727 3
2728 3
2729 3
2730 3
2731 3
2732 5
2733 3
2734 5
2735 2
2736 1
2737 1
2738 1
2739 1
2740 1
2741 1
2742 1
2743 1
2744 1
2745 1
2746 1
2747 3
2748 1
2749 3
2750 1
2751 0
2752 0
2753 3
2754 0
2755 3
2756 3
2757 3
2758 1
2759 5
2760 1
2761 0
2762 0
2763 3
2764 3
2765 0
2766 0
2767 1
2768 3
2769 5
2770 1
2771 1
2772 3
2773 3
2774 1
2775 1
2776 3
2777 3
2778 0
2779 1
2780 1
2781 1
2782 5
2783 1
2784 1
2785 3
2786 1
2787 1
2788 1
2789 3
2790 3
2791 1
2792 3
2793 3
2794 3
2795 3
2796 3
2797 3
2798 5
2799 3
2800 1
2801 3
2802 2
2803 1
2804 1
2805 3
2806 3
2807 1
2808 3
2809 3
2810 3
2811 3
2812 5
2813 3
2814 1
2815 3
2816 3
2817 2
2818 1
2819 5
2820 0
2821 3
2822 3
2823 3
2824 5
2825 3
2826 2
2827 5
2828 3
2829 1
2830 1
2831 1
2832 1
2833 3
2834 0
2835 1
2836 3
2837 3
2838 3
2839 3
2840 3
2841 5
2842 3
2843 5
2844 1
2845 3
2846 3
2847 3
2848 1
2849 5
2850 3
2851 3
2852 3
2853 3
2854 3
2855 0
2856 5
2857 3
2858 3
2859 3
2860 3
2861 3
2862 1
2863 3
2864 5
2865 1
2866 3
2867 5
2868 3
2869 3
2870 3
2871 5
2872 3
2873 3
2874 3
2875 3
2876 1
2877 3
2878 1
2879 0
2880 3
2881 3
2882 3
2883 0
2884 3
2885 5
2886 5
2887 3
2888 3
2889 3
2890 5
2891 5
2892 2
2893 1
2894 1
2895 1
2896 3
2897 0
2898 3
2899 3
2900 5
2901 1
2902 0
2903 3
2904 0
2905 0
2906 0
2907 3
2908 3
2909 3
2910 3
2911 1
2912 5
2913 1
2914 3
2915 3
2916 1
2917 1
2918 3
2919 5
2920 3
2921 3
2922 1
2923 3
2924 1
2925 3
2926 1
2927 1
2928 1
2929 0
2930 1
2931 1
2932 5
2933 1
2934 1
2935 1
2936 5
2937 5
2938 3
2939 5
2940 0
2941 5
2942 3
2943 3
2944 0
2945 1
2946 1
2947 3
2948 3
2949 3
2950 3
2951 3
2952 1
2953 3
2954 2
2955 5
2956 1
2957 5
2958 3
2959 3
2960 3
2961 5
2962 3
2963 3
2964 5
2965 0
2966 5
2967 1
2968 3
2969 3
2970 3
2971 0
2972 1
2973 3
2974 3
2975 5
2976 1
2977 3
2978 0
2979 5
2980 1
2981 0
2982 3
2983 0
2984 3
2985 3
2986 0
2987 3
2988 5
2989 1
2990 3
2991 3
2992 3
2993 5
2994 3
2995 0
2996 3
2997 3
2998 1
2999 3
3000 0
3001 1
3002 3
3003 0
3004 3
3005 3
3006 5
3007 3
3008 3
3009 5
3010 3
3011 5
3012 1
3013 5
3014 3
3015 1
3016 1
3017 3
3018 3
3019 1
3020 3
3021 1
3022 5
3023 5
3024 0
3025 3
3026 3
3027 1
3028 3
3029 1
3030 1
3031 5
3032 3
3033 3
3034 1
3035 3
3036 1
3037 5
3038 3
3039 0
3040 5
3041 3
3042 3
3043 5
3044 0
3045 5
3046 0
3047 5
3048 3
3049 3
3050 3
3051 3
3052 3
3053 3
3054 1
3055 5
3056 3
3057 3
3058 1
3059 3
3060 1
3061 3
3062 3
3063 2
3064 0
3065 3
3066 1
3067 5
3068 0
3069 3
3070 1
3071 3
3072 3
3073 5
3074 0
3075 0
3076 3
3077 5
3078 3
3079 3
3080 1
3081 3
3082 5
3083 5
3084 0
3085 3
3086 0
3087 5
3088 3
3089 3
3090 3
3091 3
3092 0
3093 3
3094 3
3095 1
3096 1
3097 3
3098 5
3099 3
3100 3
3101 5
3102 5
3103 3
3104 5
3105 3
3106 5
3107 3
3108 3
3109 3
3110 1
3111 5
3112 1
3113 5
3114 0
3115 3
3116 0
3117 3
3118 5
3119 3
3120 3
3121 1
3122 1
3123 1
3124 1
3125 1
3126 1
3127 1
3128 3
3129 5
3130 3
3131 2
3132 3
3133 5
3134 3
3135 5
3136 5
3137 3
3138 3
3139 0
3140 3
3141 3
3142 1
3143 0
3144 3
3145 2
3146 3
3147 1
3148 0
3149 1
3150 1
3151 3
3152 0
3153 3
3154 5
3155 3
3156 3
3157 5
3158 1
3159 5
3160 1
3161 3
3162 3
3163 3
3164 3
3165 1
3166 3
3167 3
3168 5
3169 3
3170 0
3171 3
3172 3
3173 3
3174 5
3175 0
3176 1
3177 1
3178 0
3179 3
3180 3
3181 5
3182 3
3183 3
3184 5
3185 3
3186 0
3187 5
3188 5
3189 0
3190 5
3191 0
3192 5
3193 5
3194 0
3195 3
3196 3
3197 3
3198 3
3199 1
3200 1
3201 1
3202 3
3203 0
3204 3
3205 3
3206 3
3207 0
3208 3
3209 2
3210 3
3211 5
3212 1
3213 5
3214 0
3215 3
3216 0
3217 3
3218 3
3219 1
3220 3
3221 2
3222 3
3223 3
3224 3
3225 5
3226 3
3227 1
3228 3
3229 1
3230 1
3231 1
3232 2
3233 3
3234 3
3235 5
3236 3
3237 5
3238 3
3239 1
3240 1
3241 3
3242 3
3243 3
3244 3
3245 1
3246 3
3247 3
3248 5
3249 5
3250 0
3251 3
3252 0
3253 1
3254 5
3255 1
3256 3
3257 3
3258 3
3259 3
3260 3
3261 3
3262 3
3263 1
3264 3
3265 1
3266 1
3267 3
3268 0
3269 3
3270 3
3271 5
3272 5
3273 3
3274 3
3275 5
3276 1
3277 5
3278 5
3279 3
3280 1
3281 5
3282 1
3283 0
3284 0
3285 0
3286 1
3287 3
3288 0
3289 5
3290 3
3291 3
3292 3
3293 5
3294 3
3295 3
3296 1
3297 3
3298 5
3299 3
3300 3
3301 3
3302 1
3303 5
3304 1
3305 1
3306 5
3307 3
3308 3
3309 2
3310 1
3311 3
3312 3
3313 3
3314 3
3315 3
3316 0
3317 0
3318 5
3319 1
3320 3
3321 3
3322 3
3323 5
3324 3
3325 1
3326 0
3327 1
3328 0
3329 3
3330 3
3331 0
3332 3
3333 3
3334 5
3335 3
3336 3
3337 5
3338 1
3339 3
3340 3
3341 3
3342 5
3343 5
3344 3
3345 3
3346 1
3347 5
3348 3
3349 3
3350 3
3351 1
3352 1
3353 1
3354 1
3355 1
3356 1
3357 1
3358 1
3359 1
3360 1
3361 1
3362 1
3363 1
3364 1
3365 1
3366 1
3367 1
3368 1
3369 1
3370 1
3371 1
3372 1
3373 1
3374 1
3375 1
3376 1
3377 1
3378 1
3379 1
3380 1
3381 1
3382 1
3383 1
3384 1
3385 1
3386 1
3387 1
3388 1
3389 1
3390 1
3391 1
3392 1
3393 1
3394 3
3395 1
3396 2
3397 3
3398 5
3399 0
3400 1
3401 1
3402 5
3403 3
3404 5
3405 3
3406 3
3407 3
3408 3
3409 1
3410 3
3411 3
3412 0
3413 1
3414 1
3415 3
3416 5
3417 5
3418 3
3419 5
3420 3
3421 5
3422 3
3423 3
3424 3
3425 3
3426 3
3427 3
3428 3
3429 3
3430 1
3431 3
3432 3
3433 3
3434 5
3435 3
3436 5
3437 3
3438 1
3439 0
3440 3
3441 3
3442 5
3443 0
3444 3
3445 3
3446 3
3447 3
3448 3
3449 3
3450 5
3451 3
3452 5
3453 5
3454 1
3455 3
3456 3
3457 3
3458 3
3459 5
3460 3
3461 1
3462 2
3463 1
3464 1
3465 0
3466 2
3467 3
3468 3
3469 3
3470 3
3471 1
3472 5
3473 1
3474 1
3475 3
3476 1
3477 3
3478 5
3479 3
3480 5
3481 3
3482 3
3483 3
3484 1
3485 3
3486 3
3487 5
3488 3
3489 3
3490 3
3491 5
3492 5
3493 1
3494 3
3495 3
3496 3
3497 3
3498 3
3499 3
3500 3
3501 3
3502 1
3503 5
3504 5
3505 5
3506 3
3507 5
3508 2
3509 3
3510 1
3511 3
3512 3
3513 5
3514 3
3515 1
3516 5
3517 3
3518 3
3519 3
3520 3
3521 3
3522 3
3523 5
3524 1
3525 3
3526 3
3527 1
3528 3
3529 0
3530 3
3531 0
3532 3
3533 5
3534 3
3535 0
3536 1
3537 3
3538 3
3539 0
3540 3
3541 2
3542 1
3543 5
3544 3
3545 1
3546 3
3547 2
3548 3
3549 1
3550 3
3551 3
3552 3
3553 5
3554 5
3555 1
3556 3
3557 5
3558 3
3559 3
3560 0
3561 3
3562 3
3563 3
3564 5
3565 5
3566 5
3567 3
3568 5
3569 3
3570 3
3571 3
3572 1
3573 1
3574 1
3575 3
3576 1
3577 0
3578 3
3579 3
3580 0
3581 3
3582 1
3583 1
3584 3
3585 0
3586 3
3587 1
3588 0
3589 2
3590 5
3591 3
3592 0
3593 1
3594 2
3595 1
3596 3
3597 5
3598 1
3599 3
3600 3
3601 0
3602 3
3603 0
3604 5
3605 3
3606 5
3607 1
3608 1
3609 1
3610 3
3611 0
3612 5
3613 0
3614 0
3615 3
3616 1
3617 3
3618 5
3619 3
3620 3
3621 2
3622 3
3623 3
3624 3
3625 3
3626 3
3627 5
3628 3
3629 1
3630 1
3631 3
3632 3
3633 3
3634 5
3635 3
3636 3
3637 3
3638 3
3639 3
3640 3
3641 1
3642 1
3643 3
3644 2
3645 1
3646 5
3647 3
3648 3
3649 3
3650 5
3651 1
3652 1
3653 5
3654 3
3655 3
3656 1
3657 3
3658 3
3659 3
3660 1
3661 5
3662 3
3663 1
3664 2
3665 5
3666 1
3667 3
3668 3
3669 3
3670 5
3671 1
3672 5
3673 1
3674 1
3675 3
3676 5
3677 1
3678 3
3679 1
3680 3
3681 3
3682 1
3683 1
3684 1
3685 1
3686 1
3687 5
3688 3
3689 3
3690 5
3691 3
3692 5
3693 2
3694 3
3695 2
3696 5
3697 1
3698 1
3699 1
3700 1
3701 1
3702 1
3703 1
3704 2
3705 3
3706 3
3707 1
3708 1
3709 1
3710 3
3711 3
3712 3
3713 3
3714 3
3715 2
3716 1
3717 3
3718 3
3719 3
3720 5
3721 5
3722 3
3723 3
3724 1
3725 0
3726 3
3727 5
3728 1
3729 3
3730 3
3731 3
3732 0
3733 3
3734 3
3735 1
3736 3
3737 1
3738 3
3739 5
3740 5
3741 3
3742 0
3743 1
3744 5
3745 3
3746 3
3747 3
3748 0
3749 1
3750 1
3751 1
3752 0
3753 0
3754 1
3755 5
3756 3
3757 3
3758 1
3759 0
3760 0
3761 3
3762 3
3763 5
3764 3
3765 5
3766 0
3767 0
3768 3
3769 0
3770 3
3771 3
3772 3
3773 3
3774 3
3775 0
3776 5
3777 1
3778 5
3779 5
3780 3
3781 3
3782 3
3783 3
3784 1
3785 2
3786 3
3787 5
3788 1
3789 1
3790 5
3791 1
3792 0
3793 3
3794 3
3795 5
3796 3
3797 5
3798 3
3799 3
3800 0
3801 1
3802 3
3803 5
3804 3
3805 1
3806 3
3807 1
3808 5
3809 3
3810 3
3811 5
3812 3
3813 3
3814 3
3815 3
3816 3
3817 3
3818 0
3819 5
3820 5
3821 3
3822 5
3823 5
3824 5
3825 3
3826 3
3827 3
3828 5
3829 3
3830 3
3831 0
3832 3
3833 3
3834 0
3835 1
3836 3
3837 1
3838 1
3839 1
3840 0
3841 3
3842 3
3843 3
3844 1
3845 5
3846 1
3847 3
3848 5
3849 3
3850 5
3851 3
3852 3
3853 3
3854 3
3855 5
3856 3
3857 3
3858 3
3859 5
3860 3
3861 3
3862 3
3863 3
3864 3
3865 0
3866 3
3867 1
3868 1
3869 3
3870 2
3871 3
3872 1
3873 5
3874 3
3875 1
3876 3
3877 1
3878 3
3879 3
3880 5
3881 3
3882 3
3883 3
3884 5
3885 3
3886 2
3887 3
3888 5
3889 1
3890 1
3891 3
3892 0
3893 3
3894 3
3895 5
3896 3
3897 2
3898 3
3899 3
3900 3
3901 5
3902 3
3903 5
3904 3
3905 3
3906 3
3907 3
3908 3
3909 1
3910 5
3911 1
3912 3
3913 3
3914 3
3915 3
3916 1
3917 1
3918 3
3919 3
3920 3
3921 3
3922 5
3923 3
3924 0
3925 5
3926 3
3927 0
3928 3
3929 5
3930 1
3931 1
3932 1
3933 3
3934 3
3935 3
3936 3
3937 0
3938 3
3939 5
3940 3
3941 0
3942 5
3943 1
3944 5
3945 3
3946 1
3947 1
3948 1
3949 1
3950 3
3951 5
3952 3
3953 1
3954 3
3955 5
3956 5
3957 3
3958 3
3959 3
3960 1
3961 0
3962 3
3963 3
3964 3
3965 1
3966 3
3967 3
3968 1
3969 5
3970 1
3971 5
3972 3
3973 3
3974 0
3975 3
3976 3
3977 3
3978 3
3979 0
3980 5
3981 0
3982 0
3983 0
3984 5
3985 3
3986 5
3987 3
3988 1
3989 1
3990 3
3991 3
3992 3
3993 3
3994 3
3995 3
3996 3
3997 1
3998 1
3999 3
4000 3
4001 3
4002 3
4003 0
4004 5
4005 3
4006 1
4007 3
4008 2
4009 2
4010 5
4011 3
4012 3
4013 5
4014 1
4015 1
4016 3
4017 3
4018 3
4019 0
4020 1
4021 1
4022 1
4023 1
4024 1
4025 3
4026 1
4027 1
4028 1
4029 3
4030 1
4031 1
4032 1
4033 1
4034 3
4035 3
4036 3
4037 2
4038 3
4039 3
4040 2
4041 1
4042 1
4043 1
4044 1
4045 1
4046 3
4047 3
4048 3
4049 0
4050 1
4051 1
4052 1
4053 3
4054 3
4055 3
4056 3
4057 1
4058 0
4059 3
4060 3
4061 3
4062 3
4063 3
4064 3
4065 0
4066 3
4067 1
4068 1
4069 5
4070 1
4071 3
4072 1
4073 0
4074 0
4075 1
4076 3
4077 3
4078 1
4079 3
4080 1
4081 3
4082 3
4083 2
4084 2
4085 3
4086 3
4087 3
4088 3
4089 3
4090 1
4091 1
4092 1
4093 1
4094 3
4095 1
4096 3
4097 3
4098 1
4099 1
4100 1
4101 3
4102 0
4103 3
4104 3
4105 3
4106 3
4107 3
4108 3
4109 1
4110 0
4111 3
4112 3
4113 3
4114 3
4115 3
4116 3
4117 1
4118 3
4119 3
4120 3
4121 3
4122 3
4123 3
4124 1
4125 2
4126 0
4127 0
4128 3
4129 3
4130 3
4131 0
4132 1
4133 3
4134 3
4135 3
4136 2
4137 1
4138 3
4139 1
4140 3
4141 1
4142 3
4143 1
4144 1
4145 1
4146 1
4147 3
4148 1
4149 1
4150 0
4151 1
4152 1
4153 0
4154 0
4155 0
4156 0
4157 0
4158 0
4159 3
4160 7
4161 0
4162 3
4163 0
4164 3
4165 3
4166 3
4167 3
4168 3
4169 3
4170 3
4171 1
4172 3
4173 3
4174 2
4175 0
4176 0
4177 0
4178 1
4179 0
4180 0
4181 1
4182 3
4183 0
4184 3
4185 3
4186 1
4187 1
4188 0
4189 3
4190 1
4191 0
4192 1
4193 1
4194 1
4195 1
4196 5
4197 3
4198 3
4199 3
4200 3
4201 1
4202 0
4203 0
4204 1
4205 3
4206 3
4207 1
4208 3
4209 3
4210 5
4211 3
4212 0
4213 3
4214 3
4215 1
4216 1
4217 3
4218 3
4219 1
4220 0
4221 5
4222 3
4223 3
4224 3
4225 2
4226 1
4227 3
4228 3
4229 1
4230 1
4231 0
4232 1
4233 1
4234 1
4235 0
4236 3
4237 3
4238 0
4239 1
4240 1
4241 1
4242 1
4243 2
4244 1
4245 1
4246 1
4247 1
4248 1
4249 1
4250 1
4251 1
4252 3
4253 3
4254 3
4255 3
4256 3
4257 3
4258 3
4259 3
4260 1
4261 3
4262 1
4263 3
4264 1
4265 1
4266 3
4267 3
4268 2
4269 3
4270 3
4271 1
4272 3
4273 1
4274 3
4275 3
4276 3
4277 3
4278 1
4279 3
4280 3
4281 3
4282 3
4283 3
4284 3
4285 3
4286 1
4287 0
4288 5
4289 0
4290 0
4291 3
4292 1
4293 3
4294 1
4295 1
4296 1
4297 0
4298 2
4299 1
4300 1
4301 3
4302 1
4303 3
4304 3
4305 2
4306 3
4307 3
4308 5
4309 3
4310 1
4311 3
4312 3
4313 3
4314 3
4315 3
4316 3
4317 3
4318 3
4319 3
4320 3
4321 3
4322 3
4323 1
4324 2
4325 3
4326 3
4327 1
4328 1
4329 1
4330 3
4331 3
4332 3
4333 3
4334 3
4335 3
4336 3
4337 3
4338 1
4339 1
4340 1
4341 0
4342 3
4343 3
4344 3
4345 0
4346 0
4347 3
4348 0
4349 1
4350 1
4351 0
4352 2
4353 1
4354 1
4355 1
4356 3
4357 3
4358 0
4359 0
4360 1
4361 3
4362 1
4363 1
4364 1
4365 3
4366 3
4367 1
4368 3
4369 3
4370 3
4371 1
4372 3
4373 3
4374 3
4375 3
4376 3
4377 3
4378 3
4379 3
4380 2
4381 3
4382 3
4383 3
4384 3
4385 1
4386 1
4387 1
4388 0
4389 1
4390 0
4391 1
4392 1
4393 3
4394 3
4395 1
4396 1
4397 1
4398 1
4399 0
4400 1
4401 1
4402 1
4403 3
4404 3
4405 1
4406 1
4407 3
4408 3
4409 1
4410 3
4411 3
4412 3
4413 3
4414 3
4415 1
4416 0
4417 5
4418 3
4419 0
4420 3
4421 2
4422 3
4423 0
4424 1
4425 0
4426 3
4427 1
4428 1
4429 1
4430 1
4431 1
4432 1
4433 1
4434 1
4435 0
4436 3
4437 1
4438 3
4439 3
4440 3
4441 3
4442 1
4443 1
4444 1
4445 3
4446 1
4447 1
4448 1
4449 1
4450 1
4451 1
4452 1
4453 3
4454 1
4455 0
4456 1
4457 1
4458 1
4459 1
4460 1
4461 1
4462 1
4463 1
4464 3
4465 3
4466 1
4467 1
4468 1
4469 1
4470 1
4471 1
4472 1
4473 1
4474 2
4475 1
4476 3
4477 1
4478 1
4479 1
4480 1
4481 1
4482 1
4483 1
4484 1
4485 1
4486 1
4487 1
4488 1
4489 1
4490 1
4491 1
4492 1
4493 1
4494 1
4495 1
4496 1
4497 1
4498 1
4499 1
4500 1
4501 1
4502 1
4503 1
4504 1
4505 1
4506 2
4507 1
4508 1
4509 3
4510 3
4511 1
4512 1
4513 3
4514 1
4515 1
4516 1
4517 1
4518 1
4519 1
4520 1
4521 1
4522 1
4523 1
4524 1
4525 1
4526 3
4527 1
4528 1
4529 0
4530 2
4531 0
4532 2
4533 2
4534 2
4535 0
4536 3
4537 0
4538 0
4539 5
4540 5
4541 2
4542 3
4543 2
4544 5
4545 1
4546 1
4547 4
4548 4
4549 4
4550 3
4551 4
4552 5
4553 4
4554 3
4555 4
4556 3
4557 3
4558 3
4559 1
4560 4
4561 4
4562 3
4563 0
4564 1
4565 1
4566 0
4567 3
4568 1
4569 3
4570 1
4571 0
4572 3
4573 0
4574 3
4575 3
4576 1
4577 2
4578 5
4579 1
4580 3
4581 3
4582 3
4583 1
4584 1
4585 3
4586 3
4587 3
4588 3
4589 3
4590 3
4591 3
4592 3
4593 3
4594 3
4595 3
4596 2
4597 3
4598 1
4599 3
4600 3
4601 0
4602 3
4603 3
4604 2
4605 1
4606 1
4607 3
4608 1
4609 2
4610 3
4611 3
4612 3
4613 5
4614 2
4615 3
4616 0
4617 3
4618 1
4619 1
4620 3
4621 1
4622 1
4623 1
4624 1
4625 3
4626 1
4627 3
4628 3
4629 5
4630 3
4631 1
4632 3
4633 1
4634 1
4635 3
4636 0
4637 1
4638 3
4639 1
4640 3
4641 1
4642 1
4643 1
4644 1
4645 5
4646 1
4647 3
4648 1
4649 1
4650 0
4651 3
4652 1
4653 1
4654 1
4655 3
4656 1
4657 1
4658 3
4659 5
4660 3
4661 2
4662 3
4663 2
4664 1
4665 5
4666 3
4667 1
4668 1
4669 0
4670 0
4671 1
4672 1
4673 0
4674 1
4675 1
4676 3
4677 1
4678 3
4679 3
4680 3
4681 3
4682 3
4683 3
4684 2
4685 3
4686 3
4687 1
4688 1
4689 1
4690 1
4691 3
4692 0
4693 0
4694 0
4695 1
4696 1
4697 0
4698 3
4699 0
4700 3
4701 3
4702 3
4703 3
4704 3
4705 3
4706 3
4707 1
4708 3
4709 0
4710 1
4711 2
4712 0
4713 3
4714 3
4715 3
4716 3
4717 3
4718 3
4719 3
4720 1
4721 3
4722 3
4723 3
4724 3
4725 3
4726 1
4727 1
4728 3
4729 2
4730 3
4731 1
4732 3
4733 3
4734 3
4735 3
4736 3
4737 0
4738 3
4739 1
4740 1
4741 3
4742 3
4743 3
4744 2
4745 3
4746 2
4747 2
4748 2
4749 2
4750 3
4751 2
4752 2
4753 2
4754 2
4755 2
4756 1
4757 1
4758 3
4759 3
4760 3
4761 3
4762 3
4763 3
4764 3
4765 3
4766 1
4767 1
4768 1
4769 1
4770 1
4771 1
4772 1
4773 1
4774 1
4775 1
4776 1
4777 1
4778 1
4779 3
4780 3
4781 3
4782 3
4783 1
4784 1
4785 3
4786 1
4787 3
4788 3
4789 3
4790 5
4791 0
4792 1
4793 1
4794 1
4795 1
4796 1
4797 1
4798 3
4799 3
4800 3
4801 1
4802 5
4803 0
4804 3
4805 3
4806 3
4807 0
4808 3
4809 1
4810 1
4811 3
4812 3
4813 3
4814 1
4815 3
4816 5
4817 3
4818 3
4819 3
4820 3
4821 2
4822 1
4823 3
4824 3
4825 3
4826 3
4827 3
4828 3
4829 3
4830 3
4831 3
4832 3
4833 3
4834 3
4835 3
4836 3
4837 3
4838 3
4839 3
4840 3
4841 3
4842 3
4843 3
4844 3
4845 3
4846 1
4847 3
4848 3
4849 3
4850 3
4851 1
4852 3
4853 3
4854 2
4855 3
4856 3
4857 1
4858 3
4859 3
4860 3
4861 3
4862 3
4863 2
4864 3
4865 3
4866 3
4867 3
4868 3
4869 3
4870 1
4871 3
4872 3
4873 3
4874 3
4875 3
4876 3
4877 3
4878 3
4879 0
4880 3
4881 3
4882 3
4883 3
4884 3
4885 3
4886 3
4887 2
4888 1
4889 3
4890 3
4891 1
4892 3
4893 3
4894 3
4895 3
4896 5
4897 3
4898 3
4899 3
4900 1
4901 1
4902 3
4903 3
4904 3
4905 3
4906 3
4907 3
4908 1
4909 1
4910 3
4911 3
4912 2
4913 3
4914 1
4915 3
4916 3
4917 3
4918 1
4919 3
4920 1
4921 1
4922 3
4923 3
4924 1
4925 3
4926 3
4927 1
4928 3
4929 1
4930 3
4931 0
4932 3
4933 3
4934 3
4935 3
4936 0
4937 1
4938 3
4939 3
4940 3
4941 3
4942 3
4943 3
4944 1
4945 3
4946 3
4947 3
4948 3
4949 3
4950 1
4951 3
4952 3
4953 3
4954 1
4955 3
4956 3
4957 2
4958 3
4959 3
4960 3
4961 3
4962 1
4963 3
4964 3
4965 3
4966 3
4967 1
4968 3
4969 2
4970 3
4971 3
4972 3
4973 3
4974 2
4975 3
4976 3
4977 3
4978 3
4979 3
4980 3
4981 2
4982 3
4983 3
4984 3
4985 3
4986 3
4987 3
4988 3
4989 3
4990 3
4991 3
4992 2
4993 2
4994 3
4995 3
4996 3
4997 3
4998 3
4999 3
5000 3
5001 3
5002 3
5003 3
5004 0
5005 1
5006 3
5007 3
5008 2
5009 1
5010 3
5011 3
5012 3
5013 3
5014 3
5015 3
5016 3
5017 3
5018 3
5019 5
5020 3
5021 3
5022 3
5023 3
5024 3
5025 3
5026 3
5027 3
5028 3
5029 3
5030 3
5031 3
5032 1
5033 3
5034 3
5035 3
5036 1
5037 3
5038 1
5039 1
5040 5
5041 1
5042 3
5043 1
5044 1
5045 3
5046 3
5047 3
5048 3
5049 1
5050 1
5051 1
5052 3
5053 1
5054 3
5055 3
5056 3
5057 3
5058 3
5059 3
5060 3
5061 3
5062 3
5063 3
5064 3
5065 3
5066 3
5067 3
5068 2
5069 3
5070 3
5071 3
5072 1
5073 3
5074 3
5075 3
5076 3
5077 3
5078 3
5079 3
5080 3
5081 3
5082 1
5083 3
5084 5
5085 3
5086 1
5087 3
5088 3
5089 3
5090 3
5091 3
5092 3
5093 3
5094 3
5095 3
5096 3
5097 3
5098 3
5099 1
5100 3
5101 3
5102 3
5103 3
5104 2
5105 1
5106 1
5107 3
5108 1
5109 3
5110 0
5111 3
5112 1
5113 2
5114 1
5115 1
5116 1
5117 1
5118 3
5119 1
5120 1
5121 1
5122 0
5123 1
5124 0
5125 0
5126 3
5127 3
5128 3
5129 1
5130 3
5131 3
5132 3
5133 3
5134 3
5135 1
5136 3
5137 3
5138 3
5139 3
5140 1
5141 3
5142 3
5143 1
5144 3
5145 3
5146 3
5147 1
5148 1
5149 3
5150 1
5151 3
5152 3
5153 3
5154 3
5155 1
5156 1
5157 1
5158 1
5159 1
5160 1
5161 1
5162 1
5163 1
5164 0
5165 1
5166 3
5167 1
5168 3
5169 3
5170 1
5171 2
5172 3
5173 3
5174 0
5175 1
5176 1
5177 1
5178 3
5179 5
5180 0
5181 3
5182 1
5183 0
5184 1
5185 1
5186 1
5187 3
5188 1
5189 3
5190 3
5191 3
5192 1
5193 0
5194 3
5195 3
5196 1
5197 3
5198 0
5199 1
5200 3
5201 3
5202 3
5203 1
5204 1
5205 3
5206 3
5207 3
5208 3
5209 1
5210 0
5211 3
5212 3
5213 3
5214 1
5215 1
5216 3
5217 1
5218 1
5219 5
5220 0
5221 3
5222 0
5223 5
5224 3
5225 1
5226 1
5227 3
5228 1
5229 3
5230 3
5231 3
5232 0
5233 1
5234 3
5235 3
5236 1
5237 3
5238 3
5239 0
5240 1
5241 5
5242 3
5243 1
5244 5
5245 1
5246 3
5247 0
5248 0
5249 0
5250 3
5251 3
5252 3
5253 0
5254 3
5255 0
5256 2
5257 3
5258 3
5259 1
5260 0
5261 1
5262 1
5263 1
5264 1
5265 1
5266 1
5267 1
5268 1
5269 1
5270 1
5271 1
5272 1
5273 1
5274 1
5275 3
5276 0
5277 3
5278 1
5279 0
5280 5
5281 3
5282 3
5283 3
5284 0
5285 2
5286 1
5287 3
5288 3
5289 3
5290 3
5291 3
5292 1
5293 1
5294 1
5295 1
5296 1
5297 1
5298 1
5299 1
5300 3
5301 1
5302 3
5303 3
5304 1
5305 3
5306 1
5307 1
5308 0
5309 1
5310 0
5311 3
5312 3
5313 3
5314 3
5315 3
5316 0
5317 3
5318 1
5319 3
5320 2
5321 0
5322 3
5323 3
5324 3
5325 3
5326 1
5327 1
5328 3
5329 3
5330 3
5331 3
5332 3
5333 3
5334 1
5335 0
5336 1
5337 1
5338 0
5339 0
5340 1
5341 1
5342 1
5343 1
5344 3
5345 1
5346 1
5347 1
5348 1
5349 1
5350 1
5351 1
5352 1
5353 1
5354 1
5355 3
5356 1
5357 3
5358 3
5359 1
5360 1
5361 1
5362 3
5363 3
5364 3
5365 2
5366 5
5367 1
5368 3
5369 3
5370 3
5371 1
5372 0
5373 3
5374 3
5375 2
5376 3
5377 1
5378 1
5379 1
5380 5
5381 3
5382 0
5383 1
5384 0
5385 0
5386 0
5387 2
5388 3
5389 1
5390 3
5391 1
5392 3
5393 3
5394 3
5395 1
5396 1
5397 1
5398 1
5399 1
5400 1
5401 1
5402 0
5403 0
5404 1
5405 0
5406 3
5407 1
5408 1
5409 3
5410 3
5411 0
5412 2
5413 0
5414 3
5415 3
5416 3
5417 1
5418 0
5419 3
5420 3
5421 3
5422 1
5423 3
5424 3
5425 3
5426 3
5427 3
5428 3
5429 3
5430 1
5431 1
5432 3
5433 0
5434 0
5435 1
5436 3
5437 5
5438 2
5439 2
5440 0
5441 3
5442 0
5443 1
5444 0
5445 1
5446 1
5447 0
5448 0
5449 3
5450 0
5451 3
5452 3
5453 3
5454 3
5455 2
5456 3
5457 3
5458 1
5459 3
5460 0
5461 1
5462 3
5463 2
5464 1
5465 3
5466 1
5467 1
5468 1
5469 1
5470 1
5471 1
5472 0
5473 1
5474 1
5475 5
5476 3
5477 1
5478 3
5479 1
5480 1
5481 1
5482 1
5483 1
5484 1
5485 1
5486 1
5487 1
5488 1
5489 0
5490 2
5491 0
5492 0
5493 3
5494 3
5495 1
5496 0
5497 1
5498 2
5499 3
5500 1
5501 3
5502 1
5503 1
5504 3
5505 1
5506 2
5507 1
5508 1
5509 2
5510 2
5511 2
5512 2
5513 3
5514 3
5515 3
5516 1
5517 1
5518 3
5519 2
5520 3
5521 1
5522 3
5523 3
5524 1
5525 1
5526 1
5527 2
5528 1
5529 3
5530 3
5531 5
5532 1
5533 1
5534 3
5535 5
5536 3
5537 3
5538 3
5539 3
5540 1
5541 3
5542 5
5543 5
5544 5
5545 3
5546 3
5547 3
5548 3
5549 1
5550 3
5551 3
5552 3
5553 3
5554 1
5555 1
5556 6
5557 6
5558 2
5559 6
5560 1
5561 2
5562 6
5563 2
5564 6
5565 2
5566 3
5567 3
5568 3
5569 6
5570 6
5571 6
5572 6
5573 1
5574 3
5575 6
5576 3
5577 3
5578 1
5579 1
5580 1
5581 1
5582 1
5583 3
5584 3
5585 1
5586 3
5587 3
5588 1
5589 3
5590 1
5591 3
5592 3
5593 1
5594 3
5595 1
5596 3
5597 0
5598 3
5599 1
5600 3
5601 3
5602 1
5603 1
5604 3
5605 0
5606 0
5607 3
5608 3
5609 3
5610 3
5611 3
5612 3
5613 3
5614 1
5615 1
5616 3
5617 3
5618 3
5619 1
5620 3
5621 1
5622 3
5623 5
5624 2
5625 1
5626 3
5627 3
5628 3
5629 2
5630 2
5631 3
5632 1
5633 1
5634 1
5635 1
5636 1
5637 1
5638 1
5639 1
5640 1
5641 1
5642 1
5643 1
5644 1
5645 1
5646 1
5647 1
5648 1
5649 1
5650 1
5651 1
5652 1
5653 1
5654 3
5655 3
5656 3
5657 1
5658 3
5659 1
5660 1
5661 3
5662 3
5663 2
5664 1
5665 3
5666 3
5667 3
5668 1
5669 3
5670 3
5671 1
5672 5
5673 3
5674 1
5675 3
5676 3
5677 3
5678 3
5679 0
5680 3
5681 3
5682 3
5683 3
5684 1
5685 3
5686 3
5687 1
5688 1
5689 5
5690 3
5691 0
5692 2
5693 1
5694 1
5695 3
5696 1
5697 3
5698 1
5699 3
5700 1
5701 3
5702 1
5703 1
5704 1
5705 0
5706 1
5707 1
5708 1
5709 3
5710 3
5711 0
5712 3
5713 2
5714 1
5715 3
5716 3
5717 1
5718 1
5719 1
5720 3
5721 3
5722 3
5723 3
5724 3
5725 1
5726 1
5727 1
5728 0
5729 3
5730 3
5731 3
5732 2
5733 2
5734 3
5735 1
5736 3
5737 1
5738 3
5739 1
5740 3
5741 3
5742 1
5743 1
5744 1
5745 3
5746 1
5747 3
5748 3
5749 1
5750 0
5751 0
5752 3
5753 3
5754 3
5755 1
5756 5
5757 1
5758 1
5759 1
5760 1
5761 1
5762 1
5763 3
5764 1
5765 3
5766 1
5767 1
5768 1
5769 3
5770 3
5771 3
5772 3
5773 3
5774 1
5775 1
5776 1
5777 3
5778 2
5779 1
5780 2
5781 2
5782 3
5783 3
5784 3
5785 2
5786 2
5787 1
5788 3
5789 1
5790 3
5791 3
5792 3
5793 1
5794 3
5795 3
5796 1
5797 1
5798 2
5799 3
5800 1
5801 1
5802 1
5803 1
5804 3
5805 1
5806 3
5807 1
5808 3
5809 2
5810 3
5811 3
5812 3
5813 1
5814 3
5815 2
5816 1
5817 3
5818 3
5819 1
5820 0
5821 1
5822 1
5823 3
5824 1
5825 0
5826 0
5827 1
5828 3
5829 2
5830 3
5831 3
5832 3
5833 1
5834 1
5835 3
5836 3
5837 3
5838 5
5839 1
5840 1
5841 1
5842 5
5843 3
5844 1
5845 3
5846 3
5847 3
5848 2
5849 3
5850 3
5851 1
5852 1
5853 0
5854 0
5855 3
5856 1
5857 1
5858 3
5859 3
5860 3
5861 3
5862 1
5863 1
5864 1
5865 1
5866 1
5867 1
5868 1
5869 1
5870 3
5871 3
5872 3
5873 0
5874 1
5875 3
5876 3
5877 3
5878 3
5879 1
5880 3
5881 3
5882 5
5883 2
5884 1
5885 1
5886 0
5887 1
5888 3
5889 2
5890 3
5891 1
5892 3
5893 3
5894 1
5895 1
5896 3
5897 3
5898 3
5899 3
5900 3
5901 3
5902 2
5903 3
5904 3
5905 1
5906 1
5907 1
5908 0
5909 1
5910 2
5911 1
5912 1
5913 1
5914 1
5915 1
5916 1
5917 1
5918 1
5919 3
5920 3
5921 3
5922 3
5923 3
5924 3
5925 3
5926 3
5927 1
5928 2
5929 3
5930 3
5931 1
5932 3
5933 3
5934 3
5935 1
5936 0
5937 3
5938 3
5939 1
5940 3
5941 1
5942 0
5943 1
5944 3
5945 1
5946 3
5947 1
5948 3
5949 1
5950 1
5951 1
5952 1
5953 1
5954 1
5955 1
5956 1
5957 1
5958 1
5959 3
5960 3
5961 1
5962 3
5963 3
5964 1
5965 1
5966 1
5967 1
5968 1
5969 1
5970 3
5971 1
5972 1
5973 3
5974 3
5975 3
5976 3
5977 3
5978 1
5979 1
5980 3
5981 3
5982 3
5983 1
5984 1
5985 1
5986 3
5987 3
5988 3
5989 3
5990 1
5991 0
5992 2
5993 5
5994 3
5995 3
5996 3
5997 3
5998 1
5999 1
6000 1
6001 1
6002 2
6003 1
6004 1
6005 3
6006 1
6007 3
6008 3
6009 1
6010 1
6011 1
6012 3
6013 5
6014 3
6015 1
6016 2
6017 3
6018 3
6019 3
6020 5
6021 3
6022 2
6023 1
6024 3
6025 1
6026 1
6027 1
6028 1
6029 1
6030 3
6031 3
6032 2
6033 3
6034 1
6035 1
6036 3
6037 3
6038 3
6039 3
6040 3
6041 3
6042 0
6043 1
6044 1
6045 1
6046 1
6047 1
6048 1
6049 1
6050 1
6051 3
6052 1
6053 1
6054 3
6055 3
6056 3
6057 3
6058 3
6059 3
6060 1
6061 1
6062 1
6063 3
6064 1
6065 1
6066 3
6067 1
6068 1
6069 1
6070 1
6071 1
6072 1
6073 1
6074 1
6075 1
6076 1
6077 2
6078 5
6079 1
6080 3
6081 2
6082 3
6083 3
6084 3
6085 3
6086 3
6087 3
6088 3
6089 3
6090 3
6091 3
6092 3
6093 3
6094 3
6095 3
6096 3
6097 3
6098 3
6099 3
6100 0
6101 1
6102 3
6103 1
6104 3
6105 5
6106 3
6107 5
6108 5
6109 3
6110 0
6111 5
6112 3
6113 3
6114 3
6115 0
6116 1
6117 0
6118 0
6119 0
6120 0
6121 3
6122 0
6123 2
6124 3
6125 0
6126 0
6127 0
6128 0
6129 0
6130 0
6131 2
6132 0
6133 0
6134 0
6135 0
6136 0
6137 0
6138 0
6139 0
6140 1
6141 1
6142 0
6143 0
6144 0
6145 0
6146 0
6147 0
6148 0
6149 0
6150 0
6151 0
6152 0
6153 3
6154 0
6155 0
6156 3
6157 2
6158 1
6159 2
6160 3
6161 3
6162 3
6163 5
6164 3
6165 1
6166 3
6167 3
6168 3
6169 0
6170 1
6171 1
6172 3
6173 2
6174 5
6175 1
6176 1
6177 3
6178 1
6179 1
6180 1
6181 1
6182 1
6183 1
6184 1
6185 1
6186 1
6187 1
6188 1
6189 5
6190 3
6191 3
6192 3
6193 3
6194 1
6195 3
6196 3
6197 5
6198 1
6199 3
6200 1
6201 1
6202 3
6203 3
6204 3
6205 1
6206 3
6207 1
6208 3
6209 3
6210 2
6211 1
6212 3
6213 1
6214 2
6215 0
6216 3
6217 2
6218 1
6219 3
6220 5
6221 2
6222 3
6223 1
6224 0
6225 3
6226 3
6227 5
6228 3
6229 3
6230 3
6231 2
6232 2
6233 3
6234 3
6235 3
6236 3
6237 3
6238 5
6239 1
6240 3
6241 3
6242 3
6243 0
6244 3
6245 3
6246 5
6247 1
6248 3
6249 3
6250 3
6251 1
6252 1
6253 1
6254 3
6255 2
6256 3
6257 3
6258 0
6259 3
6260 3
6261 1
6262 3
6263 3
6264 3
6265 3
6266 3
6267 3
6268 3
6269 1
6270 3
6271 1
6272 3
6273 3
6274 3
6275 3
6276 3
6277 3
6278 3
6279 3
6280 3
6281 3
6282 1
6283 3
6284 1
6285 3
6286 0
6287 1
6288 1
6289 2
6290 1
6291 1
6292 1
6293 1
6294 1
6295 3
6296 3
6297 3
6298 2
6299 1
6300 3
6301 3
6302 2
6303 5
6304 2
6305 2
6306 1
6307 1
6308 3
6309 3
6310 5
6311 2
6312 3
6313 1
6314 1
6315 3
6316 3
6317 3
6318 3
6319 3
6320 1
6321 3
6322 1
6323 3
6324 2
6325 1
6326 1
6327 3
6328 0
6329 3
6330 3
6331 3
6332 3
6333 2
6334 3
6335 2
6336 1
6337 0
6338 0
6339 5
6340 3
6341 2
6342 0
6343 0
6344 0
6345 5
6346 3
6347 0
6348 1
6349 1
6350 1
6351 3
6352 1
6353 1
6354 5
6355 1
6356 3
6357 1
6358 1
6359 3
6360 1
6361 0
6362 0
6363 3
6364 1
6365 1
6366 1
6367 3
6368 1
6369 1
6370 1
6371 1
6372 1
6373 3
6374 1
6375 1
6376 1
6377 1
6378 1
6379 1
6380 1
6381 1
6382 2
6383 2
6384 3
6385 3
6386 0
6387 5
6388 2
6389 1
6390 1
6391 1
6392 1
6393 1
6394 1
6395 1
6396 1
6397 1
6398 1
6399 1
6400 3
6401 1
6402 3
6403 1
6404 3
6405 1
6406 1
6407 0
6408 1
6409 1
6410 1
6411 0
6412 1
6413 1
6414 1
6415 3
6416 1
6417 1
6418 1
6419 3
6420 1
6421 1
6422 1
6423 1
6424 1
6425 1
6426 1
6427 1
6428 1
6429 1
6430 1
6431 1
6432 1
6433 1
6434 1
6435 1
6436 1
6437 1
6438 1
6439 1
6440 1
6441 1
6442 1
6443 1
6444 3
6445 1
6446 1
6447 1
6448 1
6449 3
6450 1
6451 1
6452 2
6453 1
6454 1
6455 1
6456 1
6457 1
6458 1
6459 1
6460 1
6461 1
6462 1
6463 1
6464 1
6465 1
6466 1
6467 1
6468 1
6469 1
6470 1
6471 2
6472 1
6473 3
6474 1
6475 1
6476 1
6477 1
6478 1
6479 1
6480 1
6481 1
6482 3
6483 3
6484 3
6485 3
6486 2
6487 1
6488 5
6489 1
6490 1
6491 1
6492 1
6493 1
6494 1
6495 3
6496 3
6497 0
6498 0
6499 3
6500 3
6501 3
6502 0
6503 1
6504 3
6505 3
6506 3
6507 3
6508 3
6509 3
6510 1
6511 1
6512 1
6513 3
6514 3
6515 2
6516 3
6517 3
6518 3
6519 2
6520 3
6521 3
6522 3
6523 1
6524 1
6525 0
6526 0
6527 3
6528 0
6529 0
6530 0
6531 0
6532 1
6533 3
6534 3
6535 5
6536 1
6537 2
6538 3
6539 5
6540 5
6541 0
6542 0
6543 3
6544 0
6545 0
6546 0
6547 0
6548 1
6549 3
6550 1
6551 1
6552 5
6553 5
6554 5
6555 0
6556 0
6557 1
6558 5
6559 5
6560 3
6561 1
6562 5
6563 5
6564 1
6565 1
6566 0
6567 1
6568 0
6569 0
6570 1
6571 1
6572 3
6573 1
6574 1
6575 1
6576 1
6577 1
6578 1
6579 1
6580 1
6581 1
6582 1
6583 0
6584 3
6585 3
6586 3
6587 3
6588 0
6589 3
6590 3
6591 3
6592 1
6593 3
6594 3
6595 3
6596 1
6597 1
6598 1
6599 0
6600 0
6601 3
6602 3
6603 3
6604 3
6605 3
6606 3
6607 3
6608 3
6609 3
6610 2
6611 3
6612 3
6613 3
6614 3
6615 3
6616 3
6617 3
6618 3
6619 3
6620 1
6621 5
6622 3
6623 1
6624 3
6625 1
6626 1
6627 3
6628 3
6629 3
6630 1
6631 1
6632 1
6633 3
6634 3
6635 2
6636 3
6637 0
6638 3
6639 3
6640 3
6641 3
6642 3
6643 3
6644 3
6645 3
6646 1
6647 5
6648 3
6649 3
6650 1
6651 0
6652 3
6653 3
6654 0
6655 1
6656 3
6657 0
6658 1
6659 0
6660 3
6661 3
6662 3
6663 2
6664 1
6665 3
6666 1
6667 3
6668 0
6669 1
6670 1
6671 1
6672 2
6673 1
6674 1
6675 0
6676 3
6677 3
6678 0
6679 0
6680 0
6681 0
6682 1
6683 2
6684 1
6685 1
6686 0
6687 1
6688 1
6689 1
6690 7
6691 7
6692 1
6693 2
6694 2
6695 7
6696 7
6697 7
6698 7
6699 3
6700 7
6701 7
6702 5
6703 1
6704 1
6705 3
6706 0
6707 0
6708 0
6709 2
6710 1
6711 1
6712 3
6713 1
6714 1
6715 1
6716 1
6717 3
6718 3
6719 1
6720 1
6721 2
6722 1
6723 1
6724 1
6725 1
6726 1
6727 1
6728 1
6729 1
6730 1
6731 1
6732 0
6733 0
6734 1
6735 3
6736 1
6737 5
6738 0
6739 1
6740 1
6741 1
6742 1
6743 2
6744 1
6745 1
6746 1
6747 0
6748 1
6749 1
6750 1
6751 5
6752 1
6753 1
6754 0
6755 0
6756 0
6757 2
6758 1
6759 1
6760 1
6761 1
6762 3
6763 3
6764 1
6765 1
6766 3
6767 1
6768 5
6769 0
6770 1
6771 5
6772 1
6773 1
6774 2
6775 5
6776 1
6777 1
6778 2
6779 3
6780 1
6781 1
6782 5
6783 3
6784 1
6785 1
6786 1
6787 1
6788 1
6789 0
6790 1
6791 0
6792 1
6793 1
6794 1
6795 5
6796 5
6797 5
6798 5
6799 0
6800 1
6801 0
6802 1
6803 3
6804 1
6805 1
6806 3
6807 3
6808 3
6809 0
6810 0
6811 3
6812 3
6813 1
6814 1
6815 1
6816 1
6817 3
6818 3
6819 1
6820 0
6821 3
6822 0
6823 0
6824 2
6825 2
6826 1
6827 2
6828 1
6829 3
6830 3
6831 3
6832 3
6833 3
6834 2
6835 5
6836 1
6837 1
6838 1
6839 1
6840 1
6841 1
6842 1
6843 1
6844 1
6845 1
6846 1
6847 1
6848 1
6849 1
6850 1
6851 1
6852 1
6853 1
6854 1
6855 3
6856 1
6857 2
6858 2
6859 5
6860 3
6861 1
6862 0
6863 2
6864 1
6865 1
6866 2
6867 1
6868 3
6869 2
6870 2
6871 2
6872 3
6873 2
6874 2
6875 2
6876 1
6877 2
6878 0
6879 3
6880 2
6881 2
6882 2
6883 1
6884 3
6885 1
6886 1
6887 1
6888 2
6889 0
6890 3
6891 5
6892 3
6893 3
6894 1
6895 1
6896 1
6897 1
6898 1
6899 3
6900 1
6901 1
6902 1
6903 1
6904 1
6905 1
6906 1
6907 1
6908 1
6909 1
6910 1
6911 1
6912 1
6913 1
6914 1
6915 1
6916 1
6917 1
6918 1
6919 1
6920 1
6921 1
6922 1
6923 3
6924 1
6925 1
6926 3
6927 1
6928 1
6929 1
6930 1
6931 1
6932 1
6933 1
6934 5
6935 1
6936 1
6937 3
6938 3
6939 3
6940 3
6941 3
6942 3
6943 3
6944 3
6945 1
6946 1
6947 1
6948 3
6949 1
6950 0
6951 0
6952 3
6953 2
6954 0
6955 2
6956 3
6957 3
6958 0
6959 3
6960 0
6961 0
6962 0
6963 0
6964 0
6965 0
6966 3
6967 3
6968 5
6969 3
6970 2
6971 3
6972 2
6973 2
6974 8
6975 8
6976 1
6977 3
6978 3
6979 1
6980 1
6981 3
6982 9
6983 3
6984 3
6985 3
6986 1
6987 0
6988 0
6989 0
6990 1
6991 3
6992 3
6993 3
6994 3
6995 3
6996 1
6997 1
6998 1
6999 1
7000 3
7001 3
7002 3
7003 0
7004 1
7005 3
7006 0
7007 5
7008 3
7009 3
7010 3
7011 0
7012 0
7013 0
7014 1
7015 1
7016 1
7017 0
7018 0
7019 1
7020 1
7021 1
7022 0
7023 3
7024 1
7025 3
7026 3
7027 0
7028 3
7029 3
7030 3
7031 3
7032 3
7033 3
7034 3
7035 1
7036 2
7037 2
7038 2
7039 2
7040 2
7041 2
7042 2
7043 2
7044 2
7045 2
7046 2
7047 2
7048 0
7049 2
7050 2
7051 2
7052 3
7053 2
7054 3
7055 1
7056 0
7057 0
7058 3
7059 3
7060 3
7061 3
7062 1
7063 3
7064 3
7065 0
7066 3
7067 5
7068 3
7069 3
7070 1
7071 3
7072 3
7073 3
7074 3
7075 3
7076 3
7077 3
7078 3
7079 0
7080 3
7081 3
7082 9
7083 2
7084 3
7085 3
7086 3
7087 3
7088 3
7089 3
7090 2
7091 3
7092 3
7093 3
7094 1
7095 9
7096 2
7097 2
7098 2
7099 2
7100 2
7101 5
7102 1
7103 0
7104 3
7105 3
7106 3
7107 1
7108 1
7109 3
7110 3
7111 0
7112 3
7113 1
7114 1
7115 1
7116 3
7117 3
7118 0
7119 1
7120 1
7121 1
7122 1
7123 1
7124 1
7125 1
7126 1
7127 1
7128 1
7129 1
7130 1
7131 0
7132 0
7133 1
7134 1
7135 1
7136 1
7137 3
7138 1
7139 1
7140 1
7141 1
7142 1
7143 1
7144 1
7145 1
7146 1
7147 1
7148 1
7149 1
7150 1
7151 1
7152 1
7153 0
7154 3
7155 3
7156 1
7157 1
7158 1
7159 3
7160 3
7161 3
7162 3
7163 3
7164 1
7165 1
7166 2
7167 2
7168 2
7169 1
7170 3
7171 3
7172 3
7173 0
7174 0
7175 3
7176 1
7177 0
7178 1
7179 1
7180 1
7181 1
7182 1
7183 1
7184 1
7185 1
7186 2
7187 2
7188 2
7189 2
7190 2
7191 2
7192 2
7193 2
7194 2
7195 2
7196 2
7197 2
7198 3
7199 2
7200 2
7201 2
7202 2
7203 2
7204 2
7205 2
7206 2
7207 2
7208 2
7209 2
7210 3
7211 2
7212 2
7213 2
7214 2
7215 1
7216 2
7217 2
7218 2
7219 2
7220 2
7221 0
7222 1
7223 1
7224 1
7225 3
7226 3
7227 0
7228 3
7229 0
7230 3
7231 3
7232 3
7233 3
7234 3
7235 3
7236 3
7237 3
7238 0
7239 1
7240 3
7241 3
7242 0
7243 1
7244 3
7245 3
7246 3
7247 3
7248 3
7249 3
7250 0
7251 10
7252 3
7253 1
7254 3
7255 3
7256 0
7257 0
7258 0
7259 0
7260 3
7261 3
7262 3
7263 3
7264 3
7265 3
7266 3
7267 3
7268 3
7269 3
7270 3
7271 3
7272 5
7273 3
7274 3
7275 1
7276 1
7277 3
7278 3
7279 3
7280 3
7281 0
7282 0
7283 1
7284 1
7285 1
7286 1
7287 1
7288 1
7289 1
7290 3
7291 1
7292 1
7293 0
7294 0
7295 0
7296 1
7297 1
7298 1
7299 3
7300 1
7301 1
7302 1
7303 1
7304 1
7305 1
7306 1
7307 1
7308 1
7309 1
7310 1
7311 1
7312 1
7313 3
7314 1
7315 1
7316 1
7317 1
7318 1
7319 3
7320 0
7321 0
7322 0
7323 0
7324 0
7325 0
7326 0
7327 1
7328 5
7329 3
7330 1
7331 1
7332 0
7333 1
7334 1
7335 0
7336 0
7337 0
7338 1
7339 1
7340 1
7341 1
7342 1
7343 1
7344 1
7345 1
7346 5
7347 5
7348 5
7349 1
7350 1
7351 1
7352 1
7353 1
7354 1
7355 1
7356 1
7357 0
7358 0
7359 1
7360 1
7361 1
7362 1
7363 1
7364 0
7365 2
7366 5
7367 5
7368 5
7369 1
7370 1
7371 1
7372 1
7373 1
7374 1
7375 1
7376 1
7377 1
7378 1
7379 1
7380 1
7381 1
7382 1
7383 1
7384 1
7385 1
7386 1
7387 1
7388 1
7389 1
7390 1
7391 1
7392 1
7393 1
7394 1
7395 1
7396 1
7397 1
7398 1
7399 1
7400 1
7401 1
7402 1
7403 1
7404 1
7405 1
7406 1
7407 1
7408 1
7409 1
7410 3
7411 0
7412 3
7413 1
7414 1
7415 1
7416 1
7417 0
7418 3
7419 3
7420 1
7421 1
7422 3
7423 3
7424 3
7425 0
7426 3
7427 3
7428 3
7429 3
7430 0
7431 0
7432 0
7433 1
7434 1
7435 1
7436 3
7437 3
7438 3
7439 3
7440 3
7441 3
7442 3
7443 3
7444 0
7445 0
7446 3
7447 1
7448 3
7449 0
7450 0
7451 1
7452 0
7453 0
7454 1
7455 1
7456 0
7457 1
7458 3
7459 3
7460 3
7461 1
7462 1
7463 1
7464 1
7465 0
7466 0
7467 0
7468 1
7469 0
7470 0
7471 0
7472 0
7473 3
7474 3
7475 3
7476 3
7477 3
7478 3
7479 3
7480 3
7481 3
7482 3
7483 3
7484 3
7485 3
7486 1
7487 3
7488 0
7489 3
7490 3
7491 0
7492 0
7493 0
7494 0
7495 0
7496 0
7497 0
7498 3
7499 0
7500 0
7501 0
7502 0
7503 1
7504 1
7505 1
7506 1
7507 1
7508 1
7509 1
7510 1
7511 1
7512 1
7513 3
7514 0
7515 0
7516 5
7517 1
7518 5
7519 1
7520 5
7521 0
7522 0
7523 3
7524 0
7525 3
7526 3
7527 3
7528 0
7529 1
7530 1
7531 1
7532 3
7533 3
7534 5
7535 5
7536 5
7537 0
7538 5
7539 5
7540 5
7541 5
7542 3
7543 5
7544 5
7545 0
7546 0
7547 5
7548 5
7549 3
7550 1
7551 1
7552 1
7553 1
7554 1
7555 1
7556 1
7557 1
7558 1
7559 1
7560 1
7561 1
7562 1
7563 1
7564 1
7565 1
7566 1
7567 1
7568 1
7569 1
7570 1
7571 1
7572 1
7573 1
7574 1
7575 1
7576 1
7577 1
7578 1
7579 1
7580 0
7581 0
7582 0
7583 0
7584 3
7585 0
7586 3
7587 3
7588 3
7589 3
7590 0
7591 0
7592 0
7593 0
7594 0
7595 1
7596 5
7597 3
7598 1
7599 3
7600 0
7601 0
7602 5
7603 0
7604 0
7605 0
7606 1
7607 1
7608 1
7609 1
7610 1
7611 1
7612 1
7613 3
7614 5
7615 0
7616 3
7617 0
7618 0
7619 0
7620 0
7621 0
7622 0
7623 3
7624 3
7625 3
7626 0
7627 3
7628 3
7629 3
7630 3
7631 3
7632 3
7633 1
7634 1
7635 1
7636 3
7637 3
7638 1
7639 3
7640 3
7641 3
7642 3
7643 1
7644 0
7645 3
7646 3
7647 3
7648 3
7649 3
7650 3
7651 3
7652 3
7653 3
7654 3
7655 3
7656 3
7657 3
7658 3
7659 3
7660 3
7661 3
7662 3
7663 3
7664 3
7665 3
7666 3
7667 3
7668 3
7669 3
7670 3
7671 3
7672 3
7673 3
7674 3
7675 3
7676 3
7677 3
7678 3
7679 3
7680 3
7681 3
7682 3
7683 3
7684 3
7685 3
7686 3
7687 3
7688 3
7689 3
7690 3
7691 3
7692 3
7693 3
7694 0
7695 0
7696 3
7697 1
7698 1
7699 0
7700 0
7701 1
7702 0
7703 0
7704 1
7705 1
7706 1
7707 1
7708 1
7709 0
7710 0
7711 0
7712 0
7713 3
7714 0
7715 1
7716 1
7717 1
7718 0
7719 0
7720 0
7721 3
7722 1
7723 1
7724 1
7725 1
7726 1
7727 1
7728 1
7729 1
7730 1
7731 1
7732 1
7733 0
7734 1
7735 0
7736 1
7737 0
7738 1
7739 1
7740 1
7741 5
7742 3
7743 3
7744 3
7745 3
7746 1
7747 0
7748 0
7749 1
7750 1
7751 1
7752 1
7753 5
7754 3
7755 3
7756 3
7757 1
7758 1
7759 5
7760 3
7761 5
7762 0
7763 2
7764 2
7765 2
7766 2
7767 2
7768 2
7769 2
7770 0
7771 0
7772 0
7773 0
7774 10
7775 10
7776 10
7777 1
7778 1
7779 1
7780 1
7781 1
7782 1
7783 3
7784 1
7785 1
7786 3
7787 3
7788 3
7789 3
7790 0
7791 9
7792 9
7793 9
7794 9
7795 1
7796 9
7797 9
7798 0
7799 0
7800 1
7801 3
7802 3
7803 1
7804 3
7805 0
7806 3
7807 3
7808 3
7809 3
7810 3
7811 3
7812 3
7813 0
7814 0
7815 5
7816 0
7817 0
7818 0
7819 0
7820 0
7821 0
7822 0
7823 0
7824 0
7825 3
7826 3
7827 0
7828 1
7829 1
7830 1
7831 0
7832 0
7833 0
7834 0
7835 0
7836 1
7837 1
7838 1
7839 0
7840 0
7841 0
7842 5
7843 5
7844 5
7845 5
7846 5
7847 5
7848 3
7849 1
7850 3
7851 1
7852 1
7853 2
7854 1
7855 0
7856 3
7857 1
7858 1
7859 1
7860 1
7861 0
7862 2
7863 2
7864 2
7865 2
7866 2
7867 2
7868 2
7869 5
7870 3
7871 3
7872 0
7873 0
7874 0
7875 0
7876 0
7877 0
7878 0
7879 0
7880 0
7881 0
7882 0
7883 0
7884 0
7885 1
7886 1
7887 0
7888 0
7889 5
7890 5
7891 2
7892 1
7893 1
7894 1
7895 0
7896 1
7897 1
7898 1
7899 1
7900 0
7901 0
7902 0
7903 0
7904 0
7905 1
7906 0
7907 0
7908 0
7909 1
7910 1
7911 1
7912 0
7913 0
7914 1
7915 3
7916 0
7917 0
7918 1
7919 3
7920 3
7921 1
7922 3
7923 1
7924 1
7925 1
7926 1
7927 1
7928 1
7929 1
7930 1
7931 1
7932 3
7933 3
7934 3
7935 3
7936 5
7937 5
7938 0
7939 0
7940 0
7941 0
7942 0
7943 0
0 5
1 0
2 0
3 1
4 0
5 4
6 2
7 3
8 0
9 0
10 0
0 0
1 1
2 2
3 3
4 4
5 5
1e-06 0.130525 100
