0 1
1 1
2 3
3 1
4 1
5 1
6 1
7 1
8 1
9 1
10 1
11 1
12 1
13 1
14 1
15 1
16 1
17 1
18 1
19 1
20 1
21 1
22 1
23 1
24 1
25 1
26 1
27 1
28 1
29 0
30 1
31 1
32 1
33 1
34 1
35 1
36 1
37 1
38 1
39 1
40 1
41 1
42 0
43 1
44 1
45 1
46 1
47 1
48 1
49 1
50 0
51 1
52 0
53 1
54 0
55 0
56 1
57 1
58 1
59 1
60 1
61 1
62 1
63 1
64 2
65 1
66 0
67 1
68 1
69 1
70 1
71 1
72 1
73 1
74 1
75 0
76 1
77 1
78 3
79 1
80 3
81 1
82 1
83 1
84 1
85 1
86 1
87 1
88 1
89 1
90 1
91 1
92 1
93 1
94 1
95 1
96 1
97 1
98 2
99 1
100 1
101 3
102 1
103 1
104 1
105 1
106 3
107 1
108 1
109 1
110 3
111 1
112 1
113 1
114 1
115 1
116 1
117 1
118 1
119 3
120 1
121 1
122 1
123 1
124 1
125 1
126 1
127 3
128 1
129 3
130 1
131 1
132 1
133 1
134 1
135 1
136 1
137 1
138 1
139 1
140 1
141 1
142 1
143 3
144 0
145 1
146 1
147 3
148 0
149 0
150 0
151 3
152 3
153 0
154 1
155 3
156 0
157 1
158 0
159 1
160 3
161 0
162 1
163 1
164 3
165 3
166 0
167 0
168 3
169 0
170 0
171 3
172 1
173 1
174 1
175 3
176 3
177 1
178 3
179 3
180 0
181 0
182 0
183 3
184 0
185 1
186 0
187 3
188 3
189 0
190 1
191 3
192 0
193 3
194 3
195 0
196 0
197 0
198 1
199 0
200 0
201 0
202 3
203 2
204 0
205 0
206 0
207 3
208 1
209 3
210 0
211 0
212 0
213 0
214 3
215 1
216 1
217 3
218 1
219 3
220 1
221 0
222 3
223 3
224 0
225 0
226 0
227 3
228 3
229 3
230 0
231 1
232 1
233 3
234 1
235 0
236 3
237 3
238 3
239 0
240 2
241 3
242 3
243 3
244 3
245 1
246 3
247 1
248 3
249 0
250 1
251 3
252 0
253 3
254 3
255 0
256 0
257 1
258 1
259 3
260 3
261 0
262 0
263 1
264 3
265 0
266 1
267 0
268 3
269 0
270 0
271 1
272 0
273 0
274 3
275 1
276 1
277 0
278 1
279 1
280 1
281 3
282 1
283 3
284 3
285 3
286 1
287 3
288 3
289 3
290 1
291 1
292 1
293 1
294 1
295 1
296 3
297 3
298 1
299 3
300 1
301 3
302 3
303 1
304 1
305 3
306 1
307 0
308 1
309 3
310 1
311 1
312 1
313 1
314 3
315 1
316 1
317 3
318 3
319 1
320 1
321 1
322 3
323 3
324 1
325 3
326 1
327 1
328 0
329 1
330 1
331 1
332 3
333 1
334 3
335 3
336 3
337 3
338 3
339 1
340 3
341 0
342 3
343 0
344 1
345 1
346 0
347 3
348 1
349 1
350 1
351 1
352 3
353 3
354 3
355 3
356 3
357 1
358 3
359 0
360 0
361 3
362 1
363 0
364 3
365 1
366 3
367 1
368 3
369 3
370 3
371 3
372 3
373 1
374 1
375 3
376 3
377 1
378 3
379 1
380 3
381 3
382 3
383 1
384 3
385 3
386 1
387 3
388 3
389 3
390 3
391 3
392 1
393 0
394 3
395 3
396 0
397 1
398 1
399 3
400 3
401 1
402 3
403 3
404 3
405 1
406 1
407 3
408 3
409 3
410 1
411 3
412 1
413 2
414 0
415 1
416 3
417 1
418 1
419 1
420 3
421 0
422 3
423 1
424 1
425 1
426 1
427 1
428 1
429 1
430 1
431 1
432 1
433 1
434 1
435 3
436 3
437 3
438 0
439 1
440 3
441 3
442 0
443 3
444 3
445 3
446 3
447 3
448 3
449 3
450 3
451 0
452 0
453 3
454 3
455 3
456 3
457 3
458 3
459 3
460 3
461 3
462 3
463 3
464 3
465 3
466 0
467 3
468 0
469 3
470 8
471 3
472 3
473 3
474 3
475 3
476 3
477 3
478 3
479 3
480 3
481 1
482 3
483 3
484 3
485 0
486 0
487 3
488 3
489 3
490 3
491 3
492 3
493 3
494 3
495 0
496 3
497 3
498 3
499 3
500 0
501 0
502 0
503 3
504 3
505 3
506 3
507 3
508 0
509 1
510 3
511 3
512 3
513 3
514 3
515 3
516 3
517 3
518 3
519 2
520 3
521 3
522 3
523 0
524 3
525 3
526 3
527 3
528 0
529 3
530 3
531 3
532 3
533 3
534 3
535 3
536 3
537 3
538 3
539 3
540 3
541 0
542 3
543 3
544 3
545 3
546 3
547 3
548 3
549 3
550 3
551 0
552 0
553 3
554 3
555 0
556 1
557 6
558 3
559 0
560 0
561 3
562 3
563 3
564 3
565 1
566 3
567 2
568 1
569 1
570 1
571 1
572 1
573 1
574 1
575 1
576 1
577 1
578 1
579 1
580 1
581 1
582 1
583 1
584 1
585 1
586 1
587 1
588 1
589 1
590 3
591 1
592 1
593 1
594 1
595 1
596 1
597 1
598 1
599 3
600 1
601 1
602 1
603 1
604 3
605 3
606 3
607 1
608 1
609 1
610 1
611 1
612 1
613 1
614 3
615 1
616 1
617 1
618 1
619 0
620 3
621 1
622 1
623 2
624 1
625 1
626 1
627 1
628 0
629 1
630 1
631 3
632 1
633 1
634 1
635 1
636 3
637 1
638 1
639 1
640 1
641 1
642 1
643 1
644 1
645 2
646 2
647 1
648 1
649 1
650 1
651 1
652 1
653 1
654 1
655 1
656 3
657 1
658 1
659 1
660 1
661 1
662 1
663 1
664 1
665 1
666 1
667 1
668 1
669 1
670 1
671 1
672 1
673 1
674 1
675 1
676 1
677 1
678 1
679 1
680 1
681 3
682 1
683 2
684 1
685 1
686 1
687 1
688 1
689 1
690 1
691 1
692 1
693 1
694 1
695 1
696 1
697 3
698 1
699 1
700 2
701 1
702 1
703 1
704 1
705 1
706 1
707 1
708 1
709 1
710 1
711 2
712 1
713 1
714 0
715 1
716 1
717 1
718 1
719 1
720 1
721 1
722 1
723 1
724 1
725 0
726 2
727 1
728 1
729 1
730 1
731 1
732 1
733 1
734 1
735 1
736 0
737 1
738 1
739 1
740 1
741 1
742 1
743 1
744 1
745 1
746 2
747 1
748 1
749 1
750 1
751 1
752 1
753 1
754 1
755 1
756 1
757 1
758 1
759 1
760 1
761 1
762 1
763 1
764 1
765 1
766 1
767 1
768 1
769 1
770 1
771 1
772 2
773 1
774 1
775 1
776 1
777 1
778 1
779 1
780 1
781 0
782 0
783 0
784 0
785 0
786 0
787 0
788 0
789 0
790 0
791 0
792 0
793 0
794 0
795 0
796 0
797 0
798 0
799 0
800 0
801 0
802 0
803 0
804 1
805 3
806 1
807 1
808 1
809 1
810 3
811 1
812 1
813 1
814 1
815 1
816 1
817 1
818 1
819 1
820 1
821 1
822 1
823 1
824 1
825 1
826 1
827 1
828 3
829 1
830 1
831 1
832 1
833 1
834 1
835 1
836 1
837 3
838 2
839 1
840 0
841 1
842 1
843 1
844 0
845 1
846 1
847 1
848 1
849 1
850 1
851 1
852 1
853 3
854 1
855 1
856 1
857 1
858 1
859 1
860 1
861 1
862 1
863 1
864 1
865 1
866 1
867 1
868 1
869 1
870 1
871 1
872 2
873 1
874 1
875 1
876 1
877 1
878 1
879 1
880 1
881 1
882 1
883 1
884 0
885 1
886 1
887 3
888 1
889 1
890 1
891 1
892 1
893 1
894 1
895 1
896 1
897 1
898 1
899 1
900 1
901 1
902 1
903 1
904 1
905 1
906 2
907 1
908 1
909 1
910 1
911 0
912 1
913 1
914 1
915 1
916 1
917 3
918 1
919 1
920 1
921 1
922 1
923 1
924 1
925 1
926 1
927 1
928 1
929 1
930 0
931 1
932 1
933 1
934 1
935 1
936 2
937 1
938 1
939 0
940 0
941 0
942 0
943 1
944 1
945 1
946 1
947 1
948 1
949 1
950 1
951 1
952 1
953 1
954 1
955 0
956 0
957 0
958 0
959 0
960 1
961 1
962 1
963 1
964 1
965 1
966 1
967 1
968 1
969 1
970 1
971 1
972 1
973 1
974 1
975 1
976 1
977 2
978 1
979 1
980 1
981 1
982 1
983 1
984 1
985 2
986 1
987 0
988 1
989 1
990 1
991 1
992 1
993 1
994 1
995 1
996 1
997 0
998 1
999 0
1000 0
1001 1
1002 1
1003 1
1004 0
1005 1
1006 1
1007 1
1008 0
1009 1
1010 1
1011 1
1012 1
1013 1
1014 1
1015 1
1016 1
1017 0
1018 0
1019 1
1020 1
1021 1
1022 1
1023 1
1024 1
1025 1
1026 1
1027 1
1028 1
1029 1
1030 1
1031 1
1032 1
1033 0
1034 1
1035 1
1036 1
1037 1
1038 1
1039 1
1040 2
1041 1
1042 1
1043 1
1044 1
1045 1
1046 1
1047 1
1048 1
1049 1
1050 1
1051 1
1052 1
1053 1
1054 1
1055 1
1056 1
1057 1
1058 1
1059 1
1060 1
1061 1
1062 3
1063 1
1064 3
1065 1
1066 0
1067 0
1068 3
1069 3
1070 3
1071 1
1072 3
1073 0
1074 1
1075 1
1076 3
1077 1
1078 3
1079 3
1080 3
1081 1
1082 3
1083 3
1084 3
1085 3
1086 1
1087 1
1088 1
1089 1
1090 3
1091 3
1092 1
1093 1
1094 3
1095 3
1096 3
1097 3
1098 1
1099 3
1100 1
1101 1
1102 0
1103 3
1104 3
1105 1
1106 3
1107 3
1108 1
1109 1
1110 1
1111 1
1112 1
1113 3
1114 1
1115 1
1116 1
1117 1
1118 3
1119 1
1120 1
1121 1
1122 3
1123 3
1124 3
1125 1
1126 3
1127 3
1128 3
1129 3
1130 3
1131 1
1132 0
1133 3
1134 1
1135 0
1136 3
1137 1
1138 3
1139 3
1140 3
1141 1
1142 1
1143 3
1144 3
1145 3
1146 3
1147 3
1148 3
1149 3
1150 0
1151 3
1152 3
1153 3
1154 1
1155 3
1156 0
1157 3
1158 1
1159 1
1160 3
1161 3
1162 1
1163 1
1164 3
1165 3
1166 3
1167 3
1168 3
1169 3
1170 3
1171 1
1172 3
1173 0
1174 1
1175 0
1176 1
1177 3
1178 1
1179 0
1180 1
1181 3
1182 3
1183 1
1184 1
1185 3
1186 1
1187 0
1188 1
1189 0
1190 0
1191 1
1192 1
1193 3
1194 3
1195 3
1196 1
1197 1
1198 3
1199 3
1200 1
1201 3
1202 1
1203 1
1204 3
1205 3
1206 3
1207 3
1208 1
1209 3
1210 3
1211 3
1212 3
1213 0
1214 0
1215 3
1216 1
1217 3
1218 1
1219 1
1220 1
1221 1
1222 1
1223 3
1224 3
1225 3
1226 3
1227 1
1228 3
1229 1
1230 3
1231 1
1232 3
1233 3
1234 3
1235 1
1236 1
1237 3
1238 3
1239 3
1240 3
1241 3
1242 3
1243 4
1244 3
1245 3
1246 0
1247 3
1248 1
1249 3
1250 3
1251 3
1252 1
1253 1
1254 1
1255 1
1256 3
1257 1
1258 1
1259 3
1260 3
1261 3
1262 3
1263 1
1264 1
1265 3
1266 1
1267 3
1268 3
1269 3
1270 1
1271 0
1272 3
1273 0
1274 1
1275 1
1276 3
1277 0
1278 0
1279 1
1280 3
1281 3
1282 3
1283 3
1284 0
1285 3
1286 0
1287 1
1288 3
1289 3
1290 1
1291 3
1292 1
1293 3
1294 3
1295 1
1296 3
1297 3
1298 1
1299 3
1300 1
1301 3
1302 3
1303 1
1304 1
1305 3
1306 3
1307 3
1308 3
1309 1
1310 3
1311 3
1312 0
1313 3
1314 1
1315 1
1316 0
1317 1
1318 3
1319 3
1320 3
1321 1
1322 1
1323 3
1324 3
1325 1
1326 3
1327 1
1328 3
1329 3
1330 0
1331 1
1332 1
1333 1
1334 3
1335 1
1336 3
1337 1
1338 0
1339 1
1340 3
1341 3
1342 1
1343 0
1344 3
1345 3
1346 3
1347 0
1348 1
1349 2
1350 1
1351 3
1352 1
1353 1
1354 3
1355 1
1356 3
1357 3
1358 3
1359 1
1360 0
1361 3
1362 3
1363 3
1364 3
1365 3
1366 1
1367 1
1368 3
1369 0
1370 1
1371 3
1372 0
1373 1
1374 1
1375 1
1376 3
1377 1
1378 3
1379 1
1380 3
1381 3
1382 3
1383 1
1384 1
1385 3
1386 1
1387 1
1388 1
1389 1
1390 3
1391 3
1392 1
1393 0
1394 0
1395 3
1396 3
1397 3
1398 3
1399 3
1400 3
1401 3
1402 3
1403 0
1404 1
1405 1
1406 3
1407 3
1408 3
1409 1
1410 3
1411 3
1412 3
1413 3
1414 1
1415 3
1416 3
1417 1
1418 1
1419 3
1420 3
1421 3
1422 3
1423 3
1424 3
1425 1
1426 3
1427 1
1428 1
1429 1
1430 3
1431 3
1432 3
1433 3
1434 3
1435 3
1436 3
1437 0
1438 1
1439 1
1440 3
1441 1
1442 3
1443 3
1444 1
1445 3
1446 1
1447 1
1448 1
1449 3
1450 1
1451 0
1452 1
1453 3
1454 3
1455 3
1456 1
1457 1
1458 3
1459 3
1460 3
1461 1
1462 3
1463 1
1464 3
1465 1
1466 1
1467 3
1468 3
1469 3
1470 0
1471 3
1472 1
1473 1
1474 3
1475 3
1476 3
1477 1
1478 3
1479 3
1480 3
1481 1
1482 0
1483 0
1484 3
1485 1
1486 0
1487 1
1488 1
1489 1
1490 1
1491 3
1492 1
1493 3
1494 1
1495 1
1496 3
1497 3
1498 3
1499 3
1500 0
1501 1
1502 3
1503 1
1504 3
1505 3
1506 1
1507 3
1508 3
1509 1
1510 1
1511 3
1512 3
1513 3
1514 1
1515 3
1516 1
1517 0
1518 1
1519 1
1520 3
1521 3
1522 3
1523 1
1524 3
1525 0
1526 3
1527 3
1528 3
1529 3
1530 3
1531 3
1532 1
1533 3
1534 1
1535 1
1536 0
1537 3
1538 1
1539 1
1540 3
1541 3
1542 3
1543 3
1544 3
1545 3
1546 3
1547 3
1548 0
1549 1
1550 1
1551 3
1552 3
1553 1
1554 3
1555 3
1556 3
1557 3
1558 3
1559 3
1560 3
1561 1
1562 3
1563 3
1564 3
1565 1
1566 3
1567 3
1568 1
1569 1
1570 3
1571 3
1572 3
1573 3
1574 3
1575 3
1576 3
1577 1
1578 3
1579 1
1580 3
1581 3
1582 1
1583 1
1584 3
1585 3
1586 1
1587 1
1588 3
1589 3
1590 3
1591 3
1592 3
1593 1
1594 3
1595 1
1596 1
1597 1
1598 1
1599 3
1600 0
1601 1
1602 1
1603 1
1604 1
1605 1
1606 3
1607 3
1608 0
1609 3
1610 3
1611 3
1612 3
1613 3
1614 1
1615 3
1616 3
1617 1
1618 3
1619 3
1620 3
1621 3
1622 3
1623 3
1624 3
1625 1
1626 3
1627 1
1628 3
1629 1
1630 1
1631 3
1632 1
1633 3
1634 1
1635 1
1636 1
1637 0
1638 3
1639 1
1640 3
1641 3
1642 3
1643 1
1644 1
1645 3
1646 1
1647 1
1648 3
1649 1
1650 3
1651 3
1652 1
1653 1
1654 0
1655 3
1656 3
1657 3
1658 1
1659 3
1660 3
1661 3
1662 3
1663 3
1664 3
1665 3
1666 1
1667 3
1668 3
1669 1
1670 3
1671 0
1672 3
1673 1
1674 3
1675 0
1676 1
1677 3
1678 0
1679 1
1680 1
1681 0
1682 0
1683 0
1684 3
1685 1
1686 3
1687 3
1688 3
1689 3
1690 3
1691 3
1692 3
1693 1
1694 3
1695 2
1696 3
1697 1
1698 3
1699 3
1700 3
1701 3
1702 3
1703 3
1704 3
1705 3
1706 1
1707 3
1708 0
1709 3
1710 0
1711 3
1712 2
1713 3
1714 3
1715 0
1716 3
1717 0
1718 2
1719 2
1720 2
1721 3
1722 0
1723 3
1724 1
1725 2
1726 3
1727 3
1728 1
1729 3
1730 1
1731 1
1732 1
1733 3
1734 3
1735 3
1736 3
1737 3
1738 3
1739 0
1740 2
1741 0
1742 3
1743 3
1744 1
1745 3
1746 1
1747 2
1748 3
1749 3
1750 3
1751 3
1752 0
1753 1
1754 3
1755 1
1756 1
1757 1
1758 1
1759 0
1760 3
1761 3
1762 1
1763 0
1764 3
1765 3
1766 1
1767 2
1768 3
1769 3
1770 3
1771 1
1772 3
1773 1
1774 3
1775 3
1776 1
1777 1
1778 0
1779 3
1780 3
1781 1
1782 3
1783 3
1784 3
1785 3
1786 3
1787 2
1788 1
1789 3
1790 3
1791 3
1792 0
1793 3
1794 1
1795 0
1796 3
1797 3
1798 3
1799 0
1800 2
1801 3
1802 3
1803 1
1804 3
1805 3
1806 3
1807 3
1808 3
1809 1
1810 3
1811 3
1812 3
1813 1
1814 3
1815 0
1816 1
1817 3
1818 1
1819 3
1820 3
1821 3
1822 0
1823 3
1824 3
1825 3
1826 3
1827 3
1828 3
1829 3
1830 0
1831 3
1832 3
1833 1
1834 3
1835 3
1836 1
1837 0
1838 0
1839 0
1840 3
1841 3
1842 0
1843 3
1844 3
1845 1
1846 3
1847 2
1848 3
1849 3
1850 2
1851 1
1852 3
1853 2
1854 3
1855 1
1856 3
1857 0
1858 3
1859 3
1860 2
1861 3
1862 3
1863 1
1864 1
1865 3
1866 3
1867 1
1868 3
1869 3
1870 3
1871 3
1872 3
1873 0
1874 2
1875 3
1876 2
1877 0
1878 3
1879 2
1880 1
1881 3
1882 3
1883 3
1884 2
1885 3
1886 3
1887 3
1888 3
1889 3
1890 3
1891 3
1892 3
1893 1
1894 0
1895 3
1896 3
1897 3
1898 3
1899 3
1900 3
1901 3
1902 3
1903 2
1904 3
1905 2
1906 0
1907 0
1908 3
1909 0
1910 3
1911 0
1912 1
1913 3
1914 3
1915 1
1916 3
1917 1
1918 3
1919 0
1920 2
1921 3
1922 2
1923 1
1924 3
1925 3
1926 3
1927 3
1928 1
1929 2
1930 3
1931 1
1932 3
1933 3
1934 3
1935 0
1936 3
1937 3
1938 3
1939 0
1940 0
1941 3
1942 3
1943 1
1944 0
1945 3
1946 3
1947 3
1948 3
1949 3
1950 3
1951 2
1952 2
1953 3
1954 3
1955 0
1956 3
1957 3
1958 1
1959 0
1960 2
1961 1
1962 3
1963 3
1964 0
1965 3
1966 3
1967 2
1968 0
1969 3
1970 2
1971 1
1972 3
1973 0
1974 0
1975 3
1976 0
1977 3
1978 3
1979 1
1980 3
1981 3
1982 3
1983 3
1984 3
1985 1
1986 1
1987 3
1988 3
1989 2
1990 3
1991 3
1992 3
1993 3
1994 1
1995 1
1996 1
1997 1
1998 0
1999 3
2000 0
2001 3
2002 1
2003 3
2004 3
2005 1
2006 3
2007 1
2008 3
2009 1
2010 3
2011 3
2012 3
2013 1
2014 1
2015 0
2016 3
2017 1
2018 1
2019 3
2020 0
2021 3
2022 3
2023 0
2024 3
2025 2
2026 3
2027 2
2028 1
2029 1
2030 3
2031 0
2032 2
2033 2
2034 2
2035 3
2036 3
2037 3
2038 0
2039 3
2040 1
2041 1
2042 1
2043 0
2044 0
2045 0
2046 0
2047 0
2048 0
2049 0
2050 0
2051 0
2052 0
2053 0
2054 0
2055 0
2056 0
2057 0
2058 0
2059 2
2060 1
2061 1
2062 0
2063 0
2064 3
2065 3
2066 3
2067 0
2068 3
2069 3
2070 0
2071 3
2072 1
2073 3
2074 3
2075 3
2076 1
2077 1
2078 3
2079 3
2080 1
2081 1
2082 3
2083 3
2084 1
2085 3
2086 3
2087 3
2088 1
2089 3
2090 3
2091 3
2092 1
2093 0
2094 0
2095 1
2096 3
2097 3
2098 1
2099 3
2100 3
2101 3
2102 3
2103 1
2104 3
2105 1
2106 1
2107 3
2108 1
2109 3
2110 3
2111 0
2112 3
2113 0
2114 0
2115 0
2116 3
2117 1
2118 0
2119 0
2120 0
2121 0
2122 1
2123 1
2124 0
2125 1
2126 0
2127 3
2128 3
2129 3
2130 3
2131 0
2132 3
2133 3
2134 0
2135 3
2136 3
2137 0
2138 3
2139 3
2140 1
2141 3
2142 1
2143 0
2144 1
2145 0
2146 3
2147 3
2148 3
2149 0
2150 3
2151 3
2152 3
2153 3
2154 3
2155 3
2156 1
2157 3
2158 3
2159 3
2160 3
2161 0
2162 3
2163 3
2164 0
2165 3
2166 3
2167 3
2168 0
2169 0
2170 3
2171 1
2172 0
2173 3
2174 1
2175 2
2176 1
2177 3
2178 0
2179 3
2180 3
2181 3
2182 3
2183 3
2184 1
2185 1
2186 0
2187 1
2188 3
2189 3
2190 0
2191 3
2192 0
2193 3
2194 0
2195 0
2196 3
2197 3
2198 3
2199 0
2200 3
2201 3
2202 3
2203 3
2204 3
2205 3
2206 3
2207 3
2208 3
2209 3
2210 0
2211 3
2212 3
2213 3
2214 3
2215 3
2216 3
2217 3
2218 0
2219 3
2220 3
2221 5
2222 1
2223 3
2224 3
2225 3
2226 3
2227 3
2228 3
2229 1
2230 3
2231 1
2232 3
2233 3
2234 1
2235 3
2236 1
2237 1
2238 1
2239 3
2240 0
2241 3
2242 0
2243 3
2244 3
2245 3
2246 3
2247 3
2248 0
2249 1
2250 3
2251 3
2252 1
2253 1
2254 0
2255 3
2256 3
2257 3
2258 3
2259 3
2260 3
2261 3
2262 1
2263 1
2264 3
2265 3
2266 3
2267 3
2268 3
2269 1
2270 3
2271 3
2272 3
2273 1
2274 3
2275 3
2276 3
2277 3
2278 3
2279 3
2280 3
2281 3
2282 1
2283 3
2284 3
2285 3
2286 3
2287 0
2288 3
2289 3
2290 3
2291 1
2292 3
2293 1
2294 3
2295 3
2296 3
2297 1
2298 3
2299 3
2300 3
2301 3
2302 3
2303 3
2304 3
2305 3
2306 3
2307 3
2308 3
2309 1
2310 1
2311 3
2312 3
2313 3
2314 3
2315 3
2316 3
2317 1
2318 3
2319 3
2320 0
2321 3
2322 3
2323 1
2324 1
2325 3
2326 1
2327 1
2328 1
2329 3
2330 3
2331 1
2332 3
2333 3
2334 3
2335 1
2336 3
2337 0
2338 1
2339 1
2340 1
2341 3
2342 3
2343 3
2344 3
2345 1
2346 1
2347 3
2348 3
2349 3
2350 3
2351 1
2352 3
2353 3
2354 3
2355 1
2356 3
2357 3
2358 3
2359 3
2360 3
2361 3
2362 1
2363 3
2364 0
2365 3
2366 1
2367 3
2368 1
2369 1
2370 0
2371 3
2372 3
2373 1
2374 3
2375 3
2376 0
2377 3
2378 3
2379 1
2380 3
2381 1
2382 3
2383 3
2384 3
2385 3
2386 1
2387 1
2388 1
2389 3
2390 3
2391 3
2392 3
2393 1
2394 0
2395 3
2396 0
2397 3
2398 3
2399 1
2400 3
2401 3
2402 0
2403 3
2404 1
2405 3
2406 1
2407 3
2408 3
2409 3
2410 3
2411 1
2412 3
2413 3
2414 1
2415 3
2416 3
2417 3
2418 1
2419 3
2420 3
2421 3
2422 3
2423 3
2424 3
2425 3
2426 1
2427 1
2428 3
2429 3
2430 3
2431 0
2432 0
2433 1
2434 3
2435 0
2436 3
2437 1
2438 3
2439 3
2440 0
2441 3
2442 3
2443 3
2444 3
2445 3
2446 1
2447 3
2448 3
2449 3
2450 1
2451 3
2452 1
2453 3
2454 1
2455 3
2456 3
2457 3
2458 3
2459 1
2460 3
2461 3
2462 1
2463 3
2464 1
2465 3
2466 3
2467 3
2468 3
2469 3
2470 3
2471 1
2472 3
2473 3
2474 3
2475 3
2476 3
2477 1
2478 3
2479 3
2480 1
2481 3
2482 3
2483 3
2484 3
2485 1
2486 3
2487 3
2488 3
2489 1
2490 1
2491 3
2492 3
2493 3
2494 3
2495 3
2496 3
2497 0
2498 1
2499 3
2500 3
2501 3
2502 3
2503 1
2504 3
2505 3
2506 0
2507 3
2508 3
2509 1
2510 1
2511 3
2512 1
2513 3
2514 3
2515 3
2516 3
2517 3
2518 0
2519 3
2520 3
2521 3
2522 3
2523 1
2524 3
2525 3
2526 3
2527 3
2528 3
2529 3
2530 3
2531 3
2532 3
2533 1
2534 3
2535 3
2536 3
2537 3
2538 3
2539 3
2540 3
2541 1
2542 0
2543 3
2544 3
2545 3
2546 3
2547 3
2548 3
2549 1
2550 3
2551 1
2552 3
2553 3
2554 0
2555 3
2556 3
2557 3
2558 1
2559 3
2560 3
2561 3
2562 1
2563 3
2564 3
2565 0
2566 1
2567 1
2568 3
2569 1
2570 1
2571 0
2572 0
2573 3
2574 0
2575 1
2576 0
2577 1
2578 3
2579 3
2580 3
2581 3
2582 3
2583 3
2584 3
2585 3
2586 1
2587 3
2588 3
2589 3
2590 1
2591 3
2592 3
2593 3
2594 3
2595 3
2596 3
2597 3
2598 1
2599 3
2600 1
2601 0
2602 3
2603 1
2604 3
2605 3
2606 0
2607 3
2608 3
2609 3
2610 3
2611 3
2612 3
2613 3
2614 3
2615 3
2616 0
2617 3
2618 0
2619 3
2620 1
2621 3
2622 0
2623 3
2624 3
2625 1
2626 3
2627 3
2628 3
2629 3
2630 3
2631 3
2632 1
2633 3
2634 3
2635 3
2636 3
2637 3
2638 1
2639 1
2640 3
2641 1
2642 1
2643 3
2644 1
2645 3
2646 1
2647 1
2648 3
2649 3
2650 3
2651 3
2652 1
2653 0
2654 3
2655 3
2656 3
2657 3
2658 3
2659 3
2660 1
2661 3
2662 1
2663 0
2664 1
2665 3
2666 1
2667 1
2668 3
2669 3
2670 3
2671 3
2672 1
2673 2
2674 0
2675 0
2676 1
2677 3
2678 3
2679 3
2680 3
2681 1
2682 3
2683 0
2684 3
2685 0
2686 2
2687 1
2688 0
2689 0
2690 3
2691 3
2692 0
2693 0
2694 1
2695 0
2696 0
2697 0
2698 0
2699 0
2700 1
2701 0
2702 0
2703 0
2704 0
2705 3
2706 1
2707 1
2708 3
2709 3
2710 3
2711 1
2712 0
2713 0
2714 1
2715 0
2716 0
2717 0
2718 3
2719 0
2720 2
2721 0
2722 1
2723 2
2724 0
2725 3
2726 3
2727 1
2728 0
2729 3
2730 3
2731 3
2732 3
2733 2
2734 1
2735 3
2736 0
2737 1
2738 3
2739 0
2740 0
2741 0
2742 3
2743 3
2744 3
2745 3
2746 1
2747 0
2748 3
2749 3
2750 3
2751 0
2752 0
2753 1
2754 3
2755 1
2756 3
2757 1
2758 3
2759 3
2760 2
2761 3
2762 3
2763 0
2764 3
2765 1
2766 1
2767 0
2768 1
2769 2
2770 0
2771 1
2772 0
2773 1
2774 3
2775 3
2776 0
2777 3
2778 3
2779 3
2780 0
2781 3
2782 3
2783 0
2784 0
2785 2
2786 0
2787 0
2788 0
2789 3
2790 0
2791 0
2792 3
2793 1
2794 0
2795 3
2796 2
2797 0
2798 0
2799 0
2800 0
2801 2
2802 1
2803 3
2804 3
2805 1
2806 3
2807 3
2808 0
2809 0
2810 0
2811 0
2812 0
2813 0
2814 0
2815 0
2816 3
2817 1
2818 2
2819 3
2820 2
2821 2
2822 3
2823 3
2824 1
2825 1
2826 3
2827 3
2828 3
2829 3
2830 3
2831 3
2832 3
2833 0
2834 1
2835 0
2836 0
2837 0
2838 0
2839 1
2840 1
2841 0
2842 3
2843 3
2844 3
2845 3
2846 0
2847 0
2848 0
2849 0
2850 0
2851 0
2852 0
2853 0
2854 0
2855 0
2856 0
2857 0
2858 0
2859 0
2860 0
2861 1
2862 0
2863 0
2864 3
2865 3
2866 0
2867 3
2868 0
2869 3
2870 0
2871 0
2872 0
2873 0
2874 3
2875 3
2876 0
2877 0
2878 0
2879 0
2880 0
2881 3
2882 1
2883 3
2884 3
2885 3
2886 3
2887 3
2888 1
2889 2
2890 0
2891 3
2892 0
2893 0
2894 3
2895 1
2896 3
2897 3
2898 3
2899 1
2900 1
2901 3
2902 3
2903 3
2904 3
2905 0
2906 0
2907 0
2908 1
2909 3
2910 3
2911 2
2912 2
2913 3
2914 3
2915 3
2916 1
2917 0
2918 0
2919 0
2920 3
2921 0
2922 0
2923 0
2924 0
2925 2
2926 3
2927 0
2928 3
2929 0
2930 0
2931 1
2932 0
2933 1
2934 0
2935 3
2936 3
2937 3
2938 3
2939 3
2940 0
2941 0
2942 3
2943 0
2944 0
2945 2
2946 3
2947 1
2948 3
2949 3
2950 1
2951 3
2952 3
2953 0
2954 3
2955 1
2956 3
2957 3
2958 0
2959 0
2960 3
2961 3
2962 3
2963 3
2964 0
2965 3
2966 3
2967 3
2968 1
2969 3
2970 3
2971 0
2972 3
2973 0
2974 3
2975 3
2976 3
2977 0
2978 1
2979 0
2980 3
2981 0
2982 0
2983 0
2984 2
2985 0
2986 3
2987 2
2988 0
2989 0
2990 1
2991 3
2992 3
2993 0
2994 0
2995 0
2996 0
2997 0
2998 0
2999 0
3000 0
3001 0
3002 0
3003 1
3004 0
3005 3
3006 3
3007 3
3008 3
3009 0
3010 0
3011 3
3012 0
3013 0
3014 0
3015 0
3016 0
3017 0
3018 0
3019 0
3020 0
3021 0
3022 0
3023 0
3024 0
3025 0
3026 0
3027 0
3028 0
3029 0
3030 0
3031 0
3032 0
3033 1
3034 0
3035 0
3036 0
3037 0
3038 0
3039 3
3040 0
3041 0
3042 0
3043 0
3044 0
3045 0
3046 0
3047 0
3048 0
3049 0
3050 0
3051 0
3052 3
3053 3
3054 3
3055 3
3056 3
3057 3
3058 3
3059 1
3060 0
3061 0
3062 3
3063 1
3064 3
3065 0
3066 0
3067 3
3068 2
3069 3
3070 3
3071 3
3072 1
3073 3
3074 3
3075 0
3076 3
3077 0
3078 0
3079 0
3080 1
3081 0
3082 0
3083 0
3084 3
3085 3
3086 3
3087 3
3088 2
3089 3
3090 3
3091 3
3092 2
3093 3
3094 3
3095 3
3096 3
3097 3
3098 3
3099 0
3100 3
3101 3
3102 3
3103 3
3104 1
3105 0
3106 3
3107 0
3108 0
3109 3
3110 0
3111 0
3112 3
3113 0
3114 0
3115 0
3116 0
3117 3
3118 3
3119 0
3120 1
3121 3
3122 3
3123 0
3124 1
3125 3
3126 3
3127 3
3128 0
3129 3
3130 1
3131 3
3132 3
3133 3
3134 0
3135 0
3136 0
3137 0
3138 0
3139 3
3140 3
3141 1
3142 0
3143 3
3144 0
3145 0
3146 0
3147 0
3148 0
3149 0
3150 0
3151 0
3152 0
3153 0
3154 3
3155 3
3156 1
3157 3
3158 3
3159 3
3160 3
3161 1
3162 1
3163 1
3164 0
3165 1
3166 1
3167 0
3168 0
3169 3
3170 3
3171 0
3172 3
3173 0
3174 3
3175 3
3176 3
3177 3
3178 3
3179 3
3180 3
3181 3
3182 0
3183 1
3184 1
3185 0
3186 1
3187 3
3188 0
3189 0
3190 0
3191 0
3192 0
3193 0
3194 0
3195 3
3196 3
3197 0
3198 0
3199 0
3200 0
3201 3
3202 3
3203 0
3204 0
3205 0
3206 0
3207 0
3208 0
3209 3
3210 0
3211 3
3212 3
3213 0
3214 0
3215 1
3216 3
3217 3
3218 0
3219 0
3220 0
3221 1
3222 0
3223 3
3224 1
3225 3
3226 0
3227 3
3228 3
3229 3
3230 3
3231 1
3232 3
3233 3
3234 3
3235 3
3236 0
3237 0
3238 0
3239 0
3240 3
3241 0
3242 3
3243 0
3244 3
3245 1
3246 1
3247 3
3248 0
3249 1
3250 0
3251 0
3252 0
3253 0
3254 0
3255 0
3256 0
3257 0
3258 0
3259 0
3260 0
3261 0
3262 0
3263 0
3264 0
3265 0
3266 0
3267 0
3268 3
3269 2
3270 3
3271 3
3272 1
3273 1
3274 3
3275 3
3276 3
3277 0
3278 3
3279 0
3280 3
3281 3
3282 0
3283 0
3284 0
3285 2
3286 3
3287 3
3288 1
3289 0
3290 0
3291 3
3292 3
3293 3
3294 1
3295 0
3296 0
3297 0
3298 0
3299 0
3300 3
3301 3
3302 3
3303 3
3304 3
3305 3
3306 0
3307 3
3308 3
3309 0
3310 3
3311 0
3312 1
3313 0
3314 0
3315 0
3316 3
3317 3
3318 0
3319 3
3320 3
3321 1
3322 3
3323 3
3324 3
3325 3
3326 3
3327 3
3328 0
3329 0
3330 0
3331 0
3332 0
3333 0
3334 0
3335 3
3336 3
3337 0
3338 0
3339 3
3340 3
3341 3
3342 3
3343 3
3344 3
3345 0
3346 3
3347 0
3348 0
3349 0
3350 1
3351 3
3352 3
3353 2
3354 3
3355 3
3356 0
3357 0
3358 0
3359 0
3360 0
3361 0
3362 3
3363 2
3364 1
3365 0
3366 1
3367 0
3368 3
3369 3
3370 3
3371 3
3372 3
3373 2
3374 3
3375 0
3376 3
3377 1
3378 0
3379 0
3380 0
3381 3
3382 0
3383 3
3384 3
3385 3
3386 2
3387 3
3388 3
3389 0
3390 3
3391 3
3392 0
3393 1
3394 3
3395 3
3396 0
3397 3
3398 3
3399 3
3400 3
3401 0
3402 1
3403 0
3404 0
3405 3
3406 0
3407 0
3408 0
3409 0
3410 0
3411 0
3412 0
3413 0
3414 3
3415 3
3416 1
3417 3
3418 3
3419 2
3420 3
3421 3
3422 3
3423 3
3424 3
3425 0
3426 1
3427 3
3428 3
3429 3
3430 3
3431 0
3432 3
3433 0
3434 1
3435 3
3436 3
3437 3
3438 3
3439 3
3440 3
3441 0
3442 3
3443 0
3444 3
3445 3
3446 0
3447 3
3448 3
3449 1
3450 0
3451 3
3452 0
3453 3
3454 2
3455 0
3456 3
3457 3
3458 3
3459 3
3460 0
3461 3
3462 1
3463 0
3464 0
3465 3
3466 1
3467 0
3468 1
3469 3
3470 3
3471 3
3472 3
3473 1
3474 1
3475 3
3476 0
3477 3
3478 3
3479 0
3480 3
3481 3
3482 0
3483 0
3484 0
3485 0
3486 0
3487 0
3488 0
3489 0
3490 0
3491 0
3492 0
3493 0
3494 0
3495 0
3496 0
3497 0
3498 0
3499 0
3500 0
3501 0
3502 0
3503 0
3504 0
3505 0
3506 0
3507 0
3508 0
3509 0
3510 0
3511 0
3512 0
3513 0
3514 0
3515 0
3516 0
3517 0
3518 0
3519 0
3520 0
3521 0
3522 0
3523 0
3524 0
3525 0
3526 0
3527 0
3528 0
3529 0
3530 0
3531 0
3532 0
3533 0
3534 0
3535 0
3536 0
3537 0
3538 0
3539 0
3540 0
3541 0
3542 0
3543 0
3544 0
3545 0
3546 1
3547 2
3548 3
3549 3
3550 3
3551 0
3552 3
3553 3
3554 3
3555 0
3556 3
3557 3
3558 3
3559 3
3560 1
3561 0
3562 1
3563 0
3564 3
3565 1
3566 0
3567 0
3568 0
3569 0
3570 0
3571 0
3572 1
3573 3
3574 3
3575 0
3576 3
3577 3
3578 3
3579 0
3580 1
3581 3
3582 3
3583 3
3584 1
3585 1
3586 3
3587 3
3588 0
3589 1
3590 3
3591 0
3592 0
3593 3
3594 0
3595 3
3596 3
3597 0
3598 3
3599 3
3600 1
3601 3
3602 3
3603 3
3604 2
3605 3
3606 0
3607 0
3608 0
3609 1
3610 3
3611 3
3612 0
3613 3
3614 3
3615 0
3616 0
3617 0
3618 0
3619 0
3620 3
3621 1
3622 3
3623 3
3624 0
3625 0
3626 0
3627 0
3628 0
3629 0
3630 0
3631 0
3632 3
3633 0
3634 3
3635 3
3636 3
3637 3
3638 3
3639 3
3640 3
3641 1
3642 3
3643 3
3644 1
3645 3
3646 3
3647 0
3648 3
3649 3
3650 3
3651 3
3652 0
3653 3
3654 3
3655 0
3656 3
3657 3
3658 0
3659 0
3660 3
3661 1
3662 2
3663 3
3664 3
3665 1
3666 3
3667 3
3668 0
3669 0
3670 0
3671 0
3672 0
3673 0
3674 0
3675 0
3676 0
3677 0
3678 3
3679 1
3680 3
3681 3
3682 3
3683 2
3684 0
3685 3
3686 3
3687 2
3688 3
3689 3
3690 3
3691 3
3692 0
3693 1
3694 1
3695 3
3696 3
3697 3
3698 0
3699 3
3700 0
3701 1
3702 3
3703 3
3704 3
3705 1
3706 3
3707 1
3708 0
3709 3
3710 0
3711 1
3712 3
3713 1
3714 1
3715 0
3716 0
3717 0
3718 0
3719 0
3720 0
3721 3
3722 0
3723 0
3724 3
3725 3
3726 3
3727 0
3728 0
3729 0
3730 0
3731 0
3732 0
3733 0
3734 0
3735 0
3736 0
3737 0
3738 0
3739 0
3740 1
3741 0
3742 0
3743 0
3744 0
3745 0
3746 0
3747 0
3748 0
3749 1
3750 0
3751 0
3752 0
3753 1
3754 0
3755 0
3756 0
3757 0
3758 0
3759 0
3760 0
3761 0
3762 0
3763 0
3764 0
3765 0
3766 0
3767 0
3768 3
3769 0
3770 3
3771 0
3772 0
3773 0
3774 3
3775 0
3776 3
3777 0
3778 1
3779 3
3780 3
3781 3
3782 3
3783 3
3784 3
3785 3
3786 0
3787 3
3788 3
3789 3
3790 3
3791 1
3792 0
3793 3
3794 3
3795 3
3796 0
3797 3
3798 0
3799 0
3800 1
3801 3
3802 3
3803 3
3804 0
3805 1
3806 3
3807 0
3808 0
3809 3
3810 3
3811 1
3812 3
3813 0
3814 3
3815 3
3816 3
3817 3
3818 1
3819 0
3820 0
3821 3
3822 0
3823 0
3824 0
3825 0
3826 0
3827 0
3828 3
3829 0
3830 0
3831 0
3832 0
3833 3
3834 3
3835 1
3836 1
3837 3
3838 0
3839 0
3840 0
3841 0
3842 0
3843 0
3844 0
3845 0
3846 0
3847 0
3848 0
3849 0
3850 0
3851 0
3852 0
3853 0
3854 0
3855 0
3856 0
3857 0
3858 0
3859 0
3860 0
3861 0
3862 0
3863 0
3864 0
3865 0
3866 0
3867 0
3868 0
3869 0
3870 0
3871 0
3872 0
3873 0
3874 0
3875 0
3876 0
3877 0
3878 0
3879 0
3880 0
3881 0
3882 0
3883 0
3884 0
3885 0
3886 0
3887 0
3888 0
3889 3
3890 0
3891 3
3892 3
3893 3
3894 3
3895 3
3896 0
3897 0
3898 0
3899 0
3900 0
3901 0
3902 0
3903 0
3904 0
3905 0
3906 0
3907 0
3908 0
3909 0
3910 0
3911 0
3912 0
3913 0
3914 3
3915 3
3916 3
3917 1
3918 0
3919 0
3920 0
3921 3
3922 0
3923 3
3924 3
3925 3
3926 3
3927 3
3928 0
3929 0
3930 0
3931 3
3932 3
3933 3
3934 0
3935 3
3936 2
3937 0
3938 3
3939 3
3940 1
3941 3
3942 3
3943 0
3944 3
3945 3
3946 3
3947 3
3948 0
3949 3
3950 3
3951 0
3952 3
3953 1
3954 0
3955 3
3956 2
3957 3
3958 0
3959 0
3960 0
3961 0
3962 2
3963 0
3964 0
3965 0
3966 0
3967 0
3968 0
3969 0
3970 0
3971 0
3972 0
3973 0
3974 0
3975 0
3976 0
3977 0
3978 0
3979 0
3980 0
3981 0
3982 0
3983 0
3984 0
3985 0
3986 0
3987 0
3988 0
3989 0
3990 0
3991 0
3992 3
3993 1
3994 1
3995 1
3996 3
3997 3
3998 1
3999 3
4000 0
4001 3
4002 3
4003 1
4004 3
4005 3
4006 0
4007 3
4008 3
4009 3
4010 3
4011 3
4012 3
4013 1
4014 3
4015 3
4016 1
4017 3
4018 2
4019 3
4020 3
4021 0
4022 2
4023 0
4024 0
4025 3
4026 3
4027 3
4028 0
4029 1
4030 1
4031 1
4032 3
4033 3
4034 3
4035 3
4036 3
4037 0
4038 0
4039 3
4040 3
4041 3
4042 2
4043 3
4044 1
4045 3
4046 3
4047 2
4048 0
4049 3
4050 0
4051 0
4052 1
4053 0
4054 0
4055 3
4056 3
4057 3
4058 0
4059 0
4060 3
4061 3
4062 3
4063 3
4064 3
4065 0
4066 3
4067 1
4068 1
4069 0
4070 0
4071 0
4072 0
4073 2
4074 3
4075 0
4076 0
4077 3
4078 3
4079 1
4080 1
4081 1
4082 0
4083 0
4084 3
4085 0
4086 0
4087 0
4088 3
4089 3
4090 3
4091 3
4092 3
4093 3
4094 2
4095 1
4096 0
4097 3
4098 1
4099 0
4100 3
4101 0
4102 3
4103 2
4104 1
4105 2
4106 1
4107 0
4108 3
4109 3
4110 1
4111 2
4112 3
4113 3
4114 3
4115 3
4116 3
4117 3
4118 3
4119 3
4120 3
4121 3
4122 3
4123 1
4124 0
4125 3
4126 3
4127 3
4128 3
4129 0
4130 1
4131 3
4132 3
4133 3
4134 3
4135 2
4136 3
4137 0
4138 1
4139 3
4140 1
4141 1
4142 1
4143 0
4144 0
4145 0
4146 0
4147 0
4148 0
4149 0
4150 0
4151 0
4152 0
4153 0
4154 0
4155 0
4156 0
4157 0
4158 1
4159 3
4160 0
4161 0
4162 0
4163 0
4164 0
4165 0
4166 0
4167 0
4168 0
4169 3
4170 3
4171 0
4172 0
4173 0
4174 0
4175 3
4176 3
4177 3
4178 3
4179 0
4180 1
4181 3
4182 0
4183 3
4184 0
4185 1
4186 3
4187 3
4188 3
4189 3
4190 3
4191 0
4192 0
4193 0
4194 0
4195 0
4196 0
4197 0
4198 0
4199 0
4200 0
4201 0
4202 0
4203 0
4204 0
4205 3
4206 3
4207 0
4208 3
4209 0
4210 3
4211 1
4212 0
4213 0
4214 0
4215 0
4216 0
4217 0
4218 0
4219 0
4220 0
4221 3
4222 3
4223 1
4224 3
4225 0
4226 0
4227 3
4228 1
4229 1
4230 0
4231 0
4232 0
4233 0
4234 3
4235 3
4236 3
4237 0
4238 0
4239 3
4240 1
4241 0
4242 1
4243 3
4244 1
4245 1
4246 0
4247 0
4248 0
4249 0
4250 0
4251 0
4252 0
4253 3
4254 0
4255 0
4256 0
4257 0
4258 0
4259 0
4260 3
4261 0
4262 0
4263 3
4264 0
4265 3
4266 0
4267 3
4268 3
4269 3
4270 0
4271 1
4272 0
4273 1
4274 3
4275 2
4276 3
4277 0
4278 0
4279 1
4280 0
4281 3
4282 3
4283 0
4284 0
4285 0
4286 3
4287 0
4288 0
4289 1
4290 0
4291 1
4292 0
4293 2
4294 3
4295 0
4296 3
4297 0
4298 0
4299 3
4300 3
4301 3
4302 0
4303 0
4304 1
4305 0
4306 0
4307 0
4308 0
4309 0
4310 1
4311 3
4312 3
4313 3
4314 0
4315 3
4316 3
4317 1
4318 3
4319 3
4320 3
4321 0
4322 3
4323 0
4324 3
4325 0
4326 3
4327 0
4328 1
4329 0
4330 3
4331 1
4332 2
4333 3
4334 3
4335 1
4336 3
4337 3
4338 1
4339 1
4340 3
4341 1
4342 3
4343 0
4344 2
4345 0
4346 0
4347 1
4348 1
4349 1
4350 1
4351 0
4352 11
4353 0
4354 3
4355 0
4356 1
4357 3
4358 3
4359 3
4360 3
4361 3
4362 3
4363 3
4364 0
4365 0
4366 3
4367 0
4368 3
4369 3
4370 3
4371 3
4372 3
4373 3
4374 3
4375 3
4376 1
4377 1
4378 0
4379 1
4380 0
4381 2
4382 0
4383 3
4384 1
4385 3
4386 3
4387 1
4388 3
4389 0
4390 0
4391 3
4392 3
4393 0
4394 3
4395 3
4396 1
4397 3
4398 0
4399 1
4400 0
4401 0
4402 2
4403 3
4404 1
4405 3
4406 0
4407 3
4408 1
4409 3
4410 3
4411 3
4412 1
4413 0
4414 3
4415 3
4416 3
4417 0
4418 3
4419 0
4420 3
4421 2
4422 2
4423 0
4424 3
4425 2
4426 0
4427 3
4428 1
4429 3
4430 3
4431 3
4432 3
4433 0
4434 0
4435 1
4436 0
4437 0
4438 3
4439 2
4440 0
4441 0
4442 3
4443 3
4444 1
4445 0
4446 0
4447 3
4448 0
4449 3
4450 0
4451 3
4452 3
4453 3
4454 2
4455 0
4456 0
4457 0
4458 3
4459 1
4460 1
4461 1
4462 3
4463 2
4464 0
4465 3
4466 3
4467 0
4468 1
4469 0
4470 0
4471 3
4472 2
4473 0
4474 0
4475 0
4476 0
4477 0
4478 0
4479 0
4480 3
4481 3
4482 3
4483 3
4484 0
4485 1
4486 0
4487 0
4488 0
4489 0
4490 0
4491 0
4492 3
4493 1
4494 0
4495 1
4496 4
4497 0
4498 3
4499 0
4500 2
4501 0
4502 3
4503 0
4504 2
4505 3
4506 3
4507 0
4508 0
4509 0
4510 3
4511 0
4512 3
4513 3
4514 0
4515 3
4516 1
4517 3
4518 3
4519 0
4520 3
4521 3
4522 0
4523 1
4524 3
4525 3
4526 0
4527 0
4528 2
4529 0
4530 3
4531 0
4532 1
4533 3
4534 0
4535 0
4536 0
4537 0
4538 3
4539 3
4540 3
4541 3
4542 3
4543 1
4544 3
4545 3
4546 3
4547 3
4548 3
4549 0
4550 0
4551 1
4552 3
4553 0
4554 3
4555 3
4556 0
4557 3
4558 0
4559 0
4560 3
4561 0
4562 1
4563 1
4564 3
4565 2
4566 0
4567 1
4568 2
4569 3
4570 3
4571 3
4572 0
4573 0
4574 3
4575 0
4576 0
4577 1
4578 3
4579 0
4580 3
4581 0
4582 0
4583 3
4584 0
4585 3
4586 3
4587 3
4588 3
4589 3
4590 3
4591 3
4592 0
4593 0
4594 0
4595 3
4596 3
4597 0
4598 0
4599 3
4600 1
4601 0
4602 3
4603 0
4604 3
4605 3
4606 3
4607 3
4608 0
4609 2
4610 3
4611 0
4612 3
4613 0
4614 0
4615 2
4616 0
4617 3
4618 3
4619 0
4620 1
4621 3
4622 3
4623 3
4624 2
4625 2
4626 0
4627 3
4628 3
4629 3
4630 3
4631 3
4632 3
4633 3
4634 3
4635 1
4636 0
4637 1
4638 0
4639 0
4640 1
4641 0
4642 0
4643 1
4644 3
4645 3
4646 3
4647 3
4648 0
4649 3
4650 3
4651 3
4652 3
4653 0
4654 0
4655 3
4656 3
4657 3
4658 0
4659 0
4660 3
4661 3
4662 0
4663 0
4664 3
4665 2
4666 0
4667 3
4668 0
4669 3
4670 3
4671 0
4672 3
4673 3
4674 0
4675 3
4676 0
4677 3
4678 3
4679 3
4680 3
4681 0
4682 3
4683 3
4684 3
4685 3
4686 3
4687 2
4688 1
4689 3
4690 0
4691 3
4692 3
4693 3
4694 0
4695 3
4696 3
4697 3
4698 2
4699 2
4700 0
4701 0
4702 0
4703 3
4704 3
4705 3
4706 3
4707 3
4708 3
4709 0
4710 0
4711 0
4712 3
4713 3
4714 3
4715 3
4716 0
4717 1
4718 0
4719 3
4720 2
4721 1
4722 2
4723 3
4724 3
4725 0
4726 3
4727 0
4728 0
4729 0
4730 3
4731 0
4732 3
4733 0
4734 3
4735 3
4736 3
4737 0
4738 3
4739 0
4740 0
4741 0
4742 1
4743 0
4744 2
4745 0
4746 0
4747 0
4748 0
4749 3
4750 3
4751 0
4752 3
4753 1
4754 3
4755 0
4756 0
4757 3
4758 0
4759 1
4760 3
4761 1
4762 3
4763 3
4764 0
4765 1
4766 2
4767 1
4768 3
4769 2
4770 3
4771 0
4772 0
4773 0
4774 3
4775 2
4776 3
4777 0
4778 0
4779 3
4780 4
4781 1
4782 0
4783 0
4784 0
4785 0
4786 0
4787 0
4788 0
4789 0
4790 0
4791 0
4792 3
4793 2
4794 0
4795 0
4796 3
4797 1
4798 0
4799 0
4800 3
4801 3
4802 3
4803 0
4804 0
4805 3
4806 0
4807 3
4808 3
4809 2
4810 3
4811 3
4812 0
4813 1
4814 1
4815 3
4816 0
4817 0
4818 1
4819 2
4820 0
4821 3
4822 3
4823 3
4824 3
4825 3
4826 3
4827 3
4828 3
4829 3
4830 1
4831 0
4832 1
4833 3
4834 3
4835 0
4836 3
4837 0
4838 0
4839 3
4840 3
4841 3
4842 3
4843 2
4844 3
4845 0
4846 3
4847 0
4848 3
4849 3
4850 9
4851 3
4852 3
4853 3
4854 2
4855 3
4856 3
4857 1
4858 3
4859 3
4860 0
4861 3
4862 0
4863 3
4864 3
4865 1
4866 1
4867 3
4868 3
4869 0
4870 3
4871 3
4872 3
4873 0
4874 3
4875 3
4876 1
4877 3
4878 0
4879 3
4880 0
4881 0
4882 0
4883 3
4884 0
4885 3
4886 5
4887 0
4888 1
4889 3
4890 2
4891 0
4892 0
4893 0
4894 3
4895 3
4896 0
4897 0
4898 0
4899 0
4900 0
4901 1
4902 3
4903 2
4904 3
4905 1
4906 3
4907 0
4908 3
4909 3
4910 3
4911 3
4912 0
4913 3
4914 3
4915 3
4916 3
4917 1
4918 3
4919 3
4920 3
4921 0
4922 0
4923 3
4924 0
4925 0
4926 0
4927 3
4928 0
4929 2
4930 0
4931 3
4932 3
4933 2
4934 0
4935 3
4936 3
4937 0
4938 1
4939 0
4940 0
4941 3
4942 3
4943 3
4944 0
4945 3
4946 3
4947 0
4948 3
4949 3
4950 0
4951 2
4952 3
4953 0
4954 3
4955 0
4956 3
4957 2
4958 3
4959 1
4960 2
4961 0
4962 3
4963 0
4964 0
4965 3
4966 3
4967 0
4968 0
4969 0
4970 3
4971 3
4972 0
4973 0
4974 0
4975 3
4976 1
4977 3
4978 1
4979 3
4980 3
4981 0
4982 3
4983 3
4984 3
4985 0
4986 1
4987 1
4988 3
4989 3
4990 3
4991 0
4992 3
4993 2
4994 3
4995 3
4996 3
4997 3
4998 3
4999 3
5000 3
5001 3
5002 3
5003 0
5004 3
5005 0
5006 3
5007 1
5008 2
5009 1
5010 3
5011 1
5012 3
5013 2
5014 1
5015 2
5016 3
5017 3
5018 3
5019 2
5020 3
5021 0
5022 3
5023 3
5024 3
5025 3
5026 1
5027 3
5028 1
5029 1
5030 3
5031 3
5032 3
5033 0
5034 3
5035 1
5036 0
5037 0
5038 3
5039 3
5040 2
5041 0
5042 3
5043 2
5044 0
5045 3
5046 0
5047 0
5048 0
5049 0
5050 0
5051 0
5052 0
5053 3
5054 0
5055 0
5056 3
5057 3
5058 0
5059 0
5060 0
5061 0
5062 3
5063 3
5064 3
5065 3
5066 3
5067 3
5068 0
5069 0
5070 3
5071 0
5072 0
5073 0
5074 0
5075 1
5076 3
5077 0
5078 3
5079 3
5080 2
5081 3
5082 3
5083 0
5084 3
5085 1
5086 3
5087 3
5088 3
5089 3
5090 3
5091 0
5092 1
5093 3
5094 1
5095 0
5096 0
5097 3
5098 3
5099 0
5100 1
5101 3
5102 3
5103 0
5104 3
5105 0
5106 2
5107 3
5108 2
5109 3
5110 3
5111 3
5112 3
5113 0
5114 3
5115 1
5116 3
5117 0
5118 0
5119 0
5120 0
5121 0
5122 0
5123 0
5124 0
5125 3
5126 3
5127 3
5128 2
5129 3
5130 3
5131 1
5132 1
5133 2
5134 3
5135 3
5136 3
5137 0
5138 3
5139 0
5140 1
5141 3
5142 3
5143 3
5144 2
5145 3
5146 0
5147 3
5148 3
5149 3
5150 0
5151 0
5152 0
5153 0
5154 3
5155 0
5156 0
5157 3
5158 3
5159 3
5160 3
5161 0
5162 0
5163 3
5164 3
5165 0
5166 3
5167 3
5168 3
5169 3
5170 3
5171 0
5172 3
5173 0
5174 3
5175 0
5176 0
5177 3
5178 3
5179 0
5180 0
5181 0
5182 0
5183 3
5184 0
5185 0
5186 3
5187 0
5188 0
5189 3
5190 1
5191 0
5192 3
5193 3
5194 3
5195 3
5196 2
5197 0
5198 3
5199 3
5200 3
5201 0
5202 3
5203 3
5204 0
5205 0
5206 0
5207 3
5208 3
5209 0
5210 0
5211 3
5212 3
5213 1
5214 3
5215 3
5216 3
5217 3
5218 3
5219 0
5220 0
5221 3
5222 3
5223 3
5224 3
5225 3
5226 2
5227 0
5228 0
5229 0
5230 2
5231 3
5232 1
5233 3
5234 3
5235 3
5236 0
5237 0
5238 0
5239 3
5240 3
5241 3
5242 0
5243 0
5244 3
5245 0
5246 3
5247 3
5248 3
5249 1
5250 0
5251 1
5252 3
5253 3
5254 0
5255 3
5256 2
5257 3
5258 1
5259 1
5260 0
5261 3
5262 1
5263 2
5264 3
5265 0
5266 0
5267 3
5268 3
5269 3
5270 0
5271 2
5272 0
5273 3
5274 3
5275 3
5276 1
5277 1
5278 3
5279 3
5280 3
5281 3
5282 3
5283 0
5284 1
5285 3
5286 3
5287 3
5288 3
5289 3
5290 2
5291 3
5292 3
5293 2
5294 1
5295 3
5296 1
5297 3
5298 3
5299 0
5300 3
5301 3
5302 3
5303 0
5304 0
5305 0
5306 3
5307 0
5308 3
5309 0
5310 3
5311 0
5312 3
5313 3
5314 3
5315 0
5316 3
5317 3
5318 3
5319 0
5320 0
5321 3
5322 3
5323 0
5324 3
5325 1
5326 0
5327 2
5328 3
5329 3
5330 3
5331 3
5332 3
5333 1
5334 0
5335 2
5336 0
5337 2
5338 3
5339 5
5340 0
5341 0
5342 3
5343 0
5344 0
5345 2
5346 0
5347 0
5348 0
5349 0
5350 0
5351 0
5352 3
5353 3
5354 3
5355 3
5356 3
5357 3
5358 3
5359 3
5360 3
5361 3
5362 3
5363 3
5364 1
5365 0
5366 0
5367 3
5368 3
5369 0
5370 1
5371 1
5372 0
5373 1
5374 0
5375 1
5376 0
5377 0
5378 3
5379 3
5380 3
5381 1
5382 1
5383 0
5384 0
5385 0
5386 1
5387 3
5388 0
5389 5
5390 0
5391 0
5392 0
5393 0
5394 0
5395 0
5396 0
5397 1
5398 0
5399 0
5400 0
5401 0
5402 0
5403 0
5404 0
5405 0
5406 0
5407 0
5408 0
5409 3
5410 0
5411 1
5412 0
5413 0
5414 1
5415 0
5416 3
5417 0
5418 0
5419 0
5420 0
5421 0
5422 0
5423 0
5424 0
5425 0
5426 0
5427 0
5428 3
5429 0
5430 0
5431 0
5432 0
5433 0
5434 0
5435 0
5436 0
5437 0
5438 0
5439 0
5440 0
5441 0
5442 0
5443 0
5444 0
5445 5
5446 0
5447 2
5448 0
5449 0
5450 0
5451 0
5452 0
5453 0
5454 0
5455 0
5456 0
5457 0
5458 0
5459 0
5460 0
5461 0
5462 0
5463 0
5464 0
5465 0
5466 0
5467 0
5468 0
5469 0
5470 0
5471 0
5472 4
5473 3
5474 0
5475 1
5476 0
5477 0
5478 3
5479 0
5480 0
5481 0
5482 0
5483 0
5484 0
5485 1
5486 1
5487 0
5488 0
5489 0
5490 0
5491 0
5492 0
5493 0
5494 0
5495 0
5496 0
5497 0
5498 0
5499 0
5500 1
5501 3
5502 0
5503 0
5504 0
5505 0
5506 0
5507 0
5508 0
5509 3
5510 1
5511 3
5512 3
5513 3
5514 3
5515 3
5516 3
5517 3
5518 3
5519 3
5520 3
5521 5
5522 3
5523 3
5524 0
5525 0
5526 0
5527 3
5528 0
5529 0
5530 0
5531 0
5532 0
5533 0
5534 6
5535 0
5536 0
5537 0
5538 0
5539 0
5540 0
5541 0
5542 1
5543 3
5544 0
5545 0
5546 0
5547 0
5548 0
5549 0
5550 0
5551 0
5552 0
5553 0
5554 3
5555 0
5556 0
5557 0
5558 1
5559 2
5560 2
5561 2
5562 3
5563 2
5564 2
5565 3
5566 2
5567 0
5568 3
5569 0
5570 3
5571 0
5572 0
5573 0
5574 0
5575 0
5576 7
5577 7
5578 0
5579 2
5580 7
5581 1
5582 3
5583 1
5584 3
5585 3
5586 3
5587 3
5588 3
5589 3
5590 3
5591 1
5592 0
5593 1
5594 3
5595 3
5596 3
5597 0
5598 1
5599 3
5600 3
5601 0
5602 3
5603 1
5604 0
5605 3
5606 0
5607 0
5608 3
5609 0
5610 0
5611 0
5612 0
5613 0
5614 0
5615 0
5616 0
5617 0
5618 0
5619 0
5620 0
5621 0
5622 0
5623 0
5624 0
5625 1
5626 0
5627 0
5628 3
5629 0
5630 0
5631 0
5632 0
5633 0
5634 0
5635 0
5636 0
5637 0
5638 0
5639 0
5640 0
5641 0
5642 3
5643 0
5644 0
5645 0
5646 0
5647 0
5648 0
5649 0
5650 0
5651 2
5652 0
5653 3
5654 3
5655 3
5656 0
5657 0
5658 3
5659 3
5660 0
5661 3
5662 3
5663 3
5664 1
5665 0
5666 1
5667 1
5668 0
5669 0
5670 3
5671 0
5672 2
5673 3
5674 3
5675 3
5676 3
5677 3
5678 3
5679 3
5680 3
5681 2
5682 1
5683 2
5684 2
5685 2
5686 2
5687 3
5688 3
5689 3
5690 0
5691 3
5692 3
5693 3
5694 3
5695 3
5696 3
5697 0
5698 0
5699 3
5700 0
5701 0
5702 1
5703 3
5704 3
5705 3
5706 3
5707 0
5708 3
5709 3
5710 3
5711 3
5712 3
5713 3
5714 3
5715 3
5716 1
5717 2
5718 3
5719 3
5720 3
5721 3
5722 3
5723 3
5724 3
5725 3
5726 3
5727 3
5728 3
5729 3
5730 3
5731 3
5732 0
5733 3
5734 3
5735 0
5736 3
5737 3
5738 3
5739 3
5740 3
5741 3
5742 0
5743 2
5744 3
5745 3
5746 3
5747 0
5748 1
5749 3
5750 3
5751 0
5752 3
5753 3
5754 0
5755 0
5756 1
5757 3
5758 3
5759 3
5760 3
5761 3
5762 3
5763 3
5764 3
5765 0
5766 3
5767 0
5768 0
5769 0
5770 3
5771 3
5772 3
5773 3
5774 3
5775 3
5776 3
5777 3
5778 3
5779 3
5780 3
5781 3
5782 3
5783 3
5784 0
5785 3
5786 3
5787 3
5788 3
5789 3
5790 3
5791 3
5792 3
5793 0
5794 3
5795 3
5796 1
5797 3
5798 3
5799 0
5800 3
5801 3
5802 3
5803 3
5804 0
5805 0
5806 0
5807 0
5808 3
5809 0
5810 2
5811 0
5812 0
5813 0
5814 0
5815 0
5816 0
5817 0
5818 0
5819 0
5820 0
5821 0
5822 0
5823 0
5824 1
5825 1
5826 0
5827 0
5828 3
5829 0
5830 2
5831 0
5832 0
5833 3
5834 2
5835 0
5836 0
5837 0
5838 1
5839 1
5840 1
5841 0
5842 0
5843 0
5844 0
5845 3
5846 3
5847 3
5848 3
5849 0
5850 1
5851 1
5852 1
5853 1
5854 3
5855 1
5856 1
5857 3
5858 3
5859 3
5860 0
5861 0
5862 3
5863 3
5864 3
5865 2
5866 3
5867 3
5868 0
5869 1
5870 0
5871 1
5872 0
5873 1
5874 0
5875 0
5876 0
5877 0
5878 0
5879 3
5880 0
5881 0
5882 3
5883 0
5884 0
5885 1
5886 0
5887 1
5888 3
5889 3
5890 0
5891 0
5892 1
5893 1
5894 3
5895 0
5896 3
5897 0
5898 0
5899 1
5900 0
5901 1
5902 1
5903 0
5904 0
5905 1
5906 1
5907 0
5908 0
5909 0
5910 1
5911 0
5912 0
5913 1
5914 3
5915 0
5916 0
5917 0
5918 2
5919 1
5920 2
5921 3
5922 3
5923 0
5924 0
5925 0
5926 0
5927 0
5928 3
5929 3
5930 4
5931 0
5932 3
5933 0
5934 2
5935 0
5936 3
5937 0
5938 0
5939 2
5940 8
5941 8
5942 8
5943 3
5944 8
5945 0
5946 1
5947 0
5948 3
5949 3
5950 3
5951 3
5952 3
5953 3
5954 3
5955 3
5956 1
5957 0
5958 3
5959 3
5960 3
5961 0
5962 3
5963 1
5964 3
5965 3
5966 0
5967 0
5968 3
5969 1
5970 3
5971 3
5972 3
5973 0
5974 0
5975 3
5976 3
5977 3
5978 3
5979 0
5980 3
5981 3
5982 0
5983 0
5984 3
5985 0
5986 0
5987 3
5988 3
5989 0
5990 3
5991 0
5992 0
5993 0
5994 3
5995 3
5996 3
5997 0
5998 3
5999 1
6000 0
6001 0
6002 0
6003 0
6004 0
6005 0
6006 0
6007 0
6008 0
6009 0
6010 0
6011 3
6012 0
6013 3
6014 0
6015 0
6016 3
6017 3
6018 3
6019 3
6020 0
6021 1
6022 3
6023 0
6024 3
6025 2
6026 0
6027 0
6028 3
6029 0
6030 0
6031 3
6032 0
6033 9
6034 0
6035 3
6036 3
6037 3
6038 3
6039 3
6040 3
6041 0
6042 3
6043 1
6044 0
6045 1
6046 0
6047 0
6048 2
6049 1
6050 0
6051 0
6052 3
6053 3
6054 3
6055 1
6056 0
6057 0
6058 3
6059 0
6060 3
6061 3
6062 0
6063 0
6064 1
6065 3
6066 0
6067 3
6068 3
6069 0
6070 0
6071 0
6072 3
6073 0
6074 3
6075 0
6076 0
6077 3
6078 3
6079 2
6080 0
6081 0
6082 0
6083 3
6084 2
6085 3
6086 0
6087 3
6088 1
6089 3
6090 0
6091 3
6092 2
6093 0
6094 3
6095 3
6096 3
6097 3
6098 0
6099 3
6100 3
6101 0
6102 0
6103 0
6104 0
6105 0
6106 0
6107 0
6108 0
6109 0
6110 0
6111 0
6112 0
6113 0
6114 0
6115 3
6116 2
6117 3
6118 0
6119 3
6120 3
6121 3
6122 3
6123 0
6124 3
6125 0
6126 1
6127 3
6128 3
6129 0
6130 1
6131 3
6132 0
6133 3
6134 3
6135 1
6136 3
6137 0
6138 0
6139 3
6140 3
6141 3
6142 0
6143 3
6144 1
6145 0
6146 3
6147 0
6148 0
6149 3
6150 0
6151 3
6152 0
6153 3
6154 0
6155 3
6156 3
6157 0
6158 0
6159 0
6160 0
6161 3
6162 3
6163 3
6164 3
6165 0
6166 3
6167 0
6168 0
6169 3
6170 3
6171 0
6172 3
6173 0
6174 0
6175 3
6176 3
6177 0
6178 3
6179 0
6180 1
6181 0
6182 3
6183 3
6184 2
6185 3
6186 3
6187 2
6188 0
6189 3
6190 0
6191 0
6192 0
6193 0
6194 0
6195 3
6196 0
6197 3
6198 3
6199 3
6200 0
6201 0
6202 0
6203 1
6204 0
6205 0
6206 0
6207 0
6208 0
6209 0
6210 0
6211 2
6212 0
6213 3
6214 3
6215 0
6216 3
6217 0
6218 2
6219 0
6220 13
6221 2
6222 3
6223 3
6224 0
6225 0
6226 2
6227 3
6228 0
6229 0
6230 0
6231 0
6232 0
6233 0
6234 0
6235 0
6236 0
6237 0
6238 0
6239 0
6240 0
6241 0
6242 0
6243 0
6244 0
6245 0
6246 1
6247 3
6248 1
6249 3
6250 0
6251 0
6252 0
6253 0
6254 0
6255 0
6256 0
6257 0
6258 0
6259 0
6260 3
6261 3
6262 3
6263 1
6264 0
6265 0
6266 0
6267 0
6268 0
6269 0
6270 0
6271 0
6272 0
6273 0
6274 2
6275 3
6276 3
6277 0
6278 2
6279 2
6280 0
6281 2
6282 3
6283 3
6284 0
6285 3
6286 3
6287 0
6288 0
6289 0
6290 0
6291 0
6292 3
6293 0
6294 3
6295 0
6296 0
6297 0
6298 3
6299 0
6300 3
6301 3
6302 0
6303 0
6304 0
6305 2
6306 3
6307 0
6308 3
6309 2
6310 0
6311 0
6312 0
6313 0
6314 3
6315 3
6316 1
6317 0
6318 3
6319 0
6320 0
6321 3
6322 3
6323 3
6324 1
6325 3
6326 0
6327 0
6328 0
6329 3
6330 0
6331 0
6332 3
6333 0
6334 3
6335 1
6336 0
6337 0
6338 0
6339 1
6340 2
6341 3
6342 0
6343 3
6344 3
6345 0
6346 0
6347 2
6348 0
6349 3
6350 0
6351 0
6352 0
6353 0
6354 3
6355 1
6356 1
6357 3
6358 0
6359 3
6360 0
6361 0
6362 3
6363 1
6364 0
6365 4
6366 0
6367 3
6368 0
6369 0
6370 1
6371 1
6372 1
6373 1
6374 1
6375 3
6376 2
6377 0
6378 3
6379 3
6380 3
6381 2
6382 0
6383 0
6384 2
6385 2
6386 0
6387 0
6388 0
6389 0
6390 0
6391 0
6392 0
6393 0
6394 3
6395 0
6396 3
6397 2
6398 0
6399 0
6400 2
6401 0
6402 0
6403 0
6404 1
6405 2
6406 0
6407 0
6408 0
6409 0
6410 0
6411 0
6412 0
6413 0
6414 0
6415 0
6416 0
6417 0
6418 0
6419 0
6420 0
6421 0
6422 0
6423 0
6424 2
6425 3
6426 0
6427 0
6428 0
6429 0
6430 0
6431 0
6432 0
6433 0
6434 0
6435 1
6436 0
6437 0
6438 0
6439 0
6440 0
6441 0
6442 3
6443 3
6444 0
6445 0
6446 3
6447 3
6448 3
6449 3
6450 3
6451 3
6452 1
6453 1
6454 1
6455 1
6456 3
6457 0
6458 0
6459 0
6460 0
6461 1
6462 0
6463 3
6464 3
6465 3
6466 3
6467 3
6468 3
6469 3
6470 0
6471 3
6472 3
6473 1
6474 1
6475 0
6476 1
6477 1
6478 1
6479 1
6480 1
6481 0
6482 0
6483 0
6484 0
6485 0
6486 0
6487 0
6488 0
6489 0
6490 0
6491 0
6492 0
6493 0
6494 0
6495 0
6496 0
6497 0
6498 0
6499 0
6500 0
6501 0
6502 2
6503 3
6504 1
6505 1
6506 1
6507 1
6508 3
6509 1
6510 1
6511 3
6512 3
6513 3
6514 3
6515 3
6516 3
6517 0
6518 0
6519 3
6520 10
6521 10
6522 0
6523 0
6524 0
6525 0
6526 0
6527 1
6528 0
6529 3
6530 0
6531 0
6532 0
6533 0
6534 0
6535 1
6536 1
6537 1
6538 3
6539 0
6540 3
6541 3
6542 3
6543 1
6544 1
6545 0
6546 0
6547 3
6548 3
6549 3
6550 3
6551 3
6552 1
6553 1
6554 3
6555 2
6556 0
6557 0
6558 2
6559 3
6560 0
6561 0
6562 0
6563 0
6564 0
6565 3
6566 0
6567 1
6568 0
6569 0
6570 0
6571 0
6572 0
6573 3
6574 0
6575 0
6576 0
6577 0
6578 0
6579 0
6580 0
6581 0
6582 0
6583 0
6584 0
6585 0
6586 0
6587 3
6588 0
6589 0
6590 0
6591 0
6592 0
6593 3
6594 3
6595 3
6596 3
6597 0
6598 3
6599 3
6600 0
6601 0
6602 0
6603 0
6604 0
6605 0
6606 0
6607 1
6608 1
6609 1
6610 3
6611 3
6612 3
6613 3
6614 0
6615 0
6616 0
6617 0
6618 2
6619 2
6620 1
6621 1
6622 0
6623 2
6624 3
6625 0
6626 0
6627 0
6628 0
6629 0
6630 0
6631 0
6632 1
6633 1
6634 0
6635 0
6636 0
6637 0
6638 11
6639 11
6640 5
6641 11
6642 1
6643 1
6644 1
6645 1
6646 0
6647 0
6648 3
6649 0
6650 0
6651 1
6652 0
6653 0
6654 0
6655 1
6656 0
6657 3
6658 1
6659 3
6660 1
6661 0
6662 0
6663 0
6664 3
6665 0
6666 1
6667 0
6668 0
6669 0
6670 0
6671 0
6672 1
6673 0
6674 3
6675 3
6676 1
6677 0
6678 0
6679 2
6680 1
6681 3
6682 0
6683 0
6684 1
6685 0
6686 0
6687 0
6688 0
6689 0
6690 0
6691 0
6692 0
6693 0
6694 0
6695 0
6696 0
6697 0
6698 0
6699 0
6700 0
6701 0
6702 0
6703 0
6704 0
6705 0
6706 0
6707 0
6708 0
6709 0
6710 0
6711 0
6712 0
6713 0
6714 0
6715 0
6716 0
6717 0
6718 0
6719 0
6720 0
6721 1
6722 0
6723 3
6724 3
6725 3
6726 3
6727 0
6728 3
6729 0
6730 0
6731 0
6732 0
6733 0
6734 1
6735 3
6736 3
6737 3
6738 3
6739 1
6740 1
6741 3
6742 3
6743 0
6744 0
6745 0
6746 0
6747 0
6748 0
6749 0
6750 0
6751 0
6752 0
6753 0
6754 0
6755 0
6756 1
6757 0
6758 0
6759 3
6760 2
6761 0
6762 0
6763 2
6764 0
6765 0
6766 3
6767 3
6768 1
6769 0
6770 0
6771 2
6772 0
6773 0
6774 0
6775 1
6776 0
6777 0
6778 3
6779 0
6780 0
6781 1
6782 3
6783 0
6784 1
6785 0
6786 1
6787 0
6788 0
6789 2
6790 3
6791 1
6792 0
6793 0
6794 0
6795 0
6796 0
6797 0
6798 0
6799 0
6800 0
6801 0
6802 0
6803 0
6804 0
6805 0
6806 0
6807 0
6808 0
6809 0
6810 0
6811 0
6812 0
6813 0
6814 0
6815 0
6816 0
6817 0
6818 0
6819 0
6820 0
6821 0
6822 0
6823 0
6824 0
6825 0
6826 0
6827 0
6828 0
6829 0
6830 0
6831 0
6832 0
6833 0
6834 0
6835 0
6836 0
6837 0
6838 0
6839 0
6840 0
6841 0
6842 0
6843 0
6844 0
6845 0
6846 1
6847 0
6848 0
6849 0
6850 0
6851 0
6852 0
6853 0
6854 0
6855 0
6856 0
6857 0
6858 0
6859 0
6860 0
6861 0
6862 0
6863 0
6864 0
6865 0
6866 0
6867 0
6868 0
6869 0
6870 0
6871 0
6872 0
6873 0
6874 0
6875 0
6876 0
6877 0
6878 0
6879 0
6880 0
6881 0
6882 0
6883 0
6884 0
6885 0
6886 0
6887 0
6888 0
6889 0
6890 0
6891 0
6892 0
6893 0
6894 0
6895 0
6896 0
6897 1
6898 3
6899 0
6900 0
6901 0
6902 0
6903 3
6904 0
6905 0
6906 0
6907 0
6908 0
6909 12
6910 3
6911 12
6912 3
6913 1
6914 0
6915 0
6916 0
6917 0
6918 0
6919 3
6920 0
6921 0
6922 1
6923 1
6924 0
6925 0
6926 3
6927 0
6928 3
6929 1
6930 1
6931 1
6932 0
6933 0
6934 0
6935 0
6936 0
6937 0
6938 0
6939 0
6940 0
6941 3
6942 1
6943 0
6944 3
6945 3
6946 0
6947 0
6948 3
6949 3
6950 0
6951 0
6952 1
6953 3
6954 3
6955 3
6956 0
6957 0
6958 0
6959 0
6960 0
6961 0
6962 0
6963 0
6964 0
6965 0
6966 1
6967 2
6968 0
6969 1
6970 0
6971 0
6972 0
6973 3
6974 0
6975 0
6976 3
6977 2
6978 3
6979 5
6980 2
6981 5
6982 2
6983 2
6984 2
6985 5
6986 2
6987 5
6988 3
6989 2
6990 2
6991 2
6992 5
6993 2
6994 3
6995 2
6996 2
6997 2
6998 1
6999 1
7000 1
7001 1
7002 1
7003 1
7004 3
7005 0
7006 0
7007 0
7008 1
7009 1
7010 0
7011 3
7012 0
7013 13
7014 0
7015 3
7016 3
7017 3
7018 3
7019 3
7020 1
7021 1
7022 1
7023 1
7024 2
7025 1
7026 1
7027 1
7028 0
7029 3
7030 1
7031 1
7032 14
7033 14
7034 0
7035 3
7036 3
7037 3
7038 3
7039 3
7040 3
7041 3
7042 3
7043 1
7044 1
7045 3
7046 0
7047 1
7048 1
7049 1
7050 0
7051 0
7052 9
7053 3
7054 9
7055 3
7056 0
7057 1
7058 0
7059 0
7060 0
7061 0
7062 0
7063 0
7064 0
7065 0
7066 0
7067 2
7068 2
7069 0
7070 0
7071 0
7072 1
7073 3
7074 0
7075 0
7076 0
7077 0
7078 0
7079 0
7080 0
7081 0
7082 0
7083 0
7084 0
7085 0
7086 0
7087 1
7088 1
7089 1
7090 1
7091 0
7092 1
7093 0
7094 1
7095 1
7096 1
7097 0
7098 0
7099 0
7100 0
7101 0
7102 1
7103 0
7104 0
7105 0
7106 0
7107 5
7108 0
7109 0
7110 0
7111 0
7112 0
7113 0
7114 0
7115 0
7116 0
7117 0
7118 3
7119 3
7120 1
7121 3
7122 3
7123 0
7124 1
7125 13
7126 1
7127 1
7128 0
7129 0
7130 0
7131 0
7132 0
7133 0
7134 0
7135 0
7136 0
7137 0
7138 0
7139 3
7140 0
7141 0
7142 1
7143 1
7144 0
7145 5
7146 5
7147 5
7148 5
7149 5
7150 5
7151 5
7152 5
7153 5
7154 5
7155 5
7156 5
7157 5
7158 5
7159 5
7160 5
7161 5
7162 5
7163 5
7164 5
7165 5
7166 5
7167 5
7168 5
7169 5
7170 5
7171 5
7172 5
7173 5
7174 5
7175 5
7176 5
7177 5
7178 5
7179 5
7180 5
7181 3
7182 0
7183 0
7184 0
7185 1
7186 0
7187 0
7188 0
7189 0
7190 1
7191 0
7192 0
7193 0
7194 0
7195 0
7196 0
7197 0
7198 0
7199 0
7200 3
7201 0
7202 0
7203 0
7204 0
7205 0
7206 0
7207 0
7208 0
7209 0
7210 0
7211 14
7212 0
7213 1
7214 1
7215 3
7216 3
7217 0
7218 0
7219 0
7220 3
7221 3
7222 3
7223 1
7224 0
7225 3
7226 0
7227 0
7228 0
7229 1
7230 3
7231 0
7232 0
7233 0
7234 0
7235 0
7236 1
7237 1
7238 0
7239 0
7240 0
7241 1
7242 0
7243 0
7244 0
7245 0
7246 3
7247 3
7248 3
7249 3
7250 1
7251 3
7252 0
7253 3
7254 3
7255 3
7256 3
7257 3
7258 0
7259 3
7260 3
7261 3
7262 3
7263 3
7264 3
7265 3
7266 3
7267 0
7268 3
7269 3
7270 3
7271 0
7272 3
7273 3
7274 3
7275 3
7276 0
7277 3
7278 3
7279 3
7280 1
7281 3
7282 3
7283 3
7284 3
7285 3
7286 1
7287 3
7288 1
7289 3
7290 0
7291 3
7292 1
7293 0
7294 0
7295 0
7296 0
7297 0
7298 0
7299 0
7300 0
7301 0
7302 0
7303 0
7304 0
7305 0
7306 0
7307 0
7308 0
7309 0
7310 0
7311 0
7312 0
7313 0
7314 0
7315 0
7316 0
7317 0
7318 0
7319 0
7320 0
7321 0
7322 0
7323 0
7324 0
7325 0
7326 0
7327 0
7328 0
7329 0
7330 0
7331 0
7332 0
7333 0
7334 1
7335 3
7336 1
7337 1
7338 15
7339 15
7340 1
7341 3
7342 1
7343 0
7344 0
7345 1
7346 2
7347 2
7348 3
7349 2
7350 3
7351 2
7352 2
7353 2
7354 2
7355 2
7356 2
7357 2
7358 2
7359 2
7360 2
7361 2
7362 3
7363 1
7364 2
7365 2
7366 2
7367 1
7368 1
7369 1
7370 1
7371 1
7372 1
7373 0
7374 1
7375 3
7376 3
7377 3
7378 3
7379 3
7380 3
7381 1
7382 1
7383 1
7384 1
7385 1
7386 0
7387 3
7388 0
7389 0
7390 0
7391 3
7392 0
7393 3
7394 0
7395 0
7396 0
7397 0
7398 0
7399 0
7400 0
7401 0
7402 0
7403 0
7404 0
7405 0
7406 1
7407 3
7408 3
7409 0
7410 0
7411 0
7412 0
7413 0
7414 0
7415 0
7416 0
7417 0
7418 0
7419 0
7420 0
7421 0
7422 0
7423 0
7424 0
7425 0
7426 0
7427 0
7428 0
7429 0
7430 0
7431 3
7432 3
7433 1
7434 3
7435 1
7436 3
7437 3
7438 3
7439 0
7440 3
7441 3
7442 13
7443 3
7444 3
7445 1
7446 3
7447 3
7448 3
7449 0
7450 3
7451 3
7452 1
7453 3
7454 1
7455 3
7456 3
7457 3
7458 1
7459 2
7460 0
7461 1
7462 1
7463 0
7464 0
7465 0
7466 0
7467 0
7468 1
7469 0
7470 0
7471 0
7472 0
7473 0
7474 0
7475 0
7476 0
7477 1
7478 1
7479 1
7480 3
7481 0
7482 3
7483 3
7484 3
7485 3
7486 0
7487 0
7488 0
7489 3
7490 1
7491 1
7492 1
7493 3
7494 3
7495 0
7496 0
7497 0
7498 0
7499 0
7500 1
7501 0
7502 0
7503 3
7504 3
7505 3
7506 3
7507 3
7508 3
7509 3
7510 3
7511 3
7512 3
7513 3
7514 3
7515 3
7516 3
7517 3
7518 3
7519 1
7520 1
7521 1
7522 1
7523 0
7524 0
7525 0
7526 2
7527 2
7528 2
7529 2
7530 2
7531 2
7532 3
7533 3
7534 0
7535 0
7536 0
7537 1
7538 1
7539 0
7540 3
7541 3
7542 3
7543 3
7544 3
7545 3
7546 0
7547 0
7548 1
7549 0
7550 0
7551 3
7552 3
7553 3
7554 1
7555 1
7556 3
7557 1
7558 1
7559 1
7560 1
7561 1
7562 1
7563 1
7564 1
7565 3
7566 1
7567 1
7568 1
7569 1
7570 0
7571 0
7572 0
7573 0
7574 0
7575 0
7576 0
7577 0
7578 0
7579 0
7580 0
7581 0
7582 0
7583 0
7584 0
7585 0
7586 0
7587 0
7588 0
7589 0
7590 0
7591 0
7592 0
7593 0
7594 0
7595 0
7596 0
7597 0
7598 1
7599 1
7600 1
7601 1
7602 1
7603 0
7604 3
7605 1
7606 3
7607 14
7608 3
7609 3
7610 3
7611 3
7612 1
7613 1
7614 0
7615 0
7616 0
7617 0
7618 0
7619 0
7620 0
7621 0
7622 0
7623 0
7624 0
7625 1
7626 1
7627 1
7628 3
7629 1
7630 1
7631 1
7632 3
7633 0
7634 1
7635 1
7636 0
7637 0
7638 1
7639 0
7640 0
7641 1
7642 1
7643 1
7644 3
7645 0
7646 3
7647 0
7648 0
7649 0
7650 3
7651 0
7652 1
7653 1
7654 1
7655 0
7656 0
7657 0
7658 0
7659 3
7660 3
7661 0
7662 0
7663 0
7664 0
7665 3
7666 0
7667 3
7668 1
7669 1
7670 3
7671 0
7672 13
7673 13
7674 13
7675 13
7676 13
7677 13
7678 13
7679 3
7680 3
7681 1
7682 1
7683 3
7684 0
7685 1
7686 1
7687 0
7688 1
7689 1
7690 1
7691 0
7692 0
7693 0
7694 2
7695 2
7696 0
7697 1
7698 1
7699 0
7700 1
7701 1
7702 0
7703 0
7704 0
7705 0
7706 0
7707 0
7708 0
7709 0
7710 0
7711 0
7712 0
7713 0
7714 0
7715 0
7716 0
7717 0
7718 0
7719 0
7720 0
7721 0
7722 0
7723 0
7724 0
7725 0
7726 1
7727 3
7728 0
7729 0
7730 0
7731 0
7732 1
7733 0
7734 1
7735 0
7736 0
7737 0
7738 1
7739 0
7740 3
7741 0
7742 3
7743 0
7744 0
7745 1
7746 1
7747 1
7748 0
7749 3
7750 3
7751 0
7752 1
7753 1
7754 1
7755 0
7756 0
7757 0
7758 0
7759 0
7760 0
7761 0
7762 1
7763 1
7764 1
7765 3
7766 3
7767 0
7768 0
7769 0
7770 0
7771 0
7772 0
7773 0
7774 0
7775 0
7776 3
7777 1
7778 1
7779 1
7780 3
7781 14
7782 14
7783 14
7784 14
7785 14
7786 14
7787 14
7788 14
7789 14
7790 1
7791 1
7792 3
7793 3
7794 0
7795 3
7796 3
7797 3
7798 3
7799 1
7800 0
7801 0
7802 0
7803 0
7804 0
7805 0
7806 0
7807 0
7808 0
7809 0
7810 0
7811 0
7812 0
7813 0
7814 16
7815 0
7816 0
7817 0
7818 0
7819 0
7820 0
7821 0
7822 1
7823 1
7824 0
7825 1
7826 3
7827 3
7828 3
7829 0
7830 3
7831 3
7832 0
7833 3
7834 0
7835 0
7836 0
7837 0
7838 0
7839 0
7840 3
7841 6
7842 6
7843 6
7844 6
7845 6
7846 6
7847 0
7848 3
7849 16
7850 1
7851 1
7852 0
7853 3
7854 3
7855 0
7856 0
7857 1
7858 0
7859 0
7860 0
7861 0
7862 0
7863 1
7864 1
7865 1
7866 1
7867 1
7868 1
7869 0
7870 0
7871 0
7872 1
7873 0
7874 3
7875 3
7876 0
7877 0
7878 0
7879 0
7880 3
7881 0
7882 0
7883 0
7884 0
7885 0
7886 0
7887 0
7888 1
7889 3
7890 1
7891 1
7892 1
7893 1
7894 1
7895 1
7896 1
7897 1
7898 1
0 1
1 6
2 0
3 3
4 0
5 0
6 3
7 2
8 3
9 1
10 6
11 4
12 3
13 5
14 0
15 6
16 3
0 0
1 1
2 2
3 3
4 4
5 5
6 6
1e-06 0.179451 97
