0 0
1 0
2 2
3 0
4 0
5 0
6 0
7 0
8 0
9 0
10 1
11 0
12 6
13 0
14 0
15 0
16 0
17 0
18 0
19 0
20 0
21 0
22 0
23 0
24 0
25 0
26 0
27 0
28 0
29 0
30 6
31 0
32 6
33 0
34 0
35 0
36 1
37 0
38 0
39 6
40 8
41 0
42 0
43 0
44 0
45 0
46 6
47 6
48 6
49 0
50 0
51 0
52 0
53 0
54 0
55 6
56 0
57 0
58 0
59 0
60 0
61 0
62 0
63 6
64 0
65 6
66 0
67 0
68 0
69 0
70 0
71 0
72 0
73 6
74 6
75 0
76 0
77 0
78 0
79 0
80 0
81 0
82 0
83 0
84 0
85 0
86 0
87 1
88 2
89 8
90 1
91 1
92 8
93 8
94 8
95 1
96 8
97 2
98 8
99 1
100 8
101 8
102 1
103 1
104 1
105 8
106 1
107 1
108 1
109 0
110 0
111 6
112 0
113 1
114 2
115 0
116 0
117 1
118 6
119 1
120 1
121 0
122 1
123 1
124 1
125 1
126 0
127 1
128 1
129 0
130 0
131 1
132 1
133 1
134 6
135 0
136 0
137 1
138 0
139 0
140 1
141 1
142 1
143 0
144 0
145 0
146 1
147 0
148 0
149 6
150 0
151 1
152 0
153 0
154 0
155 1
156 1
157 0
158 0
159 1
160 0
161 1
162 6
163 0
164 0
165 0
166 0
167 1
168 1
169 0
170 0
171 0
172 6
173 0
174 0
175 6
176 1
177 1
178 6
179 0
180 6
181 8
182 1
183 1
184 1
185 0
186 1
187 0
188 1
189 0
190 0
191 0
192 1
193 1
194 1
195 0
196 0
197 1
198 0
199 0
200 1
201 0
202 1
203 0
204 0
205 1
206 2
207 0
208 1
209 1
210 0
211 1
212 1
213 0
214 0
215 0
216 1
217 1
218 0
219 0
220 0
221 0
222 6
223 0
224 1
225 1
226 1
227 0
228 0
229 1
230 0
231 8
232 1
233 0
234 0
235 6
236 1
237 1
238 1
239 1
240 0
241 0
242 0
243 1
244 1
245 0
246 6
247 1
248 1
249 0
250 1
251 1
252 6
253 1
254 8
255 0
256 2
257 0
258 2
259 0
260 6
261 1
262 6
263 0
264 1
265 0
266 1
267 6
268 0
269 1
270 1
271 0
272 6
273 1
274 0
275 0
276 1
277 1
278 1
279 1
280 1
281 1
282 1
283 1
284 1
285 6
286 6
287 6
288 6
289 1
290 0
291 1
292 1
293 0
294 0
295 0
296 0
297 0
298 1
299 1
300 0
301 0
302 0
303 1
304 1
305 1
306 2
307 1
308 0
309 1
310 0
311 0
312 1
313 0
314 1
315 0
316 1
317 0
318 6
319 1
320 0
321 1
322 1
323 0
324 1
325 0
326 0
327 0
328 1
329 0
330 0
331 0
332 1
333 6
334 1
335 0
336 8
337 1
338 1
339 1
340 1
341 1
342 1
343 0
344 1
345 1
346 1
347 0
348 0
349 1
350 6
351 0
352 0
353 1
354 0
355 0
356 0
357 6
358 1
359 0
360 1
361 1
362 1
363 1
364 0
365 0
366 0
367 1
368 0
369 0
370 1
371 0
372 0
373 0
374 1
375 8
376 0
377 1
378 0
379 1
380 1
381 0
382 0
383 1
384 0
385 1
386 1
387 1
388 1
389 0
390 0
391 1
392 1
393 1
394 1
395 0
396 6
397 1
398 0
399 6
400 1
401 6
402 0
403 0
404 0
405 0
406 0
407 1
408 1
409 0
410 0
411 1
412 1
413 1
414 1
415 1
416 1
417 1
418 0
419 0
420 0
421 1
422 0
423 1
424 1
425 1
426 1
427 0
428 0
429 0
430 0
431 0
432 0
433 1
434 1
435 1
436 0
437 0
438 0
439 1
440 1
441 0
442 1
443 0
444 1
445 0
446 1
447 1
448 8
449 1
450 0
451 0
452 0
453 1
454 1
455 0
456 0
457 1
458 0
459 2
460 0
461 1
462 6
463 2
464 0
465 0
466 1
467 0
468 0
469 6
470 1
471 0
472 1
473 6
474 1
475 0
476 1
477 1
478 0
479 1
480 0
481 1
482 0
483 1
484 0
485 0
486 1
487 0
488 1
489 1
490 0
491 0
492 0
493 0
494 0
495 1
496 1
497 0
498 0
499 0
500 0
501 1
502 0
503 0
504 1
505 1
506 0
507 0
508 0
509 1
510 1
511 1
512 0
513 1
514 1
515 1
516 6
517 0
518 1
519 0
520 1
521 1
522 0
523 1
524 6
525 2
526 6
527 1
528 6
529 1
530 0
531 1
532 1
533 1
534 0
535 1
536 1
537 1
538 0
539 1
540 1
541 1
542 1
543 1
544 1
545 1
546 2
547 6
548 6
549 6
550 6
551 6
552 6
553 6
554 1
555 0
556 1
557 0
558 1
559 1
560 1
561 0
562 1
563 1
564 2
565 0
566 0
567 0
568 0
569 0
570 0
571 1
572 0
573 1
574 2
575 0
576 1
577 1
578 1
579 0
580 0
581 1
582 0
583 1
584 1
585 1
586 1
587 1
588 1
589 1
590 0
591 0
592 0
593 0
594 1
595 0
596 1
597 1
598 0
599 1
600 0
601 0
602 0
603 1
604 6
605 6
606 1
607 6
608 6
609 1
610 1
611 1
612 1
613 0
614 0
615 1
616 0
617 1
618 1
619 0
620 1
621 6
622 0
623 1
624 1
625 0
626 1
627 0
628 0
629 0
630 1
631 0
632 0
633 0
634 1
635 1
636 1
637 1
638 0
639 0
640 0
641 0
642 1
643 1
644 1
645 1
646 1
647 0
648 1
649 6
650 6
651 1
652 0
653 1
654 1
655 1
656 0
657 1
658 0
659 0
660 0
661 0
662 0
663 0
664 0
665 1
666 1
667 1
668 1
669 0
670 6
671 0
672 1
673 1
674 0
675 0
676 0
677 6
678 1
679 0
680 1
681 6
682 0
683 6
684 1
685 0
686 6
687 1
688 0
689 0
690 1
691 0
692 0
693 0
694 1
695 0
696 0
697 2
698 8
699 0
700 0
701 0
702 1
703 6
704 0
705 0
706 1
707 6
708 0
709 0
710 1
711 1
712 0
713 1
714 0
715 1
716 1
717 0
718 1
719 1
720 1
721 6
722 1
723 0
724 1
725 1
726 0
727 1
728 0
729 0
730 0
731 1
732 1
733 0
734 1
735 1
736 0
737 0
738 1
739 0
740 6
741 1
742 1
743 0
744 0
745 6
746 0
747 0
748 0
749 8
750 1
751 1
752 0
753 0
754 8
755 6
756 8
757 1
758 0
759 1
760 1
761 1
762 1
763 0
764 1
765 1
766 0
767 6
768 1
769 0
770 1
771 0
772 1
773 0
774 1
775 1
776 0
777 0
778 1
779 0
780 1
781 0
782 0
783 0
784 0
785 1
786 1
787 0
788 1
789 8
790 1
791 1
792 1
793 1
794 1
795 8
796 1
797 0
798 0
799 0
800 1
801 1
802 1
803 2
804 0
805 1
806 1
807 1
808 1
809 1
810 1
811 1
812 0
813 0
814 0
815 0
816 1
817 1
818 0
819 1
820 1
821 6
822 1
823 0
824 0
825 6
826 1
827 0
828 0
829 0
830 6
831 6
832 1
833 0
834 2
835 1
836 1
837 6
838 1
839 1
840 0
841 0
842 0
843 0
844 1
845 0
846 0
847 0
848 1
849 0
850 1
851 0
852 1
853 0
854 1
855 1
856 1
857 0
858 1
859 1
860 1
861 6
862 0
863 1
864 0
865 1
866 0
867 0
868 0
869 1
870 0
871 0
872 1
873 1
874 1
875 0
876 0
877 0
878 0
879 6
880 1
881 1
882 8
883 6
884 1
885 0
886 1
887 0
888 0
889 0
890 1
891 0
892 1
893 1
894 1
895 1
896 0
897 1
898 0
899 1
900 0
901 0
902 1
903 0
904 1
905 0
906 8
907 1
908 1
909 1
910 0
911 0
912 1
913 1
914 0
915 6
916 0
917 1
918 0
919 0
920 1
921 1
922 0
923 1
924 1
925 0
926 1
927 1
928 1
929 1
930 1
931 6
932 1
933 1
934 1
935 1
936 8
937 0
938 0
939 0
940 8
941 6
942 0
943 1
944 0
945 0
946 1
947 0
948 1
949 0
950 1
951 1
952 0
953 6
954 1
955 1
956 1
957 0
958 1
959 6
960 1
961 1
962 1
963 2
964 1
965 6
966 6
967 0
968 8
969 1
970 0
971 0
972 1
973 1
974 8
975 0
976 1
977 0
978 0
979 1
980 1
981 1
982 6
983 1
984 0
985 1
986 0
987 0
988 1
989 1
990 1
991 6
992 0
993 0
994 0
995 1
996 1
997 1
998 1
999 0
1000 1
1001 1
1002 0
1003 0
1004 1
1005 6
1006 0
1007 0
1008 0
1009 0
1010 0
1011 1
1012 0
1013 0
1014 1
1015 1
1016 0
1017 6
1018 1
1019 6
1020 0
1021 6
1022 0
1023 0
1024 1
1025 1
1026 1
1027 1
1028 0
1029 0
1030 6
1031 8
1032 1
1033 1
1034 1
1035 6
1036 2
1037 1
1038 1
1039 0
1040 0
1041 1
1042 0
1043 0
1044 1
1045 0
1046 0
1047 0
1048 0
1049 0
1050 0
1051 0
1052 0
1053 1
1054 6
1055 8
1056 8
1057 8
1058 8
1059 0
1060 1
1061 1
1062 0
1063 8
1064 1
1065 0
1066 8
1067 8
1068 8
1069 8
1070 6
1071 8
1072 1
1073 8
1074 6
1075 0
1076 6
1077 8
1078 8
1079 0
1080 8
1081 6
1082 0
1083 2
1084 8
1085 0
1086 0
1087 0
1088 8
1089 1
1090 8
1091 6
1092 0
1093 0
1094 1
1095 2
1096 1
1097 8
1098 2
1099 1
1100 1
1101 8
1102 1
1103 1
1104 6
1105 8
1106 8
1107 0
1108 8
1109 1
1110 8
1111 0
1112 6
1113 6
1114 6
1115 6
1116 6
1117 6
1118 6
1119 8
1120 1
1121 8
1122 0
1123 6
1124 1
1125 1
1126 6
1127 0
1128 1
1129 0
1130 0
1131 8
1132 0
1133 1
1134 0
1135 0
1136 1
1137 0
1138 8
1139 1
1140 0
1141 0
1142 6
1143 1
1144 0
1145 2
1146 2
1147 1
1148 8
1149 0
1150 8
1151 2
1152 6
1153 0
1154 8
1155 1
1156 1
1157 2
1158 8
1159 1
1160 8
1161 8
1162 1
1163 0
1164 1
1165 8
1166 8
1167 1
1168 1
1169 8
1170 8
1171 8
1172 0
1173 0
1174 8
1175 8
1176 1
1177 8
1178 2
1179 1
1180 6
1181 0
1182 1
1183 0
1184 1
1185 0
1186 1
1187 0
1188 1
1189 6
1190 6
1191 0
1192 6
1193 1
1194 0
1195 8
1196 1
1197 6
1198 1
1199 1
1200 6
1201 1
1202 0
1203 1
1204 1
1205 1
1206 1
1207 0
1208 1
1209 1
1210 1
1211 1
1212 1
1213 1
1214 1
1215 2
1216 1
1217 6
1218 8
1219 1
1220 1
1221 1
1222 1
1223 1
1224 1
1225 1
1226 1
1227 1
1228 1
1229 1
1230 6
1231 6
1232 0
1233 6
1234 1
1235 8
1236 1
1237 1
1238 1
1239 1
1240 6
1241 1
1242 1
1243 1
1244 1
1245 1
1246 1
1247 1
1248 1
1249 1
1250 6
1251 6
1252 1
1253 6
1254 1
1255 1
1256 1
1257 1
1258 1
1259 8
1260 1
1261 1
1262 1
1263 0
1264 1
1265 6
1266 6
1267 1
1268 6
1269 0
1270 8
1271 8
1272 1
1273 1
1274 8
1275 8
1276 1
1277 1
1278 1
1279 8
1280 0
1281 8
1282 2
1283 8
1284 8
1285 8
1286 1
1287 8
1288 8
1289 8
1290 8
1291 8
1292 1
1293 8
1294 1
1295 1
1296 8
1297 8
1298 1
1299 6
1300 8
1301 2
1302 8
1303 8
1304 8
1305 6
1306 8
1307 8
1308 8
1309 8
1310 6
1311 8
1312 8
1313 8
1314 8
1315 8
1316 6
1317 8
1318 8
1319 8
1320 8
1321 8
1322 8
1323 1
1324 6
1325 8
1326 1
1327 1
1328 1
1329 1
1330 1
1331 8
1332 8
1333 8
1334 8
1335 6
1336 8
1337 8
1338 8
1339 8
1340 8
1341 8
1342 8
1343 6
1344 8
1345 1
1346 8
1347 1
1348 1
1349 8
1350 8
1351 8
1352 8
1353 1
1354 8
1355 6
1356 8
1357 8
1358 8
1359 8
1360 8
1361 8
1362 8
1363 8
1364 8
1365 8
1366 1
1367 1
1368 8
1369 8
1370 8
1371 1
1372 8
1373 8
1374 8
1375 1
1376 8
1377 1
1378 0
1379 8
1380 8
1381 1
1382 1
1383 1
1384 8
1385 8
1386 6
1387 8
1388 10
1389 8
1390 1
1391 0
1392 1
1393 8
1394 8
1395 8
1396 8
1397 1
1398 1
1399 1
1400 1
1401 1
1402 8
1403 1
1404 1
1405 1
1406 8
1407 6
1408 1
1409 8
1410 1
1411 8
1412 1
1413 0
1414 0
1415 0
1416 6
1417 2
1418 0
1419 0
1420 0
1421 0
1422 0
1423 0
1424 8
1425 0
1426 0
1427 0
1428 6
1429 0
1430 0
1431 0
1432 0
1433 2
1434 0
1435 0
1436 8
1437 0
1438 0
1439 0
1440 0
1441 0
1442 0
1443 1
1444 0
1445 0
1446 0
1447 0
1448 0
1449 0
1450 0
1451 0
1452 0
1453 0
1454 0
1455 0
1456 0
1457 0
1458 0
1459 0
1460 0
1461 0
1462 0
1463 0
1464 0
1465 0
1466 0
1467 0
1468 0
1469 0
1470 0
1471 0
1472 2
1473 1
1474 0
1475 0
1476 0
1477 0
1478 0
1479 0
1480 0
1481 0
1482 0
1483 2
1484 0
1485 0
1486 0
1487 6
1488 6
1489 6
1490 6
1491 6
1492 6
1493 6
1494 6
1495 6
1496 6
1497 6
1498 6
1499 6
1500 6
1501 6
1502 6
1503 0
1504 6
1505 0
1506 6
1507 0
1508 0
1509 0
1510 0
1511 0
1512 0
1513 0
1514 0
1515 0
1516 0
1517 0
1518 0
1519 6
1520 2
1521 0
1522 0
1523 0
1524 0
1525 0
1526 0
1527 0
1528 6
1529 0
1530 0
1531 2
1532 0
1533 0
1534 0
1535 1
1536 0
1537 0
1538 0
1539 8
1540 0
1541 2
1542 0
1543 0
1544 1
1545 0
1546 0
1547 0
1548 6
1549 0
1550 0
1551 6
1552 0
1553 2
1554 0
1555 0
1556 0
1557 0
1558 0
1559 0
1560 6
1561 0
1562 0
1563 6
1564 6
1565 6
1566 6
1567 6
1568 0
1569 0
1570 0
1571 6
1572 0
1573 6
1574 2
1575 0
1576 6
1577 1
1578 0
1579 0
1580 0
1581 6
1582 0
1583 0
1584 0
1585 6
1586 0
1587 0
1588 0
1589 0
1590 0
1591 6
1592 0
1593 1
1594 0
1595 0
1596 1
1597 0
1598 0
1599 0
1600 0
1601 8
1602 8
1603 1
1604 1
1605 2
1606 0
1607 0
1608 2
1609 1
1610 1
1611 1
1612 1
1613 6
1614 6
1615 1
1616 1
1617 0
1618 6
1619 6
1620 1
1621 0
1622 1
1623 1
1624 8
1625 0
1626 1
1627 6
1628 2
1629 1
1630 1
1631 0
1632 0
1633 1
1634 2
1635 0
1636 0
1637 1
1638 0
1639 0
1640 1
1641 6
1642 0
1643 0
1644 6
1645 6
1646 6
1647 1
1648 1
1649 8
1650 1
1651 6
1652 8
1653 1
1654 1
1655 6
1656 0
1657 8
1658 6
1659 0
1660 2
1661 2
1662 1
1663 1
1664 1
1665 1
1666 1
1667 6
1668 1
1669 1
1670 8
1671 2
1672 8
1673 0
1674 0
1675 1
1676 0
1677 8
1678 0
1679 0
1680 8
1681 6
1682 1
1683 0
1684 1
1685 0
1686 6
1687 5
1688 1
1689 5
1690 8
1691 1
1692 6
1693 1
1694 0
1695 5
1696 6
1697 0
1698 1
1699 1
1700 1
1701 6
1702 8
1703 8
1704 1
1705 1
1706 6
1707 6
1708 1
1709 1
1710 1
1711 8
1712 1
1713 6
1714 8
1715 1
1716 8
1717 8
1718 1
1719 6
1720 1
1721 1
1722 1
1723 8
1724 8
1725 0
1726 8
1727 1
1728 1
1729 1
1730 1
1731 1
1732 1
1733 1
1734 1
1735 1
1736 6
1737 1
1738 1
1739 1
1740 1
1741 1
1742 1
1743 1
1744 1
1745 1
1746 1
1747 2
1748 1
1749 1
1750 1
1751 1
1752 1
1753 8
1754 1
1755 2
1756 6
1757 1
1758 1
1759 1
1760 1
1761 8
1762 1
1763 1
1764 1
1765 1
1766 6
1767 0
1768 1
1769 8
1770 8
1771 1
1772 0
1773 1
1774 1
1775 1
1776 0
1777 1
1778 1
1779 1
1780 8
1781 6
1782 1
1783 1
1784 1
1785 1
1786 1
1787 1
1788 1
1789 1
1790 1
1791 6
1792 1
1793 6
1794 8
1795 8
1796 1
1797 1
1798 1
1799 1
1800 1
1801 1
1802 1
1803 6
1804 2
1805 1
1806 1
1807 6
1808 1
1809 1
1810 1
1811 6
1812 1
1813 1
1814 1
1815 1
1816 1
1817 8
1818 1
1819 1
1820 0
1821 1
1822 1
1823 1
1824 1
1825 1
1826 8
1827 8
1828 1
1829 1
1830 8
1831 1
1832 1
1833 8
1834 8
1835 1
1836 1
1837 0
1838 8
1839 1
1840 6
1841 1
1842 1
1843 1
1844 1
1845 8
1846 1
1847 1
1848 1
1849 8
1850 1
1851 8
1852 1
1853 1
1854 1
1855 6
1856 8
1857 1
1858 6
1859 1
1860 1
1861 1
1862 8
1863 8
1864 6
1865 1
1866 1
1867 1
1868 1
1869 1
1870 1
1871 1
1872 1
1873 6
1874 6
1875 1
1876 1
1877 6
1878 1
1879 1
1880 1
1881 1
1882 8
1883 2
1884 1
1885 8
1886 8
1887 8
1888 1
1889 8
1890 2
1891 1
1892 1
1893 1
1894 1
1895 6
1896 1
1897 1
1898 1
1899 0
1900 0
1901 8
1902 6
1903 1
1904 6
1905 8
1906 1
1907 6
1908 1
1909 1
1910 6
1911 1
1912 1
1913 1
1914 1
1915 1
1916 8
1917 1
1918 6
1919 1
1920 1
1921 1
1922 6
1923 8
1924 8
1925 1
1926 1
1927 1
1928 8
1929 1
1930 8
1931 8
1932 1
1933 6
1934 0
1935 8
1936 1
1937 1
1938 6
1939 1
1940 8
1941 8
1942 6
1943 8
1944 8
1945 1
1946 8
1947 0
1948 1
1949 6
1950 8
1951 6
1952 8
1953 1
1954 1
1955 1
1956 6
1957 1
1958 1
1959 1
1960 1
1961 1
1962 1
1963 1
1964 1
1965 8
1966 8
1967 6
1968 1
1969 1
1970 1
1971 2
1972 6
1973 1
1974 8
1975 0
1976 6
1977 6
1978 1
1979 6
1980 6
1981 8
1982 2
1983 8
1984 6
1985 6
1986 8
1987 6
1988 6
1989 8
1990 8
1991 2
1992 8
1993 8
1994 1
1995 1
1996 0
1997 6
1998 1
1999 6
2000 1
2001 6
2002 6
2003 8
2004 6
2005 8
2006 6
2007 8
2008 6
2009 8
2010 8
2011 0
2012 8
2013 8
2014 8
2015 8
2016 8
2017 8
2018 8
2019 8
2020 1
2021 8
2022 8
2023 1
2024 8
2025 8
2026 8
2027 8
2028 6
2029 2
2030 8
2031 8
2032 8
2033 8
2034 8
2035 8
2036 0
2037 8
2038 8
2039 8
2040 8
2041 6
2042 8
2043 8
2044 8
2045 1
2046 1
2047 8
2048 2
2049 8
2050 8
2051 8
2052 8
2053 8
2054 6
2055 1
2056 8
2057 8
2058 8
2059 8
2060 8
2061 1
2062 8
2063 1
2064 2
2065 6
2066 8
2067 8
2068 8
2069 8
2070 8
2071 8
2072 8
2073 8
2074 8
2075 8
2076 8
2077 1
2078 0
2079 8
2080 6
2081 8
2082 8
2083 8
2084 8
2085 8
2086 8
2087 6
2088 8
2089 8
2090 8
2091 8
2092 6
2093 8
2094 1
2095 8
2096 8
2097 8
2098 8
2099 8
2100 8
2101 8
2102 8
2103 6
2104 8
2105 8
2106 8
2107 8
2108 8
2109 8
2110 8
2111 8
2112 8
2113 6
2114 8
2115 1
2116 8
2117 1
2118 8
2119 6
2120 8
2121 6
2122 1
2123 8
2124 1
2125 6
2126 8
2127 1
2128 8
2129 1
2130 8
2131 1
2132 2
2133 1
2134 1
2135 8
2136 1
2137 1
2138 8
2139 1
2140 1
2141 1
2142 1
2143 8
2144 1
2145 1
2146 0
2147 6
2148 1
2149 1
2150 1
2151 1
2152 1
2153 1
2154 1
2155 8
2156 8
2157 1
2158 1
2159 6
2160 2
2161 6
2162 2
2163 1
2164 1
2165 1
2166 1
2167 1
2168 1
2169 1
2170 8
2171 1
2172 8
2173 1
2174 1
2175 1
2176 1
2177 6
2178 6
2179 6
2180 6
2181 1
2182 1
2183 1
2184 1
2185 1
2186 1
2187 1
2188 1
2189 6
2190 1
2191 1
2192 0
2193 0
2194 1
2195 1
2196 6
2197 1
2198 1
2199 1
2200 1
2201 6
2202 1
2203 2
2204 1
2205 0
2206 1
2207 1
2208 8
2209 0
2210 1
2211 1
2212 1
2213 1
2214 1
2215 1
2216 1
2217 1
2218 1
2219 1
2220 1
2221 1
2222 1
2223 6
2224 1
2225 1
2226 2
2227 8
2228 6
2229 0
2230 8
2231 8
2232 1
2233 6
2234 1
2235 1
2236 8
2237 2
2238 1
2239 1
2240 1
2241 1
2242 8
2243 11
2244 1
2245 1
2246 1
2247 1
2248 1
2249 1
2250 8
2251 8
2252 0
2253 1
2254 6
2255 1
2256 1
2257 1
2258 0
2259 1
2260 1
2261 8
2262 1
2263 8
2264 8
2265 1
2266 1
2267 0
2268 1
2269 8
2270 8
2271 0
2272 8
2273 1
2274 1
2275 1
2276 8
2277 8
2278 0
2279 8
2280 1
2281 1
2282 6
2283 2
2284 0
2285 8
2286 0
2287 1
2288 8
2289 1
2290 1
2291 8
2292 2
2293 2
2294 8
2295 8
2296 1
2297 1
2298 2
2299 6
2300 6
2301 6
2302 6
2303 6
2304 8
2305 6
2306 0
2307 8
2308 2
2309 2
2310 6
2311 0
2312 8
2313 1
2314 1
2315 8
2316 6
2317 6
2318 6
2319 1
2320 1
2321 1
2322 1
2323 8
2324 1
2325 1
2326 1
2327 1
2328 1
2329 8
2330 1
2331 1
2332 1
2333 1
2334 1
2335 1
2336 1
2337 1
2338 1
2339 1
2340 1
2341 1
2342 1
2343 1
2344 0
2345 1
2346 1
2347 1
2348 1
2349 8
2350 1
2351 1
2352 1
2353 1
2354 1
2355 8
2356 0
2357 1
2358 1
2359 8
2360 8
2361 1
2362 1
2363 0
2364 1
2365 1
2366 0
2367 1
2368 8
2369 1
2370 1
2371 8
2372 1
2373 1
2374 1
2375 1
2376 1
2377 1
2378 1
2379 1
2380 1
2381 1
2382 1
2383 1
2384 1
2385 0
2386 1
2387 1
2388 1
2389 8
2390 1
2391 1
2392 1
2393 1
2394 0
2395 1
2396 0
2397 0
2398 1
2399 1
2400 1
2401 1
2402 8
2403 8
2404 6
2405 8
2406 1
2407 1
2408 1
2409 8
2410 1
2411 1
2412 1
2413 1
2414 8
2415 1
2416 1
2417 1
2418 8
2419 1
2420 0
2421 1
2422 1
2423 1
2424 1
2425 1
2426 1
2427 8
2428 8
2429 6
2430 6
2431 1
2432 6
2433 1
2434 1
2435 8
2436 1
2437 1
2438 8
2439 1
2440 1
2441 1
2442 1
2443 1
2444 8
2445 1
2446 1
2447 1
2448 1
2449 1
2450 8
2451 8
2452 1
2453 8
2454 1
2455 1
2456 8
2457 1
2458 8
2459 1
2460 1
2461 1
2462 8
2463 1
2464 1
2465 1
2466 1
2467 1
2468 1
2469 1
2470 1
2471 1
2472 0
2473 8
2474 1
2475 1
2476 0
2477 1
2478 1
2479 1
2480 1
2481 1
2482 1
2483 0
2484 8
2485 1
2486 1
2487 1
2488 1
2489 1
2490 1
2491 6
2492 1
2493 1
2494 1
2495 1
2496 1
2497 8
2498 1
2499 1
2500 8
2501 1
2502 0
2503 1
2504 8
2505 1
2506 1
2507 6
2508 1
2509 1
2510 1
2511 8
2512 1
2513 8
2514 1
2515 1
2516 1
2517 6
2518 8
2519 8
2520 1
2521 1
2522 1
2523 1
2524 1
2525 1
2526 1
2527 1
2528 8
2529 1
2530 1
2531 1
2532 8
2533 0
2534 8
2535 0
2536 8
2537 1
2538 1
2539 1
2540 1
2541 1
2542 1
2543 6
2544 1
2545 1
2546 1
2547 8
2548 1
2549 1
2550 1
2551 6
2552 1
2553 8
2554 1
2555 1
2556 0
2557 8
2558 1
2559 1
2560 8
2561 1
2562 1
2563 0
2564 8
2565 8
2566 6
2567 8
2568 1
2569 6
2570 8
2571 2
2572 8
2573 6
2574 2
2575 8
2576 6
2577 6
2578 6
2579 6
2580 8
2581 8
2582 2
2583 0
2584 6
2585 8
2586 6
2587 1
2588 2
2589 0
2590 6
2591 6
2592 6
2593 6
2594 6
2595 6
2596 6
2597 1
2598 2
2599 6
2600 6
2601 6
2602 6
2603 6
2604 0
2605 2
2606 1
2607 6
2608 6
2609 6
2610 6
2611 6
2612 6
2613 6
2614 6
2615 6
2616 6
2617 6
2618 6
2619 6
2620 6
2621 6
2622 6
2623 2
2624 6
2625 6
2626 6
2627 1
2628 8
2629 8
2630 2
2631 8
2632 6
2633 1
2634 1
2635 6
2636 1
2637 8
2638 1
2639 8
2640 2
2641 8
2642 6
2643 6
2644 0
2645 1
2646 1
2647 0
2648 0
2649 1
2650 2
2651 0
2652 0
2653 6
2654 8
2655 1
2656 8
2657 6
2658 0
2659 6
2660 8
2661 8
2662 8
2663 6
2664 6
2665 6
2666 1
2667 1
2668 6
2669 2
2670 6
2671 1
2672 6
2673 8
2674 1
2675 1
2676 1
2677 1
2678 1
2679 1
2680 1
2681 6
2682 0
2683 8
2684 6
2685 6
2686 1
2687 6
2688 8
2689 1
2690 8
2691 8
2692 1
2693 1
2694 1
2695 1
2696 1
2697 1
2698 6
2699 8
2700 8
2701 6
2702 8
2703 8
2704 1
2705 0
2706 6
2707 1
2708 6
2709 8
2710 0
2711 8
2712 1
2713 8
2714 1
2715 0
2716 1
2717 1
2718 8
2719 8
2720 1
2721 6
2722 8
2723 2
2724 8
2725 1
2726 1
2727 0
2728 0
2729 6
2730 1
2731 8
2732 1
2733 1
2734 0
2735 6
2736 6
2737 8
2738 8
2739 0
2740 1
2741 6
2742 8
2743 8
2744 6
2745 1
2746 1
2747 8
2748 1
2749 8
2750 1
2751 8
2752 8
2753 1
2754 8
2755 1
2756 6
2757 6
2758 1
2759 8
2760 6
2761 8
2762 1
2763 1
2764 8
2765 8
2766 8
2767 6
2768 8
2769 8
2770 1
2771 6
2772 1
2773 8
2774 8
2775 1
2776 6
2777 2
2778 1
2779 8
2780 1
2781 8
2782 8
2783 1
2784 1
2785 0
2786 1
2787 8
2788 6
2789 8
2790 8
2791 1
2792 1
2793 2
2794 1
2795 8
2796 0
2797 1
2798 0
2799 6
2800 8
2801 8
2802 1
2803 1
2804 8
2805 1
2806 1
2807 8
2808 1
2809 8
2810 6
2811 6
2812 8
2813 8
2814 1
2815 8
2816 8
2817 1
2818 0
2819 8
2820 8
2821 1
2822 1
2823 8
2824 8
2825 1
2826 1
2827 1
2828 1
2829 8
2830 6
2831 8
2832 1
2833 2
2834 1
2835 0
2836 1
2837 8
2838 1
2839 0
2840 1
2841 6
2842 2
2843 1
2844 1
2845 1
2846 1
2847 8
2848 1
2849 6
2850 1
2851 6
2852 6
2853 1
2854 8
2855 8
2856 8
2857 8
2858 1
2859 6
2860 8
2861 1
2862 0
2863 1
2864 1
2865 8
2866 1
2867 0
2868 1
2869 1
2870 2
2871 8
2872 1
2873 1
2874 0
2875 0
2876 8
2877 6
2878 0
2879 8
2880 1
2881 1
2882 8
2883 8
2884 1
2885 1
2886 1
2887 8
2888 8
2889 1
2890 1
2891 8
2892 8
2893 1
2894 8
2895 1
2896 1
2897 1
2898 8
2899 0
2900 0
2901 0
2902 1
2903 1
2904 2
2905 1
2906 8
2907 1
2908 1
2909 2
2910 8
2911 2
2912 1
2913 6
2914 1
2915 1
2916 6
2917 2
2918 1
2919 8
2920 8
2921 8
2922 8
2923 6
2924 2
2925 8
2926 8
2927 8
2928 1
2929 6
2930 6
2931 1
2932 1
2933 8
2934 6
2935 1
2936 6
2937 8
2938 8
2939 1
2940 8
2941 8
2942 6
2943 1
2944 1
2945 2
2946 1
2947 8
2948 1
2949 1
2950 8
2951 6
2952 8
2953 1
2954 1
2955 1
2956 1
2957 1
2958 6
2959 6
2960 8
2961 6
2962 1
2963 1
2964 8
2965 8
2966 1
2967 1
2968 6
2969 6
2970 8
2971 1
2972 8
2973 6
2974 6
2975 8
2976 6
2977 0
2978 6
2979 8
2980 6
2981 1
2982 1
2983 8
2984 0
2985 8
2986 2
2987 1
2988 8
2989 1
2990 8
2991 1
2992 8
2993 6
2994 2
2995 8
2996 1
2997 0
2998 0
2999 6
3000 2
3001 1
3002 8
3003 0
3004 1
3005 6
3006 8
3007 6
3008 2
3009 1
3010 0
3011 2
3012 1
3013 8
3014 0
3015 8
3016 8
3017 0
3018 0
3019 0
3020 1
3021 1
3022 8
3023 1
3024 8
3025 8
3026 8
3027 8
3028 8
3029 8
3030 8
3031 1
3032 0
3033 6
3034 1
3035 8
3036 1
3037 6
3038 1
3039 0
3040 8
3041 0
3042 1
3043 8
3044 1
3045 1
3046 8
3047 1
3048 8
3049 8
3050 6
3051 1
3052 6
3053 1
3054 8
3055 2
3056 6
3057 8
3058 8
3059 1
3060 8
3061 1
3062 6
3063 1
3064 8
3065 6
3066 1
3067 8
3068 1
3069 6
3070 8
3071 2
3072 6
3073 1
3074 8
3075 1
3076 1
3077 1
3078 1
3079 8
3080 1
3081 8
3082 0
3083 6
3084 8
3085 8
3086 6
3087 1
3088 8
3089 0
3090 6
3091 8
3092 8
3093 0
3094 8
3095 6
3096 1
3097 8
3098 1
3099 0
3100 6
3101 1
3102 8
3103 8
3104 8
3105 8
3106 1
3107 1
3108 8
3109 8
3110 1
3111 1
3112 8
3113 8
3114 1
3115 1
3116 6
3117 8
3118 8
3119 1
3120 0
3121 1
3122 0
3123 2
3124 1
3125 6
3126 6
3127 1
3128 2
3129 8
3130 1
3131 1
3132 1
3133 1
3134 0
3135 1
3136 8
3137 8
3138 0
3139 8
3140 1
3141 1
3142 2
3143 0
3144 8
3145 1
3146 8
3147 1
3148 1
3149 8
3150 8
3151 1
3152 1
3153 1
3154 6
3155 8
3156 0
3157 1
3158 6
3159 6
3160 2
3161 1
3162 2
3163 1
3164 8
3165 1
3166 1
3167 1
3168 1
3169 8
3170 1
3171 1
3172 6
3173 1
3174 6
3175 1
3176 1
3177 8
3178 6
3179 1
3180 8
3181 1
3182 1
3183 8
3184 1
3185 8
3186 1
3187 1
3188 8
3189 8
3190 2
3191 2
3192 1
3193 1
3194 1
3195 8
3196 6
3197 1
3198 8
3199 8
3200 0
3201 8
3202 8
3203 1
3204 8
3205 1
3206 0
3207 8
3208 8
3209 6
3210 1
3211 1
3212 8
3213 1
3214 1
3215 8
3216 8
3217 8
3218 1
3219 8
3220 8
3221 0
3222 6
3223 1
3224 1
3225 8
3226 1
3227 1
3228 1
3229 6
3230 8
3231 8
3232 1
3233 1
3234 8
3235 6
3236 0
3237 0
3238 8
3239 1
3240 8
3241 1
3242 0
3243 8
3244 1
3245 6
3246 1
3247 6
3248 0
3249 1
3250 8
3251 8
3252 1
3253 1
3254 8
3255 1
3256 2
3257 8
3258 1
3259 1
3260 1
3261 6
3262 1
3263 8
3264 1
3265 1
3266 1
3267 1
3268 1
3269 8
3270 0
3271 1
3272 8
3273 8
3274 6
3275 8
3276 1
3277 8
3278 6
3279 8
3280 8
3281 1
3282 8
3283 8
3284 8
3285 1
3286 8
3287 8
3288 1
3289 1
3290 1
3291 6
3292 1
3293 1
3294 1
3295 8
3296 2
3297 8
3298 6
3299 6
3300 6
3301 8
3302 8
3303 1
3304 0
3305 0
3306 8
3307 1
3308 6
3309 8
3310 2
3311 1
3312 8
3313 6
3314 2
3315 6
3316 8
3317 1
3318 6
3319 1
3320 6
3321 8
3322 1
3323 0
3324 2
3325 6
3326 0
3327 8
3328 0
3329 8
3330 1
3331 8
3332 6
3333 1
3334 1
3335 1
3336 1
3337 1
3338 8
3339 8
3340 8
3341 1
3342 1
3343 1
3344 1
3345 1
3346 6
3347 1
3348 1
3349 1
3350 1
3351 0
3352 0
3353 2
3354 1
3355 1
3356 1
3357 6
3358 1
3359 1
3360 2
3361 2
3362 6
3363 8
3364 8
3365 6
3366 8
3367 0
3368 1
3369 8
3370 2
3371 8
3372 8
3373 1
3374 0
3375 0
3376 0
3377 8
3378 1
3379 1
3380 0
3381 1
3382 8
3383 6
3384 8
3385 1
3386 1
3387 6
3388 0
3389 1
3390 8
3391 6
3392 8
3393 1
3394 1
3395 8
3396 8
3397 8
3398 8
3399 1
3400 6
3401 2
3402 6
3403 8
3404 1
3405 1
3406 1
3407 1
3408 0
3409 8
3410 8
3411 8
3412 1
3413 8
3414 8
3415 1
3416 8
3417 8
3418 8
3419 6
3420 1
3421 1
3422 1
3423 8
3424 1
3425 1
3426 0
3427 8
3428 1
3429 1
3430 6
3431 1
3432 1
3433 1
3434 1
3435 6
3436 1
3437 1
3438 8
3439 1
3440 1
3441 8
3442 8
3443 6
3444 8
3445 8
3446 1
3447 8
3448 6
3449 1
3450 8
3451 2
3452 6
3453 8
3454 8
3455 1
3456 1
3457 6
3458 1
3459 8
3460 1
3461 8
3462 6
3463 1
3464 6
3465 8
3466 8
3467 1
3468 1
3469 8
3470 8
3471 8
3472 8
3473 2
3474 6
3475 8
3476 1
3477 8
3478 8
3479 1
3480 8
3481 8
3482 8
3483 0
3484 8
3485 1
3486 1
3487 0
3488 6
3489 1
3490 8
3491 8
3492 8
3493 0
3494 6
3495 8
3496 1
3497 8
3498 1
3499 8
3500 0
3501 1
3502 1
3503 1
3504 1
3505 1
3506 1
3507 8
3508 6
3509 6
3510 8
3511 8
3512 8
3513 1
3514 8
3515 1
3516 6
3517 6
3518 8
3519 8
3520 1
3521 8
3522 1
3523 1
3524 8
3525 8
3526 1
3527 6
3528 8
3529 8
3530 8
3531 1
3532 8
3533 1
3534 8
3535 1
3536 8
3537 2
3538 8
3539 8
3540 0
3541 6
3542 8
3543 1
3544 8
3545 8
3546 1
3547 8
3548 1
3549 8
3550 1
3551 8
3552 1
3553 0
3554 1
3555 8
3556 1
3557 1
3558 8
3559 8
3560 0
3561 8
3562 2
3563 0
3564 8
3565 8
3566 6
3567 1
3568 8
3569 8
3570 6
3571 8
3572 2
3573 8
3574 6
3575 8
3576 1
3577 6
3578 8
3579 6
3580 6
3581 1
3582 0
3583 8
3584 1
3585 1
3586 1
3587 1
3588 8
3589 6
3590 1
3591 1
3592 1
3593 8
3594 8
3595 8
3596 8
3597 1
3598 8
3599 8
3600 6
3601 1
3602 8
3603 6
3604 0
3605 0
3606 1
3607 1
3608 1
3609 1
3610 8
3611 0
3612 8
3613 0
3614 8
3615 8
3616 6
3617 8
3618 1
3619 6
3620 8
3621 2
3622 8
3623 1
3624 0
3625 1
3626 1
3627 8
3628 1
3629 8
3630 8
3631 6
3632 8
3633 6
3634 8
3635 1
3636 6
3637 1
3638 6
3639 1
3640 1
3641 8
3642 2
3643 1
3644 8
3645 1
3646 8
3647 6
3648 1
3649 1
3650 1
3651 1
3652 1
3653 1
3654 6
3655 8
3656 6
3657 0
3658 8
3659 8
3660 0
3661 6
3662 8
3663 1
3664 1
3665 0
3666 1
3667 1
3668 1
3669 8
3670 0
3671 1
3672 8
3673 6
3674 2
3675 0
3676 2
3677 1
3678 1
3679 1
3680 1
3681 1
3682 0
3683 8
3684 8
3685 6
3686 1
3687 6
3688 1
3689 8
3690 1
3691 0
3692 1
3693 1
3694 1
3695 1
3696 0
3697 8
3698 0
3699 8
3700 2
3701 8
3702 6
3703 0
3704 1
3705 8
3706 1
3707 1
3708 1
3709 8
3710 8
3711 8
3712 1
3713 8
3714 1
3715 1
3716 6
3717 2
3718 1
3719 2
3720 8
3721 1
3722 1
3723 6
3724 8
3725 8
3726 6
3727 1
3728 0
3729 8
3730 8
3731 6
3732 6
3733 1
3734 0
3735 6
3736 6
3737 2
3738 8
3739 6
3740 1
3741 2
3742 1
3743 6
3744 0
3745 8
3746 1
3747 0
3748 8
3749 8
3750 0
3751 8
3752 8
3753 6
3754 1
3755 2
3756 6
3757 6
3758 6
3759 1
3760 6
3761 6
3762 0
3763 0
3764 8
3765 6
3766 8
3767 0
3768 0
3769 0
3770 0
3771 0
3772 8
3773 6
3774 6
3775 8
3776 8
3777 6
3778 6
3779 6
3780 6
3781 6
3782 6
3783 1
3784 6
3785 0
3786 6
3787 1
3788 2
3789 8
3790 6
3791 2
3792 6
3793 1
3794 8
3795 6
3796 6
3797 6
3798 8
3799 8
3800 6
3801 6
3802 6
3803 8
3804 6
3805 6
3806 6
3807 0
3808 8
3809 8
3810 8
3811 1
3812 8
3813 8
3814 1
3815 8
3816 8
3817 6
3818 8
3819 8
3820 8
3821 8
3822 8
3823 6
3824 8
3825 8
3826 8
3827 2
3828 0
3829 0
3830 1
3831 8
3832 1
3833 8
3834 8
3835 8
3836 6
3837 6
3838 6
3839 6
3840 0
3841 0
3842 2
3843 2
3844 2
3845 2
3846 2
3847 1
3848 6
3849 6
3850 0
3851 0
3852 0
3853 8
3854 8
3855 1
3856 8
3857 8
3858 8
3859 6
3860 8
3861 8
3862 8
3863 6
3864 0
3865 8
3866 8
3867 6
3868 8
3869 8
3870 8
3871 8
3872 8
3873 1
3874 1
3875 6
3876 8
3877 2
3878 0
3879 6
3880 6
3881 2
3882 6
3883 1
3884 8
3885 8
3886 8
3887 2
3888 8
3889 1
3890 1
3891 1
3892 1
3893 8
3894 0
3895 6
3896 6
3897 6
3898 6
3899 6
3900 6
3901 8
3902 0
3903 0
3904 6
3905 6
3906 0
3907 6
3908 6
3909 6
3910 6
3911 8
3912 8
3913 8
3914 1
3915 1
3916 6
3917 6
3918 8
3919 8
3920 8
3921 1
3922 6
3923 2
3924 8
3925 2
3926 8
3927 6
3928 1
3929 1
3930 0
3931 0
3932 0
3933 0
3934 0
3935 0
3936 8
3937 0
3938 8
3939 0
3940 8
3941 6
3942 8
3943 8
3944 6
3945 8
3946 6
3947 0
3948 0
3949 0
3950 8
3951 8
3952 8
3953 6
3954 6
3955 8
3956 6
3957 8
3958 1
3959 0
3960 1
3961 8
3962 8
3963 2
3964 6
3965 8
3966 1
3967 6
3968 8
3969 0
3970 8
3971 2
3972 2
3973 0
3974 2
3975 1
3976 6
3977 2
3978 2
3979 1
3980 6
3981 1
3982 2
3983 0
3984 6
3985 0
3986 1
3987 8
3988 6
3989 1
3990 6
3991 2
3992 1
3993 0
3994 6
3995 2
3996 6
3997 1
3998 8
3999 0
4000 6
4001 8
4002 0
4003 2
4004 1
4005 6
4006 1
4007 8
4008 2
4009 1
4010 1
4011 2
4012 0
4013 1
4014 1
4015 0
4016 0
4017 6
4018 6
4019 8
4020 0
4021 6
4022 6
4023 6
4024 1
4025 6
4026 2
4027 2
4028 6
4029 6
4030 1
4031 6
4032 1
4033 1
4034 1
4035 6
4036 1
4037 2
4038 2
4039 1
4040 8
4041 2
4042 8
4043 6
4044 8
4045 6
4046 0
4047 6
4048 1
4049 6
4050 7
4051 8
4052 7
4053 2
4054 8
4055 0
4056 6
4057 0
4058 6
4059 1
4060 6
4061 6
4062 6
4063 6
4064 8
4065 6
4066 6
4067 8
4068 6
4069 1
4070 0
4071 0
4072 1
4073 8
4074 1
4075 1
4076 6
4077 8
4078 6
4079 8
4080 8
4081 8
4082 8
4083 8
4084 8
4085 8
4086 8
4087 0
4088 8
4089 8
4090 8
4091 8
4092 8
4093 8
4094 8
4095 8
4096 8
4097 1
4098 1
4099 2
4100 1
4101 6
4102 8
4103 1
4104 8
4105 6
4106 1
4107 8
4108 8
4109 8
4110 8
4111 8
4112 8
4113 8
4114 1
4115 8
4116 8
4117 8
4118 8
4119 6
4120 8
4121 6
4122 8
4123 1
4124 8
4125 8
4126 8
4127 8
4128 8
4129 8
4130 8
4131 8
4132 8
4133 8
4134 8
4135 1
4136 1
4137 6
4138 6
4139 8
4140 11
4141 8
4142 8
4143 8
4144 8
4145 8
4146 8
4147 6
4148 8
4149 8
4150 1
4151 8
4152 8
4153 8
4154 8
4155 8
4156 8
4157 8
4158 8
4159 1
4160 8
4161 8
4162 6
4163 0
4164 8
4165 8
4166 8
4167 2
4168 8
4169 8
4170 8
4171 8
4172 8
4173 8
4174 8
4175 8
4176 8
4177 8
4178 0
4179 6
4180 8
4181 6
4182 8
4183 8
4184 8
4185 8
4186 8
4187 8
4188 8
4189 8
4190 8
4191 8
4192 8
4193 8
4194 8
4195 8
4196 8
4197 8
4198 8
4199 6
4200 8
4201 8
4202 1
4203 8
4204 8
4205 2
4206 8
4207 8
4208 8
4209 8
4210 8
4211 8
4212 8
4213 8
4214 8
4215 8
4216 6
4217 8
4218 1
4219 8
4220 8
4221 8
4222 8
4223 8
4224 8
4225 6
4226 8
4227 8
4228 8
4229 8
4230 8
4231 8
4232 8
4233 8
4234 6
4235 8
4236 8
4237 8
4238 8
4239 8
4240 1
4241 2
4242 8
4243 6
4244 8
4245 8
4246 8
4247 1
4248 8
4249 6
4250 8
4251 8
4252 6
4253 8
4254 1
4255 8
4256 1
4257 8
4258 1
4259 8
4260 1
4261 8
4262 8
4263 8
4264 8
4265 8
4266 8
4267 8
4268 8
4269 8
4270 6
4271 6
4272 0
4273 0
4274 1
4275 6
4276 6
4277 6
4278 0
4279 6
4280 2
4281 8
4282 6
4283 6
4284 6
4285 6
4286 8
4287 6
4288 6
4289 6
4290 6
4291 6
4292 6
4293 6
4294 6
4295 0
4296 0
4297 0
4298 0
4299 0
4300 6
4301 0
4302 2
4303 6
4304 6
4305 1
4306 0
4307 6
4308 6
4309 6
4310 6
4311 8
4312 2
4313 1
4314 6
4315 0
4316 6
4317 6
4318 6
4319 0
4320 6
4321 2
4322 0
4323 8
4324 0
4325 0
4326 6
4327 8
4328 6
4329 8
4330 8
4331 6
4332 6
4333 6
4334 6
4335 6
4336 6
4337 1
4338 6
4339 6
4340 6
4341 8
4342 6
4343 6
4344 6
4345 6
4346 6
4347 6
4348 6
4349 8
4350 6
4351 6
4352 8
4353 6
4354 6
4355 6
4356 6
4357 2
4358 2
4359 2
4360 2
4361 2
4362 2
4363 2
4364 2
4365 1
4366 2
4367 9
4368 2
4369 2
4370 8
4371 8
4372 8
4373 6
4374 6
4375 6
4376 8
4377 6
4378 6
4379 6
4380 8
4381 6
4382 6
4383 6
4384 6
4385 6
4386 6
4387 6
4388 6
4389 6
4390 8
4391 8
4392 8
4393 6
4394 6
4395 6
4396 6
4397 6
4398 6
4399 6
4400 6
4401 6
4402 6
4403 6
4404 6
4405 6
4406 6
4407 6
4408 6
4409 6
4410 6
4411 6
4412 6
4413 6
4414 6
4415 6
4416 6
4417 8
4418 6
4419 6
4420 6
4421 8
4422 6
4423 6
4424 0
4425 6
4426 6
4427 6
4428 6
4429 6
4430 6
4431 8
4432 6
4433 6
4434 8
4435 8
4436 0
4437 6
4438 6
4439 0
4440 6
4441 6
4442 6
4443 6
4444 6
4445 6
4446 6
4447 6
4448 6
4449 6
4450 6
4451 6
4452 6
4453 0
4454 6
4455 8
4456 6
4457 2
4458 6
4459 6
4460 6
4461 2
4462 0
4463 2
4464 2
4465 2
4466 2
4467 9
4468 2
4469 0
4470 2
4471 0
4472 2
4473 8
4474 2
4475 1
4476 2
4477 1
4478 6
4479 0
4480 6
4481 8
4482 2
4483 0
4484 8
4485 0
4486 1
4487 0
4488 0
4489 1
4490 8
4491 8
4492 8
4493 2
4494 1
4495 2
4496 0
4497 0
4498 6
4499 6
4500 6
4501 8
4502 2
4503 8
4504 8
4505 1
4506 8
4507 1
4508 0
4509 1
4510 6
4511 0
4512 2
4513 6
4514 8
4515 2
4516 0
4517 8
4518 1
4519 8
4520 1
4521 8
4522 8
4523 8
4524 8
4525 6
4526 6
4527 6
4528 0
4529 6
4530 6
4531 0
4532 6
4533 6
4534 6
4535 6
4536 6
4537 6
4538 6
4539 6
4540 0
4541 6
4542 6
4543 6
4544 1
4545 8
4546 8
4547 8
4548 0
4549 0
4550 6
4551 8
4552 8
4553 6
4554 6
4555 6
4556 6
4557 6
4558 8
4559 0
4560 6
4561 2
4562 8
4563 0
4564 8
4565 1
4566 8
4567 8
4568 8
4569 6
4570 8
4571 1
4572 6
4573 8
4574 8
4575 1
4576 8
4577 8
4578 1
4579 1
4580 8
4581 6
4582 6
4583 1
4584 6
4585 6
4586 8
4587 1
4588 1
4589 6
4590 8
4591 8
4592 8
4593 6
4594 8
4595 8
4596 6
4597 6
4598 1
4599 1
4600 1
4601 8
4602 8
4603 6
4604 8
4605 6
4606 8
4607 8
4608 8
4609 0
4610 8
4611 8
4612 8
4613 8
4614 1
4615 8
4616 8
4617 8
4618 8
4619 8
4620 0
4621 8
4622 8
4623 8
4624 8
4625 8
4626 8
4627 8
4628 8
4629 6
4630 1
4631 8
4632 8
4633 8
4634 8
4635 8
4636 8
4637 8
4638 8
4639 6
4640 2
4641 2
4642 2
4643 2
4644 6
4645 2
4646 1
4647 2
4648 2
4649 2
4650 1
4651 2
4652 2
4653 2
4654 1
4655 1
4656 8
4657 8
4658 8
4659 1
4660 8
4661 8
4662 1
4663 6
4664 8
4665 6
4666 8
4667 8
4668 8
4669 8
4670 1
4671 8
4672 6
4673 6
4674 8
4675 1
4676 8
4677 2
4678 8
4679 1
4680 8
4681 8
4682 8
4683 8
4684 1
4685 0
4686 2
4687 6
4688 6
4689 6
4690 6
4691 2
4692 1
4693 6
4694 6
4695 8
4696 8
4697 6
4698 1
4699 8
4700 8
4701 6
4702 8
4703 6
4704 2
4705 8
4706 8
4707 8
4708 1
4709 6
4710 1
4711 8
4712 8
4713 0
4714 8
4715 8
4716 0
4717 8
4718 8
4719 6
4720 6
4721 8
4722 8
4723 6
4724 8
4725 8
4726 1
4727 8
4728 1
4729 6
4730 8
4731 8
4732 8
4733 8
4734 8
4735 8
4736 8
4737 8
4738 6
4739 8
4740 8
4741 8
4742 8
4743 8
4744 2
4745 8
4746 6
4747 8
4748 6
4749 1
4750 8
4751 8
4752 8
4753 8
4754 6
4755 8
4756 8
4757 8
4758 8
4759 6
4760 8
4761 8
4762 8
4763 8
4764 0
4765 8
4766 8
4767 8
4768 8
4769 8
4770 6
4771 6
4772 6
4773 8
4774 2
4775 1
4776 8
4777 8
4778 8
4779 8
4780 8
4781 6
4782 6
4783 8
4784 8
4785 8
4786 8
4787 8
4788 8
4789 1
4790 1
4791 8
4792 2
4793 8
4794 8
4795 8
4796 8
4797 8
4798 8
4799 8
4800 1
4801 8
4802 8
4803 8
4804 8
4805 8
4806 8
4807 8
4808 8
4809 6
4810 8
4811 6
4812 1
4813 1
4814 8
4815 8
4816 8
4817 8
4818 8
4819 0
4820 1
4821 6
4822 8
4823 8
4824 8
4825 6
4826 8
4827 8
4828 8
4829 1
4830 8
4831 8
4832 1
4833 8
4834 8
4835 8
4836 8
4837 8
4838 6
4839 8
4840 8
4841 8
4842 1
4843 8
4844 8
4845 1
4846 8
4847 8
4848 8
4849 8
4850 8
4851 8
4852 6
4853 8
4854 0
4855 1
4856 8
4857 6
4858 6
4859 6
4860 6
4861 6
4862 1
4863 8
4864 8
4865 1
4866 2
4867 0
4868 1
4869 1
4870 1
4871 6
4872 8
4873 6
4874 6
4875 0
4876 6
4877 6
4878 6
4879 8
4880 6
4881 6
4882 6
4883 6
4884 0
4885 6
4886 1
4887 0
4888 0
4889 8
4890 1
4891 0
4892 0
4893 6
4894 6
4895 8
4896 8
4897 8
4898 6
4899 0
4900 6
4901 8
4902 3
4903 6
4904 6
4905 6
4906 0
4907 8
4908 0
4909 6
4910 6
4911 6
4912 6
4913 6
4914 0
4915 8
4916 8
4917 8
4918 0
4919 1
4920 8
4921 6
4922 8
4923 6
4924 6
4925 6
4926 1
4927 6
4928 6
4929 8
4930 8
4931 1
4932 0
4933 6
4934 0
4935 8
4936 8
4937 8
4938 8
4939 0
4940 6
4941 6
4942 8
4943 8
4944 8
4945 0
4946 8
4947 0
4948 0
4949 8
4950 8
4951 6
4952 8
4953 8
4954 8
4955 6
4956 8
4957 8
4958 6
4959 0
4960 8
4961 0
4962 8
4963 1
4964 8
4965 6
4966 2
4967 0
4968 6
4969 8
4970 8
4971 6
4972 6
4973 6
4974 6
4975 6
4976 6
4977 6
4978 8
4979 8
4980 8
4981 6
4982 0
4983 8
4984 8
4985 0
4986 0
4987 8
4988 8
4989 0
4990 2
4991 6
4992 6
4993 0
4994 0
4995 6
4996 0
4997 0
4998 0
4999 8
5000 8
5001 1
5002 8
5003 0
5004 6
5005 0
5006 8
5007 1
5008 6
5009 0
5010 0
5011 8
5012 0
5013 6
5014 8
5015 0
5016 8
5017 0
5018 8
5019 0
5020 0
5021 6
5022 6
5023 6
5024 6
5025 0
5026 0
5027 6
5028 6
5029 6
5030 8
5031 2
5032 8
5033 8
5034 8
5035 6
5036 8
5037 8
5038 0
5039 1
5040 0
5041 6
5042 6
5043 6
5044 6
5045 8
5046 8
5047 8
5048 0
5049 0
5050 6
5051 6
5052 0
5053 6
5054 6
5055 0
5056 0
5057 0
5058 0
5059 6
5060 6
5061 8
5062 6
5063 8
5064 1
5065 8
5066 6
5067 8
5068 0
5069 0
5070 8
5071 6
5072 0
5073 8
5074 1
5075 8
5076 6
5077 6
5078 8
5079 6
5080 6
5081 6
5082 6
5083 0
5084 0
5085 6
5086 6
5087 6
5088 8
5089 0
5090 0
5091 8
5092 8
5093 8
5094 8
5095 8
5096 8
5097 8
5098 8
5099 6
5100 8
5101 8
5102 6
5103 0
5104 0
5105 6
5106 8
5107 0
5108 8
5109 0
5110 0
5111 8
5112 1
5113 8
5114 8
5115 1
5116 6
5117 3
5118 6
5119 0
5120 6
5121 8
5122 0
5123 8
5124 8
5125 0
5126 6
5127 6
5128 8
5129 0
5130 8
5131 0
5132 8
5133 8
5134 6
5135 8
5136 8
5137 1
5138 8
5139 8
5140 6
5141 8
5142 6
5143 0
5144 8
5145 2
5146 8
5147 6
5148 1
5149 6
5150 1
5151 8
5152 8
5153 0
5154 6
5155 6
5156 8
5157 3
5158 3
5159 0
5160 3
5161 8
5162 0
5163 8
5164 1
5165 8
5166 8
5167 8
5168 2
5169 8
5170 8
5171 6
5172 8
5173 8
5174 6
5175 0
5176 2
5177 1
5178 0
5179 8
5180 6
5181 6
5182 8
5183 0
5184 8
5185 6
5186 8
5187 8
5188 0
5189 0
5190 6
5191 2
5192 0
5193 0
5194 0
5195 8
5196 8
5197 0
5198 8
5199 6
5200 2
5201 1
5202 6
5203 1
5204 8
5205 8
5206 6
5207 6
5208 8
5209 0
5210 8
5211 0
5212 6
5213 0
5214 0
5215 0
5216 8
5217 0
5218 8
5219 8
5220 6
5221 6
5222 2
5223 6
5224 6
5225 2
5226 2
5227 8
5228 8
5229 1
5230 0
5231 8
5232 1
5233 8
5234 6
5235 8
5236 8
5237 8
5238 8
5239 6
5240 1
5241 6
5242 2
5243 6
5244 8
5245 2
5246 6
5247 8
5248 6
5249 8
5250 6
5251 6
5252 8
5253 8
5254 9
5255 9
5256 9
5257 9
5258 9
5259 6
5260 1
5261 1
5262 1
5263 8
5264 0
5265 2
5266 8
5267 8
5268 8
5269 6
5270 1
5271 8
5272 8
5273 1
5274 8
5275 6
5276 10
5277 10
5278 10
5279 1
5280 8
5281 8
5282 10
5283 10
5284 10
5285 6
5286 10
5287 1
5288 10
5289 10
5290 8
5291 6
5292 8
5293 10
5294 10
5295 12
5296 6
5297 1
5298 6
5299 8
5300 8
5301 0
5302 6
5303 8
5304 6
5305 6
5306 6
5307 6
5308 6
5309 6
5310 6
5311 8
5312 6
5313 6
5314 6
5315 6
5316 6
5317 8
5318 8
5319 6
5320 8
5321 6
5322 6
5323 6
5324 6
5325 6
5326 6
5327 6
5328 6
5329 6
5330 6
5331 1
5332 6
5333 6
5334 6
5335 8
5336 6
5337 8
5338 8
5339 8
5340 0
5341 0
5342 6
5343 6
5344 6
5345 6
5346 6
5347 6
5348 6
5349 8
5350 6
5351 8
5352 8
5353 6
5354 8
5355 6
5356 6
5357 2
5358 8
5359 6
5360 8
5361 6
5362 8
5363 6
5364 6
5365 1
5366 6
5367 6
5368 0
5369 0
5370 6
5371 6
5372 6
5373 6
5374 8
5375 8
5376 6
5377 8
5378 6
5379 0
5380 8
5381 1
5382 2
5383 8
5384 0
5385 6
5386 6
5387 8
5388 6
5389 8
5390 0
5391 8
5392 8
5393 8
5394 6
5395 6
5396 6
5397 0
5398 6
5399 8
5400 6
5401 0
5402 6
5403 6
5404 6
5405 6
5406 8
5407 6
5408 1
5409 8
5410 6
5411 8
5412 1
5413 6
5414 6
5415 6
5416 6
5417 6
5418 6
5419 0
5420 8
5421 8
5422 6
5423 8
5424 6
5425 8
5426 8
5427 6
5428 6
5429 0
5430 2
5431 6
5432 6
5433 8
5434 8
5435 6
5436 6
5437 6
5438 6
5439 8
5440 6
5441 1
5442 6
5443 8
5444 2
5445 6
5446 2
5447 8
5448 8
5449 0
5450 8
5451 6
5452 2
5453 8
5454 1
5455 6
5456 6
5457 6
5458 6
5459 1
5460 6
5461 6
5462 1
5463 8
5464 8
5465 6
5466 1
5467 8
5468 6
5469 6
5470 8
5471 2
5472 8
5473 2
5474 8
5475 6
5476 8
5477 6
5478 6
5479 1
5480 8
5481 8
5482 8
5483 6
5484 8
5485 8
5486 8
5487 6
5488 8
5489 8
5490 8
5491 8
5492 0
5493 1
5494 8
5495 8
5496 8
5497 8
5498 8
5499 8
5500 1
5501 8
5502 8
5503 1
5504 8
5505 8
5506 6
5507 6
5508 0
5509 0
5510 0
5511 0
5512 0
5513 0
5514 0
5515 0
5516 0
5517 0
5518 6
5519 0
5520 8
5521 8
5522 0
5523 0
5524 0
5525 0
5526 0
5527 0
5528 0
5529 0
5530 0
5531 0
5532 1
5533 8
5534 8
5535 1
5536 2
5537 8
5538 8
5539 8
5540 2
5541 8
5542 0
5543 8
5544 8
5545 8
5546 8
5547 8
5548 8
5549 6
5550 8
5551 1
5552 6
5553 6
5554 1
5555 1
5556 1
5557 1
5558 1
5559 1
5560 8
5561 6
5562 8
5563 8
5564 8
5565 8
5566 6
5567 6
5568 8
5569 6
5570 8
5571 8
5572 0
5573 6
5574 8
5575 2
5576 8
5577 0
5578 6
5579 8
5580 8
5581 8
5582 6
5583 8
5584 0
5585 8
5586 8
5587 8
5588 8
5589 8
5590 2
5591 8
5592 6
5593 11
5594 6
5595 6
5596 6
5597 6
5598 8
5599 0
5600 8
5601 8
5602 1
5603 8
5604 8
5605 2
5606 8
5607 6
5608 0
5609 6
5610 8
5611 8
5612 8
5613 8
5614 8
5615 0
5616 1
5617 8
5618 6
5619 8
5620 1
5621 8
5622 8
5623 8
5624 6
5625 8
5626 8
5627 0
5628 8
5629 6
5630 8
5631 6
5632 6
5633 8
5634 8
5635 6
5636 1
5637 8
5638 8
5639 8
5640 8
5641 2
5642 8
5643 6
5644 8
5645 6
5646 1
5647 1
5648 8
5649 8
5650 6
5651 8
5652 8
5653 8
5654 8
5655 8
5656 1
5657 8
5658 6
5659 8
5660 8
5661 1
5662 8
5663 8
5664 6
5665 1
5666 0
5667 8
5668 0
5669 8
5670 6
5671 8
5672 8
5673 8
5674 8
5675 8
5676 0
5677 8
5678 0
5679 8
5680 8
5681 0
5682 8
5683 8
5684 1
5685 8
5686 8
5687 8
5688 8
5689 6
5690 8
5691 8
5692 1
5693 1
5694 8
5695 8
5696 1
5697 8
5698 8
5699 1
5700 0
5701 1
5702 8
5703 8
5704 8
5705 1
5706 0
5707 1
5708 0
5709 8
5710 8
5711 8
5712 8
5713 1
5714 6
5715 1
5716 6
5717 6
5718 6
5719 0
5720 0
5721 8
5722 8
5723 8
5724 8
5725 8
5726 1
5727 8
5728 8
5729 6
5730 8
5731 6
5732 8
5733 1
5734 1
5735 8
5736 6
5737 8
5738 8
5739 1
5740 8
5741 8
5742 8
5743 8
5744 8
5745 1
5746 8
5747 8
5748 6
5749 8
5750 8
5751 8
5752 1
5753 1
5754 8
5755 0
5756 8
5757 1
5758 8
5759 8
5760 8
5761 8
5762 1
5763 8
5764 1
5765 8
5766 8
5767 8
5768 6
5769 0
5770 6
5771 8
5772 8
5773 6
5774 8
5775 0
5776 6
5777 0
5778 8
5779 1
5780 8
5781 6
5782 8
5783 1
5784 8
5785 8
5786 8
5787 8
5788 8
5789 1
5790 1
5791 8
5792 8
5793 6
5794 8
5795 8
5796 8
5797 8
5798 8
5799 0
5800 8
5801 6
5802 8
5803 8
5804 8
5805 8
5806 8
5807 8
5808 6
5809 8
5810 8
5811 0
5812 1
5813 6
5814 1
5815 8
5816 0
5817 8
5818 8
5819 8
5820 6
5821 8
5822 8
5823 8
5824 8
5825 15
5826 8
5827 1
5828 6
5829 8
5830 8
5831 8
5832 8
5833 8
5834 8
5835 0
5836 8
5837 6
5838 8
5839 6
5840 1
5841 8
5842 8
5843 0
5844 8
5845 8
5846 8
5847 8
5848 8
5849 6
5850 8
5851 8
5852 6
5853 8
5854 8
5855 8
5856 8
5857 8
5858 6
5859 1
5860 8
5861 8
5862 8
5863 1
5864 1
5865 6
5866 8
5867 8
5868 0
5869 1
5870 0
5871 1
5872 8
5873 8
5874 8
5875 8
5876 6
5877 1
5878 0
5879 6
5880 6
5881 2
5882 6
5883 8
5884 8
5885 6
5886 8
5887 6
5888 8
5889 8
5890 6
5891 8
5892 8
5893 8
5894 0
5895 2
5896 8
5897 1
5898 8
5899 8
5900 8
5901 8
5902 0
5903 8
5904 8
5905 8
5906 8
5907 1
5908 8
5909 8
5910 6
5911 6
5912 8
5913 0
5914 0
5915 0
5916 6
5917 0
5918 0
5919 6
5920 0
5921 8
5922 6
5923 6
5924 8
5925 6
5926 8
5927 6
5928 6
5929 8
5930 8
5931 8
5932 8
5933 2
5934 1
5935 2
5936 6
5937 0
5938 6
5939 6
5940 8
5941 1
5942 8
5943 8
5944 8
5945 2
5946 8
5947 8
5948 2
5949 11
5950 1
5951 1
5952 1
5953 1
5954 12
5955 0
5956 6
5957 6
5958 0
5959 6
5960 6
5961 0
5962 8
5963 8
5964 8
5965 1
5966 8
5967 1
5968 0
5969 0
5970 8
5971 0
5972 0
5973 0
5974 6
5975 0
5976 6
5977 0
5978 6
5979 6
5980 8
5981 6
5982 8
5983 0
5984 6
5985 6
5986 0
5987 2
5988 8
5989 6
5990 6
5991 6
5992 6
5993 6
5994 6
5995 6
5996 6
5997 6
5998 6
5999 6
6000 6
6001 6
6002 6
6003 6
6004 6
6005 6
6006 6
6007 6
6008 6
6009 0
6010 6
6011 0
6012 6
6013 0
6014 6
6015 1
6016 8
6017 8
6018 1
6019 8
6020 1
6021 8
6022 0
6023 0
6024 0
6025 0
6026 8
6027 0
6028 8
6029 8
6030 0
6031 6
6032 8
6033 8
6034 1
6035 8
6036 6
6037 8
6038 8
6039 8
6040 8
6041 6
6042 6
6043 1
6044 8
6045 6
6046 2
6047 2
6048 2
6049 2
6050 2
6051 6
6052 6
6053 0
6054 2
6055 6
6056 1
6057 0
6058 6
6059 1
6060 1
6061 8
6062 6
6063 8
6064 8
6065 11
6066 8
6067 8
6068 8
6069 8
6070 8
6071 8
6072 8
6073 1
6074 0
6075 2
6076 8
6077 8
6078 8
6079 8
6080 8
6081 0
6082 6
6083 6
6084 1
6085 6
6086 0
6087 6
6088 8
6089 1
6090 8
6091 0
6092 8
6093 8
6094 8
6095 0
6096 13
6097 6
6098 13
6099 13
6100 13
6101 1
6102 8
6103 0
6104 0
6105 1
6106 2
6107 8
6108 8
6109 8
6110 8
6111 8
6112 8
6113 8
6114 1
6115 8
6116 8
6117 8
6118 8
6119 8
6120 1
6121 8
6122 8
6123 6
6124 8
6125 6
6126 1
6127 6
6128 6
6129 2
6130 0
6131 8
6132 8
6133 0
6134 8
6135 6
6136 6
6137 0
6138 6
6139 6
6140 6
6141 6
6142 0
6143 6
6144 8
6145 6
6146 6
6147 6
6148 6
6149 6
6150 6
6151 0
6152 6
6153 6
6154 6
6155 6
6156 6
6157 6
6158 0
6159 6
6160 8
6161 0
6162 6
6163 0
6164 0
6165 1
6166 6
6167 8
6168 6
6169 0
6170 8
6171 8
6172 8
6173 2
6174 8
6175 8
6176 0
6177 6
6178 8
6179 0
6180 0
6181 6
6182 6
6183 8
6184 0
6185 0
6186 8
6187 8
6188 6
6189 8
6190 6
6191 0
6192 6
6193 8
6194 6
6195 0
6196 0
6197 8
6198 3
6199 0
6200 6
6201 8
6202 0
6203 0
6204 0
6205 1
6206 6
6207 6
6208 1
6209 6
6210 6
6211 6
6212 6
6213 2
6214 0
6215 0
6216 1
6217 14
6218 14
6219 14
6220 14
6221 14
6222 6
6223 1
6224 0
6225 1
6226 2
6227 8
6228 6
6229 0
6230 0
6231 1
6232 0
6233 8
6234 6
6235 6
6236 6
6237 6
6238 6
6239 6
6240 8
6241 0
6242 6
6243 8
6244 6
6245 6
6246 0
6247 6
6248 0
6249 0
6250 8
6251 6
6252 6
6253 0
6254 6
6255 8
6256 0
6257 0
6258 0
6259 8
6260 6
6261 8
6262 0
6263 6
6264 0
6265 0
6266 6
6267 0
6268 0
6269 0
6270 6
6271 0
6272 0
6273 6
6274 0
6275 8
6276 6
6277 0
6278 8
6279 8
6280 6
6281 6
6282 0
6283 1
6284 0
6285 0
6286 0
6287 1
6288 8
6289 1
6290 6
6291 6
6292 6
6293 6
6294 8
6295 8
6296 6
6297 6
6298 8
6299 2
6300 8
6301 6
6302 6
6303 1
6304 8
6305 0
6306 0
6307 0
6308 0
6309 0
6310 8
6311 6
6312 6
6313 0
6314 6
6315 6
6316 1
6317 1
6318 8
6319 0
6320 8
6321 0
6322 0
6323 0
6324 6
6325 6
6326 6
6327 6
6328 6
6329 1
6330 2
6331 8
6332 6
6333 6
6334 8
6335 1
6336 8
6337 8
6338 8
6339 8
6340 6
6341 6
6342 1
6343 6
6344 0
6345 0
6346 6
6347 2
6348 8
6349 1
6350 6
6351 6
6352 6
6353 1
6354 1
6355 0
6356 0
6357 8
6358 6
6359 8
6360 8
6361 8
6362 1
6363 8
6364 1
6365 1
6366 1
6367 0
6368 0
6369 8
6370 8
6371 8
6372 8
6373 6
6374 1
6375 1
6376 6
6377 0
6378 0
6379 6
6380 6
6381 0
6382 6
6383 1
6384 6
6385 8
6386 8
6387 8
6388 6
6389 1
6390 6
6391 1
6392 0
6393 8
6394 1
6395 0
6396 8
6397 2
6398 6
6399 0
6400 6
6401 2
6402 6
6403 6
6404 8
6405 6
6406 6
6407 8
6408 8
6409 8
6410 8
6411 8
6412 8
6413 8
6414 8
6415 6
6416 6
6417 6
6418 6
6419 6
6420 8
6421 6
6422 6
6423 6
6424 6
6425 6
6426 6
6427 0
6428 8
6429 6
6430 0
6431 8
6432 8
6433 6
6434 6
6435 6
6436 6
6437 6
6438 0
6439 6
6440 6
6441 6
6442 6
6443 6
6444 15
6445 8
6446 8
6447 8
6448 0
6449 6
6450 8
6451 8
6452 1
6453 0
6454 0
6455 1
6456 1
6457 0
6458 6
6459 8
6460 8
6461 0
6462 8
6463 8
6464 8
6465 8
6466 6
6467 6
6468 6
6469 6
6470 6
6471 6
6472 6
6473 6
6474 6
6475 8
6476 6
6477 6
6478 0
6479 0
6480 0
6481 2
6482 0
6483 8
6484 0
6485 8
6486 6
6487 8
6488 6
6489 6
6490 6
6491 6
6492 6
6493 0
6494 3
6495 6
6496 8
6497 8
6498 8
6499 8
6500 6
6501 8
6502 8
6503 6
6504 6
6505 6
6506 0
6507 0
6508 6
6509 8
6510 8
6511 8
6512 6
6513 0
6514 8
6515 0
6516 0
6517 0
6518 0
6519 0
6520 0
6521 0
6522 6
6523 6
6524 6
6525 0
6526 8
6527 1
6528 8
6529 8
6530 8
6531 8
6532 6
6533 8
6534 6
6535 8
6536 0
6537 0
6538 8
6539 8
6540 2
6541 0
6542 1
6543 6
6544 6
6545 6
6546 6
6547 6
6548 6
6549 6
6550 6
6551 6
6552 6
6553 6
6554 6
6555 6
6556 6
6557 6
6558 6
6559 6
6560 6
6561 8
6562 8
6563 8
6564 6
6565 4
6566 0
6567 0
6568 6
6569 2
6570 6
6571 6
6572 8
6573 6
6574 8
6575 8
6576 6
6577 8
6578 1
6579 8
6580 8
6581 8
6582 0
6583 8
6584 6
6585 6
6586 6
6587 6
6588 0
6589 6
6590 6
6591 8
6592 2
6593 8
6594 0
6595 8
6596 8
6597 6
6598 6
6599 8
6600 8
6601 8
6602 1
6603 6
6604 8
6605 8
6606 8
6607 8
6608 8
6609 8
6610 6
6611 8
6612 0
6613 1
6614 8
6615 1
6616 8
6617 6
6618 1
6619 8
6620 8
6621 1
6622 8
6623 8
6624 0
6625 8
6626 8
6627 1
6628 8
6629 8
6630 1
6631 8
6632 0
6633 6
6634 1
6635 8
6636 8
6637 8
6638 6
6639 1
6640 8
6641 8
6642 8
6643 8
6644 0
6645 8
6646 0
6647 1
6648 8
6649 6
6650 8
6651 8
6652 8
6653 1
6654 0
6655 8
6656 1
6657 1
6658 8
6659 6
6660 6
6661 8
6662 1
6663 8
6664 0
6665 8
6666 8
6667 1
6668 8
6669 8
6670 1
6671 1
6672 1
6673 8
6674 1
6675 8
6676 8
6677 8
6678 8
6679 8
6680 1
6681 8
6682 6
6683 8
6684 8
6685 8
6686 8
6687 1
6688 8
6689 1
6690 6
6691 1
6692 8
6693 8
6694 8
6695 8
6696 8
6697 8
6698 1
6699 8
6700 8
6701 8
6702 8
6703 8
6704 6
6705 6
6706 0
6707 6
6708 8
6709 1
6710 0
6711 1
6712 8
6713 6
6714 0
6715 0
6716 0
6717 0
6718 8
6719 8
6720 6
6721 0
6722 0
6723 6
6724 6
6725 6
6726 6
6727 8
6728 1
6729 6
6730 0
6731 0
6732 0
6733 8
6734 0
6735 6
6736 0
6737 8
6738 1
6739 8
6740 8
6741 8
6742 8
6743 8
6744 8
6745 8
6746 8
6747 6
6748 0
6749 8
6750 8
6751 1
6752 0
6753 8
6754 8
6755 0
6756 8
6757 6
6758 1
6759 0
6760 0
6761 0
6762 0
6763 0
6764 6
6765 6
6766 2
6767 1
6768 8
6769 0
6770 8
6771 0
6772 8
6773 6
6774 8
6775 6
6776 1
6777 6
6778 0
6779 0
6780 1
6781 6
6782 0
6783 0
6784 0
6785 0
6786 6
6787 0
6788 6
6789 6
6790 6
6791 6
6792 6
6793 1
6794 0
6795 0
6796 0
6797 0
6798 8
6799 6
6800 0
6801 6
6802 6
6803 6
6804 6
6805 6
6806 6
6807 0
6808 6
6809 6
6810 6
6811 8
6812 8
6813 8
6814 0
6815 6
6816 6
6817 0
6818 0
6819 0
6820 0
6821 8
6822 6
6823 6
6824 2
6825 6
6826 0
6827 6
6828 6
6829 6
6830 0
6831 6
6832 8
6833 0
6834 8
6835 0
6836 8
6837 8
6838 8
6839 8
6840 6
6841 0
6842 6
6843 1
6844 6
6845 11
6846 8
6847 0
6848 8
6849 6
6850 1
6851 8
6852 8
6853 8
6854 8
6855 8
6856 6
6857 0
6858 8
6859 8
6860 1
6861 0
6862 8
6863 8
6864 8
6865 8
6866 1
6867 11
6868 6
6869 6
6870 0
6871 6
6872 0
6873 6
6874 6
6875 6
6876 6
6877 6
6878 6
6879 6
6880 6
6881 8
6882 16
6883 16
6884 1
6885 1
6886 6
6887 6
6888 6
6889 0
6890 6
6891 0
6892 6
6893 0
6894 8
6895 0
6896 8
6897 1
6898 6
6899 0
6900 8
6901 8
6902 0
6903 8
6904 0
6905 8
6906 8
6907 6
6908 8
6909 8
6910 1
6911 8
6912 8
6913 0
6914 8
6915 8
6916 0
6917 8
6918 8
6919 1
6920 6
6921 0
6922 0
6923 1
6924 6
6925 0
6926 8
6927 1
6928 8
6929 6
6930 0
6931 8
6932 1
6933 0
6934 6
6935 0
6936 0
6937 6
6938 6
6939 6
6940 6
6941 6
6942 0
6943 0
6944 8
6945 0
6946 6
6947 6
6948 0
6949 0
6950 0
6951 0
6952 8
6953 0
6954 0
6955 0
6956 0
6957 6
6958 0
6959 0
6960 8
6961 8
6962 8
6963 8
6964 0
6965 8
6966 8
6967 8
6968 8
6969 6
6970 2
6971 8
6972 0
6973 8
6974 8
6975 8
6976 8
6977 8
6978 8
6979 8
6980 8
6981 1
6982 4
6983 8
6984 4
6985 4
6986 4
6987 4
6988 4
6989 6
6990 8
6991 6
6992 6
6993 6
6994 8
6995 0
6996 0
6997 8
6998 8
6999 8
7000 8
7001 8
7002 6
7003 1
7004 8
7005 0
7006 0
7007 8
7008 8
7009 8
7010 6
7011 1
7012 8
7013 8
7014 8
7015 1
7016 8
7017 8
7018 0
7019 6
7020 6
7021 1
7022 8
7023 1
7024 1
7025 8
7026 6
7027 6
7028 1
7029 2
7030 1
7031 1
7032 1
7033 1
7034 1
7035 1
7036 1
7037 1
7038 1
7039 1
7040 1
7041 0
7042 0
7043 0
7044 6
7045 6
7046 6
7047 6
7048 6
7049 6
7050 6
7051 6
7052 8
7053 6
7054 8
7055 6
7056 8
7057 11
7058 11
7059 11
7060 11
7061 11
7062 11
7063 11
7064 11
7065 11
7066 11
7067 11
7068 1
7069 0
7070 8
7071 8
7072 8
7073 8
7074 8
7075 8
7076 6
7077 0
7078 0
7079 6
7080 0
7081 0
7082 1
7083 0
7084 6
7085 0
7086 0
7087 8
7088 0
7089 1
7090 0
7091 0
7092 0
7093 12
7094 12
7095 12
7096 12
7097 1
7098 0
7099 8
7100 8
7101 8
7102 0
7103 0
7104 0
7105 6
7106 0
7107 0
7108 8
7109 0
7110 0
7111 0
7112 0
7113 6
7114 6
7115 8
7116 8
7117 8
7118 0
7119 6
7120 6
7121 0
7122 0
7123 8
7124 0
7125 3
7126 3
7127 3
7128 2
7129 8
7130 8
7131 1
7132 0
7133 0
7134 8
7135 6
7136 6
7137 8
7138 6
7139 6
7140 6
7141 6
7142 6
7143 6
7144 6
7145 6
7146 6
7147 6
7148 6
7149 6
7150 6
7151 6
7152 6
7153 6
7154 6
7155 6
7156 6
7157 6
7158 6
7159 6
7160 6
7161 6
7162 6
7163 6
7164 6
7165 6
7166 6
7167 6
7168 6
7169 6
7170 6
7171 6
7172 6
7173 6
7174 6
7175 6
7176 6
7177 6
7178 6
7179 6
7180 6
7181 6
7182 6
7183 6
7184 6
7185 6
7186 0
7187 6
7188 6
7189 6
7190 6
7191 6
7192 6
7193 6
7194 6
7195 6
7196 6
7197 6
7198 6
7199 6
7200 6
7201 6
7202 6
7203 1
7204 6
7205 6
7206 6
7207 8
7208 1
7209 8
7210 0
7211 0
7212 0
7213 0
7214 1
7215 1
7216 0
7217 0
7218 0
7219 0
7220 0
7221 0
7222 1
7223 1
7224 0
7225 0
7226 0
7227 6
7228 0
7229 0
7230 8
7231 0
7232 0
7233 6
7234 6
7235 0
7236 6
7237 6
7238 0
7239 6
7240 6
7241 0
7242 8
7243 0
7244 6
7245 0
7246 0
7247 8
7248 8
7249 8
7250 0
7251 0
7252 6
7253 6
7254 6
7255 6
7256 1
7257 8
7258 1
7259 8
7260 0
7261 1
7262 1
7263 1
7264 1
7265 1
7266 1
7267 1
7268 1
7269 1
7270 0
7271 0
7272 1
7273 1
7274 1
7275 0
7276 0
7277 17
7278 17
7279 0
7280 0
7281 8
7282 1
7283 6
7284 0
7285 8
7286 0
7287 0
7288 0
7289 0
7290 0
7291 0
7292 0
7293 0
7294 2
7295 2
7296 2
7297 8
7298 6
7299 6
7300 6
7301 6
7302 6
7303 0
7304 8
7305 8
7306 8
7307 6
7308 6
7309 6
7310 8
7311 8
7312 8
7313 8
7314 0
7315 0
7316 0
7317 0
7318 6
7319 6
7320 8
7321 8
7322 8
7323 8
7324 0
7325 8
7326 1
7327 0
7328 0
7329 0
7330 0
7331 0
7332 6
7333 1
7334 8
7335 6
7336 6
7337 0
7338 0
7339 0
7340 6
7341 0
7342 0
7343 0
7344 8
7345 8
7346 6
7347 1
7348 1
7349 1
7350 6
7351 8
7352 1
7353 6
7354 6
7355 6
7356 8
7357 8
7358 8
7359 8
7360 8
7361 1
7362 1
7363 1
7364 0
7365 0
7366 6
7367 0
7368 2
7369 2
7370 2
7371 2
7372 2
7373 8
7374 8
7375 6
7376 0
7377 0
7378 1
7379 0
7380 6
7381 0
7382 0
7383 0
7384 0
7385 0
7386 0
7387 1
7388 1
7389 6
7390 1
7391 0
7392 0
7393 0
7394 1
7395 6
7396 6
7397 0
7398 0
7399 8
7400 1
7401 6
7402 6
7403 6
7404 6
7405 6
7406 6
7407 8
7408 0
7409 8
7410 6
7411 6
7412 6
7413 6
7414 6
7415 6
7416 6
7417 6
7418 6
7419 8
7420 8
7421 8
7422 6
7423 1
7424 1
7425 8
0 5
1 6
2 1
3 1
4 3
5 0
6 1
7 1
8 3
9 2
10 3
11 4
12 5
13 3
14 1
15 6
16 6
17 1
0 0
1 1
2 2
3 3
4 4
5 5
6 6
1e-06 0.128989 107
