0 0
1 0
2 0
3 0
4 0
5 0
6 0
7 0
8 0
9 4
10 0
11 0
12 0
13 1
14 0
15 0
16 0
17 0
18 0
19 0
20 0
21 2
22 2
23 0
24 0
25 0
26 0
27 0
28 4
29 0
30 0
31 0
32 0
33 0
34 0
35 0
36 2
37 1
38 0
39 0
40 0
41 0
42 0
43 1
44 0
45 0
46 1
47 0
48 0
49 0
50 0
51 0
52 0
53 0
54 0
55 0
56 0
57 1
58 1
59 0
60 0
61 0
62 4
63 0
64 0
65 0
66 0
67 0
68 0
69 0
70 0
71 2
72 2
73 2
74 2
75 3
76 2
77 1
78 2
79 2
80 2
81 2
82 2
83 2
84 2
85 2
86 2
87 2
88 0
89 5
90 1
91 2
92 4
93 2
94 4
95 2
96 2
97 0
98 0
99 4
100 0
101 4
102 2
103 2
104 0
105 0
106 4
107 2
108 4
109 2
110 2
111 2
112 4
113 0
114 4
115 2
116 2
117 4
118 2
119 2
120 2
121 2
122 2
123 2
124 4
125 2
126 4
127 0
128 4
129 2
130 0
131 2
132 2
133 0
134 0
135 1
136 1
137 2
138 2
139 3
140 0
141 2
142 2
143 0
144 0
145 0
146 0
147 2
148 2
149 0
150 2
151 4
152 0
153 4
154 2
155 0
156 0
157 2
158 4
159 0
160 1
161 0
162 2
163 2
164 0
165 0
166 2
167 0
168 0
169 0
170 2
171 4
172 4
173 2
174 2
175 0
176 0
177 4
178 1
179 4
180 2
181 1
182 2
183 2
184 4
185 2
186 2
187 2
188 4
189 4
190 2
191 2
192 4
193 1
194 2
195 0
196 0
197 0
198 2
199 4
200 2
201 4
202 0
203 1
204 0
205 0
206 0
207 4
208 2
209 0
210 4
211 0
212 4
213 2
214 0
215 4
216 4
217 0
218 2
219 4
220 2
221 4
222 0
223 0
224 0
225 1
226 0
227 4
228 2
229 2
230 4
231 1
232 0
233 1
234 2
235 2
236 2
237 0
238 0
239 4
240 4
241 1
242 4
243 0
244 0
245 4
246 0
247 2
248 4
249 4
250 2
251 4
252 2
253 2
254 0
255 2
256 0
257 4
258 1
259 4
260 4
261 2
262 0
263 0
264 2
265 1
266 0
267 2
268 4
269 1
270 4
271 0
272 2
273 2
274 4
275 2
276 4
277 2
278 0
279 4
280 2
281 4
282 2
283 0
284 2
285 4
286 2
287 0
288 0
289 0
290 4
291 4
292 2
293 2
294 2
295 3
296 2
297 0
298 1
299 0
300 0
301 4
302 2
303 4
304 4
305 0
306 0
307 0
308 2
309 0
310 2
311 4
312 4
313 2
314 0
315 4
316 4
317 2
318 0
319 2
320 1
321 5
322 2
323 0
324 2
325 0
326 4
327 4
328 0
329 2
330 4
331 4
332 2
333 2
334 4
335 4
336 4
337 4
338 4
339 2
340 2
341 0
342 2
343 2
344 4
345 2
346 0
347 2
348 0
349 2
350 4
351 1
352 0
353 4
354 4
355 2
356 2
357 2
358 2
359 0
360 3
361 4
362 0
363 3
364 4
365 4
366 2
367 0
368 0
369 2
370 0
371 4
372 2
373 4
374 0
375 4
376 0
377 2
378 4
379 0
380 2
381 4
382 2
383 1
384 0
385 4
386 0
387 2
388 0
389 2
390 2
391 4
392 4
393 2
394 0
395 2
396 0
397 4
398 2
399 2
400 2
401 4
402 4
403 1
404 4
405 0
406 4
407 0
408 2
409 2
410 2
411 0
412 4
413 0
414 2
415 2
416 2
417 4
418 4
419 0
420 4
421 0
422 2
423 4
424 2
425 4
426 0
427 0
428 2
429 2
430 2
431 0
432 2
433 2
434 2
435 4
436 0
437 0
438 0
439 2
440 4
441 2
442 0
443 0
444 4
445 2
446 2
447 2
448 4
449 2
450 2
451 0
452 4
453 0
454 2
455 1
456 0
457 1
458 0
459 2
460 4
461 2
462 0
463 2
464 4
465 3
466 2
467 2
468 2
469 0
470 4
471 0
472 4
473 4
474 4
475 2
476 4
477 2
478 4
479 1
480 5
481 0
482 0
483 2
484 0
485 4
486 0
487 0
488 0
489 4
490 2
491 2
492 2
493 0
494 0
495 2
496 0
497 2
498 4
499 4
500 0
501 0
502 4
503 0
504 4
505 1
506 4
507 2
508 2
509 4
510 2
511 4
512 2
513 2
514 0
515 2
516 1
517 0
518 2
519 2
520 2
521 2
522 2
523 4
524 4
525 0
526 2
527 2
528 2
529 0
530 0
531 4
532 4
533 4
534 4
535 2
536 2
537 0
538 0
539 4
540 3
541 4
542 2
543 1
544 1
545 2
546 4
547 0
548 2
549 2
550 1
551 0
552 4
553 2
554 2
555 0
556 0
557 1
558 0
559 0
560 2
561 2
562 0
563 0
564 2
565 1
566 2
567 0
568 2
569 2
570 0
571 4
572 0
573 3
574 4
575 2
576 2
577 0
578 4
579 1
580 4
581 4
582 0
583 4
584 4
585 2
586 2
587 0
588 4
589 4
590 0
591 4
592 0
593 0
594 2
595 2
596 0
597 0
598 2
599 0
600 0
601 0
602 4
603 4
604 2
605 0
606 2
607 2
608 2
609 2
610 2
611 2
612 2
613 2
614 2
615 4
616 2
617 4
618 2
619 2
620 0
621 4
622 2
623 2
624 2
625 0
626 2
627 0
628 0
629 2
630 0
631 2
632 2
633 0
634 0
635 0
636 1
637 2
638 2
639 0
640 0
641 0
642 2
643 2
644 4
645 2
646 0
647 0
648 0
649 2
650 2
651 0
652 2
653 4
654 4
655 2
656 4
657 0
658 2
659 1
660 1
661 4
662 2
663 4
664 0
665 1
666 2
667 4
668 1
669 0
670 0
671 0
672 0
673 2
674 4
675 4
676 2
677 2
678 2
679 2
680 1
681 2
682 1
683 1
684 0
685 4
686 4
687 4
688 4
689 0
690 0
691 2
692 2
693 4
694 2
695 2
696 2
697 0
698 2
699 4
700 2
701 0
702 2
703 0
704 4
705 1
706 4
707 0
708 3
709 0
710 0
711 0
712 2
713 2
714 3
715 0
716 0
717 2
718 2
719 2
720 2
721 4
722 4
723 0
724 2
725 2
726 2
727 4
728 3
729 2
730 0
731 2
732 4
733 4
734 2
735 0
736 4
737 0
738 0
739 2
740 2
741 4
742 4
743 2
744 0
745 4
746 2
747 0
748 4
749 4
750 0
751 4
752 1
753 2
754 2
755 4
756 0
757 4
758 2
759 0
760 4
761 4
762 2
763 4
764 0
765 2
766 2
767 1
768 4
769 0
770 1
771 2
772 2
773 4
774 2
775 4
776 4
777 1
778 4
779 2
780 2
781 4
782 0
783 2
784 3
785 1
786 0
787 4
788 2
789 2
790 2
791 0
792 2
793 0
794 0
795 1
796 4
797 4
798 2
799 0
800 0
801 4
802 0
803 0
804 2
805 4
806 0
807 1
808 4
809 2
810 0
811 2
812 4
813 4
814 4
815 2
816 2
817 2
818 2
819 4
820 0
821 2
822 3
823 2
824 0
825 2
826 2
827 2
828 2
829 2
830 2
831 4
832 4
833 2
834 0
835 2
836 0
837 0
838 0
839 2
840 4
841 2
842 0
843 4
844 2
845 2
846 2
847 4
848 1
849 4
850 2
851 2
852 0
853 2
854 0
855 2
856 4
857 0
858 2
859 2
860 4
861 4
862 0
863 0
864 0
865 2
866 2
867 2
868 0
869 2
870 2
871 2
872 0
873 1
874 2
875 0
876 2
877 4
878 2
879 2
880 0
881 2
882 2
883 2
884 4
885 1
886 2
887 2
888 0
889 2
890 2
891 0
892 0
893 0
894 1
895 0
896 0
897 4
898 2
899 2
900 4
901 4
902 2
903 2
904 0
905 2
906 4
907 0
908 0
909 0
910 2
911 4
912 0
913 1
914 4
915 2
916 2
917 0
918 0
919 4
920 0
921 4
922 2
923 0
924 2
925 2
926 0
927 4
928 4
929 2
930 0
931 4
932 0
933 2
934 0
935 0
936 2
937 5
938 0
939 2
940 2
941 4
942 2
943 0
944 2
945 0
946 0
947 2
948 4
949 2
950 2
951 0
952 2
953 2
954 4
955 2
956 0
957 1
958 2
959 1
960 2
961 2
962 2
963 0
964 2
965 2
966 0
967 0
968 2
969 2
970 2
971 2
972 2
973 2
974 0
975 2
976 0
977 2
978 0
979 0
980 4
981 0
982 1
983 4
984 4
985 4
986 2
987 4
988 4
989 2
990 0
991 2
992 2
993 2
994 2
995 4
996 2
997 4
998 2
999 2
1000 2
1001 0
1002 0
1003 4
1004 4
1005 2
1006 0
1007 0
1008 2
1009 4
1010 2
1011 2
1012 4
1013 0
1014 0
1015 0
1016 4
1017 2
1018 4
1019 2
1020 0
1021 4
1022 4
1023 2
1024 2
1025 1
1026 2
1027 4
1028 2
1029 2
1030 0
1031 1
1032 4
1033 0
1034 0
1035 1
1036 0
1037 4
1038 1
1039 2
1040 0
1041 2
1042 2
1043 1
1044 4
1045 4
1046 0
1047 2
1048 2
1049 1
1050 0
1051 0
1052 2
1053 1
1054 2
1055 2
1056 2
1057 4
1058 2
1059 0
1060 2
1061 1
1062 1
1063 2
1064 4
1065 3
1066 2
1067 2
1068 1
1069 2
1070 3
1071 1
1072 0
1073 1
1074 1
1075 1
1076 2
1077 3
1078 1
1079 1
1080 1
1081 1
1082 1
1083 2
1084 1
1085 1
1086 1
1087 0
1088 1
1089 1
1090 0
1091 1
1092 2
1093 1
1094 1
1095 1
1096 1
1097 1
1098 1
1099 1
1100 4
1101 1
1102 1
1103 1
1104 1
1105 1
1106 1
1107 1
1108 4
1109 1
1110 4
1111 4
1112 1
1113 1
1114 0
1115 1
1116 1
1117 1
1118 1
1119 1
1120 1
1121 1
1122 2
1123 1
1124 1
1125 4
1126 4
1127 1
1128 1
1129 0
1130 0
1131 2
1132 2
1133 0
1134 2
1135 4
1136 3
1137 4
1138 0
1139 2
1140 0
1141 0
1142 0
1143 1
1144 2
1145 1
1146 1
1147 1
1148 4
1149 0
1150 2
1151 0
1152 4
1153 2
1154 0
1155 5
1156 0
1157 2
1158 3
1159 0
1160 2
1161 1
1162 0
1163 4
1164 4
1165 4
1166 0
1167 1
1168 0
1169 2
1170 0
1171 2
1172 1
1173 0
1174 0
1175 2
1176 0
1177 2
1178 3
1179 4
1180 2
1181 0
1182 4
1183 0
1184 0
1185 0
1186 1
1187 0
1188 2
1189 0
1190 1
1191 0
1192 0
1193 5
1194 0
1195 2
1196 4
1197 2
1198 1
1199 1
1200 0
1201 0
1202 1
1203 2
1204 0
1205 0
1206 1
1207 2
1208 1
1209 1
1210 5
1211 2
1212 4
1213 5
1214 4
1215 0
1216 2
1217 3
1218 0
1219 0
1220 0
1221 1
1222 0
1223 2
1224 2
1225 2
1226 1
1227 0
1228 4
1229 4
1230 4
1231 2
1232 1
1233 1
1234 1
1235 0
1236 2
1237 1
1238 2
1239 2
1240 2
1241 1
1242 1
1243 3
1244 1
1245 2
1246 0
1247 2
1248 3
1249 0
1250 2
1251 2
1252 1
1253 0
1254 4
1255 4
1256 2
1257 1
1258 0
1259 1
1260 4
1261 1
1262 3
1263 3
1264 2
1265 3
1266 3
1267 0
1268 0
1269 3
1270 0
1271 2
1272 2
1273 2
1274 0
1275 0
1276 4
1277 1
1278 4
1279 2
1280 2
1281 0
1282 0
1283 4
1284 2
1285 1
1286 2
1287 4
1288 1
1289 0
1290 0
1291 2
1292 2
1293 1
1294 0
1295 4
1296 4
1297 3
1298 1
1299 0
1300 5
1301 4
1302 4
1303 0
1304 4
1305 2
1306 0
1307 2
1308 1
1309 1
1310 1
1311 1
1312 1
1313 0
1314 0
1315 0
1316 4
1317 0
1318 5
1319 2
1320 0
1321 4
1322 2
1323 0
1324 2
1325 4
1326 1
1327 4
1328 2
1329 5
1330 2
1331 2
1332 1
1333 0
1334 2
1335 4
1336 0
1337 2
1338 0
1339 4
1340 4
1341 4
1342 0
1343 2
1344 1
1345 2
1346 2
1347 4
1348 0
1349 0
1350 4
1351 4
1352 2
1353 0
1354 4
1355 1
1356 0
1357 3
1358 0
1359 0
1360 0
1361 3
1362 3
1363 3
1364 2
1365 2
1366 3
1367 4
1368 1
1369 0
1370 3
1371 3
1372 3
1373 0
1374 0
1375 3
1376 3
1377 2
1378 3
1379 3
1380 3
1381 3
1382 4
1383 0
1384 1
1385 2
1386 1
1387 3
1388 3
1389 2
1390 0
1391 3
1392 2
1393 2
1394 3
1395 3
1396 3
1397 0
1398 0
1399 2
1400 4
1401 3
1402 2
1403 3
1404 3
1405 3
1406 2
1407 0
1408 4
1409 0
1410 3
1411 3
1412 3
1413 2
1414 1
1415 3
1416 2
1417 3
1418 3
1419 3
1420 3
1421 0
1422 3
1423 0
1424 3
1425 2
1426 0
1427 4
1428 2
1429 4
1430 3
1431 3
1432 3
1433 3
1434 2
1435 3
1436 3
1437 0
1438 4
1439 1
1440 3
1441 2
1442 2
1443 4
1444 3
1445 0
1446 2
1447 2
1448 0
1449 2
1450 1
1451 2
1452 0
1453 4
1454 2
1455 2
1456 0
1457 2
1458 2
1459 0
1460 4
1461 0
1462 4
1463 2
1464 4
1465 2
1466 2
1467 2
1468 2
1469 1
1470 2
1471 2
1472 2
1473 2
1474 3
1475 4
1476 2
1477 2
1478 5
1479 2
1480 2
1481 2
1482 4
1483 2
1484 0
1485 0
1486 0
1487 0
1488 3
1489 0
1490 1
1491 2
1492 3
1493 2
1494 4
1495 3
1496 0
1497 1
1498 2
1499 2
1500 2
1501 0
1502 2
1503 4
1504 2
1505 2
1506 0
1507 2
1508 2
1509 2
1510 0
1511 0
1512 2
1513 3
1514 1
1515 2
1516 2
1517 2
1518 2
1519 4
1520 2
1521 2
1522 1
1523 2
1524 5
1525 2
1526 0
1527 2
1528 0
1529 4
1530 0
1531 1
1532 1
1533 2
1534 2
1535 2
1536 0
1537 1
1538 1
1539 2
1540 2
1541 2
1542 4
1543 0
1544 0
1545 2
1546 2
1547 1
1548 2
1549 2
1550 2
1551 0
1552 2
1553 2
1554 0
1555 0
1556 2
1557 3
1558 2
1559 2
1560 1
1561 2
1562 0
1563 2
1564 2
1565 2
1566 0
1567 2
1568 2
1569 0
1570 0
1571 0
1572 2
1573 2
1574 2
1575 3
1576 1
1577 2
1578 2
1579 4
1580 0
1581 2
1582 2
1583 2
1584 2
1585 2
1586 2
1587 1
1588 4
1589 0
1590 2
1591 2
1592 5
1593 4
1594 2
1595 4
1596 0
1597 2
1598 0
1599 5
1600 2
1601 0
1602 2
1603 4
1604 2
1605 3
1606 4
1607 2
1608 0
1609 4
1610 2
1611 2
1612 2
1613 2
1614 0
1615 2
1616 2
1617 2
1618 2
1619 2
1620 2
1621 0
1622 3
1623 1
1624 2
1625 1
1626 2
1627 0
1628 2
1629 2
1630 4
1631 2
1632 0
1633 4
1634 1
1635 2
1636 4
1637 2
1638 1
1639 2
1640 4
1641 2
1642 0
1643 2
1644 2
1645 0
1646 1
1647 0
1648 1
1649 3
1650 2
1651 2
1652 1
1653 1
1654 1
1655 1
1656 0
1657 2
1658 4
1659 0
1660 1
1661 2
1662 4
1663 2
1664 2
1665 2
1666 2
1667 2
1668 2
1669 2
1670 0
1671 4
1672 4
1673 0
1674 2
1675 0
1676 2
1677 2
1678 2
1679 4
1680 0
1681 2
1682 2
1683 2
1684 4
1685 2
1686 4
1687 2
1688 2
1689 2
1690 2
1691 0
1692 1
1693 2
1694 0
1695 2
1696 0
1697 1
1698 4
1699 1
1700 2
1701 0
1702 4
1703 2
1704 2
1705 4
1706 2
1707 0
1708 0
1709 2
1710 2
1711 1
1712 2
1713 1
1714 2
1715 4
1716 1
1717 0
1718 2
1719 2
1720 2
1721 2
1722 2
1723 2
1724 2
1725 2
1726 2
1727 4
1728 2
1729 0
1730 2
1731 1
1732 2
1733 0
1734 2
1735 3
1736 0
1737 1
1738 0
1739 0
1740 2
1741 0
1742 4
1743 4
1744 2
1745 0
1746 2
1747 4
1748 2
1749 2
1750 2
1751 2
1752 2
1753 2
1754 2
1755 0
1756 1
1757 2
1758 2
1759 0
1760 2
1761 2
1762 4
1763 0
1764 2
1765 1
1766 0
1767 2
1768 0
1769 0
1770 0
1771 2
1772 0
1773 0
1774 2
1775 0
1776 3
1777 2
1778 0
1779 4
1780 2
1781 2
1782 2
1783 4
1784 2
1785 4
1786 2
1787 2
1788 1
1789 2
1790 2
1791 3
1792 2
1793 2
1794 2
1795 4
1796 3
1797 4
1798 2
1799 0
1800 2
1801 2
1802 2
1803 3
1804 2
1805 0
1806 2
1807 4
1808 0
1809 2
1810 2
1811 4
1812 2
1813 5
1814 4
1815 4
1816 0
1817 2
1818 0
1819 2
1820 4
1821 4
1822 2
1823 0
1824 0
1825 2
1826 4
1827 2
1828 2
1829 1
1830 4
1831 0
1832 2
1833 2
1834 2
1835 2
1836 2
1837 2
1838 2
1839 2
1840 2
1841 2
1842 4
1843 2
1844 0
1845 0
1846 2
1847 0
1848 2
1849 0
1850 4
1851 2
1852 1
1853 5
1854 0
1855 2
1856 2
1857 0
1858 1
1859 2
1860 2
1861 0
1862 0
1863 3
1864 0
1865 2
1866 2
1867 2
1868 2
1869 2
1870 1
1871 2
1872 2
1873 0
1874 2
1875 4
1876 2
1877 4
1878 2
1879 2
1880 2
1881 2
1882 2
1883 4
1884 2
1885 3
1886 4
1887 2
1888 2
1889 4
1890 1
1891 0
1892 4
1893 2
1894 2
1895 4
1896 4
1897 2
1898 2
1899 2
1900 2
1901 2
1902 2
1903 0
1904 2
1905 2
1906 0
1907 1
1908 0
1909 2
1910 2
1911 2
1912 5
1913 2
1914 2
1915 0
1916 0
1917 1
1918 1
1919 2
1920 2
1921 2
1922 2
1923 2
1924 2
1925 2
1926 2
1927 2
1928 2
1929 4
1930 2
1931 2
1932 2
1933 2
1934 0
1935 3
1936 2
1937 2
1938 2
1939 2
1940 2
1941 4
1942 2
1943 2
1944 2
1945 2
1946 2
1947 2
1948 4
1949 2
1950 2
1951 2
1952 2
1953 4
1954 2
1955 0
1956 1
1957 1
1958 1
1959 1
1960 0
1961 1
1962 1
1963 1
1964 1
1965 1
1966 1
1967 1
1968 0
1969 5
1970 2
1971 5
1972 2
1973 2
1974 5
1975 1
1976 2
1977 2
1978 2
1979 0
1980 3
1981 2
1982 0
1983 2
1984 1
1985 2
1986 2
1987 1
1988 2
1989 0
1990 2
1991 5
1992 2
1993 2
1994 2
1995 5
1996 2
1997 5
1998 2
1999 2
2000 2
2001 0
2002 1
2003 2
2004 5
2005 2
2006 0
2007 0
2008 2
2009 5
2010 2
2011 3
2012 1
2013 1
2014 2
2015 0
2016 2
2017 1
2018 0
2019 2
2020 2
2021 2
2022 1
2023 2
2024 2
2025 1
2026 1
2027 1
2028 2
2029 2
2030 2
2031 5
2032 2
2033 2
2034 1
2035 0
2036 2
2037 2
2038 1
2039 2
2040 2
2041 2
2042 1
2043 2
2044 5
2045 2
2046 5
2047 2
2048 2
2049 4
2050 2
2051 4
2052 2
2053 2
2054 1
2055 0
2056 1
2057 2
2058 0
2059 0
2060 0
2061 0
2062 1
2063 0
2064 2
2065 0
2066 0
2067 0
2068 1
2069 0
2070 0
2071 1
2072 0
2073 0
2074 0
2075 0
2076 0
2077 2
2078 0
2079 0
2080 1
2081 0
2082 0
2083 0
2084 0
2085 1
2086 1
2087 0
2088 1
2089 0
2090 0
2091 0
2092 0
2093 4
2094 1
2095 0
2096 0
2097 0
2098 0
2099 0
2100 0
2101 1
2102 1
2103 1
2104 0
2105 0
2106 0
2107 0
2108 0
2109 0
2110 0
2111 0
2112 1
2113 0
2114 0
2115 4
2116 0
2117 0
2118 1
2119 0
2120 0
2121 2
2122 2
2123 2
2124 0
2125 4
2126 0
2127 2
2128 0
2129 1
2130 4
2131 1
2132 1
2133 2
2134 2
2135 0
2136 2
2137 0
2138 4
2139 1
2140 1
2141 0
2142 2
2143 4
2144 0
2145 2
2146 0
2147 3
2148 2
2149 1
2150 0
2151 4
2152 2
2153 0
2154 2
2155 2
2156 0
2157 0
2158 4
2159 0
2160 0
2161 0
2162 0
2163 0
2164 0
2165 4
2166 0
2167 0
2168 2
2169 5
2170 0
2171 4
2172 0
2173 0
2174 2
2175 4
2176 4
2177 2
2178 4
2179 2
2180 2
2181 2
2182 2
2183 2
2184 2
2185 2
2186 2
2187 4
2188 2
2189 1
2190 2
2191 4
2192 2
2193 2
2194 0
2195 2
2196 4
2197 2
2198 2
2199 1
2200 3
2201 2
2202 0
2203 2
2204 2
2205 0
2206 2
2207 2
2208 1
2209 2
2210 3
2211 3
2212 2
2213 1
2214 2
2215 4
2216 0
2217 2
2218 1
2219 2
2220 2
2221 2
2222 2
2223 2
2224 2
2225 2
2226 2
2227 2
2228 2
2229 4
2230 1
2231 4
2232 4
2233 1
2234 1
2235 2
2236 1
2237 2
2238 2
2239 2
2240 2
2241 2
2242 2
2243 2
2244 2
2245 2
2246 2
2247 2
2248 2
2249 0
2250 1
2251 2
2252 1
2253 2
2254 2
2255 2
2256 2
2257 4
2258 0
2259 2
2260 4
2261 2
2262 1
2263 1
2264 1
2265 4
2266 2
2267 2
2268 2
2269 2
2270 2
2271 4
2272 0
2273 2
2274 2
2275 2
2276 2
2277 2
2278 2
2279 0
2280 2
2281 2
2282 0
2283 5
2284 2
2285 1
2286 1
2287 1
2288 0
2289 1
2290 1
2291 1
2292 2
2293 4
2294 2
2295 2
2296 1
2297 5
2298 2
2299 1
2300 1
2301 4
2302 2
2303 2
2304 2
2305 2
2306 1
2307 2
2308 1
2309 1
2310 2
2311 1
2312 1
2313 4
2314 1
2315 1
2316 1
2317 2
2318 0
2319 4
2320 1
2321 1
2322 2
2323 4
2324 4
2325 1
2326 2
2327 1
2328 1
2329 2
2330 1
2331 1
2332 1
2333 0
2334 2
2335 1
2336 1
2337 3
2338 2
2339 4
2340 1
2341 3
2342 2
2343 2
2344 1
2345 1
2346 1
2347 1
2348 1
2349 1
2350 1
2351 1
2352 1
2353 1
2354 1
2355 1
2356 1
2357 1
2358 1
2359 1
2360 1
2361 1
2362 1
2363 1
2364 1
2365 1
2366 1
2367 1
2368 1
2369 1
2370 1
2371 1
2372 1
2373 1
2374 1
2375 1
2376 2
2377 4
2378 1
2379 0
2380 4
2381 2
2382 1
2383 4
2384 1
2385 2
2386 0
2387 2
2388 4
2389 5
2390 1
2391 1
2392 2
2393 2
2394 1
2395 4
2396 5
2397 1
2398 4
2399 1
2400 1
2401 1
2402 1
2403 1
2404 4
2405 1
2406 0
2407 1
2408 1
2409 0
2410 2
2411 0
2412 1
2413 2
2414 2
2415 4
2416 1
2417 1
2418 1
2419 1
2420 1
2421 1
2422 4
2423 1
2424 1
2425 1
2426 1
2427 4
2428 4
2429 0
2430 2
2431 1
2432 4
2433 1
2434 1
2435 4
2436 4
2437 1
2438 2
2439 0
2440 1
2441 0
2442 1
2443 2
2444 2
2445 4
2446 1
2447 1
2448 1
2449 1
2450 4
2451 1
2452 1
2453 1
2454 4
2455 2
2456 4
2457 1
2458 4
2459 1
2460 1
2461 1
2462 2
2463 2
2464 2
2465 2
2466 0
2467 1
2468 0
2469 4
2470 1
2471 1
2472 2
2473 2
2474 2
2475 1
2476 2
2477 1
2478 1
2479 1
2480 0
2481 0
2482 5
2483 1
2484 4
2485 2
2486 1
2487 1
2488 1
2489 2
2490 2
2491 1
2492 2
2493 2
2494 5
2495 1
2496 2
2497 1
2498 1
2499 1
2500 1
2501 1
2502 4
2503 1
2504 2
2505 2
2506 0
2507 2
2508 2
2509 4
2510 4
2511 2
2512 1
2513 4
2514 1
2515 1
2516 1
2517 1
2518 4
2519 1
2520 1
2521 4
2522 1
2523 1
2524 1
2525 1
2526 1
2527 1
2528 0
2529 1
2530 1
2531 2
2532 2
2533 2
2534 0
2535 0
2536 0
2537 1
2538 0
2539 0
2540 1
2541 1
2542 7
2543 0
2544 1
2545 1
2546 1
2547 2
2548 2
2549 2
2550 0
2551 1
2552 1
2553 1
2554 1
2555 5
2556 1
2557 1
2558 2
2559 1
2560 2
2561 0
2562 1
2563 2
2564 2
2565 1
2566 0
2567 4
2568 1
2569 1
2570 0
2571 1
2572 0
2573 1
2574 2
2575 2
2576 4
2577 2
2578 2
2579 0
2580 1
2581 1
2582 1
2583 2
2584 1
2585 1
2586 2
2587 5
2588 2
2589 2
2590 2
2591 1
2592 1
2593 2
2594 2
2595 1
2596 0
2597 0
2598 4
2599 2
2600 1
2601 2
2602 1
2603 2
2604 2
2605 2
2606 2
2607 2
2608 2
2609 0
2610 0
2611 5
2612 2
2613 0
2614 4
2615 2
2616 4
2617 4
2618 2
2619 4
2620 2
2621 0
2622 4
2623 2
2624 4
2625 2
2626 5
2627 5
2628 2
2629 2
2630 0
2631 4
2632 2
2633 0
2634 1
2635 5
2636 4
2637 5
2638 2
2639 2
2640 2
2641 5
2642 2
2643 2
2644 0
2645 4
2646 2
2647 4
2648 0
2649 2
2650 2
2651 1
2652 2
2653 2
2654 0
2655 1
2656 4
2657 5
2658 1
2659 2
2660 1
2661 2
2662 2
2663 2
2664 2
2665 2
2666 0
2667 0
2668 2
2669 1
2670 2
2671 2
2672 1
2673 2
2674 5
2675 4
2676 0
2677 2
2678 2
2679 2
2680 2
2681 1
2682 2
2683 2
2684 2
2685 4
2686 2
2687 5
2688 2
2689 2
2690 2
2691 2
2692 1
2693 0
2694 2
2695 2
2696 4
2697 2
2698 0
2699 4
2700 4
2701 2
2702 4
2703 2
2704 2
2705 0
2706 2
2707 2
2708 2
2709 4
2710 2
2711 4
2712 2
2713 2
2714 1
2715 2
2716 2
2717 2
2718 2
2719 2
2720 4
2721 2
2722 2
2723 4
2724 2
2725 4
2726 4
2727 2
2728 2
2729 4
2730 2
2731 4
2732 2
2733 4
2734 2
2735 4
2736 2
2737 2
2738 2
2739 4
2740 2
2741 4
2742 2
2743 4
2744 2
2745 2
2746 4
2747 2
2748 4
2749 2
2750 2
2751 2
2752 0
2753 2
2754 2
2755 2
2756 2
2757 2
2758 2
2759 2
2760 2
2761 4
2762 2
2763 2
2764 2
2765 2
2766 2
2767 5
2768 2
2769 2
2770 4
2771 2
2772 2
2773 2
2774 4
2775 1
2776 2
2777 2
2778 1
2779 2
2780 2
2781 1
2782 2
2783 2
2784 2
2785 2
2786 2
2787 2
2788 2
2789 2
2790 2
2791 4
2792 1
2793 1
2794 2
2795 4
2796 2
2797 2
2798 2
2799 2
2800 2
2801 4
2802 1
2803 2
2804 2
2805 2
2806 2
2807 2
2808 2
2809 2
2810 2
2811 2
2812 2
2813 2
2814 4
2815 2
2816 4
2817 2
2818 4
2819 2
2820 2
2821 2
2822 2
2823 2
2824 2
2825 2
2826 1
2827 2
2828 2
2829 2
2830 1
2831 2
2832 2
2833 2
2834 2
2835 2
2836 2
2837 2
2838 4
2839 2
2840 2
2841 4
2842 1
2843 4
2844 2
2845 2
2846 4
2847 2
2848 2
2849 4
2850 4
2851 2
2852 2
2853 2
2854 0
2855 2
2856 2
2857 5
2858 2
2859 2
2860 2
2861 2
2862 2
2863 2
2864 2
2865 2
2866 2
2867 2
2868 4
2869 2
2870 4
2871 0
2872 2
2873 2
2874 2
2875 2
2876 2
2877 2
2878 2
2879 2
2880 2
2881 2
2882 2
2883 4
2884 2
2885 0
2886 2
2887 4
2888 2
2889 2
2890 2
2891 2
2892 2
2893 2
2894 4
2895 2
2896 4
2897 4
2898 2
2899 1
2900 2
2901 4
2902 2
2903 1
2904 2
2905 2
2906 2
2907 2
2908 4
2909 2
2910 4
2911 2
2912 2
2913 2
2914 0
2915 2
2916 2
2917 4
2918 2
2919 4
2920 2
2921 4
2922 0
2923 2
2924 2
2925 2
2926 4
2927 1
2928 2
2929 2
2930 2
2931 4
2932 2
2933 2
2934 2
2935 4
2936 4
2937 2
2938 2
2939 2
2940 2
2941 4
2942 2
2943 0
2944 4
2945 2
2946 2
2947 2
2948 2
2949 2
2950 2
2951 4
2952 4
2953 4
2954 2
2955 2
2956 2
2957 2
2958 2
2959 2
2960 2
2961 2
2962 2
2963 2
2964 4
2965 2
2966 2
2967 2
2968 2
2969 4
2970 2
2971 2
2972 2
2973 2
2974 2
2975 2
2976 2
2977 2
2978 2
2979 2
2980 2
2981 1
2982 2
2983 2
2984 1
2985 2
2986 4
2987 4
2988 2
2989 2
2990 4
2991 2
2992 2
2993 4
2994 4
2995 4
2996 2
2997 4
2998 2
2999 2
3000 2
3001 2
3002 2
3003 4
3004 2
3005 2
3006 2
3007 2
3008 2
3009 2
3010 2
3011 2
3012 4
3013 4
3014 4
3015 2
3016 4
3017 2
3018 4
3019 4
3020 2
3021 2
3022 2
3023 2
3024 2
3025 2
3026 3
3027 3
3028 0
3029 1
3030 2
3031 2
3032 1
3033 2
3034 2
3035 2
3036 1
3037 2
3038 1
3039 2
3040 1
3041 2
3042 2
3043 5
3044 2
3045 2
3046 1
3047 0
3048 1
3049 1
3050 2
3051 3
3052 1
3053 1
3054 4
3055 1
3056 1
3057 2
3058 1
3059 1
3060 1
3061 2
3062 0
3063 2
3064 5
3065 1
3066 0
3067 2
3068 2
3069 0
3070 5
3071 4
3072 2
3073 2
3074 0
3075 2
3076 2
3077 4
3078 1
3079 0
3080 3
3081 2
3082 2
3083 2
3084 0
3085 4
3086 0
3087 0
3088 3
3089 0
3090 5
3091 2
3092 3
3093 2
3094 3
3095 2
3096 3
3097 1
3098 5
3099 0
3100 2
3101 3
3102 2
3103 2
3104 0
3105 0
3106 1
3107 2
3108 1
3109 2
3110 2
3111 2
3112 2
3113 2
3114 1
3115 2
3116 2
3117 2
3118 2
3119 2
3120 3
3121 0
3122 2
3123 2
3124 2
3125 2
3126 2
3127 1
3128 4
3129 2
3130 2
3131 2
3132 1
3133 4
3134 1
3135 2
3136 2
3137 2
3138 2
3139 1
3140 0
3141 2
3142 0
3143 2
3144 4
3145 2
3146 4
3147 2
3148 4
3149 4
3150 2
3151 2
3152 2
3153 2
3154 0
3155 2
3156 2
3157 1
3158 1
3159 1
3160 0
3161 1
3162 0
3163 0
3164 2
3165 1
3166 4
3167 2
3168 2
3169 2
3170 2
3171 0
3172 1
3173 1
3174 4
3175 4
3176 1
3177 1
3178 0
3179 4
3180 4
3181 1
3182 1
3183 1
3184 0
3185 4
3186 4
3187 2
3188 5
3189 2
3190 4
3191 1
3192 2
3193 2
3194 2
3195 1
3196 3
3197 2
3198 0
3199 2
3200 2
3201 1
3202 0
3203 1
3204 2
3205 1
3206 1
3207 1
3208 1
3209 1
3210 1
3211 1
3212 0
3213 5
3214 1
3215 2
3216 0
3217 2
3218 4
3219 0
3220 1
3221 2
3222 3
3223 4
3224 2
3225 1
3226 2
3227 2
3228 2
3229 2
3230 1
3231 2
3232 2
3233 2
3234 2
3235 2
3236 2
3237 2
3238 1
3239 2
3240 1
3241 4
3242 2
3243 4
3244 2
3245 2
3246 4
3247 1
3248 1
3249 2
3250 1
3251 2
3252 2
3253 2
3254 1
3255 1
3256 2
3257 2
3258 4
3259 4
3260 0
3261 4
3262 2
3263 2
3264 2
3265 1
3266 1
3267 2
3268 4
3269 1
3270 0
3271 2
3272 2
3273 1
3274 4
3275 2
3276 2
3277 4
3278 5
3279 4
3280 0
3281 2
3282 2
3283 4
3284 4
3285 2
3286 2
3287 4
3288 0
3289 2
3290 0
3291 2
3292 2
3293 2
3294 4
3295 4
3296 2
3297 2
3298 1
3299 2
3300 2
3301 1
3302 2
3303 4
3304 4
3305 1
3306 2
3307 4
3308 0
3309 2
3310 2
3311 2
3312 4
3313 2
3314 2
3315 4
3316 2
3317 4
3318 4
3319 1
3320 2
3321 2
3322 2
3323 2
3324 4
3325 2
3326 2
3327 2
3328 4
3329 2
3330 2
3331 4
3332 2
3333 4
3334 3
3335 4
3336 2
3337 0
3338 2
3339 1
3340 2
3341 2
3342 4
3343 2
3344 2
3345 2
3346 0
3347 4
3348 3
3349 4
3350 0
3351 2
3352 0
3353 4
3354 2
3355 2
3356 2
3357 2
3358 4
3359 2
3360 1
3361 2
3362 4
3363 2
3364 2
3365 2
3366 2
3367 1
3368 2
3369 2
3370 2
3371 2
3372 4
3373 1
3374 4
3375 2
3376 2
3377 2
3378 3
3379 2
3380 2
3381 4
3382 2
3383 4
3384 2
3385 2
3386 2
3387 2
3388 2
3389 1
3390 1
3391 4
3392 0
3393 2
3394 2
3395 2
3396 0
3397 2
3398 2
3399 2
3400 1
3401 2
3402 4
3403 4
3404 2
3405 2
3406 2
3407 2
3408 2
3409 5
3410 3
3411 2
3412 2
3413 1
3414 0
3415 4
3416 0
3417 3
3418 2
3419 0
3420 2
3421 2
3422 2
3423 2
3424 2
3425 4
3426 2
3427 4
3428 2
3429 4
3430 2
3431 4
3432 2
3433 1
3434 2
3435 3
3436 4
3437 4
3438 2
3439 4
3440 1
3441 1
3442 2
3443 2
3444 3
3445 0
3446 4
3447 2
3448 0
3449 2
3450 2
3451 2
3452 0
3453 1
3454 2
3455 2
3456 2
3457 4
3458 4
3459 4
3460 4
3461 1
3462 0
3463 2
3464 2
3465 4
3466 2
3467 4
3468 4
3469 2
3470 2
3471 2
3472 4
3473 2
3474 5
3475 2
3476 3
3477 2
3478 2
3479 2
3480 2
3481 0
3482 1
3483 2
3484 4
3485 2
3486 2
3487 4
3488 2
3489 4
3490 4
3491 0
3492 2
3493 3
3494 2
3495 2
3496 2
3497 4
3498 4
3499 2
3500 2
3501 0
3502 2
3503 2
3504 2
3505 2
3506 2
3507 2
3508 2
3509 2
3510 4
3511 4
3512 4
3513 2
3514 0
3515 2
3516 0
3517 2
3518 2
3519 4
3520 2
3521 4
3522 2
3523 4
3524 2
3525 4
3526 2
3527 2
3528 0
3529 0
3530 2
3531 2
3532 1
3533 5
3534 0
3535 2
3536 2
3537 2
3538 2
3539 2
3540 2
3541 2
3542 0
3543 4
3544 4
3545 2
3546 0
3547 1
3548 1
3549 3
3550 2
3551 2
3552 2
3553 2
3554 4
3555 2
3556 2
3557 2
3558 2
3559 2
3560 1
3561 2
3562 2
3563 2
3564 0
3565 3
3566 2
3567 1
3568 4
3569 2
3570 4
3571 2
3572 2
3573 5
3574 4
3575 1
3576 0
3577 2
3578 0
3579 2
3580 2
3581 1
3582 2
3583 2
3584 1
3585 2
3586 4
3587 2
3588 2
3589 2
3590 0
3591 2
3592 2
3593 2
3594 4
3595 2
3596 3
3597 2
3598 1
3599 4
3600 2
3601 2
3602 2
3603 0
3604 2
3605 4
3606 1
3607 0
3608 4
3609 2
3610 2
3611 2
3612 2
3613 4
3614 2
3615 2
3616 2
3617 2
3618 1
3619 4
3620 2
3621 2
3622 2
3623 2
3624 3
3625 2
3626 2
3627 0
3628 0
3629 2
3630 0
3631 0
3632 2
3633 4
3634 0
3635 2
3636 2
3637 2
3638 4
3639 4
3640 0
3641 0
3642 3
3643 3
3644 2
3645 2
3646 2
3647 1
3648 4
3649 0
3650 4
3651 2
3652 0
3653 2
3654 2
3655 2
3656 1
3657 2
3658 4
3659 4
3660 2
3661 0
3662 0
3663 5
3664 4
3665 4
3666 1
3667 2
3668 2
3669 2
3670 3
3671 4
3672 2
3673 0
3674 0
3675 1
3676 0
3677 0
3678 2
3679 2
3680 2
3681 2
3682 2
3683 2
3684 2
3685 2
3686 4
3687 4
3688 2
3689 2
3690 2
3691 2
3692 2
3693 2
3694 4
3695 4
3696 4
3697 2
3698 2
3699 1
3700 4
3701 2
3702 2
3703 2
3704 2
3705 2
3706 2
3707 4
3708 2
3709 2
3710 2
3711 2
3712 3
3713 2
3714 4
3715 3
3716 2
3717 2
3718 2
3719 2
3720 2
3721 2
3722 2
3723 2
3724 2
3725 2
3726 2
3727 2
3728 2
3729 2
3730 3
3731 2
3732 4
3733 2
3734 1
3735 2
3736 2
3737 2
3738 2
3739 0
3740 1
3741 3
3742 2
3743 3
3744 1
3745 2
3746 2
3747 4
3748 5
3749 4
3750 5
3751 2
3752 4
3753 1
3754 4
3755 5
3756 2
3757 0
3758 2
3759 2
3760 1
3761 4
3762 2
3763 0
3764 2
3765 4
3766 0
3767 0
3768 2
3769 0
3770 2
3771 1
3772 2
3773 2
3774 2
3775 2
3776 2
3777 1
3778 2
3779 3
3780 2
3781 2
3782 2
3783 4
3784 3
3785 0
3786 2
3787 4
3788 1
3789 2
3790 2
3791 4
3792 2
3793 1
3794 2
3795 0
3796 2
3797 2
3798 1
3799 1
3800 5
3801 4
3802 2
3803 2
3804 2
3805 4
3806 2
3807 4
3808 3
3809 2
3810 2
3811 4
3812 2
3813 2
3814 2
3815 2
3816 1
3817 0
3818 2
3819 2
3820 2
3821 0
3822 0
3823 2
3824 2
3825 2
3826 0
3827 1
3828 2
3829 4
3830 2
3831 2
3832 4
3833 2
3834 2
3835 2
3836 2
3837 0
3838 2
3839 1
3840 4
3841 2
3842 2
3843 0
3844 2
3845 2
3846 2
3847 4
3848 2
3849 0
3850 2
3851 1
3852 2
3853 1
3854 3
3855 2
3856 2
3857 2
3858 2
3859 2
3860 2
3861 2
3862 4
3863 0
3864 2
3865 1
3866 2
3867 2
3868 4
3869 4
3870 2
3871 2
3872 5
3873 2
3874 2
3875 4
3876 1
3877 2
3878 5
3879 0
3880 0
3881 2
3882 2
3883 2
3884 2
3885 2
3886 4
3887 2
3888 2
3889 2
3890 2
3891 2
3892 4
3893 1
3894 4
3895 2
3896 4
3897 0
3898 0
3899 2
3900 4
3901 4
3902 2
3903 2
3904 1
3905 4
3906 0
3907 1
3908 0
3909 2
3910 2
3911 2
3912 4
3913 2
3914 2
3915 4
3916 2
3917 2
3918 2
3919 2
3920 4
3921 1
3922 2
3923 1
3924 1
3925 2
3926 5
3927 0
3928 5
3929 2
3930 1
3931 2
3932 1
3933 0
3934 0
3935 0
3936 1
3937 0
3938 3
3939 2
3940 0
3941 4
3942 1
3943 1
3944 1
3945 2
3946 1
3947 1
3948 2
3949 5
3950 5
3951 1
3952 2
3953 1
3954 1
3955 1
3956 2
3957 3
3958 1
3959 1
3960 5
3961 1
3962 3
3963 2
3964 2
3965 0
3966 2
3967 2
3968 3
3969 1
3970 2
3971 2
3972 1
3973 2
3974 1
3975 2
3976 2
3977 2
3978 1
3979 1
3980 1
3981 2
3982 1
3983 2
3984 2
3985 2
3986 2
3987 2
3988 1
3989 2
3990 3
3991 1
3992 2
3993 5
3994 2
3995 0
3996 2
3997 1
3998 1
3999 0
4000 2
4001 2
4002 3
4003 2
4004 2
4005 2
4006 2
4007 2
4008 1
4009 2
4010 2
4011 1
4012 2
4013 2
4014 5
4015 2
4016 2
4017 2
4018 2
4019 2
4020 1
4021 4
4022 4
4023 2
4024 5
4025 4
4026 0
4027 0
4028 0
4029 0
4030 2
4031 2
4032 1
4033 0
4034 0
4035 2
4036 2
4037 1
4038 1
4039 0
4040 1
4041 1
4042 2
4043 2
4044 2
4045 2
4046 1
4047 0
4048 0
4049 2
4050 2
4051 2
4052 0
4053 2
4054 2
4055 2
4056 2
4057 2
4058 5
4059 1
4060 2
4061 2
4062 1
4063 1
4064 2
4065 0
4066 2
4067 5
4068 2
4069 0
4070 2
4071 2
4072 2
4073 1
4074 2
4075 1
4076 1
4077 1
4078 0
4079 1
4080 0
4081 1
4082 1
4083 1
4084 0
4085 2
4086 0
4087 1
4088 1
4089 1
4090 1
4091 1
4092 2
4093 2
4094 2
4095 0
4096 2
4097 1
4098 1
4099 1
4100 2
4101 2
4102 1
4103 2
4104 4
4105 3
4106 2
4107 2
4108 1
4109 2
4110 1
4111 5
4112 5
4113 2
4114 2
4115 2
4116 1
4117 1
4118 2
4119 2
4120 1
4121 2
4122 0
4123 1
4124 0
4125 1
4126 3
4127 0
4128 0
4129 2
4130 0
4131 0
4132 2
4133 0
4134 2
4135 1
4136 0
4137 1
4138 1
4139 0
4140 3
4141 4
4142 2
4143 4
4144 1
4145 0
4146 2
4147 1
4148 5
4149 4
4150 2
4151 0
4152 5
4153 1
4154 2
4155 2
4156 2
4157 0
4158 2
4159 0
4160 2
4161 2
4162 1
4163 2
4164 2
4165 0
4166 5
4167 2
4168 0
4169 2
4170 0
4171 2
4172 2
4173 2
4174 2
4175 2
4176 1
4177 2
4178 0
4179 2
4180 2
4181 5
4182 1
4183 0
4184 2
4185 5
4186 2
4187 0
4188 0
4189 2
4190 2
4191 5
4192 2
4193 1
4194 0
4195 3
4196 2
4197 5
4198 1
4199 2
4200 1
4201 2
4202 5
4203 2
4204 2
4205 2
4206 0
4207 4
4208 2
4209 1
4210 0
4211 1
4212 0
4213 5
4214 2
4215 5
4216 0
4217 2
4218 2
4219 2
4220 2
4221 0
4222 2
4223 1
4224 1
4225 5
4226 2
4227 2
4228 2
4229 2
4230 1
4231 2
4232 2
4233 1
4234 2
4235 2
4236 1
4237 2
4238 2
4239 2
4240 2
4241 2
4242 2
4243 2
4244 2
4245 2
4246 2
4247 5
4248 2
4249 0
4250 5
4251 2
4252 2
4253 2
4254 2
4255 2
4256 2
4257 2
4258 0
4259 2
4260 1
4261 2
4262 0
4263 2
4264 2
4265 2
4266 2
4267 2
4268 2
4269 1
4270 4
4271 1
4272 1
4273 2
4274 0
4275 3
4276 1
4277 2
4278 5
4279 2
4280 0
4281 0
4282 2
4283 2
4284 0
4285 2
4286 1
4287 2
4288 5
4289 2
4290 2
4291 2
4292 2
4293 2
4294 5
4295 1
4296 2
4297 2
4298 2
4299 2
4300 2
4301 2
4302 5
4303 2
4304 0
4305 0
4306 2
4307 2
4308 2
4309 2
4310 1
4311 0
4312 2
4313 1
4314 2
4315 2
4316 1
4317 2
4318 1
4319 2
4320 2
4321 2
4322 2
4323 2
4324 2
4325 2
4326 2
4327 0
4328 2
4329 4
4330 2
4331 2
4332 2
4333 4
4334 1
4335 2
4336 2
4337 0
4338 1
4339 2
4340 1
4341 2
4342 1
4343 5
4344 3
4345 1
4346 5
4347 1
4348 2
4349 1
4350 2
4351 2
4352 4
4353 4
4354 1
4355 1
4356 1
4357 4
4358 2
4359 1
4360 1
4361 1
4362 1
4363 1
4364 1
4365 1
4366 1
4367 1
4368 6
4369 3
4370 3
4371 0
4372 2
4373 6
4374 2
4375 6
4376 6
4377 2
4378 1
4379 0
4380 4
4381 3
4382 1
4383 1
4384 4
4385 2
4386 0
4387 1
4388 1
4389 1
4390 1
4391 1
4392 4
4393 2
4394 1
4395 2
4396 2
4397 2
4398 1
4399 1
4400 2
4401 2
4402 0
4403 0
4404 0
4405 1
4406 1
4407 1
4408 1
4409 1
4410 2
4411 1
4412 1
4413 1
4414 0
4415 1
4416 1
4417 1
4418 2
4419 4
4420 1
4421 5
4422 2
4423 2
4424 1
4425 1
4426 0
4427 2
4428 2
4429 5
4430 2
4431 2
4432 2
4433 0
4434 3
4435 2
4436 1
4437 1
4438 1
4439 1
4440 1
4441 4
4442 1
4443 4
4444 1
4445 0
4446 4
4447 5
4448 4
4449 4
4450 0
4451 4
4452 1
4453 0
4454 1
4455 4
4456 2
4457 5
4458 3
4459 1
4460 5
4461 1
4462 0
4463 0
4464 0
4465 1
4466 0
4467 2
4468 5
4469 1
4470 5
4471 2
4472 5
4473 1
4474 3
4475 0
4476 1
4477 1
4478 1
4479 5
4480 2
4481 0
4482 2
4483 4
4484 0
4485 1
4486 1
4487 5
4488 1
4489 1
4490 1
4491 1
4492 1
4493 2
4494 4
4495 4
4496 1
4497 5
4498 4
4499 1
4500 3
4501 2
4502 5
4503 1
4504 1
4505 1
4506 2
4507 1
4508 4
4509 0
4510 1
4511 0
4512 5
4513 4
4514 1
4515 5
4516 4
4517 2
4518 4
4519 5
4520 5
4521 0
4522 5
4523 1
4524 2
4525 2
4526 0
4527 1
4528 1
4529 2
4530 2
4531 1
4532 0
4533 1
4534 1
4535 0
4536 0
4537 0
4538 1
4539 0
4540 0
4541 1
4542 1
4543 4
4544 0
4545 5
4546 4
4547 1
4548 1
4549 4
4550 1
4551 1
4552 2
4553 5
4554 9
4555 1
4556 0
4557 1
4558 1
4559 5
4560 2
4561 5
4562 1
4563 5
4564 5
4565 0
4566 1
4567 4
4568 4
4569 2
4570 0
4571 0
4572 0
4573 1
4574 5
4575 1
4576 1
4577 0
4578 4
4579 1
4580 0
4581 5
4582 1
4583 1
4584 4
4585 2
4586 2
4587 3
4588 1
4589 1
4590 5
4591 0
4592 0
4593 0
4594 5
4595 1
4596 1
4597 2
4598 2
4599 0
4600 1
4601 2
4602 2
4603 0
4604 2
4605 2
4606 0
4607 5
4608 1
4609 4
4610 0
4611 2
4612 0
4613 2
4614 1
4615 3
4616 3
4617 3
4618 3
4619 0
4620 4
4621 4
4622 3
4623 3
4624 1
4625 3
4626 3
4627 3
4628 4
4629 3
4630 0
4631 3
4632 5
4633 3
4634 3
4635 4
4636 3
4637 3
4638 2
4639 3
4640 3
4641 3
4642 3
4643 0
4644 2
4645 0
4646 1
4647 0
4648 1
4649 1
4650 0
4651 2
4652 0
4653 2
4654 0
4655 2
4656 2
4657 2
4658 2
4659 2
4660 2
4661 0
4662 3
4663 4
4664 1
4665 2
4666 0
4667 0
4668 0
4669 4
4670 2
4671 5
4672 1
4673 2
4674 1
4675 5
4676 5
4677 1
4678 2
4679 2
4680 1
4681 2
4682 2
4683 0
4684 2
4685 1
4686 2
4687 2
4688 2
4689 1
4690 2
4691 0
4692 2
4693 2
4694 2
4695 2
4696 2
4697 2
4698 2
4699 1
4700 0
4701 2
4702 1
4703 1
4704 1
4705 2
4706 0
4707 2
4708 3
4709 2
4710 2
4711 0
4712 1
4713 1
4714 5
4715 2
4716 0
4717 2
4718 2
4719 2
4720 2
4721 2
4722 1
4723 2
4724 1
4725 0
4726 2
4727 2
4728 2
4729 0
4730 2
4731 2
4732 2
4733 1
4734 3
4735 2
4736 3
4737 1
4738 0
4739 5
4740 4
4741 5
4742 2
4743 8
4744 3
4745 1
4746 3
4747 3
4748 0
4749 2
4750 1
4751 2
4752 1
4753 1
4754 0
4755 0
4756 0
4757 1
4758 1
4759 2
4760 2
4761 1
4762 1
4763 2
4764 1
4765 2
4766 1
4767 2
4768 1
4769 2
4770 0
4771 2
4772 1
4773 3
4774 0
4775 2
4776 2
4777 2
4778 1
4779 2
4780 2
4781 1
4782 4
4783 2
4784 0
4785 2
4786 2
4787 2
4788 2
4789 0
4790 2
4791 2
4792 2
4793 2
4794 5
4795 2
4796 2
4797 2
4798 2
4799 2
4800 2
4801 2
4802 2
4803 2
4804 2
4805 2
4806 2
4807 5
4808 2
4809 5
4810 5
4811 0
4812 2
4813 2
4814 5
4815 5
4816 2
4817 5
4818 1
4819 2
4820 5
4821 0
4822 2
4823 2
4824 2
4825 2
4826 5
4827 0
4828 1
4829 1
4830 2
4831 2
4832 2
4833 5
4834 5
4835 5
4836 5
4837 5
4838 5
4839 2
4840 3
4841 5
4842 5
4843 3
4844 5
4845 2
4846 0
4847 2
4848 2
4849 2
4850 1
4851 1
4852 5
4853 2
4854 2
4855 3
4856 2
4857 1
4858 3
4859 1
4860 1
4861 5
4862 2
4863 2
4864 1
4865 1
4866 2
4867 2
4868 2
4869 3
4870 0
4871 5
4872 2
4873 1
4874 2
4875 1
4876 0
4877 2
4878 5
4879 3
4880 0
4881 0
4882 0
4883 2
4884 2
4885 2
4886 1
4887 4
4888 0
4889 0
4890 2
4891 2
4892 0
4893 0
4894 0
4895 3
4896 0
4897 2
4898 1
4899 2
4900 3
4901 0
4902 0
4903 1
4904 1
4905 1
4906 7
4907 2
4908 0
4909 2
4910 0
4911 0
4912 1
4913 0
4914 1
4915 2
4916 2
4917 0
4918 3
4919 3
4920 2
4921 1
4922 0
4923 1
4924 1
4925 1
4926 2
4927 0
4928 2
4929 11
4930 1
4931 0
4932 2
4933 1
4934 1
4935 1
4936 3
4937 0
4938 2
4939 1
4940 1
4941 0
4942 1
4943 4
4944 3
4945 0
4946 1
4947 1
4948 2
4949 0
4950 0
4951 2
4952 0
4953 2
4954 0
4955 0
4956 2
4957 2
4958 0
4959 0
4960 2
4961 1
4962 5
4963 0
4964 0
4965 0
4966 0
4967 0
4968 0
4969 0
4970 2
4971 3
4972 0
4973 0
4974 0
4975 5
4976 5
4977 0
4978 0
4979 0
4980 5
4981 0
4982 0
4983 0
4984 0
4985 1
4986 3
4987 2
4988 2
4989 5
4990 0
4991 3
4992 0
4993 3
4994 0
4995 1
4996 2
4997 1
4998 1
4999 1
5000 2
5001 2
5002 0
5003 1
5004 2
5005 0
5006 0
5007 2
5008 2
5009 4
5010 5
5011 0
5012 0
5013 0
5014 1
5015 0
5016 0
5017 4
5018 1
5019 0
5020 2
5021 2
5022 0
5023 0
5024 0
5025 0
5026 2
5027 1
5028 2
5029 0
5030 2
5031 1
5032 0
5033 3
5034 2
5035 2
5036 2
5037 1
5038 1
5039 0
5040 5
5041 5
5042 0
5043 5
5044 0
5045 1
5046 5
5047 5
5048 5
5049 2
5050 2
5051 2
5052 0
5053 2
5054 0
5055 5
5056 2
5057 0
5058 2
5059 2
5060 5
5061 5
5062 0
5063 0
5064 2
5065 0
5066 2
5067 0
5068 4
5069 2
5070 2
5071 2
5072 1
5073 2
5074 2
5075 2
5076 2
5077 2
5078 0
5079 2
5080 2
5081 1
5082 4
5083 4
5084 0
5085 4
5086 4
5087 0
5088 5
5089 4
5090 0
5091 2
5092 2
5093 1
5094 2
5095 2
5096 2
5097 2
5098 2
5099 0
5100 0
5101 5
5102 0
5103 1
5104 1
5105 2
5106 2
5107 2
5108 2
5109 2
5110 1
5111 1
5112 1
5113 1
5114 2
5115 1
5116 1
5117 0
5118 1
5119 4
5120 2
5121 0
5122 0
5123 2
5124 5
5125 4
5126 1
5127 1
5128 2
5129 0
5130 0
5131 1
5132 1
5133 2
5134 0
5135 1
5136 2
5137 3
5138 1
5139 2
5140 1
5141 0
5142 2
5143 2
5144 0
5145 2
5146 2
5147 2
5148 2
5149 5
5150 0
5151 2
5152 2
5153 1
5154 2
5155 2
5156 2
5157 2
5158 2
5159 2
5160 1
5161 2
5162 1
5163 2
5164 2
5165 2
5166 8
5167 2
5168 12
5169 2
5170 8
5171 4
5172 8
5173 2
5174 8
5175 2
5176 2
5177 4
5178 8
5179 8
5180 1
5181 1
5182 5
5183 2
5184 1
5185 0
5186 1
5187 1
5188 1
5189 5
5190 1
5191 5
5192 1
5193 1
5194 1
5195 0
5196 4
5197 1
5198 9
5199 1
5200 4
5201 5
5202 0
5203 5
5204 1
5205 2
5206 1
5207 1
5208 1
5209 0
5210 1
5211 1
5212 2
5213 1
5214 0
5215 1
5216 2
5217 5
5218 2
5219 4
5220 0
5221 1
5222 0
5223 2
5224 1
5225 2
5226 1
5227 1
5228 2
5229 1
5230 1
5231 4
5232 1
5233 2
5234 1
5235 1
5236 3
5237 1
5238 1
5239 1
5240 1
5241 1
5242 2
5243 1
5244 1
5245 2
5246 1
5247 2
5248 1
5249 4
5250 2
5251 1
5252 2
5253 2
5254 1
5255 5
5256 0
5257 1
5258 5
5259 3
5260 1
5261 1
5262 1
5263 1
5264 1
5265 0
5266 1
5267 1
5268 1
5269 1
5270 0
5271 2
5272 5
5273 1
5274 4
5275 1
5276 4
5277 0
5278 1
5279 0
5280 2
5281 3
5282 0
5283 1
5284 2
5285 5
5286 4
5287 2
5288 3
5289 0
5290 3
5291 1
5292 1
5293 0
5294 0
5295 1
5296 4
5297 2
5298 2
5299 1
5300 1
5301 2
5302 1
5303 1
5304 2
5305 1
5306 2
5307 1
5308 2
5309 2
5310 2
5311 2
5312 2
5313 1
5314 1
5315 2
5316 2
5317 2
5318 2
5319 2
5320 0
5321 2
5322 1
5323 2
5324 5
5325 2
5326 2
5327 5
5328 2
5329 2
5330 2
5331 5
5332 0
5333 0
5334 5
5335 4
5336 2
5337 2
5338 2
5339 2
5340 2
5341 2
5342 2
5343 0
5344 5
5345 0
5346 0
5347 5
5348 0
5349 0
5350 0
5351 0
5352 0
5353 0
5354 5
5355 0
5356 1
5357 0
5358 0
5359 5
5360 0
5361 0
5362 0
5363 5
5364 4
5365 2
5366 1
5367 2
5368 5
5369 0
5370 1
5371 5
5372 5
5373 5
5374 2
5375 5
5376 5
5377 2
5378 5
5379 1
5380 0
5381 5
5382 5
5383 3
5384 0
5385 1
5386 2
5387 2
5388 0
5389 1
5390 4
5391 0
5392 4
5393 0
5394 1
5395 0
5396 3
5397 2
5398 0
5399 0
5400 4
5401 2
5402 1
5403 1
5404 2
5405 1
5406 1
5407 1
5408 1
5409 1
5410 1
5411 1
5412 5
5413 2
5414 3
5415 1
5416 1
5417 2
5418 2
5419 1
5420 2
5421 2
5422 1
5423 2
5424 2
5425 1
5426 1
5427 2
5428 1
5429 2
5430 1
5431 1
5432 1
5433 1
5434 1
5435 1
5436 2
5437 1
5438 2
5439 2
5440 1
5441 1
5442 5
5443 1
5444 5
5445 1
5446 1
5447 2
5448 1
5449 0
5450 0
5451 1
5452 1
5453 1
5454 1
5455 2
5456 1
5457 1
5458 2
5459 1
5460 1
5461 1
5462 1
5463 1
5464 1
5465 0
5466 2
5467 0
5468 0
5469 1
5470 2
5471 1
5472 0
5473 5
5474 2
5475 2
5476 2
5477 1
5478 0
5479 1
5480 0
5481 1
5482 1
5483 2
5484 2
5485 1
5486 1
5487 1
5488 1
5489 1
5490 1
5491 2
5492 0
5493 1
5494 1
5495 1
5496 1
5497 2
5498 2
5499 4
5500 1
5501 1
5502 1
5503 1
5504 1
5505 5
5506 2
5507 2
5508 0
5509 1
5510 1
5511 1
5512 1
5513 1
5514 1
5515 1
5516 1
5517 1
5518 1
5519 1
5520 4
5521 0
5522 5
5523 0
5524 0
5525 1
5526 2
5527 1
5528 5
5529 5
5530 5
5531 2
5532 2
5533 2
5534 0
5535 5
5536 0
5537 0
5538 1
5539 0
5540 5
5541 4
5542 0
5543 2
5544 2
5545 3
5546 0
5547 11
5548 1
5549 0
5550 2
5551 2
5552 2
5553 1
5554 2
5555 1
5556 0
5557 2
5558 2
5559 2
5560 2
5561 4
5562 2
5563 2
5564 2
5565 2
5566 2
5567 0
5568 1
5569 5
5570 2
5571 1
5572 5
5573 2
5574 0
5575 5
5576 2
5577 1
5578 4
5579 0
5580 2
5581 5
5582 2
5583 1
5584 5
5585 5
5586 5
5587 0
5588 0
5589 0
5590 5
5591 0
5592 0
5593 1
5594 0
5595 2
5596 0
5597 1
5598 1
5599 2
5600 4
5601 5
5602 1
5603 1
5604 1
5605 1
5606 2
5607 2
5608 2
5609 5
5610 1
5611 5
5612 2
5613 0
5614 0
5615 0
5616 5
5617 2
5618 5
5619 2
5620 0
5621 2
5622 5
5623 2
5624 2
5625 5
5626 1
5627 4
5628 0
5629 5
5630 2
5631 2
5632 5
5633 2
5634 0
5635 4
5636 0
5637 2
5638 2
5639 2
5640 0
5641 2
5642 5
5643 2
5644 2
5645 2
5646 1
5647 0
5648 2
5649 2
5650 2
5651 2
5652 2
5653 2
5654 5
5655 5
5656 5
5657 5
5658 2
5659 2
5660 2
5661 0
5662 2
5663 2
5664 1
5665 0
5666 1
5667 5
5668 5
5669 5
5670 0
5671 2
5672 2
5673 2
5674 5
5675 1
5676 2
5677 2
5678 2
5679 2
5680 2
5681 0
5682 1
5683 5
5684 2
5685 1
5686 1
5687 5
5688 1
5689 3
5690 3
5691 3
5692 2
5693 3
5694 1
5695 5
5696 2
5697 1
5698 0
5699 0
5700 0
5701 0
5702 3
5703 3
5704 3
5705 3
5706 3
5707 3
5708 3
5709 3
5710 3
5711 2
5712 1
5713 2
5714 2
5715 2
5716 2
5717 1
5718 2
5719 0
5720 1
5721 2
5722 4
5723 4
5724 2
5725 1
5726 5
5727 1
5728 2
5729 2
5730 1
5731 2
5732 2
5733 2
5734 1
5735 0
5736 2
5737 2
5738 4
5739 4
5740 1
5741 1
5742 4
5743 3
5744 1
5745 2
5746 1
5747 1
5748 2
5749 1
5750 2
5751 2
5752 1
5753 1
5754 0
5755 5
5756 5
5757 2
5758 0
5759 2
5760 0
5761 5
5762 2
5763 2
5764 2
5765 0
5766 2
5767 2
5768 1
5769 5
5770 0
5771 2
5772 1
5773 2
5774 5
5775 1
5776 1
5777 2
5778 2
5779 2
5780 2
5781 2
5782 1
5783 3
5784 10
5785 10
5786 10
5787 10
5788 10
5789 5
5790 5
5791 1
5792 5
5793 5
5794 5
5795 4
5796 4
5797 1
5798 2
5799 0
5800 3
5801 1
5802 2
5803 1
5804 5
5805 1
5806 2
5807 1
5808 1
5809 1
5810 1
5811 1
5812 1
5813 5
5814 1
5815 1
5816 1
5817 1
5818 1
5819 1
5820 1
5821 1
5822 1
5823 1
5824 0
5825 1
5826 2
5827 2
5828 0
5829 11
5830 11
5831 11
5832 0
5833 2
5834 11
5835 2
5836 0
5837 1
5838 5
5839 0
5840 11
5841 3
5842 4
5843 0
5844 0
5845 1
5846 11
5847 2
5848 2
5849 0
5850 1
5851 1
5852 1
5853 1
5854 5
5855 1
5856 5
5857 2
5858 0
5859 1
5860 5
5861 2
5862 5
5863 5
5864 4
5865 2
5866 5
5867 2
5868 0
5869 4
5870 1
5871 2
5872 2
5873 5
5874 1
5875 1
5876 1
5877 9
5878 2
5879 5
5880 2
5881 2
5882 2
5883 2
5884 1
5885 2
5886 2
5887 1
5888 0
5889 2
5890 2
5891 0
5892 2
5893 2
5894 4
5895 2
5896 2
5897 1
5898 0
5899 5
5900 1
5901 2
5902 2
5903 1
5904 1
5905 0
5906 0
5907 2
5908 1
5909 1
5910 1
5911 1
5912 2
5913 2
5914 2
5915 1
5916 2
5917 2
5918 2
5919 2
5920 1
5921 3
5922 2
5923 1
5924 2
5925 0
5926 0
5927 1
5928 0
5929 0
5930 5
5931 2
5932 2
5933 0
5934 0
5935 4
5936 5
5937 2
5938 3
5939 5
5940 2
5941 4
5942 2
5943 2
5944 0
5945 2
5946 2
5947 0
5948 2
5949 2
5950 5
5951 3
5952 2
5953 4
5954 14
5955 2
5956 0
5957 5
5958 2
5959 2
5960 2
5961 2
5962 2
5963 2
5964 0
5965 4
5966 0
5967 1
5968 2
5969 3
5970 2
5971 0
5972 2
5973 1
5974 2
5975 2
5976 2
5977 0
5978 4
5979 4
5980 5
5981 0
5982 4
5983 2
5984 2
5985 0
5986 5
5987 0
5988 1
5989 1
5990 5
5991 0
5992 1
5993 5
5994 0
5995 5
5996 12
5997 1
5998 5
5999 5
6000 2
6001 1
6002 2
6003 2
6004 0
6005 2
6006 2
6007 1
6008 5
6009 5
6010 0
6011 1
6012 2
6013 0
6014 1
6015 5
6016 5
6017 3
6018 2
6019 2
6020 1
6021 2
6022 2
6023 2
6024 5
6025 0
6026 0
6027 1
6028 2
6029 2
6030 1
6031 2
6032 1
6033 4
6034 1
6035 5
6036 1
6037 1
6038 0
6039 2
6040 2
6041 2
6042 5
6043 2
6044 2
6045 1
6046 3
6047 2
6048 2
6049 2
6050 1
6051 2
6052 5
6053 0
6054 2
6055 2
6056 2
6057 2
6058 4
6059 2
6060 2
6061 3
6062 2
6063 2
6064 1
6065 2
6066 2
6067 0
6068 0
6069 5
6070 4
6071 1
6072 5
6073 2
6074 3
6075 4
6076 2
6077 1
6078 2
6079 3
6080 2
6081 2
6082 0
6083 3
6084 5
6085 2
6086 2
6087 5
6088 2
6089 0
6090 2
6091 2
6092 2
6093 0
6094 0
6095 2
6096 0
6097 2
6098 2
6099 1
6100 2
6101 2
6102 1
6103 2
6104 1
6105 0
6106 0
6107 0
6108 2
6109 2
6110 4
6111 5
6112 2
6113 0
6114 2
6115 2
6116 2
6117 4
6118 5
6119 2
6120 2
6121 0
6122 0
6123 15
6124 2
6125 1
6126 2
6127 5
6128 2
6129 2
6130 1
6131 1
6132 2
6133 1
6134 1
6135 5
6136 1
6137 2
6138 5
6139 2
6140 2
6141 0
6142 0
6143 0
6144 5
6145 0
6146 2
6147 5
6148 2
6149 2
6150 0
6151 0
6152 2
6153 5
6154 5
6155 2
6156 2
6157 2
6158 5
6159 5
6160 2
6161 5
6162 5
6163 4
6164 2
6165 1
6166 0
6167 2
6168 2
6169 5
6170 5
6171 0
6172 2
6173 5
6174 5
6175 5
6176 2
6177 0
6178 0
6179 1
6180 2
6181 2
6182 2
6183 2
6184 1
6185 1
6186 0
6187 1
6188 2
6189 0
6190 0
6191 0
6192 0
6193 0
6194 0
6195 0
6196 0
6197 1
6198 2
6199 1
6200 1
6201 2
6202 2
6203 1
6204 1
6205 0
6206 4
6207 0
6208 4
6209 5
6210 1
6211 1
6212 1
6213 1
6214 1
6215 5
6216 5
6217 2
6218 1
6219 5
6220 1
6221 1
6222 1
6223 2
6224 1
6225 1
6226 2
6227 1
6228 1
6229 1
6230 1
6231 1
6232 1
6233 1
6234 1
6235 5
6236 2
6237 3
6238 4
6239 11
6240 2
6241 2
6242 2
6243 2
6244 1
6245 2
6246 4
6247 0
6248 0
6249 4
6250 2
6251 2
6252 0
6253 2
6254 3
6255 2
6256 5
6257 1
6258 2
6259 2
6260 5
6261 5
6262 0
6263 2
6264 0
6265 1
6266 1
6267 1
6268 3
6269 0
6270 0
6271 1
6272 2
6273 2
6274 1
6275 13
6276 13
6277 2
6278 1
6279 2
6280 2
6281 1
6282 1
6283 0
6284 1
6285 3
6286 4
6287 4
6288 0
6289 0
6290 0
6291 4
6292 4
6293 0
6294 0
6295 2
6296 2
6297 0
6298 0
6299 5
6300 2
6301 5
6302 2
6303 1
6304 5
6305 0
6306 0
6307 1
6308 1
6309 0
6310 4
6311 2
6312 2
6313 2
6314 2
6315 2
6316 2
6317 2
6318 2
6319 0
6320 5
6321 2
6322 2
6323 1
6324 1
6325 1
6326 0
6327 0
6328 0
6329 3
6330 0
6331 5
6332 1
6333 0
6334 1
6335 2
6336 1
6337 3
6338 5
6339 1
6340 1
6341 0
6342 1
6343 1
6344 1
6345 1
6346 1
6347 1
6348 0
6349 1
6350 5
6351 1
6352 0
6353 5
6354 0
6355 0
6356 0
6357 0
6358 0
6359 5
6360 5
6361 5
6362 1
6363 5
6364 5
6365 5
6366 5
6367 2
6368 5
6369 5
6370 5
6371 5
6372 0
6373 5
6374 0
6375 0
6376 4
6377 4
6378 5
6379 5
6380 2
6381 5
6382 2
6383 2
6384 5
6385 5
6386 5
6387 5
6388 5
6389 5
6390 5
6391 5
6392 0
6393 2
6394 2
6395 1
6396 2
6397 2
6398 0
6399 2
6400 2
6401 2
6402 2
6403 2
6404 5
6405 5
6406 2
6407 2
6408 5
6409 1
6410 3
6411 2
6412 2
6413 0
6414 5
6415 0
6416 2
6417 2
6418 2
6419 1
6420 4
6421 4
6422 4
6423 2
6424 0
6425 2
6426 2
6427 3
6428 2
6429 5
6430 5
6431 1
6432 5
6433 0
6434 0
6435 5
6436 0
6437 0
6438 4
6439 4
6440 2
6441 2
6442 2
6443 2
6444 2
6445 1
6446 5
6447 2
6448 4
6449 0
6450 0
6451 2
6452 0
6453 0
6454 0
6455 2
6456 5
6457 2
6458 2
6459 5
6460 5
6461 0
6462 2
6463 4
6464 5
6465 2
6466 2
6467 0
6468 2
6469 2
6470 0
6471 1
6472 2
6473 4
6474 2
6475 2
6476 2
6477 1
6478 5
6479 5
6480 1
6481 1
6482 2
6483 1
6484 2
6485 2
6486 1
6487 4
6488 4
6489 4
6490 4
6491 4
6492 4
6493 4
6494 4
6495 2
6496 4
6497 0
6498 5
6499 5
6500 5
6501 5
6502 5
6503 5
6504 1
6505 1
6506 1
6507 0
6508 1
6509 5
6510 2
6511 3
6512 2
6513 2
6514 2
6515 2
6516 3
6517 1
6518 3
6519 0
6520 0
6521 0
6522 0
6523 2
6524 0
6525 0
6526 0
6527 0
6528 0
6529 2
6530 2
6531 1
6532 2
6533 2
6534 2
6535 2
6536 5
6537 0
6538 3
6539 5
6540 5
6541 5
6542 2
6543 0
6544 2
6545 4
6546 12
6547 12
6548 12
6549 12
6550 0
6551 5
6552 3
6553 4
6554 1
6555 1
6556 1
6557 1
6558 0
6559 1
6560 1
6561 5
6562 5
6563 0
6564 0
6565 2
6566 2
6567 0
6568 2
6569 1
6570 0
6571 0
6572 5
6573 1
6574 5
6575 0
6576 5
6577 2
6578 0
6579 0
6580 0
6581 5
6582 0
6583 0
6584 2
6585 5
6586 2
6587 1
6588 0
6589 5
6590 2
6591 4
6592 0
6593 5
6594 5
6595 5
6596 5
6597 5
6598 5
6599 5
6600 5
6601 5
6602 5
6603 5
6604 5
6605 5
6606 5
6607 5
6608 5
6609 5
6610 5
6611 5
6612 5
6613 5
6614 5
6615 5
6616 5
6617 5
6618 5
6619 5
6620 0
6621 5
6622 5
6623 5
6624 5
6625 5
6626 5
6627 5
6628 5
6629 0
6630 0
6631 5
6632 0
6633 1
6634 1
6635 1
6636 1
6637 2
6638 14
6639 0
6640 0
6641 0
6642 2
6643 0
6644 1
6645 0
6646 0
6647 4
6648 4
6649 4
6650 0
6651 2
6652 1
6653 1
6654 1
6655 1
6656 1
6657 1
6658 1
6659 1
6660 1
6661 1
6662 1
6663 1
6664 15
6665 15
6666 1
6667 1
6668 1
6669 1
6670 2
6671 1
6672 0
6673 0
6674 1
6675 1
6676 5
6677 5
6678 1
6679 1
6680 1
6681 1
6682 1
6683 1
6684 1
6685 0
6686 2
6687 2
6688 5
6689 5
6690 5
6691 5
6692 5
6693 2
6694 2
6695 2
6696 2
6697 1
6698 1
6699 1
6700 2
6701 1
6702 1
6703 1
6704 1
6705 0
6706 2
6707 2
6708 2
6709 2
6710 2
6711 2
6712 2
6713 2
6714 2
6715 3
6716 0
6717 0
6718 4
6719 4
6720 0
6721 1
6722 0
6723 0
6724 4
6725 0
6726 2
6727 2
6728 2
6729 5
6730 2
6731 1
6732 1
6733 1
6734 4
6735 1
6736 2
6737 2
6738 4
6739 4
6740 0
6741 0
6742 0
6743 0
6744 0
6745 15
6746 0
6747 0
6748 1
6749 0
6750 3
6751 1
6752 1
6753 3
6754 5
6755 1
6756 1
6757 1
6758 1
6759 1
6760 1
6761 2
6762 2
6763 2
6764 2
6765 2
6766 2
6767 4
6768 2
6769 3
6770 4
6771 4
6772 4
6773 4
6774 4
6775 4
6776 1
6777 2
6778 2
6779 0
6780 0
6781 0
6782 1
6783 2
6784 2
6785 2
6786 2
6787 0
6788 0
6789 2
6790 1
6791 1
6792 1
6793 1
6794 4
6795 2
6796 4
6797 4
6798 5
6799 5
6800 5
6801 5
6802 0
6803 0
6804 2
6805 2
6806 4
6807 2
6808 1
6809 1
6810 1
6811 1
6812 1
6813 1
6814 5
6815 5
6816 5
6817 5
6818 5
6819 2
6820 2
6821 2
6822 0
6823 4
6824 2
6825 2
6826 2
6827 2
6828 2
6829 2
6830 2
6831 2
6832 2
6833 2
6834 2
6835 2
6836 2
6837 2
6838 4
6839 1
6840 1
6841 2
6842 2
6843 2
6844 0
6845 0
6846 3
6847 1
6848 3
6849 3
6850 1
6851 1
6852 2
6853 4
6854 3
6855 2
6856 2
6857 2
6858 4
6859 2
6860 0
6861 0
6862 1
6863 1
6864 1
6865 1
6866 1
6867 1
6868 1
6869 0
6870 0
6871 0
6872 0
6873 0
6874 0
6875 0
6876 0
6877 0
6878 0
6879 0
6880 3
6881 1
6882 1
6883 1
6884 0
6885 2
6886 2
6887 1
6888 1
6889 1
6890 1
6891 0
6892 0
6893 0
6894 0
6895 0
6896 0
6897 0
6898 0
6899 0
6900 1
6901 2
6902 4
6903 4
6904 4
6905 4
0 1
1 0
2 3
3 4
4 2
5 0
6 1
7 0
8 0
9 3
10 0
11 0
12 0
13 0
14 0
15 0
0 0
1 1
2 2
3 3
4 4
1e-06 0.123176 66
