0 1
1 0
2 1
3 5
4 1
5 5
6 5
7 1
8 1
9 5
10 1
11 5
12 5
13 5
14 5
15 1
16 5
17 5
18 1
19 5
20 5
21 5
22 5
23 5
24 1
25 1
26 1
27 5
28 5
29 5
30 5
31 5
32 5
33 5
34 1
35 5
36 5
37 5
38 5
39 1
40 1
41 5
42 5
43 5
44 1
45 5
46 1
47 5
48 5
49 5
50 5
51 5
52 5
53 1
54 5
55 5
56 5
57 5
58 5
59 5
60 5
61 1
62 1
63 1
64 5
65 5
66 5
67 1
68 5
69 5
70 5
71 5
72 1
73 5
74 5
75 5
76 5
77 1
78 5
79 5
80 5
81 1
82 5
83 5
84 1
85 5
86 1
87 1
88 5
89 1
90 5
91 5
92 0
93 5
94 0
95 5
96 5
97 0
98 0
99 0
100 1
101 0
102 0
103 0
104 0
105 0
106 0
107 5
108 0
109 1
110 1
111 5
112 1
113 0
114 0
115 1
116 1
117 0
118 5
119 1
120 1
121 5
122 5
123 5
124 5
125 5
126 5
127 5
128 5
129 5
130 5
131 1
132 5
133 1
134 1
135 5
136 1
137 5
138 5
139 1
140 1
141 5
142 5
143 5
144 1
145 5
146 5
147 5
148 5
149 5
150 5
151 5
152 5
153 1
154 1
155 0
156 5
157 5
158 5
159 5
160 5
161 0
162 5
163 5
164 5
165 0
166 5
167 5
168 5
169 5
170 5
171 5
172 5
173 5
174 5
175 1
176 5
177 5
178 5
179 1
180 5
181 1
182 1
183 5
184 1
185 0
186 1
187 1
188 0
189 5
190 0
191 5
192 0
193 0
194 1
195 0
196 0
197 0
198 0
199 0
200 1
201 0
202 0
203 5
204 0
205 0
206 5
207 0
208 1
209 5
210 1
211 1
212 0
213 5
214 5
215 1
216 0
217 5
218 1
219 5
220 5
221 0
222 5
223 0
224 0
225 5
226 5
227 0
228 1
229 1
230 0
231 1
232 5
233 0
234 5
235 1
236 0
237 0
238 5
239 5
240 5
241 5
242 0
243 5
244 0
245 5
246 5
247 1
248 0
249 5
250 5
251 0
252 0
253 0
254 1
255 0
256 1
257 5
258 0
259 1
260 5
261 5
262 0
263 5
264 1
265 0
266 5
267 0
268 5
269 0
270 0
271 0
272 5
273 1
274 1
275 1
276 5
277 5
278 0
279 5
280 0
281 1
282 5
283 5
284 5
285 0
286 5
287 1
288 0
289 0
290 5
291 1
292 0
293 0
294 1
295 0
296 5
297 1
298 1
299 5
300 0
301 1
302 1
303 5
304 5
305 5
306 0
307 5
308 0
309 1
310 1
311 0
312 1
313 5
314 0
315 0
316 5
317 5
318 1
319 0
320 0
321 5
322 5
323 0
324 5
325 5
326 0
327 5
328 5
329 0
330 5
331 1
332 0
333 1
334 1
335 1
336 5
337 5
338 1
339 0
340 0
341 0
342 0
343 1
344 1
345 1
346 5
347 1
348 5
349 5
350 1
351 1
352 1
353 5
354 1
355 5
356 1
357 0
358 1
359 1
360 1
361 1
362 5
363 0
364 1
365 5
366 1
367 1
368 1
369 1
370 1
371 1
372 1
373 1
374 5
375 1
376 5
377 1
378 1
379 0
380 1
381 1
382 1
383 1
384 0
385 1
386 1
387 5
388 1
389 1
390 1
391 1
392 1
393 1
394 0
395 1
396 5
397 1
398 5
399 1
400 1
401 1
402 5
403 1
404 1
405 1
406 1
407 1
408 1
409 5
410 5
411 1
412 1
413 5
414 1
415 1
416 5
417 1
418 5
419 1
420 5
421 1
422 1
423 1
424 1
425 1
426 1
427 1
428 1
429 5
430 5
431 1
432 0
433 1
434 0
435 1
436 1
437 5
438 1
439 1
440 1
441 1
442 1
443 5
444 1
445 5
446 1
447 1
448 0
449 5
450 1
451 0
452 5
453 5
454 5
455 0
456 5
457 1
458 1
459 0
460 1
461 1
462 5
463 1
464 5
465 1
466 1
467 5
468 1
469 1
470 5
471 0
472 1
473 5
474 1
475 5
476 5
477 5
478 1
479 5
480 5
481 5
482 5
483 5
484 1
485 5
486 0
487 0
488 1
489 0
490 5
491 0
492 0
493 0
494 1
495 0
496 0
497 0
498 1
499 0
500 0
501 0
502 0
503 0
504 0
505 0
506 0
507 0
508 0
509 1
510 0
511 0
512 1
513 0
514 0
515 0
516 1
517 0
518 0
519 0
520 0
521 0
522 0
523 0
524 0
525 0
526 0
527 1
528 0
529 0
530 0
531 0
532 0
533 0
534 0
535 0
536 0
537 0
538 0
539 0
540 0
541 5
542 1
543 0
544 0
545 0
546 0
547 0
548 0
549 0
550 0
551 5
552 0
553 0
554 0
555 0
556 1
557 0
558 0
559 0
560 5
561 5
562 0
563 0
564 0
565 0
566 0
567 0
568 0
569 0
570 0
571 1
572 0
573 0
574 1
575 0
576 0
577 0
578 0
579 1
580 0
581 0
582 0
583 0
584 0
585 0
586 0
587 0
588 0
589 0
590 0
591 0
592 1
593 0
594 0
595 0
596 0
597 0
598 0
599 0
600 0
601 0
602 0
603 0
604 0
605 0
606 0
607 0
608 0
609 0
610 0
611 0
612 0
613 0
614 1
615 0
616 0
617 0
618 0
619 0
620 0
621 0
622 0
623 0
624 5
625 0
626 0
627 0
628 5
629 0
630 1
631 0
632 0
633 0
634 1
635 5
636 1
637 1
638 5
639 5
640 5
641 5
642 1
643 5
644 1
645 0
646 1
647 1
648 1
649 1
650 1
651 5
652 1
653 5
654 5
655 5
656 5
657 5
658 1
659 5
660 1
661 0
662 5
663 1
664 5
665 1
666 5
667 5
668 1
669 1
670 5
671 1
672 1
673 5
674 5
675 5
676 5
677 5
678 5
679 1
680 5
681 5
682 1
683 5
684 5
685 5
686 5
687 0
688 1
689 5
690 5
691 1
692 1
693 1
694 0
695 5
696 5
697 1
698 1
699 1
700 5
701 1
702 1
703 5
704 1
705 1
706 5
707 5
708 5
709 1
710 1
711 5
712 5
713 1
714 1
715 5
716 5
717 5
718 1
719 5
720 1
721 5
722 5
723 1
724 5
725 1
726 5
727 5
728 1
729 5
730 5
731 5
732 1
733 5
734 1
735 5
736 1
737 5
738 1
739 5
740 5
741 1
742 5
743 5
744 1
745 5
746 1
747 5
748 5
749 5
750 1
751 5
752 1
753 5
754 1
755 1
756 5
757 1
758 5
759 1
760 1
761 5
762 5
763 5
764 1
765 5
766 1
767 5
768 5
769 1
770 5
771 0
772 1
773 5
774 1
775 5
776 5
777 1
778 1
779 5
780 5
781 1
782 5
783 1
784 5
785 5
786 5
787 1
788 5
789 1
790 5
791 1
792 5
793 5
794 5
795 5
796 1
797 1
798 1
799 1
800 5
801 5
802 1
803 1
804 5
805 5
806 5
807 1
808 5
809 1
810 5
811 5
812 0
813 1
814 5
815 5
816 5
817 5
818 5
819 5
820 5
821 1
822 5
823 5
824 5
825 5
826 5
827 1
828 5
829 5
830 1
831 5
832 5
833 1
834 5
835 1
836 1
837 1
838 5
839 1
840 5
841 5
842 1
843 1
844 1
845 1
846 5
847 5
848 5
849 5
850 1
851 5
852 5
853 1
854 5
855 5
856 1
857 5
858 5
859 5
860 5
861 5
862 5
863 5
864 5
865 5
866 5
867 5
868 5
869 5
870 5
871 5
872 5
873 5
874 5
875 5
876 5
877 5
878 5
879 5
880 1
881 5
882 5
883 5
884 1
885 1
886 1
887 5
888 5
889 5
890 1
891 1
892 1
893 5
894 5
895 5
896 1
897 1
898 1
899 5
900 5
901 5
902 5
903 5
904 5
905 5
906 1
907 1
908 1
909 5
910 5
911 1
912 5
913 5
914 1
915 1
916 5
917 1
918 5
919 5
920 5
921 5
922 1
923 1
924 5
925 5
926 1
927 5
928 1
929 5
930 5
931 5
932 5
933 1
934 5
935 1
936 1
937 1
938 1
939 5
940 5
941 1
942 5
943 1
944 5
945 1
946 1
947 1
948 1
949 1
950 1
951 1
952 5
953 5
954 5
955 5
956 5
957 5
958 5
959 1
960 5
961 5
962 5
963 1
964 5
965 5
966 1
967 1
968 5
969 1
970 5
971 1
972 1
973 5
974 5
975 5
976 5
977 5
978 1
979 1
980 1
981 5
982 5
983 5
984 5
985 5
986 1
987 5
988 5
989 1
990 5
991 1
992 5
993 5
994 5
995 1
996 5
997 1
998 1
999 5
1000 1
1001 1
1002 5
1003 1
1004 1
1005 5
1006 5
1007 5
1008 5
1009 5
1010 1
1011 5
1012 1
1013 5
1014 5
1015 1
1016 5
1017 5
1018 1
1019 5
1020 5
1021 5
1022 1
1023 5
1024 1
1025 5
1026 5
1027 0
1028 1
1029 1
1030 5
1031 1
1032 1
1033 1
1034 5
1035 1
1036 5
1037 5
1038 5
1039 5
1040 5
1041 5
1042 5
1043 5
1044 5
1045 1
1046 5
1047 5
1048 1
1049 5
1050 1
1051 5
1052 5
1053 1
1054 1
1055 1
1056 5
1057 1
1058 1
1059 1
1060 1
1061 5
1062 5
1063 5
1064 1
1065 1
1066 5
1067 5
1068 5
1069 5
1070 5
1071 1
1072 1
1073 5
1074 1
1075 1
1076 1
1077 5
1078 5
1079 5
1080 5
1081 1
1082 1
1083 5
1084 5
1085 5
1086 5
1087 5
1088 5
1089 5
1090 5
1091 1
1092 1
1093 5
1094 0
1095 1
1096 1
1097 5
1098 1
1099 5
1100 5
1101 5
1102 5
1103 5
1104 1
1105 5
1106 5
1107 1
1108 1
1109 0
1110 1
1111 5
1112 5
1113 5
1114 5
1115 5
1116 5
1117 1
1118 5
1119 5
1120 1
1121 5
1122 5
1123 1
1124 1
1125 1
1126 1
1127 1
1128 5
1129 5
1130 5
1131 5
1132 5
1133 5
1134 5
1135 1
1136 5
1137 1
1138 1
1139 1
1140 1
1141 1
1142 5
1143 1
1144 1
1145 1
1146 5
1147 1
1148 1
1149 5
1150 1
1151 1
1152 1
1153 5
1154 1
1155 5
1156 1
1157 5
1158 1
1159 5
1160 1
1161 1
1162 1
1163 1
1164 1
1165 5
1166 1
1167 1
1168 1
1169 1
1170 1
1171 5
1172 1
1173 1
1174 1
1175 1
1176 1
1177 1
1178 5
1179 1
1180 5
1181 1
1182 1
1183 1
1184 5
1185 5
1186 1
1187 1
1188 5
1189 1
1190 5
1191 1
1192 1
1193 5
1194 1
1195 1
1196 1
1197 5
1198 5
1199 5
1200 1
1201 5
1202 0
1203 5
1204 5
1205 5
1206 5
1207 1
1208 1
1209 5
1210 5
1211 5
1212 1
1213 1
1214 5
1215 2
1216 5
1217 0
1218 5
1219 5
1220 0
1221 0
1222 0
1223 1
1224 5
1225 5
1226 0
1227 1
1228 5
1229 1
1230 5
1231 5
1232 0
1233 1
1234 1
1235 5
1236 1
1237 1
1238 5
1239 0
1240 0
1241 0
1242 1
1243 1
1244 5
1245 0
1246 1
1247 1
1248 0
1249 0
1250 5
1251 5
1252 1
1253 1
1254 0
1255 1
1256 1
1257 1
1258 0
1259 1
1260 5
1261 0
1262 1
1263 5
1264 5
1265 1
1266 5
1267 1
1268 1
1269 0
1270 1
1271 5
1272 5
1273 5
1274 0
1275 0
1276 5
1277 5
1278 5
1279 5
1280 1
1281 5
1282 1
1283 1
1284 5
1285 0
1286 5
1287 5
1288 0
1289 1
1290 1
1291 1
1292 5
1293 0
1294 1
1295 0
1296 1
1297 5
1298 0
1299 0
1300 1
1301 5
1302 5
1303 5
1304 1
1305 1
1306 5
1307 5
1308 5
1309 0
1310 1
1311 5
1312 5
1313 1
1314 5
1315 0
1316 5
1317 1
1318 1
1319 1
1320 1
1321 5
1322 5
1323 5
1324 1
1325 1
1326 0
1327 5
1328 5
1329 0
1330 0
1331 1
1332 1
1333 5
1334 5
1335 5
1336 5
1337 5
1338 5
1339 5
1340 0
1341 1
1342 5
1343 5
1344 1
1345 5
1346 0
1347 0
1348 5
1349 1
1350 5
1351 5
1352 5
1353 1
1354 1
1355 1
1356 5
1357 1
1358 1
1359 5
1360 0
1361 1
1362 1
1363 5
1364 5
1365 1
1366 5
1367 0
1368 5
1369 0
1370 0
1371 1
1372 1
1373 1
1374 5
1375 5
1376 5
1377 1
1378 5
1379 5
1380 1
1381 0
1382 5
1383 5
1384 0
1385 5
1386 1
1387 0
1388 5
1389 5
1390 5
1391 1
1392 0
1393 1
1394 5
1395 1
1396 5
1397 0
1398 1
1399 5
1400 1
1401 5
1402 5
1403 0
1404 5
1405 0
1406 5
1407 0
1408 1
1409 5
1410 5
1411 1
1412 5
1413 1
1414 1
1415 0
1416 5
1417 5
1418 5
1419 5
1420 1
1421 1
1422 0
1423 0
1424 1
1425 1
1426 5
1427 5
1428 5
1429 1
1430 1
1431 5
1432 5
1433 0
1434 1
1435 5
1436 1
1437 0
1438 1
1439 1
1440 5
1441 5
1442 5
1443 1
1444 1
1445 5
1446 5
1447 5
1448 5
1449 1
1450 1
1451 1
1452 0
1453 5
1454 0
1455 5
1456 0
1457 5
1458 1
1459 0
1460 0
1461 0
1462 0
1463 5
1464 0
1465 1
1466 0
1467 5
1468 1
1469 5
1470 5
1471 5
1472 5
1473 5
1474 0
1475 1
1476 0
1477 0
1478 1
1479 5
1480 1
1481 1
1482 5
1483 5
1484 1
1485 1
1486 5
1487 0
1488 1
1489 0
1490 1
1491 5
1492 0
1493 5
1494 0
1495 0
1496 5
1497 1
1498 0
1499 5
1500 1
1501 0
1502 1
1503 5
1504 1
1505 0
1506 1
1507 5
1508 1
1509 5
1510 1
1511 1
1512 5
1513 5
1514 5
1515 5
1516 1
1517 5
1518 0
1519 0
1520 1
1521 0
1522 5
1523 0
1524 5
1525 5
1526 1
1527 0
1528 5
1529 0
1530 1
1531 1
1532 1
1533 5
1534 1
1535 5
1536 1
1537 0
1538 5
1539 5
1540 0
1541 5
1542 5
1543 1
1544 5
1545 1
1546 1
1547 5
1548 1
1549 1
1550 1
1551 1
1552 5
1553 1
1554 1
1555 1
1556 1
1557 1
1558 1
1559 1
1560 1
1561 1
1562 5
1563 5
1564 1
1565 1
1566 1
1567 1
1568 1
1569 1
1570 1
1571 1
1572 5
1573 1
1574 1
1575 1
1576 5
1577 1
1578 1
1579 0
1580 5
1581 0
1582 5
1583 5
1584 0
1585 5
1586 5
1587 0
1588 0
1589 0
1590 0
1591 0
1592 1
1593 5
1594 1
1595 0
1596 1
1597 0
1598 1
1599 0
1600 1
1601 5
1602 1
1603 5
1604 5
1605 1
1606 5
1607 1
1608 0
1609 5
1610 5
1611 5
1612 5
1613 0
1614 5
1615 5
1616 5
1617 1
1618 1
1619 1
1620 1
1621 1
1622 1
1623 1
1624 5
1625 5
1626 1
1627 1
1628 5
1629 5
1630 0
1631 1
1632 5
1633 5
1634 1
1635 0
1636 5
1637 0
1638 1
1639 5
1640 1
1641 1
1642 1
1643 5
1644 1
1645 1
1646 1
1647 5
1648 1
1649 1
1650 5
1651 5
1652 1
1653 0
1654 5
1655 0
1656 1
1657 1
1658 1
1659 1
1660 5
1661 5
1662 5
1663 5
1664 1
1665 1
1666 5
1667 0
1668 0
1669 5
1670 5
1671 1
1672 5
1673 0
1674 0
1675 5
1676 0
1677 5
1678 5
1679 5
1680 1
1681 1
1682 0
1683 1
1684 0
1685 1
1686 1
1687 5
1688 1
1689 5
1690 1
1691 5
1692 1
1693 0
1694 5
1695 5
1696 5
1697 0
1698 5
1699 1
1700 5
1701 1
1702 5
1703 1
1704 5
1705 1
1706 5
1707 5
1708 1
1709 1
1710 0
1711 1
1712 1
1713 0
1714 1
1715 0
1716 0
1717 1
1718 0
1719 0
1720 0
1721 0
1722 5
1723 0
1724 0
1725 0
1726 0
1727 5
1728 0
1729 0
1730 0
1731 0
1732 0
1733 0
1734 1
1735 0
1736 0
1737 0
1738 0
1739 5
1740 5
1741 0
1742 0
1743 0
1744 0
1745 1
1746 5
1747 1
1748 0
1749 5
1750 5
1751 0
1752 0
1753 1
1754 0
1755 0
1756 5
1757 0
1758 0
1759 0
1760 5
1761 5
1762 1
1763 0
1764 0
1765 0
1766 1
1767 0
1768 5
1769 5
1770 5
1771 5
1772 5
1773 0
1774 0
1775 0
1776 5
1777 0
1778 1
1779 5
1780 0
1781 5
1782 0
1783 0
1784 0
1785 0
1786 0
1787 1
1788 0
1789 0
1790 5
1791 0
1792 0
1793 0
1794 0
1795 5
1796 5
1797 5
1798 5
1799 0
1800 0
1801 1
1802 5
1803 0
1804 5
1805 5
1806 5
1807 5
1808 0
1809 0
1810 5
1811 0
1812 1
1813 0
1814 0
1815 5
1816 0
1817 0
1818 5
1819 1
1820 5
1821 0
1822 0
1823 0
1824 0
1825 0
1826 5
1827 0
1828 0
1829 0
1830 0
1831 0
1832 0
1833 5
1834 5
1835 5
1836 5
1837 5
1838 0
1839 0
1840 5
1841 0
1842 0
1843 0
1844 5
1845 0
1846 0
1847 0
1848 0
1849 5
1850 1
1851 0
1852 0
1853 1
1854 5
1855 0
1856 1
1857 0
1858 0
1859 0
1860 5
1861 0
1862 0
1863 5
1864 0
1865 0
1866 0
1867 5
1868 5
1869 0
1870 0
1871 0
1872 0
1873 0
1874 5
1875 0
1876 0
1877 0
1878 5
1879 0
1880 0
1881 1
1882 1
1883 0
1884 0
1885 0
1886 5
1887 5
1888 0
1889 1
1890 1
1891 5
1892 1
1893 1
1894 1
1895 1
1896 0
1897 0
1898 0
1899 0
1900 1
1901 5
1902 0
1903 0
1904 1
1905 0
1906 5
1907 1
1908 0
1909 1
1910 1
1911 1
1912 1
1913 1
1914 5
1915 0
1916 5
1917 5
1918 1
1919 1
1920 1
1921 1
1922 5
1923 5
1924 1
1925 5
1926 5
1927 5
1928 5
1929 5
1930 5
1931 5
1932 5
1933 5
1934 5
1935 5
1936 5
1937 0
1938 1
1939 1
1940 0
1941 0
1942 0
1943 0
1944 5
1945 0
1946 5
1947 0
1948 1
1949 5
1950 5
1951 5
1952 0
1953 5
1954 1
1955 5
1956 1
1957 5
1958 5
1959 0
1960 5
1961 0
1962 0
1963 0
1964 2
1965 1
1966 5
1967 5
1968 5
1969 1
1970 0
1971 5
1972 0
1973 0
1974 5
1975 5
1976 0
1977 0
1978 0
1979 0
1980 0
1981 0
1982 5
1983 5
1984 5
1985 5
1986 5
1987 5
1988 5
1989 5
1990 5
1991 5
1992 5
1993 5
1994 0
1995 0
1996 5
1997 1
1998 1
1999 5
2000 0
2001 5
2002 5
2003 1
2004 0
2005 0
2006 5
2007 1
2008 1
2009 5
2010 5
2011 1
2012 5
2013 5
2014 5
2015 0
2016 5
2017 1
2018 1
2019 5
2020 5
2021 5
2022 5
2023 5
2024 5
2025 5
2026 1
2027 0
2028 0
2029 0
2030 5
2031 5
2032 5
2033 5
2034 5
2035 5
2036 5
2037 5
2038 5
2039 5
2040 1
2041 0
2042 0
2043 5
2044 5
2045 1
2046 1
2047 0
2048 5
2049 0
2050 0
2051 5
2052 1
2053 1
2054 5
2055 5
2056 1
2057 0
2058 5
2059 5
2060 5
2061 5
2062 0
2063 0
2064 0
2065 0
2066 5
2067 1
2068 1
2069 0
2070 0
2071 20
2072 5
2073 1
2074 5
2075 5
2076 5
2077 0
2078 5
2079 1
2080 5
2081 1
2082 0
2083 1
2084 1
2085 5
2086 5
2087 5
2088 5
2089 1
2090 1
2091 1
2092 1
2093 1
2094 5
2095 1
2096 1
2097 1
2098 1
2099 5
2100 1
2101 1
2102 5
2103 1
2104 1
2105 1
2106 0
2107 1
2108 1
2109 1
2110 1
2111 5
2112 1
2113 1
2114 5
2115 1
2116 1
2117 0
2118 0
2119 0
2120 5
2121 5
2122 5
2123 1
2124 1
2125 1
2126 5
2127 5
2128 1
2129 1
2130 1
2131 1
2132 0
2133 1
2134 1
2135 1
2136 0
2137 5
2138 1
2139 1
2140 1
2141 5
2142 1
2143 1
2144 0
2145 0
2146 1
2147 0
2148 5
2149 5
2150 0
2151 1
2152 5
2153 1
2154 1
2155 1
2156 1
2157 0
2158 5
2159 0
2160 0
2161 1
2162 5
2163 5
2164 0
2165 1
2166 0
2167 1
2168 0
2169 1
2170 1
2171 5
2172 1
2173 1
2174 1
2175 1
2176 0
2177 0
2178 1
2179 5
2180 1
2181 5
2182 1
2183 1
2184 1
2185 5
2186 5
2187 5
2188 1
2189 5
2190 1
2191 1
2192 1
2193 1
2194 1
2195 1
2196 1
2197 1
2198 5
2199 0
2200 1
2201 5
2202 1
2203 5
2204 5
2205 1
2206 5
2207 5
2208 5
2209 1
2210 1
2211 1
2212 1
2213 0
2214 1
2215 5
2216 0
2217 0
2218 1
2219 1
2220 1
2221 5
2222 5
2223 5
2224 1
2225 1
2226 1
2227 0
2228 1
2229 1
2230 1
2231 1
2232 1
2233 1
2234 1
2235 1
2236 1
2237 5
2238 1
2239 1
2240 1
2241 5
2242 5
2243 5
2244 1
2245 5
2246 1
2247 5
2248 1
2249 5
2250 1
2251 0
2252 5
2253 1
2254 5
2255 5
2256 5
2257 1
2258 1
2259 5
2260 5
2261 5
2262 1
2263 1
2264 1
2265 1
2266 1
2267 0
2268 0
2269 1
2270 5
2271 1
2272 0
2273 0
2274 5
2275 0
2276 5
2277 0
2278 1
2279 1
2280 5
2281 0
2282 1
2283 5
2284 0
2285 5
2286 1
2287 1
2288 1
2289 1
2290 1
2291 5
2292 0
2293 2
2294 0
2295 1
2296 0
2297 1
2298 0
2299 1
2300 1
2301 0
2302 5
2303 0
2304 1
2305 1
2306 5
2307 1
2308 1
2309 0
2310 1
2311 0
2312 5
2313 5
2314 5
2315 0
2316 5
2317 5
2318 0
2319 5
2320 1
2321 5
2322 1
2323 5
2324 1
2325 1
2326 1
2327 1
2328 1
2329 5
2330 1
2331 1
2332 5
2333 5
2334 1
2335 1
2336 5
2337 1
2338 1
2339 0
2340 0
2341 1
2342 5
2343 5
2344 1
2345 5
2346 0
2347 1
2348 1
2349 1
2350 1
2351 1
2352 1
2353 5
2354 5
2355 5
2356 1
2357 5
2358 1
2359 1
2360 0
2361 5
2362 1
2363 5
2364 5
2365 5
2366 0
2367 0
2368 5
2369 1
2370 5
2371 5
2372 0
2373 0
2374 0
2375 1
2376 0
2377 5
2378 5
2379 1
2380 0
2381 0
2382 5
2383 0
2384 0
2385 1
2386 0
2387 5
2388 1
2389 0
2390 1
2391 0
2392 5
2393 0
2394 5
2395 0
2396 5
2397 5
2398 5
2399 1
2400 0
2401 5
2402 5
2403 5
2404 1
2405 1
2406 1
2407 1
2408 0
2409 0
2410 1
2411 0
2412 1
2413 1
2414 5
2415 5
2416 1
2417 0
2418 1
2419 5
2420 0
2421 1
2422 0
2423 5
2424 5
2425 5
2426 1
2427 0
2428 1
2429 1
2430 0
2431 5
2432 0
2433 5
2434 1
2435 5
2436 1
2437 5
2438 5
2439 0
2440 0
2441 1
2442 1
2443 0
2444 1
2445 5
2446 0
2447 5
2448 5
2449 0
2450 5
2451 0
2452 5
2453 0
2454 0
2455 1
2456 5
2457 0
2458 5
2459 1
2460 1
2461 5
2462 1
2463 1
2464 1
2465 1
2466 5
2467 5
2468 0
2469 5
2470 0
2471 1
2472 1
2473 0
2474 0
2475 0
2476 1
2477 0
2478 5
2479 5
2480 5
2481 0
2482 0
2483 0
2484 5
2485 1
2486 0
2487 1
2488 1
2489 1
2490 0
2491 0
2492 5
2493 0
2494 5
2495 0
2496 0
2497 5
2498 0
2499 1
2500 0
2501 0
2502 1
2503 1
2504 1
2505 1
2506 0
2507 1
2508 0
2509 0
2510 1
2511 5
2512 0
2513 0
2514 1
2515 1
2516 5
2517 0
2518 1
2519 5
2520 0
2521 5
2522 1
2523 5
2524 0
2525 0
2526 0
2527 5
2528 5
2529 0
2530 5
2531 1
2532 0
2533 0
2534 1
2535 1
2536 5
2537 0
2538 1
2539 1
2540 0
2541 1
2542 5
2543 5
2544 0
2545 1
2546 1
2547 1
2548 0
2549 5
2550 1
2551 5
2552 5
2553 0
2554 1
2555 1
2556 0
2557 0
2558 0
2559 0
2560 0
2561 0
2562 0
2563 0
2564 5
2565 1
2566 1
2567 5
2568 0
2569 5
2570 5
2571 0
2572 0
2573 0
2574 0
2575 5
2576 0
2577 5
2578 5
2579 5
2580 1
2581 0
2582 0
2583 5
2584 0
2585 5
2586 0
2587 0
2588 5
2589 0
2590 5
2591 5
2592 0
2593 5
2594 0
2595 0
2596 5
2597 1
2598 1
2599 1
2600 0
2601 0
2602 5
2603 5
2604 1
2605 0
2606 0
2607 5
2608 1
2609 5
2610 5
2611 1
2612 5
2613 5
2614 1
2615 1
2616 1
2617 5
2618 5
2619 0
2620 0
2621 5
2622 0
2623 5
2624 1
2625 1
2626 1
2627 1
2628 0
2629 0
2630 1
2631 1
2632 1
2633 5
2634 0
2635 1
2636 1
2637 5
2638 1
2639 5
2640 5
2641 1
2642 5
2643 0
2644 5
2645 5
2646 1
2647 0
2648 0
2649 5
2650 0
2651 1
2652 1
2653 5
2654 5
2655 5
2656 0
2657 0
2658 1
2659 0
2660 0
2661 1
2662 1
2663 5
2664 1
2665 1
2666 0
2667 0
2668 5
2669 1
2670 0
2671 5
2672 1
2673 5
2674 5
2675 1
2676 1
2677 0
2678 5
2679 0
2680 1
2681 5
2682 0
2683 5
2684 1
2685 5
2686 0
2687 5
2688 1
2689 0
2690 0
2691 5
2692 1
2693 5
2694 1
2695 0
2696 0
2697 1
2698 1
2699 1
2700 0
2701 5
2702 5
2703 1
2704 0
2705 1
2706 5
2707 5
2708 1
2709 0
2710 0
2711 5
2712 0
2713 5
2714 5
2715 5
2716 5
2717 1
2718 5
2719 5
2720 1
2721 1
2722 5
2723 0
2724 0
2725 5
2726 0
2727 1
2728 1
2729 5
2730 5
2731 0
2732 1
2733 0
2734 1
2735 5
2736 0
2737 5
2738 1
2739 5
2740 0
2741 0
2742 5
2743 5
2744 0
2745 1
2746 5
2747 5
2748 0
2749 5
2750 5
2751 1
2752 1
2753 1
2754 5
2755 5
2756 5
2757 0
2758 1
2759 0
2760 0
2761 5
2762 1
2763 0
2764 0
2765 5
2766 5
2767 0
2768 0
2769 5
2770 1
2771 1
2772 0
2773 1
2774 5
2775 5
2776 1
2777 0
2778 1
2779 0
2780 1
2781 0
2782 5
2783 1
2784 0
2785 5
2786 1
2787 1
2788 1
2789 5
2790 0
2791 5
2792 0
2793 0
2794 1
2795 0
2796 0
2797 1
2798 1
2799 5
2800 0
2801 5
2802 0
2803 5
2804 5
2805 5
2806 1
2807 0
2808 1
2809 1
2810 1
2811 0
2812 1
2813 1
2814 5
2815 5
2816 5
2817 0
2818 1
2819 5
2820 5
2821 5
2822 5
2823 5
2824 5
2825 5
2826 5
2827 5
2828 5
2829 5
2830 5
2831 5
2832 0
2833 5
2834 5
2835 5
2836 5
2837 0
2838 1
2839 5
2840 0
2841 1
2842 0
2843 1
2844 5
2845 0
2846 1
2847 5
2848 0
2849 1
2850 5
2851 5
2852 0
2853 5
2854 1
2855 5
2856 1
2857 5
2858 5
2859 1
2860 1
2861 5
2862 5
2863 5
2864 0
2865 5
2866 5
2867 1
2868 1
2869 5
2870 1
2871 1
2872 1
2873 0
2874 5
2875 5
2876 5
2877 5
2878 5
2879 1
2880 1
2881 1
2882 5
2883 1
2884 1
2885 1
2886 0
2887 0
2888 0
2889 5
2890 0
2891 0
2892 5
2893 0
2894 5
2895 5
2896 1
2897 0
2898 0
2899 0
2900 1
2901 5
2902 5
2903 5
2904 0
2905 5
2906 0
2907 1
2908 1
2909 0
2910 5
2911 0
2912 0
2913 0
2914 5
2915 5
2916 5
2917 1
2918 1
2919 0
2920 5
2921 1
2922 1
2923 0
2924 1
2925 5
2926 1
2927 0
2928 5
2929 5
2930 1
2931 5
2932 5
2933 0
2934 0
2935 1
2936 1
2937 1
2938 1
2939 0
2940 5
2941 0
2942 0
2943 5
2944 1
2945 0
2946 5
2947 5
2948 1
2949 0
2950 0
2951 0
2952 0
2953 0
2954 5
2955 0
2956 1
2957 0
2958 5
2959 1
2960 0
2961 1
2962 0
2963 5
2964 5
2965 0
2966 0
2967 5
2968 5
2969 1
2970 1
2971 5
2972 0
2973 1
2974 1
2975 0
2976 0
2977 0
2978 1
2979 1
2980 0
2981 0
2982 1
2983 0
2984 1
2985 0
2986 0
2987 1
2988 1
2989 0
2990 5
2991 0
2992 1
2993 5
2994 5
2995 1
2996 5
2997 1
2998 0
2999 0
3000 5
3001 5
3002 0
3003 5
3004 0
3005 1
3006 0
3007 1
3008 0
3009 5
3010 0
3011 1
3012 5
3013 1
3014 5
3015 5
3016 0
3017 5
3018 0
3019 1
3020 0
3021 1
3022 1
3023 5
3024 5
3025 5
3026 5
3027 5
3028 5
3029 5
3030 5
3031 0
3032 1
3033 1
3034 0
3035 0
3036 1
3037 0
3038 1
3039 0
3040 1
3041 5
3042 0
3043 0
3044 1
3045 5
3046 0
3047 0
3048 0
3049 5
3050 5
3051 1
3052 0
3053 1
3054 1
3055 0
3056 5
3057 0
3058 0
3059 0
3060 1
3061 0
3062 0
3063 1
3064 0
3065 0
3066 0
3067 1
3068 1
3069 0
3070 0
3071 0
3072 0
3073 0
3074 0
3075 1
3076 0
3077 0
3078 5
3079 1
3080 0
3081 0
3082 0
3083 0
3084 0
3085 5
3086 1
3087 0
3088 0
3089 0
3090 0
3091 0
3092 1
3093 0
3094 1
3095 0
3096 1
3097 0
3098 1
3099 5
3100 1
3101 0
3102 5
3103 1
3104 5
3105 5
3106 5
3107 0
3108 0
3109 5
3110 1
3111 0
3112 5
3113 5
3114 5
3115 5
3116 1
3117 0
3118 0
3119 0
3120 0
3121 0
3122 5
3123 5
3124 1
3125 0
3126 0
3127 5
3128 5
3129 1
3130 5
3131 1
3132 5
3133 5
3134 5
3135 0
3136 1
3137 1
3138 5
3139 1
3140 0
3141 5
3142 1
3143 5
3144 1
3145 5
3146 1
3147 0
3148 0
3149 5
3150 1
3151 5
3152 5
3153 0
3154 0
3155 0
3156 1
3157 0
3158 5
3159 0
3160 1
3161 0
3162 5
3163 1
3164 1
3165 5
3166 0
3167 1
3168 1
3169 0
3170 0
3171 1
3172 1
3173 5
3174 5
3175 5
3176 0
3177 5
3178 0
3179 5
3180 1
3181 1
3182 0
3183 0
3184 1
3185 1
3186 0
3187 5
3188 5
3189 0
3190 0
3191 5
3192 0
3193 0
3194 1
3195 1
3196 0
3197 5
3198 0
3199 5
3200 1
3201 1
3202 0
3203 1
3204 0
3205 1
3206 1
3207 0
3208 5
3209 5
3210 5
3211 1
3212 5
3213 0
3214 5
3215 0
3216 1
3217 1
3218 0
3219 1
3220 1
3221 0
3222 1
3223 5
3224 5
3225 5
3226 5
3227 5
3228 5
3229 5
3230 0
3231 1
3232 1
3233 0
3234 1
3235 0
3236 0
3237 1
3238 5
3239 0
3240 1
3241 0
3242 1
3243 1
3244 1
3245 0
3246 0
3247 0
3248 5
3249 1
3250 1
3251 5
3252 1
3253 5
3254 0
3255 0
3256 0
3257 0
3258 5
3259 0
3260 5
3261 0
3262 0
3263 0
3264 5
3265 0
3266 5
3267 1
3268 1
3269 0
3270 5
3271 5
3272 0
3273 5
3274 0
3275 5
3276 0
3277 0
3278 0
3279 0
3280 1
3281 5
3282 5
3283 5
3284 0
3285 5
3286 0
3287 0
3288 5
3289 0
3290 0
3291 0
3292 0
3293 0
3294 0
3295 0
3296 0
3297 0
3298 0
3299 0
3300 0
3301 5
3302 0
3303 5
3304 5
3305 0
3306 5
3307 1
3308 0
3309 5
3310 0
3311 5
3312 0
3313 0
3314 1
3315 5
3316 0
3317 0
3318 1
3319 5
3320 5
3321 5
3322 5
3323 0
3324 0
3325 1
3326 1
3327 5
3328 0
3329 5
3330 5
3331 5
3332 0
3333 0
3334 0
3335 5
3336 5
3337 1
3338 5
3339 1
3340 0
3341 5
3342 5
3343 1
3344 1
3345 0
3346 1
3347 5
3348 0
3349 1
3350 0
3351 1
3352 1
3353 1
3354 0
3355 0
3356 1
3357 5
3358 0
3359 0
3360 1
3361 5
3362 5
3363 5
3364 5
3365 0
3366 0
3367 5
3368 0
3369 0
3370 5
3371 0
3372 0
3373 0
3374 0
3375 0
3376 1
3377 0
3378 1
3379 1
3380 0
3381 5
3382 1
3383 1
3384 1
3385 5
3386 0
3387 5
3388 1
3389 5
3390 5
3391 5
3392 0
3393 1
3394 5
3395 5
3396 0
3397 5
3398 0
3399 5
3400 0
3401 0
3402 5
3403 1
3404 5
3405 0
3406 1
3407 5
3408 1
3409 2
3410 0
3411 0
3412 0
3413 0
3414 0
3415 1
3416 0
3417 1
3418 0
3419 1
3420 0
3421 0
3422 0
3423 0
3424 0
3425 0
3426 5
3427 1
3428 1
3429 1
3430 0
3431 0
3432 0
3433 1
3434 0
3435 1
3436 1
3437 5
3438 5
3439 0
3440 5
3441 1
3442 5
3443 5
3444 5
3445 5
3446 5
3447 5
3448 5
3449 5
3450 5
3451 5
3452 5
3453 5
3454 5
3455 5
3456 5
3457 5
3458 5
3459 5
3460 5
3461 5
3462 5
3463 5
3464 5
3465 5
3466 5
3467 5
3468 5
3469 5
3470 5
3471 5
3472 5
3473 5
3474 5
3475 5
3476 5
3477 5
3478 5
3479 0
3480 0
3481 5
3482 1
3483 0
3484 0
3485 1
3486 5
3487 5
3488 5
3489 1
3490 1
3491 0
3492 0
3493 0
3494 1
3495 5
3496 5
3497 0
3498 5
3499 1
3500 5
3501 5
3502 0
3503 0
3504 1
3505 0
3506 0
3507 0
3508 5
3509 1
3510 0
3511 0
3512 0
3513 1
3514 1
3515 1
3516 1
3517 0
3518 1
3519 0
3520 0
3521 0
3522 0
3523 0
3524 0
3525 0
3526 5
3527 0
3528 0
3529 5
3530 1
3531 0
3532 0
3533 0
3534 1
3535 1
3536 5
3537 5
3538 1
3539 0
3540 0
3541 5
3542 0
3543 0
3544 0
3545 5
3546 5
3547 5
3548 0
3549 5
3550 0
3551 0
3552 5
3553 5
3554 0
3555 0
3556 0
3557 5
3558 5
3559 0
3560 0
3561 0
3562 0
3563 0
3564 1
3565 1
3566 1
3567 1
3568 1
3569 0
3570 1
3571 1
3572 0
3573 0
3574 0
3575 0
3576 0
3577 0
3578 1
3579 5
3580 1
3581 0
3582 1
3583 1
3584 1
3585 0
3586 5
3587 0
3588 5
3589 1
3590 1
3591 0
3592 1
3593 1
3594 1
3595 0
3596 0
3597 1
3598 1
3599 0
3600 0
3601 0
3602 1
3603 1
3604 5
3605 0
3606 0
3607 5
3608 1
3609 1
3610 1
3611 5
3612 5
3613 1
3614 0
3615 0
3616 1
3617 5
3618 1
3619 0
3620 1
3621 0
3622 5
3623 0
3624 0
3625 0
3626 0
3627 0
3628 0
3629 5
3630 0
3631 5
3632 1
3633 1
3634 1
3635 0
3636 0
3637 1
3638 0
3639 0
3640 1
3641 5
3642 1
3643 1
3644 1
3645 0
3646 0
3647 0
3648 1
3649 5
3650 5
3651 0
3652 5
3653 5
3654 0
3655 0
3656 1
3657 5
3658 1
3659 1
3660 0
3661 0
3662 0
3663 1
3664 5
3665 1
3666 0
3667 5
3668 5
3669 0
3670 1
3671 0
3672 5
3673 5
3674 5
3675 1
3676 5
3677 5
3678 0
3679 5
3680 0
3681 1
3682 0
3683 0
3684 1
3685 0
3686 0
3687 0
3688 0
3689 0
3690 0
3691 0
3692 0
3693 5
3694 1
3695 1
3696 5
3697 5
3698 1
3699 0
3700 1
3701 0
3702 5
3703 0
3704 1
3705 0
3706 1
3707 5
3708 0
3709 1
3710 0
3711 1
3712 0
3713 0
3714 0
3715 5
3716 5
3717 5
3718 1
3719 0
3720 0
3721 0
3722 5
3723 5
3724 0
3725 0
3726 0
3727 0
3728 1
3729 5
3730 5
3731 0
3732 0
3733 0
3734 5
3735 1
3736 0
3737 0
3738 5
3739 0
3740 0
3741 0
3742 5
3743 0
3744 1
3745 0
3746 1
3747 0
3748 1
3749 1
3750 5
3751 5
3752 0
3753 5
3754 5
3755 5
3756 0
3757 1
3758 5
3759 0
3760 0
3761 5
3762 5
3763 5
3764 5
3765 5
3766 5
3767 5
3768 5
3769 5
3770 5
3771 5
3772 0
3773 1
3774 0
3775 5
3776 5
3777 0
3778 5
3779 0
3780 5
3781 5
3782 0
3783 0
3784 5
3785 5
3786 5
3787 0
3788 0
3789 0
3790 0
3791 5
3792 5
3793 1
3794 0
3795 1
3796 0
3797 0
3798 0
3799 1
3800 5
3801 5
3802 0
3803 5
3804 5
3805 1
3806 0
3807 0
3808 5
3809 1
3810 0
3811 1
3812 5
3813 1
3814 0
3815 0
3816 5
3817 5
3818 1
3819 1
3820 0
3821 0
3822 0
3823 0
3824 1
3825 5
3826 5
3827 0
3828 5
3829 5
3830 1
3831 5
3832 5
3833 5
3834 1
3835 0
3836 1
3837 5
3838 5
3839 0
3840 0
3841 0
3842 0
3843 0
3844 0
3845 1
3846 1
3847 0
3848 0
3849 0
3850 0
3851 0
3852 1
3853 0
3854 0
3855 0
3856 0
3857 0
3858 0
3859 1
3860 0
3861 0
3862 5
3863 1
3864 5
3865 0
3866 0
3867 5
3868 0
3869 0
3870 1
3871 0
3872 5
3873 0
3874 5
3875 0
3876 0
3877 5
3878 1
3879 0
3880 0
3881 0
3882 0
3883 0
3884 1
3885 5
3886 1
3887 1
3888 0
3889 0
3890 0
3891 0
3892 1
3893 0
3894 0
3895 0
3896 0
3897 0
3898 0
3899 0
3900 1
3901 0
3902 0
3903 1
3904 1
3905 0
3906 0
3907 1
3908 0
3909 0
3910 5
3911 0
3912 0
3913 0
3914 1
3915 0
3916 0
3917 0
3918 0
3919 0
3920 5
3921 0
3922 0
3923 5
3924 5
3925 5
3926 0
3927 0
3928 0
3929 1
3930 1
3931 5
3932 0
3933 0
3934 0
3935 1
3936 0
3937 0
3938 0
3939 0
3940 1
3941 0
3942 1
3943 0
3944 5
3945 0
3946 0
3947 0
3948 0
3949 0
3950 1
3951 0
3952 0
3953 0
3954 0
3955 0
3956 0
3957 0
3958 1
3959 5
3960 5
3961 5
3962 1
3963 5
3964 5
3965 1
3966 1
3967 0
3968 5
3969 0
3970 0
3971 1
3972 5
3973 1
3974 1
3975 1
3976 1
3977 0
3978 0
3979 5
3980 5
3981 0
3982 1
3983 1
3984 0
3985 0
3986 0
3987 5
3988 1
3989 1
3990 1
3991 5
3992 5
3993 1
3994 1
3995 0
3996 0
3997 0
3998 0
3999 0
4000 0
4001 0
4002 1
4003 1
4004 1
4005 5
4006 1
4007 1
4008 0
4009 0
4010 0
4011 0
4012 1
4013 0
4014 5
4015 5
4016 0
4017 5
4018 0
4019 1
4020 0
4021 1
4022 0
4023 0
4024 5
4025 0
4026 0
4027 5
4028 1
4029 1
4030 1
4031 0
4032 5
4033 1
4034 0
4035 0
4036 0
4037 0
4038 0
4039 0
4040 5
4041 0
4042 0
4043 5
4044 5
4045 5
4046 5
4047 5
4048 5
4049 0
4050 1
4051 5
4052 5
4053 1
4054 0
4055 0
4056 1
4057 5
4058 1
4059 0
4060 0
4061 1
4062 1
4063 1
4064 0
4065 5
4066 1
4067 1
4068 1
4069 5
4070 1
4071 0
4072 1
4073 0
4074 5
4075 0
4076 1
4077 0
4078 0
4079 0
4080 0
4081 0
4082 0
4083 5
4084 5
4085 5
4086 0
4087 0
4088 0
4089 1
4090 0
4091 0
4092 0
4093 1
4094 5
4095 5
4096 5
4097 0
4098 5
4099 0
4100 5
4101 0
4102 0
4103 0
4104 1
4105 0
4106 1
4107 1
4108 1
4109 0
4110 1
4111 1
4112 5
4113 5
4114 5
4115 5
4116 1
4117 5
4118 0
4119 5
4120 5
4121 5
4122 1
4123 0
4124 1
4125 1
4126 5
4127 5
4128 5
4129 1
4130 5
4131 5
4132 5
4133 5
4134 1
4135 1
4136 0
4137 1
4138 5
4139 0
4140 0
4141 1
4142 0
4143 1
4144 5
4145 5
4146 0
4147 0
4148 5
4149 1
4150 5
4151 5
4152 0
4153 0
4154 0
4155 1
4156 0
4157 0
4158 0
4159 5
4160 0
4161 11
4162 5
4163 1
4164 1
4165 1
4166 5
4167 1
4168 0
4169 1
4170 5
4171 5
4172 0
4173 1
4174 0
4175 1
4176 0
4177 1
4178 0
4179 1
4180 0
4181 1
4182 0
4183 0
4184 0
4185 5
4186 0
4187 5
4188 1
4189 5
4190 5
4191 5
4192 5
4193 5
4194 5
4195 1
4196 1
4197 5
4198 5
4199 5
4200 5
4201 0
4202 0
4203 1
4204 0
4205 0
4206 0
4207 0
4208 0
4209 0
4210 1
4211 1
4212 0
4213 0
4214 0
4215 5
4216 0
4217 1
4218 0
4219 0
4220 0
4221 0
4222 0
4223 0
4224 0
4225 1
4226 5
4227 0
4228 0
4229 5
4230 0
4231 5
4232 1
4233 5
4234 1
4235 0
4236 0
4237 1
4238 1
4239 1
4240 5
4241 1
4242 1
4243 5
4244 0
4245 5
4246 5
4247 5
4248 0
4249 5
4250 5
4251 5
4252 5
4253 2
4254 1
4255 5
4256 5
4257 1
4258 5
4259 5
4260 1
4261 8
4262 0
4263 0
4264 0
4265 0
4266 5
4267 0
4268 1
4269 0
4270 0
4271 0
4272 0
4273 0
4274 0
4275 0
4276 1
4277 5
4278 5
4279 0
4280 1
4281 5
4282 5
4283 1
4284 5
4285 0
4286 5
4287 0
4288 0
4289 5
4290 0
4291 5
4292 5
4293 1
4294 5
4295 1
4296 5
4297 5
4298 5
4299 1
4300 0
4301 1
4302 1
4303 0
4304 1
4305 5
4306 0
4307 5
4308 0
4309 5
4310 1
4311 1
4312 1
4313 0
4314 5
4315 5
4316 5
4317 1
4318 0
4319 0
4320 5
4321 1
4322 5
4323 8
4324 1
4325 0
4326 0
4327 0
4328 0
4329 1
4330 0
4331 5
4332 0
4333 0
4334 0
4335 5
4336 5
4337 5
4338 5
4339 0
4340 5
4341 5
4342 5
4343 0
4344 5
4345 5
4346 5
4347 5
4348 5
4349 5
4350 10
4351 5
4352 5
4353 5
4354 5
4355 5
4356 5
4357 5
4358 5
4359 5
4360 0
4361 0
4362 0
4363 0
4364 0
4365 5
4366 0
4367 0
4368 0
4369 0
4370 5
4371 1
4372 1
4373 1
4374 0
4375 1
4376 1
4377 0
4378 5
4379 0
4380 0
4381 5
4382 0
4383 5
4384 0
4385 5
4386 1
4387 0
4388 0
4389 0
4390 0
4391 0
4392 5
4393 1
4394 0
4395 0
4396 0
4397 0
4398 0
4399 5
4400 5
4401 0
4402 0
4403 0
4404 1
4405 5
4406 5
4407 5
4408 1
4409 5
4410 5
4411 1
4412 5
4413 5
4414 0
4415 5
4416 5
4417 5
4418 5
4419 5
4420 5
4421 0
4422 1
4423 5
4424 0
4425 0
4426 0
4427 1
4428 0
4429 0
4430 0
4431 0
4432 0
4433 5
4434 5
4435 5
4436 0
4437 5
4438 5
4439 1
4440 5
4441 1
4442 5
4443 5
4444 1
4445 0
4446 5
4447 5
4448 0
4449 5
4450 5
4451 5
4452 5
4453 0
4454 5
4455 1
4456 0
4457 0
4458 5
4459 0
4460 1
4461 5
4462 0
4463 5
4464 5
4465 0
4466 5
4467 5
4468 1
4469 0
4470 5
4471 0
4472 5
4473 5
4474 0
4475 0
4476 5
4477 5
4478 1
4479 0
4480 5
4481 0
4482 0
4483 0
4484 0
4485 5
4486 5
4487 5
4488 6
4489 5
4490 6
4491 5
4492 5
4493 5
4494 5
4495 5
4496 5
4497 2
4498 0
4499 5
4500 0
4501 5
4502 1
4503 5
4504 5
4505 5
4506 0
4507 5
4508 5
4509 5
4510 5
4511 0
4512 1
4513 0
4514 0
4515 0
4516 0
4517 0
4518 0
4519 5
4520 0
4521 1
4522 0
4523 0
4524 0
4525 1
4526 0
4527 0
4528 5
4529 1
4530 0
4531 0
4532 0
4533 1
4534 5
4535 5
4536 5
4537 1
4538 2
4539 1
4540 0
4541 1
4542 0
4543 1
4544 5
4545 0
4546 5
4547 5
4548 0
4549 5
4550 5
4551 5
4552 5
4553 5
4554 5
4555 5
4556 5
4557 5
4558 5
4559 5
4560 0
4561 5
4562 5
4563 5
4564 5
4565 5
4566 5
4567 5
4568 5
4569 5
4570 5
4571 5
4572 5
4573 5
4574 0
4575 5
4576 5
4577 0
4578 5
4579 5
4580 0
4581 5
4582 5
4583 5
4584 5
4585 5
4586 5
4587 5
4588 5
4589 5
4590 5
4591 5
4592 5
4593 5
4594 5
4595 0
4596 0
4597 5
4598 5
4599 5
4600 5
4601 0
4602 0
4603 0
4604 0
4605 0
4606 5
4607 5
4608 5
4609 5
4610 0
4611 5
4612 5
4613 5
4614 5
4615 5
4616 5
4617 0
4618 1
4619 1
4620 1
4621 1
4622 0
4623 0
4624 5
4625 5
4626 1
4627 5
4628 1
4629 5
4630 5
4631 1
4632 1
4633 0
4634 1
4635 1
4636 5
4637 5
4638 5
4639 0
4640 0
4641 5
4642 0
4643 5
4644 1
4645 1
4646 5
4647 5
4648 5
4649 5
4650 5
4651 0
4652 5
4653 5
4654 5
4655 5
4656 5
4657 0
4658 5
4659 3
4660 3
4661 3
4662 1
4663 5
4664 3
4665 3
4666 0
4667 1
4668 1
4669 0
4670 0
4671 3
4672 1
4673 19
4674 3
4675 5
4676 3
4677 0
4678 0
4679 0
4680 1
4681 0
4682 1
4683 0
4684 0
4685 5
4686 1
4687 0
4688 5
4689 1
4690 1
4691 0
4692 0
4693 5
4694 5
4695 1
4696 5
4697 0
4698 0
4699 1
4700 5
4701 0
4702 0
4703 1
4704 0
4705 0
4706 0
4707 0
4708 0
4709 0
4710 5
4711 1
4712 0
4713 0
4714 0
4715 0
4716 0
4717 0
4718 0
4719 1
4720 1
4721 1
4722 5
4723 1
4724 1
4725 5
4726 0
4727 1
4728 0
4729 1
4730 0
4731 5
4732 0
4733 0
4734 5
4735 5
4736 1
4737 0
4738 1
4739 0
4740 1
4741 5
4742 0
4743 0
4744 5
4745 1
4746 0
4747 5
4748 0
4749 5
4750 5
4751 1
4752 5
4753 1
4754 0
4755 0
4756 1
4757 0
4758 0
4759 0
4760 0
4761 5
4762 0
4763 0
4764 5
4765 0
4766 0
4767 5
4768 5
4769 5
4770 5
4771 5
4772 0
4773 0
4774 5
4775 5
4776 5
4777 5
4778 1
4779 5
4780 5
4781 5
4782 5
4783 5
4784 0
4785 0
4786 5
4787 5
4788 5
4789 1
4790 5
4791 5
4792 5
4793 5
4794 5
4795 1
4796 5
4797 5
4798 1
4799 1
4800 5
4801 5
4802 1
4803 1
4804 1
4805 5
4806 5
4807 5
4808 0
4809 0
4810 5
4811 5
4812 5
4813 0
4814 5
4815 1
4816 1
4817 5
4818 0
4819 0
4820 1
4821 1
4822 1
4823 0
4824 5
4825 5
4826 0
4827 5
4828 0
4829 5
4830 1
4831 5
4832 5
4833 5
4834 5
4835 0
4836 11
4837 5
4838 5
4839 5
4840 1
4841 0
4842 1
4843 0
4844 0
4845 0
4846 1
4847 0
4848 0
4849 5
4850 1
4851 1
4852 5
4853 5
4854 0
4855 0
4856 1
4857 0
4858 0
4859 5
4860 0
4861 0
4862 5
4863 0
4864 0
4865 0
4866 0
4867 0
4868 0
4869 0
4870 0
4871 0
4872 0
4873 0
4874 0
4875 0
4876 1
4877 0
4878 0
4879 0
4880 0
4881 0
4882 0
4883 0
4884 0
4885 0
4886 0
4887 5
4888 0
4889 1
4890 0
4891 5
4892 0
4893 0
4894 0
4895 0
4896 5
4897 0
4898 1
4899 0
4900 5
4901 0
4902 5
4903 5
4904 5
4905 0
4906 1
4907 1
4908 1
4909 5
4910 5
4911 1
4912 5
4913 0
4914 0
4915 1
4916 0
4917 0
4918 0
4919 5
4920 5
4921 0
4922 0
4923 0
4924 5
4925 5
4926 0
4927 5
4928 5
4929 5
4930 5
4931 5
4932 5
4933 5
4934 5
4935 1
4936 0
4937 0
4938 0
4939 5
4940 5
4941 5
4942 5
4943 5
4944 5
4945 0
4946 1
4947 5
4948 5
4949 0
4950 1
4951 0
4952 0
4953 1
4954 5
4955 5
4956 5
4957 5
4958 5
4959 5
4960 0
4961 5
4962 0
4963 1
4964 5
4965 1
4966 0
4967 1
4968 5
4969 1
4970 0
4971 0
4972 0
4973 0
4974 0
4975 0
4976 0
4977 0
4978 0
4979 5
4980 0
4981 0
4982 0
4983 5
4984 0
4985 5
4986 0
4987 1
4988 0
4989 0
4990 0
4991 0
4992 5
4993 1
4994 5
4995 0
4996 0
4997 0
4998 0
4999 0
5000 0
5001 0
5002 1
5003 5
5004 0
5005 0
5006 0
5007 0
5008 0
5009 0
5010 1
5011 0
5012 5
5013 1
5014 0
5015 1
5016 1
5017 1
5018 1
5019 0
5020 0
5021 0
5022 0
5023 5
5024 1
5025 0
5026 0
5027 0
5028 0
5029 0
5030 0
5031 1
5032 5
5033 0
5034 0
5035 0
5036 5
5037 0
5038 0
5039 0
5040 5
5041 0
5042 0
5043 1
5044 0
5045 0
5046 5
5047 0
5048 0
5049 0
5050 0
5051 0
5052 0
5053 0
5054 0
5055 0
5056 5
5057 0
5058 0
5059 0
5060 0
5061 5
5062 0
5063 0
5064 5
5065 0
5066 0
5067 0
5068 0
5069 0
5070 0
5071 0
5072 0
5073 5
5074 0
5075 0
5076 0
5077 0
5078 5
5079 0
5080 5
5081 1
5082 0
5083 5
5084 0
5085 5
5086 5
5087 0
5088 5
5089 0
5090 0
5091 5
5092 0
5093 5
5094 0
5095 0
5096 1
5097 0
5098 1
5099 1
5100 0
5101 0
5102 0
5103 1
5104 5
5105 5
5106 0
5107 0
5108 0
5109 1
5110 0
5111 0
5112 0
5113 0
5114 5
5115 0
5116 1
5117 1
5118 0
5119 0
5120 0
5121 0
5122 1
5123 0
5124 5
5125 0
5126 5
5127 0
5128 0
5129 0
5130 0
5131 5
5132 2
5133 0
5134 0
5135 0
5136 0
5137 0
5138 0
5139 0
5140 0
5141 1
5142 0
5143 0
5144 0
5145 1
5146 1
5147 0
5148 0
5149 0
5150 0
5151 0
5152 5
5153 0
5154 0
5155 0
5156 0
5157 0
5158 0
5159 0
5160 1
5161 0
5162 0
5163 0
5164 0
5165 0
5166 1
5167 1
5168 0
5169 1
5170 0
5171 0
5172 0
5173 0
5174 0
5175 0
5176 0
5177 1
5178 0
5179 0
5180 0
5181 0
5182 0
5183 1
5184 0
5185 0
5186 0
5187 0
5188 0
5189 0
5190 0
5191 0
5192 5
5193 5
5194 0
5195 0
5196 0
5197 0
5198 0
5199 0
5200 1
5201 0
5202 1
5203 5
5204 0
5205 0
5206 0
5207 1
5208 0
5209 5
5210 5
5211 5
5212 5
5213 5
5214 0
5215 1
5216 0
5217 0
5218 5
5219 0
5220 0
5221 0
5222 5
5223 1
5224 0
5225 0
5226 0
5227 0
5228 1
5229 5
5230 0
5231 1
5232 0
5233 0
5234 1
5235 1
5236 0
5237 0
5238 0
5239 0
5240 0
5241 0
5242 0
5243 0
5244 0
5245 0
5246 0
5247 0
5248 0
5249 0
5250 0
5251 0
5252 1
5253 0
5254 0
5255 0
5256 1
5257 0
5258 5
5259 0
5260 0
5261 0
5262 0
5263 0
5264 0
5265 0
5266 1
5267 0
5268 0
5269 0
5270 0
5271 0
5272 0
5273 1
5274 0
5275 5
5276 0
5277 5
5278 5
5279 5
5280 5
5281 0
5282 1
5283 1
5284 0
5285 0
5286 5
5287 0
5288 5
5289 5
5290 1
5291 0
5292 5
5293 0
5294 1
5295 5
5296 5
5297 1
5298 0
5299 5
5300 0
5301 1
5302 0
5303 0
5304 0
5305 0
5306 0
5307 0
5308 1
5309 1
5310 0
5311 1
5312 5
5313 1
5314 5
5315 0
5316 5
5317 5
5318 0
5319 5
5320 0
5321 5
5322 0
5323 2
5324 1
5325 5
5326 0
5327 0
5328 0
5329 5
5330 5
5331 5
5332 5
5333 5
5334 5
5335 5
5336 5
5337 5
5338 5
5339 0
5340 0
5341 5
5342 0
5343 0
5344 5
5345 0
5346 1
5347 0
5348 5
5349 0
5350 5
5351 5
5352 0
5353 1
5354 5
5355 1
5356 5
5357 5
5358 5
5359 0
5360 5
5361 5
5362 5
5363 0
5364 5
5365 1
5366 0
5367 1
5368 5
5369 5
5370 1
5371 1
5372 0
5373 5
5374 0
5375 0
5376 5
5377 0
5378 0
5379 0
5380 0
5381 5
5382 0
5383 0
5384 1
5385 1
5386 5
5387 0
5388 0
5389 0
5390 5
5391 0
5392 0
5393 5
5394 0
5395 5
5396 0
5397 5
5398 0
5399 0
5400 5
5401 0
5402 5
5403 5
5404 0
5405 5
5406 0
5407 0
5408 0
5409 0
5410 0
5411 5
5412 0
5413 1
5414 5
5415 0
5416 0
5417 0
5418 5
5419 5
5420 5
5421 0
5422 0
5423 0
5424 5
5425 0
5426 1
5427 5
5428 0
5429 0
5430 0
5431 5
5432 0
5433 5
5434 0
5435 1
5436 0
5437 1
5438 1
5439 1
5440 5
5441 5
5442 5
5443 5
5444 5
5445 5
5446 5
5447 5
5448 5
5449 5
5450 5
5451 5
5452 5
5453 5
5454 5
5455 5
5456 5
5457 5
5458 5
5459 0
5460 5
5461 5
5462 0
5463 0
5464 1
5465 5
5466 0
5467 0
5468 0
5469 0
5470 0
5471 1
5472 0
5473 0
5474 5
5475 1
5476 5
5477 5
5478 5
5479 5
5480 5
5481 0
5482 0
5483 5
5484 5
5485 1
5486 5
5487 0
5488 0
5489 5
5490 0
5491 5
5492 0
5493 5
5494 0
5495 0
5496 5
5497 5
5498 1
5499 5
5500 0
5501 0
5502 5
5503 0
5504 1
5505 5
5506 0
5507 5
5508 5
5509 0
5510 5
5511 0
5512 0
5513 0
5514 5
5515 5
5516 5
5517 1
5518 5
5519 1
5520 0
5521 5
5522 0
5523 0
5524 5
5525 5
5526 5
5527 5
5528 0
5529 5
5530 5
5531 5
5532 5
5533 5
5534 0
5535 5
5536 0
5537 2
5538 0
5539 1
5540 0
5541 0
5542 0
5543 5
5544 5
5545 0
5546 0
5547 0
5548 0
5549 5
5550 0
5551 5
5552 0
5553 0
5554 0
5555 0
5556 0
5557 0
5558 5
5559 0
5560 5
5561 5
5562 5
5563 0
5564 5
5565 5
5566 0
5567 5
5568 1
5569 0
5570 0
5571 1
5572 1
5573 5
5574 5
5575 5
5576 5
5577 5
5578 5
5579 0
5580 0
5581 5
5582 5
5583 0
5584 5
5585 0
5586 5
5587 1
5588 0
5589 0
5590 5
5591 0
5592 0
5593 0
5594 0
5595 0
5596 0
5597 0
5598 1
5599 0
5600 0
5601 0
5602 0
5603 0
5604 0
5605 0
5606 0
5607 0
5608 0
5609 5
5610 0
5611 1
5612 5
5613 1
5614 5
5615 5
5616 5
5617 5
5618 5
5619 5
5620 0
5621 5
5622 5
5623 0
5624 5
5625 1
5626 0
5627 0
5628 0
5629 0
5630 5
5631 5
5632 5
5633 4
5634 4
5635 1
5636 0
5637 1
5638 1
5639 0
5640 1
5641 5
5642 0
5643 0
5644 5
5645 5
5646 5
5647 0
5648 5
5649 0
5650 0
5651 5
5652 1
5653 5
5654 5
5655 5
5656 5
5657 5
5658 5
5659 5
5660 5
5661 5
5662 5
5663 5
5664 5
5665 5
5666 1
5667 5
5668 5
5669 1
5670 0
5671 21
5672 0
5673 0
5674 0
5675 0
5676 0
5677 0
5678 5
5679 1
5680 0
5681 0
5682 5
5683 5
5684 5
5685 5
5686 5
5687 5
5688 5
5689 5
5690 1
5691 0
5692 0
5693 5
5694 1
5695 2
5696 0
5697 1
5698 5
5699 5
5700 0
5701 0
5702 5
5703 0
5704 0
5705 0
5706 0
5707 0
5708 0
5709 0
5710 0
5711 1
5712 1
5713 1
5714 1
5715 0
5716 5
5717 5
5718 5
5719 0
5720 5
5721 1
5722 5
5723 0
5724 0
5725 1
5726 2
5727 5
5728 5
5729 1
5730 5
5731 5
5732 1
5733 5
5734 5
5735 1
5736 1
5737 5
5738 5
5739 0
5740 5
5741 5
5742 1
5743 0
5744 0
5745 0
5746 1
5747 1
5748 6
5749 6
5750 6
5751 0
5752 6
5753 6
5754 6
5755 5
5756 6
5757 0
5758 6
5759 6
5760 6
5761 6
5762 0
5763 6
5764 0
5765 5
5766 0
5767 6
5768 0
5769 6
5770 6
5771 0
5772 6
5773 0
5774 6
5775 6
5776 6
5777 6
5778 6
5779 0
5780 0
5781 6
5782 6
5783 6
5784 0
5785 6
5786 6
5787 6
5788 0
5789 6
5790 6
5791 6
5792 6
5793 6
5794 0
5795 5
5796 5
5797 5
5798 5
5799 5
5800 0
5801 5
5802 5
5803 5
5804 0
5805 1
5806 5
5807 5
5808 5
5809 0
5810 0
5811 5
5812 0
5813 0
5814 0
5815 5
5816 5
5817 5
5818 0
5819 5
5820 0
5821 0
5822 0
5823 1
5824 0
5825 0
5826 0
5827 5
5828 5
5829 5
5830 1
5831 0
5832 1
5833 0
5834 5
5835 1
5836 5
5837 1
5838 5
5839 5
5840 5
5841 0
5842 5
5843 1
5844 0
5845 1
5846 0
5847 0
5848 5
5849 5
5850 5
5851 5
5852 5
5853 5
5854 5
5855 5
5856 5
5857 5
5858 5
5859 5
5860 5
5861 5
5862 5
5863 5
5864 0
5865 0
5866 5
5867 5
5868 5
5869 0
5870 5
5871 1
5872 0
5873 5
5874 1
5875 0
5876 5
5877 5
5878 5
5879 1
5880 1
5881 0
5882 0
5883 0
5884 1
5885 5
5886 5
5887 5
5888 5
5889 0
5890 0
5891 1
5892 5
5893 0
5894 5
5895 5
5896 5
5897 0
5898 0
5899 0
5900 0
5901 0
5902 1
5903 0
5904 5
5905 0
5906 5
5907 0
5908 5
5909 0
5910 1
5911 0
5912 1
5913 5
5914 5
5915 5
5916 5
5917 0
5918 5
5919 5
5920 0
5921 0
5922 0
5923 0
5924 0
5925 5
5926 0
5927 0
5928 5
5929 0
5930 5
5931 0
5932 0
5933 1
5934 5
5935 5
5936 5
5937 5
5938 0
5939 0
5940 0
5941 5
5942 5
5943 5
5944 5
5945 5
5946 5
5947 5
5948 0
5949 1
5950 0
5951 5
5952 0
5953 1
5954 5
5955 1
5956 0
5957 0
5958 5
5959 5
5960 5
5961 0
5962 1
5963 0
5964 0
5965 5
5966 5
5967 5
5968 5
5969 0
5970 5
5971 5
5972 1
5973 0
5974 5
5975 5
5976 5
5977 5
5978 5
5979 5
5980 0
5981 5
5982 0
5983 0
5984 5
5985 0
5986 0
5987 1
5988 5
5989 0
5990 1
5991 1
5992 5
5993 0
5994 0
5995 0
5996 0
5997 0
5998 5
5999 0
6000 1
6001 5
6002 5
6003 0
6004 0
6005 0
6006 5
6007 5
6008 5
6009 5
6010 5
6011 5
6012 5
6013 1
6014 0
6015 5
6016 0
6017 5
6018 5
6019 0
6020 0
6021 0
6022 5
6023 0
6024 0
6025 1
6026 5
6027 0
6028 5
6029 5
6030 5
6031 5
6032 5
6033 5
6034 0
6035 0
6036 1
6037 0
6038 1
6039 0
6040 5
6041 1
6042 5
6043 0
6044 0
6045 5
6046 1
6047 0
6048 0
6049 5
6050 0
6051 0
6052 5
6053 5
6054 5
6055 5
6056 5
6057 5
6058 5
6059 5
6060 0
6061 5
6062 0
6063 1
6064 0
6065 5
6066 5
6067 0
6068 0
6069 0
6070 5
6071 5
6072 1
6073 5
6074 5
6075 5
6076 5
6077 5
6078 0
6079 0
6080 0
6081 0
6082 1
6083 5
6084 5
6085 0
6086 1
6087 1
6088 0
6089 0
6090 0
6091 5
6092 1
6093 1
6094 0
6095 5
6096 5
6097 5
6098 5
6099 5
6100 5
6101 5
6102 5
6103 5
6104 5
6105 5
6106 5
6107 5
6108 0
6109 0
6110 5
6111 0
6112 0
6113 0
6114 0
6115 0
6116 1
6117 0
6118 0
6119 0
6120 5
6121 0
6122 1
6123 0
6124 0
6125 1
6126 0
6127 1
6128 5
6129 5
6130 0
6131 5
6132 5
6133 5
6134 5
6135 5
6136 5
6137 0
6138 5
6139 1
6140 5
6141 5
6142 5
6143 0
6144 5
6145 5
6146 0
6147 0
6148 5
6149 5
6150 0
6151 0
6152 0
6153 0
6154 1
6155 5
6156 1
6157 0
6158 0
6159 5
6160 0
6161 5
6162 5
6163 0
6164 0
6165 0
6166 5
6167 0
6168 0
6169 0
6170 5
6171 0
6172 5
6173 5
6174 5
6175 5
6176 5
6177 5
6178 5
6179 5
6180 5
6181 0
6182 1
6183 0
6184 0
6185 5
6186 0
6187 0
6188 5
6189 0
6190 0
6191 5
6192 5
6193 0
6194 5
6195 5
6196 1
6197 5
6198 0
6199 0
6200 5
6201 5
6202 0
6203 5
6204 0
6205 0
6206 0
6207 1
6208 1
6209 1
6210 1
6211 5
6212 0
6213 5
6214 0
6215 5
6216 5
6217 5
6218 5
6219 5
6220 5
6221 0
6222 5
6223 1
6224 0
6225 5
6226 5
6227 1
6228 1
6229 5
6230 5
6231 5
6232 5
6233 5
6234 0
6235 1
6236 0
6237 5
6238 5
6239 5
6240 5
6241 5
6242 5
6243 5
6244 5
6245 5
6246 5
6247 5
6248 0
6249 5
6250 5
6251 5
6252 0
6253 1
6254 5
6255 5
6256 1
6257 1
6258 1
6259 5
6260 5
6261 5
6262 5
6263 0
6264 0
6265 0
6266 2
6267 0
6268 2
6269 0
6270 5
6271 0
6272 0
6273 2
6274 0
6275 0
6276 0
6277 5
6278 0
6279 0
6280 0
6281 0
6282 0
6283 0
6284 0
6285 0
6286 0
6287 0
6288 0
6289 0
6290 0
6291 0
6292 1
6293 0
6294 1
6295 5
6296 5
6297 5
6298 5
6299 5
6300 0
6301 0
6302 0
6303 0
6304 5
6305 1
6306 5
6307 2
6308 1
6309 0
6310 5
6311 5
6312 0
6313 0
6314 5
6315 5
6316 0
6317 0
6318 0
6319 0
6320 5
6321 0
6322 5
6323 0
6324 1
6325 1
6326 5
6327 0
6328 5
6329 5
6330 5
6331 0
6332 5
6333 1
6334 0
6335 0
6336 1
6337 0
6338 0
6339 0
6340 0
6341 0
6342 1
6343 5
6344 1
6345 0
6346 1
6347 0
6348 5
6349 5
6350 0
6351 5
6352 0
6353 0
6354 5
6355 0
6356 5
6357 5
6358 5
6359 5
6360 5
6361 5
6362 5
6363 5
6364 5
6365 5
6366 5
6367 5
6368 5
6369 5
6370 5
6371 5
6372 0
6373 0
6374 0
6375 0
6376 0
6377 0
6378 5
6379 0
6380 5
6381 0
6382 0
6383 0
6384 0
6385 0
6386 0
6387 0
6388 5
6389 0
6390 5
6391 0
6392 5
6393 5
6394 0
6395 0
6396 0
6397 0
6398 0
6399 0
6400 0
6401 1
6402 5
6403 0
6404 0
6405 5
6406 0
6407 0
6408 0
6409 0
6410 5
6411 5
6412 0
6413 5
6414 0
6415 0
6416 5
6417 1
6418 0
6419 5
6420 0
6421 0
6422 0
6423 5
6424 0
6425 1
6426 0
6427 0
6428 0
6429 0
6430 5
6431 5
6432 0
6433 0
6434 5
6435 0
6436 5
6437 0
6438 0
6439 0
6440 1
6441 0
6442 0
6443 0
6444 0
6445 0
6446 1
6447 0
6448 1
6449 0
6450 0
6451 0
6452 0
6453 5
6454 1
6455 0
6456 0
6457 5
6458 0
6459 5
6460 5
6461 0
6462 5
6463 0
6464 0
6465 0
6466 0
6467 5
6468 0
6469 0
6470 0
6471 0
6472 1
6473 0
6474 0
6475 0
6476 0
6477 0
6478 5
6479 0
6480 0
6481 0
6482 0
6483 0
6484 0
6485 0
6486 0
6487 0
6488 0
6489 0
6490 0
6491 0
6492 0
6493 0
6494 0
6495 0
6496 0
6497 1
6498 0
6499 0
6500 1
6501 1
6502 5
6503 5
6504 0
6505 0
6506 5
6507 0
6508 0
6509 5
6510 0
6511 0
6512 0
6513 5
6514 0
6515 5
6516 1
6517 5
6518 0
6519 0
6520 0
6521 0
6522 0
6523 0
6524 1
6525 5
6526 0
6527 0
6528 0
6529 5
6530 0
6531 0
6532 0
6533 0
6534 0
6535 0
6536 0
6537 0
6538 0
6539 0
6540 0
6541 0
6542 0
6543 1
6544 5
6545 0
6546 0
6547 1
6548 0
6549 5
6550 0
6551 0
6552 0
6553 0
6554 0
6555 0
6556 0
6557 0
6558 0
6559 0
6560 5
6561 5
6562 0
6563 5
6564 1
6565 0
6566 0
6567 0
6568 5
6569 5
6570 0
6571 0
6572 0
6573 0
6574 5
6575 0
6576 5
6577 5
6578 5
6579 0
6580 0
6581 0
6582 5
6583 0
6584 5
6585 2
6586 0
6587 0
6588 0
6589 0
6590 5
6591 5
6592 5
6593 1
6594 0
6595 0
6596 0
6597 0
6598 1
6599 5
6600 1
6601 1
6602 1
6603 1
6604 1
6605 1
6606 1
6607 1
6608 1
6609 1
6610 1
6611 1
6612 1
6613 5
6614 1
6615 0
6616 1
6617 1
6618 1
6619 1
6620 1
6621 1
6622 1
6623 1
6624 1
6625 1
6626 1
6627 1
6628 1
6629 1
6630 0
6631 5
6632 5
6633 5
6634 0
6635 5
6636 0
6637 0
6638 5
6639 0
6640 1
6641 0
6642 0
6643 5
6644 0
6645 0
6646 0
6647 5
6648 0
6649 5
6650 5
6651 5
6652 5
6653 0
6654 5
6655 5
6656 5
6657 5
6658 5
6659 5
6660 0
6661 0
6662 5
6663 5
6664 5
6665 5
6666 5
6667 5
6668 5
6669 0
6670 5
6671 5
6672 5
6673 5
6674 5
6675 5
6676 5
6677 5
6678 5
6679 5
6680 5
6681 5
6682 5
6683 5
6684 5
6685 5
6686 5
6687 5
6688 5
6689 5
6690 5
6691 5
6692 5
6693 5
6694 5
6695 1
6696 1
6697 5
6698 5
6699 5
6700 1
6701 5
6702 5
6703 5
6704 5
6705 0
6706 0
6707 0
6708 5
6709 0
6710 0
6711 0
6712 0
6713 0
6714 5
6715 0
6716 0
6717 0
6718 0
6719 0
6720 5
6721 0
6722 0
6723 0
6724 0
6725 0
6726 0
6727 5
6728 5
6729 0
6730 5
6731 5
6732 1
6733 0
6734 0
6735 1
6736 1
6737 1
6738 0
6739 0
6740 5
6741 5
6742 5
6743 0
6744 0
6745 0
6746 0
6747 0
6748 0
6749 0
6750 1
6751 0
6752 0
6753 0
6754 0
6755 0
6756 0
6757 0
6758 5
6759 0
6760 0
6761 0
6762 5
6763 0
6764 0
6765 0
6766 0
6767 0
6768 0
6769 0
6770 0
6771 0
6772 0
6773 0
6774 0
6775 0
6776 0
6777 0
6778 0
6779 11
6780 5
6781 5
6782 0
6783 5
6784 5
6785 1
6786 5
6787 7
6788 0
6789 7
6790 7
6791 7
6792 7
6793 0
6794 1
6795 0
6796 5
6797 0
6798 0
6799 0
6800 0
6801 0
6802 0
6803 0
6804 0
6805 0
6806 0
6807 0
6808 0
6809 0
6810 1
6811 0
6812 0
6813 0
6814 0
6815 0
6816 0
6817 5
6818 0
6819 1
6820 0
6821 0
6822 0
6823 0
6824 0
6825 5
6826 0
6827 0
6828 0
6829 0
6830 0
6831 0
6832 1
6833 0
6834 5
6835 0
6836 0
6837 5
6838 1
6839 0
6840 0
6841 5
6842 0
6843 0
6844 0
6845 0
6846 0
6847 1
6848 0
6849 1
6850 1
6851 0
6852 1
6853 5
6854 5
6855 5
6856 5
6857 5
6858 0
6859 0
6860 1
6861 5
6862 5
6863 5
6864 5
6865 5
6866 5
6867 5
6868 0
6869 5
6870 5
6871 5
6872 5
6873 0
6874 5
6875 5
6876 5
6877 5
6878 5
6879 0
6880 5
6881 1
6882 5
6883 5
6884 5
6885 8
6886 8
6887 8
6888 8
6889 8
6890 8
6891 8
6892 8
6893 8
6894 8
6895 8
6896 8
6897 8
6898 8
6899 8
6900 8
6901 8
6902 8
6903 8
6904 8
6905 8
6906 8
6907 8
6908 8
6909 8
6910 8
6911 8
6912 8
6913 8
6914 8
6915 8
6916 8
6917 5
6918 5
6919 0
6920 5
6921 1
6922 1
6923 1
6924 0
6925 2
6926 0
6927 5
6928 5
6929 5
6930 1
6931 0
6932 0
6933 0
6934 5
6935 5
6936 5
6937 5
6938 5
6939 5
6940 5
6941 0
6942 5
6943 5
6944 5
6945 5
6946 0
6947 5
6948 0
6949 5
6950 1
6951 5
6952 1
6953 0
6954 0
6955 0
6956 0
6957 0
6958 0
6959 0
6960 0
6961 1
6962 5
6963 5
6964 5
6965 5
6966 5
6967 5
6968 5
6969 5
6970 5
6971 5
6972 5
6973 0
6974 5
6975 5
6976 0
6977 5
6978 5
6979 5
6980 5
6981 5
6982 5
6983 5
6984 5
6985 0
6986 0
6987 0
6988 1
6989 5
6990 0
6991 5
6992 0
6993 5
6994 5
6995 5
6996 0
6997 5
6998 0
6999 5
7000 5
7001 5
7002 5
7003 0
7004 0
7005 0
7006 0
7007 0
7008 1
7009 0
7010 0
7011 1
7012 0
7013 5
7014 0
7015 1
7016 5
7017 19
7018 5
7019 5
7020 5
7021 0
7022 5
7023 5
7024 5
7025 5
7026 5
7027 5
7028 5
7029 5
7030 5
7031 5
7032 5
7033 5
7034 5
7035 5
7036 5
7037 5
7038 5
7039 5
7040 5
7041 5
7042 5
7043 5
7044 1
7045 5
7046 9
7047 9
7048 9
7049 9
7050 5
7051 0
7052 5
7053 5
7054 0
7055 5
7056 0
7057 5
7058 5
7059 5
7060 5
7061 5
7062 5
7063 5
7064 0
7065 1
7066 1
7067 0
7068 5
7069 0
7070 5
7071 1
7072 1
7073 1
7074 5
7075 0
7076 5
7077 5
7078 5
7079 1
7080 1
7081 5
7082 5
7083 1
7084 0
7085 0
7086 0
7087 0
7088 0
7089 1
7090 1
7091 1
7092 0
7093 5
7094 5
7095 1
7096 0
7097 0
7098 5
7099 5
7100 5
7101 5
7102 0
7103 5
7104 5
7105 5
7106 5
7107 5
7108 0
7109 5
7110 5
7111 5
7112 1
7113 0
7114 5
7115 0
7116 0
7117 0
7118 5
7119 0
7120 5
7121 5
7122 5
7123 0
7124 0
7125 5
7126 5
7127 5
7128 0
7129 0
7130 5
7131 5
7132 5
7133 5
7134 0
7135 5
7136 5
7137 0
7138 1
7139 0
7140 5
7141 0
7142 5
7143 0
7144 1
7145 0
7146 5
7147 5
7148 5
7149 5
7150 5
7151 0
7152 0
7153 0
7154 5
7155 5
7156 5
7157 5
7158 5
7159 10
7160 5
7161 5
7162 1
7163 0
7164 5
7165 5
7166 0
7167 5
7168 5
7169 5
7170 1
7171 0
7172 0
7173 0
7174 0
7175 5
7176 5
7177 5
7178 5
7179 5
7180 5
7181 5
7182 0
7183 0
7184 0
7185 1
7186 5
7187 5
7188 1
7189 5
7190 0
7191 0
7192 5
7193 5
7194 5
7195 5
7196 5
7197 0
7198 0
7199 2
7200 0
7201 5
7202 0
7203 5
7204 1
7205 5
7206 5
7207 1
7208 5
7209 5
7210 1
7211 0
7212 1
7213 1
7214 5
7215 0
7216 1
7217 5
7218 5
7219 5
7220 5
7221 5
7222 5
7223 5
7224 5
7225 5
7226 5
7227 5
7228 5
7229 5
7230 5
7231 0
7232 5
7233 0
7234 5
7235 5
7236 5
7237 5
7238 5
7239 5
7240 5
7241 5
7242 5
7243 5
7244 5
7245 5
7246 5
7247 0
7248 0
7249 0
7250 0
7251 0
7252 0
7253 0
7254 0
7255 0
7256 0
7257 0
7258 5
7259 5
7260 5
7261 5
7262 5
7263 0
7264 5
7265 5
7266 5
7267 0
7268 5
7269 5
7270 2
7271 0
7272 0
7273 0
7274 0
7275 0
7276 5
7277 1
7278 0
7279 0
7280 0
7281 0
7282 0
7283 5
7284 0
7285 0
7286 5
7287 0
7288 1
7289 0
7290 5
7291 1
7292 5
7293 0
7294 5
7295 11
7296 0
7297 0
7298 0
7299 1
7300 5
7301 5
7302 5
7303 5
7304 0
7305 14
7306 5
7307 5
7308 5
7309 5
7310 5
7311 0
7312 0
7313 0
7314 5
7315 0
7316 0
7317 0
7318 0
7319 5
7320 5
7321 5
7322 1
7323 0
7324 0
7325 0
7326 0
7327 0
7328 0
7329 0
7330 0
7331 0
7332 0
7333 0
7334 0
7335 0
7336 0
7337 0
7338 0
7339 0
7340 0
7341 0
7342 0
7343 0
7344 0
7345 5
7346 0
7347 0
7348 0
7349 0
7350 0
7351 0
7352 0
7353 0
7354 0
7355 0
7356 0
7357 0
7358 0
7359 0
7360 0
7361 0
7362 0
7363 5
7364 5
7365 0
7366 5
7367 5
7368 5
7369 0
7370 1
7371 5
7372 0
7373 5
7374 5
7375 0
7376 5
7377 5
7378 1
7379 10
7380 10
7381 10
7382 10
7383 10
7384 10
7385 10
7386 0
7387 10
7388 10
7389 10
7390 10
7391 10
7392 0
7393 10
7394 0
7395 10
7396 10
7397 10
7398 10
7399 10
7400 10
7401 10
7402 10
7403 5
7404 10
7405 10
7406 10
7407 10
7408 10
7409 0
7410 10
7411 10
7412 10
7413 5
7414 0
7415 0
7416 5
7417 5
7418 1
7419 0
7420 0
7421 0
7422 0
7423 0
7424 0
7425 1
7426 0
7427 0
7428 0
7429 0
7430 0
7431 0
7432 0
7433 0
7434 0
7435 5
7436 0
7437 0
7438 0
7439 0
7440 0
7441 0
7442 1
7443 0
7444 0
7445 0
7446 0
7447 0
7448 0
7449 0
7450 0
7451 0
7452 0
7453 0
7454 0
7455 1
7456 0
7457 0
7458 1
7459 5
7460 0
7461 0
7462 0
7463 0
7464 0
7465 0
7466 0
7467 0
7468 5
7469 0
7470 1
7471 5
7472 1
7473 5
7474 0
7475 11
7476 11
7477 11
7478 11
7479 5
7480 5
7481 5
7482 1
7483 0
7484 0
7485 0
7486 0
7487 0
7488 0
7489 0
7490 0
7491 0
7492 0
7493 5
7494 5
7495 5
7496 1
7497 1
7498 0
7499 0
7500 0
7501 1
7502 0
7503 0
7504 0
7505 5
7506 0
7507 0
7508 5
7509 5
7510 0
7511 5
7512 5
7513 0
7514 0
7515 5
7516 5
7517 5
7518 5
7519 5
7520 5
7521 5
7522 2
7523 5
7524 0
7525 5
7526 0
7527 5
7528 5
7529 5
7530 5
7531 5
7532 5
7533 0
7534 0
7535 5
7536 5
7537 0
7538 0
7539 0
7540 5
7541 0
7542 5
7543 0
7544 0
7545 0
7546 0
7547 0
7548 0
7549 5
7550 5
7551 0
7552 1
7553 0
7554 0
7555 1
7556 5
7557 5
7558 0
7559 0
7560 1
7561 5
7562 0
7563 1
7564 1
7565 5
7566 5
7567 5
7568 5
7569 0
7570 0
7571 0
7572 0
7573 0
7574 0
7575 0
7576 0
7577 0
7578 0
7579 0
7580 0
7581 0
7582 0
7583 0
7584 2
7585 5
7586 1
7587 0
7588 0
7589 0
7590 0
7591 0
7592 0
7593 0
7594 1
7595 0
7596 0
7597 5
7598 0
7599 0
7600 0
7601 0
7602 0
7603 0
7604 0
7605 0
7606 0
7607 0
7608 0
7609 0
7610 0
7611 0
7612 0
7613 0
7614 5
7615 0
7616 0
7617 0
7618 0
7619 0
7620 0
7621 0
7622 1
7623 1
7624 0
7625 0
7626 0
7627 0
7628 0
7629 0
7630 0
7631 0
7632 0
7633 0
7634 1
7635 1
7636 0
7637 1
7638 0
7639 0
7640 0
7641 0
7642 0
7643 0
7644 0
7645 0
7646 0
7647 0
7648 0
7649 0
7650 0
7651 5
7652 0
7653 0
7654 2
7655 0
7656 0
7657 0
7658 0
7659 5
7660 5
7661 0
7662 0
7663 0
7664 5
7665 0
7666 0
7667 0
7668 0
7669 0
7670 1
7671 0
7672 0
7673 0
7674 0
7675 0
7676 0
7677 0
7678 0
7679 0
7680 0
7681 0
7682 0
7683 0
7684 0
7685 1
7686 0
7687 0
7688 0
7689 0
7690 0
7691 0
7692 0
7693 0
7694 0
7695 0
7696 0
7697 0
7698 0
7699 0
7700 0
7701 0
7702 0
7703 5
7704 0
7705 5
7706 0
7707 0
7708 0
7709 0
7710 5
7711 0
7712 1
7713 5
7714 0
7715 5
7716 1
7717 5
7718 1
7719 0
7720 0
7721 0
7722 5
7723 5
7724 0
7725 0
7726 0
7727 0
7728 0
7729 0
7730 0
7731 0
7732 0
7733 0
7734 0
7735 0
7736 0
7737 0
7738 0
7739 0
7740 0
7741 0
7742 0
7743 0
7744 0
7745 0
7746 0
7747 0
7748 0
7749 0
7750 0
7751 0
7752 0
7753 0
7754 0
7755 0
7756 0
7757 0
7758 0
7759 0
7760 0
7761 0
7762 0
7763 0
7764 0
7765 0
7766 0
7767 0
7768 0
7769 0
7770 0
7771 0
7772 0
7773 0
7774 0
7775 0
7776 0
7777 5
7778 5
7779 5
7780 5
7781 5
7782 2
7783 5
7784 5
7785 0
7786 5
7787 5
7788 1
7789 5
7790 5
7791 5
7792 5
7793 1
7794 1
7795 0
7796 0
7797 0
7798 12
7799 12
7800 12
7801 5
7802 5
7803 5
7804 5
7805 5
7806 5
7807 5
7808 5
7809 5
7810 5
7811 5
7812 5
7813 5
7814 5
7815 5
7816 5
7817 1
7818 5
7819 5
7820 1
7821 5
7822 5
7823 5
7824 5
7825 5
7826 5
7827 5
7828 5
7829 5
7830 5
7831 5
7832 5
7833 5
7834 5
7835 5
7836 5
7837 5
7838 5
7839 5
7840 5
7841 5
7842 5
7843 5
7844 5
7845 5
7846 5
7847 5
7848 5
7849 5
7850 5
7851 5
7852 5
7853 5
7854 5
7855 5
7856 5
7857 5
7858 0
7859 5
7860 5
7861 5
7862 5
7863 0
7864 1
7865 0
7866 0
7867 5
7868 0
7869 1
7870 0
7871 0
7872 0
7873 0
7874 0
7875 0
7876 0
7877 0
7878 0
7879 0
7880 0
7881 0
7882 0
7883 0
7884 0
7885 0
7886 0
7887 0
7888 0
7889 0
7890 0
7891 0
7892 0
7893 0
7894 0
7895 0
7896 0
7897 0
7898 0
7899 0
7900 0
7901 0
7902 0
7903 0
7904 0
7905 0
7906 0
7907 0
7908 0
7909 0
7910 0
7911 0
7912 0
7913 0
7914 0
7915 0
7916 0
7917 0
7918 0
7919 0
7920 0
7921 0
7922 0
7923 0
7924 0
7925 0
7926 1
7927 0
7928 0
7929 0
7930 0
7931 0
7932 5
7933 0
7934 5
7935 0
7936 5
7937 1
7938 5
7939 5
7940 5
7941 5
7942 5
7943 1
7944 0
7945 5
7946 5
7947 5
7948 5
7949 5
7950 5
7951 5
7952 5
7953 5
7954 5
7955 5
7956 5
7957 0
7958 5
7959 0
7960 5
7961 0
7962 5
7963 5
7964 5
7965 5
7966 0
7967 0
7968 5
7969 1
7970 1
7971 0
7972 1
7973 0
7974 1
7975 0
7976 5
7977 1
7978 0
7979 0
7980 0
7981 1
7982 5
7983 5
7984 5
7985 0
7986 5
7987 5
7988 5
7989 5
7990 5
7991 5
7992 5
7993 5
7994 5
7995 5
7996 5
7997 0
7998 5
7999 5
8000 5
8001 0
8002 5
8003 5
8004 5
8005 0
8006 5
8007 5
8008 0
8009 1
8010 0
8011 0
8012 1
8013 5
8014 0
8015 5
8016 0
8017 5
8018 5
8019 5
8020 5
8021 0
8022 0
8023 0
8024 0
8025 0
8026 0
8027 0
8028 0
8029 0
8030 0
8031 0
8032 0
8033 0
8034 0
8035 0
8036 5
8037 5
8038 5
8039 5
8040 5
8041 5
8042 5
8043 5
8044 5
8045 5
8046 5
8047 5
8048 5
8049 5
8050 5
8051 5
8052 5
8053 0
8054 0
8055 0
8056 5
8057 5
8058 5
8059 5
8060 5
8061 5
8062 5
8063 5
8064 5
8065 5
8066 5
8067 5
8068 5
8069 5
8070 5
8071 5
8072 5
8073 5
8074 5
8075 5
8076 5
8077 5
8078 5
8079 5
8080 5
8081 5
8082 5
8083 5
8084 5
8085 5
8086 5
8087 5
8088 5
8089 0
8090 0
8091 0
8092 0
8093 0
8094 5
8095 0
8096 1
8097 5
8098 5
8099 5
8100 1
8101 1
8102 1
8103 1
8104 1
8105 0
8106 5
8107 1
8108 0
8109 0
8110 5
8111 5
8112 0
8113 0
8114 0
8115 5
8116 2
8117 5
8118 0
8119 5
8120 5
8121 5
8122 5
8123 5
8124 5
8125 5
8126 5
8127 5
8128 5
8129 5
8130 5
8131 5
8132 5
8133 5
8134 5
8135 5
8136 5
8137 5
8138 5
8139 5
8140 5
8141 5
8142 5
8143 5
8144 0
8145 0
8146 0
8147 1
8148 5
8149 5
8150 1
8151 1
8152 1
8153 0
8154 1
8155 0
8156 0
8157 0
8158 13
8159 13
8160 1
8161 1
8162 5
8163 0
8164 5
8165 2
8166 5
8167 5
8168 0
8169 5
8170 1
8171 5
8172 0
8173 5
8174 5
8175 5
8176 5
8177 5
8178 5
8179 5
8180 5
8181 5
8182 5
8183 5
8184 5
8185 5
8186 0
8187 0
8188 0
8189 5
8190 0
8191 0
8192 0
8193 0
8194 5
8195 1
8196 5
8197 5
8198 1
8199 0
8200 0
8201 5
8202 5
8203 0
8204 0
8205 0
8206 5
8207 5
8208 1
8209 1
8210 5
8211 5
8212 5
8213 5
8214 5
8215 5
8216 1
8217 5
8218 0
8219 0
8220 0
8221 0
8222 0
8223 5
8224 5
8225 5
8226 5
8227 5
8228 5
8229 5
8230 5
8231 5
8232 5
8233 5
8234 5
8235 5
8236 5
8237 5
8238 5
8239 5
8240 0
8241 0
8242 0
8243 0
8244 0
8245 0
8246 0
8247 1
8248 1
8249 1
8250 5
8251 2
8252 2
8253 2
8254 2
8255 2
8256 2
8257 2
8258 2
8259 2
8260 2
8261 2
8262 2
8263 2
8264 2
8265 2
8266 2
8267 2
8268 2
8269 2
8270 2
8271 2
8272 2
8273 2
8274 2
8275 2
8276 2
8277 2
8278 2
8279 2
8280 2
8281 2
8282 2
8283 2
8284 2
8285 2
8286 2
8287 2
8288 2
8289 2
8290 2
8291 2
8292 2
8293 2
8294 2
8295 2
8296 2
8297 2
8298 2
8299 2
8300 2
8301 2
8302 2
8303 2
8304 2
8305 2
8306 2
8307 2
8308 2
8309 2
8310 2
8311 5
8312 5
8313 5
8314 0
8315 0
8316 1
8317 1
8318 5
8319 1
8320 5
8321 0
8322 0
8323 5
8324 5
8325 1
8326 1
8327 5
8328 0
8329 1
8330 5
8331 0
8332 5
8333 5
8334 1
8335 5
8336 5
8337 5
8338 0
8339 5
8340 5
8341 5
8342 5
8343 5
8344 5
8345 5
8346 5
8347 5
8348 5
8349 5
8350 5
8351 5
8352 5
8353 5
8354 5
8355 5
8356 5
8357 5
8358 5
8359 5
8360 5
8361 5
8362 5
8363 0
8364 0
8365 0
8366 5
8367 5
8368 5
8369 5
8370 5
8371 0
8372 0
8373 1
8374 5
8375 0
8376 5
8377 1
8378 5
8379 0
8380 0
8381 0
8382 5
8383 5
8384 1
8385 0
8386 5
8387 5
8388 5
8389 5
8390 5
8391 0
8392 0
8393 5
8394 0
8395 1
8396 5
8397 5
8398 5
8399 5
8400 14
8401 5
8402 5
8403 0
8404 5
8405 5
8406 5
8407 5
8408 5
8409 5
8410 5
8411 0
8412 5
8413 0
8414 14
8415 0
8416 14
8417 14
8418 14
8419 14
8420 14
8421 15
8422 15
8423 1
8424 1
8425 1
8426 1
8427 1
8428 5
8429 5
8430 5
8431 5
8432 5
8433 5
8434 5
8435 5
8436 5
8437 5
8438 0
8439 0
8440 0
8441 0
8442 0
8443 0
8444 0
8445 0
8446 0
8447 0
8448 16
8449 16
8450 16
8451 16
8452 16
8453 16
8454 5
8455 5
8456 5
8457 0
8458 0
8459 0
8460 0
8461 0
8462 0
8463 0
8464 0
8465 0
8466 0
8467 0
8468 0
8469 0
8470 0
8471 0
8472 0
8473 0
8474 0
8475 0
8476 0
8477 0
8478 0
8479 0
8480 0
8481 0
8482 0
8483 0
8484 0
8485 0
8486 0
8487 0
8488 0
8489 0
8490 0
8491 0
8492 0
8493 1
8494 5
8495 1
8496 1
8497 5
8498 5
8499 1
8500 5
8501 5
8502 5
8503 1
8504 1
8505 1
8506 5
8507 1
8508 5
8509 5
8510 1
8511 0
8512 6
8513 1
8514 5
8515 5
8516 5
8517 17
8518 17
8519 5
8520 5
8521 5
8522 5
8523 5
8524 5
8525 5
8526 5
8527 5
8528 5
8529 1
8530 0
8531 1
8532 0
8533 1
8534 1
8535 0
8536 0
8537 5
8538 1
8539 1
8540 1
8541 0
8542 0
8543 0
8544 0
8545 0
8546 18
8547 0
8548 5
8549 1
8550 5
8551 5
8552 5
8553 5
8554 5
8555 5
8556 0
8557 5
8558 5
8559 5
8560 5
8561 0
8562 0
8563 5
8564 5
8565 5
8566 5
8567 5
8568 5
8569 5
8570 5
8571 5
8572 1
8573 0
8574 18
8575 18
8576 5
8577 1
8578 1
8579 1
8580 1
8581 5
8582 1
8583 1
8584 5
8585 1
8586 19
8587 19
8588 19
8589 5
8590 5
8591 5
8592 5
8593 5
8594 5
8595 5
8596 5
8597 0
8598 0
8599 0
8600 5
8601 0
8602 5
8603 0
8604 1
8605 1
8606 5
8607 5
8608 5
8609 5
8610 5
8611 5
8612 5
8613 5
8614 5
8615 5
8616 5
8617 5
8618 5
8619 5
8620 5
8621 5
8622 20
8623 21
8624 0
8625 0
8626 0
8627 0
8628 0
8629 1
8630 5
8631 5
8632 5
8633 0
8634 5
8635 5
8636 5
8637 5
8638 5
8639 5
8640 5
8641 0
8642 0
8643 0
0 7
1 11
2 0
3 13
4 1
5 4
6 2
7 3
8 5
9 4
10 5
11 5
12 6
13 7
14 8
15 9
16 10
17 4
18 12
19 13
20 14
21 15
1e-06 0.0838376 300
