0 3
1 1
2 3
3 0
4 3
5 0
6 0
7 3
8 3
9 0
10 3
11 3
12 3
13 3
14 0
15 3
16 3
17 3
18 0
19 3
20 3
21 3
22 3
23 3
24 3
25 3
26 0
27 3
28 3
29 3
30 0
31 3
32 0
33 3
34 3
35 0
36 3
37 3
38 3
39 3
40 3
41 3
42 3
43 3
44 3
45 3
46 3
47 3
48 3
49 3
50 3
51 0
52 0
53 3
54 3
55 3
56 3
57 0
58 3
59 3
60 0
61 0
62 0
63 3
64 3
65 3
66 0
67 0
68 3
69 3
70 3
71 1
72 0
73 3
74 0
75 0
76 3
77 3
78 1
79 0
80 3
81 1
82 1
83 3
84 0
85 3
86 3
87 0
88 3
89 1
90 3
91 1
92 3
93 1
94 3
95 1
96 0
97 0
98 0
99 0
100 3
101 0
102 3
103 0
104 0
105 3
106 3
107 3
108 0
109 3
110 3
111 0
112 3
113 3
114 0
115 3
116 0
117 0
118 3
119 3
120 3
121 3
122 0
123 0
124 0
125 3
126 0
127 0
128 0
129 3
130 3
131 3
132 3
133 0
134 3
135 0
136 3
137 3
138 3
139 0
140 0
141 3
142 0
143 3
144 0
145 3
146 3
147 0
148 3
149 0
150 0
151 0
152 0
153 3
154 0
155 0
156 0
157 3
158 0
159 0
160 0
161 3
162 3
163 0
164 3
165 1
166 3
167 1
168 1
169 3
170 3
171 3
172 3
173 3
174 3
175 3
176 3
177 0
178 0
179 3
180 0
181 0
182 3
183 0
184 0
185 3
186 3
187 0
188 3
189 3
190 3
191 0
192 0
193 3
194 0
195 0
196 0
197 3
198 0
199 3
200 3
201 0
202 3
203 3
204 0
205 3
206 3
207 3
208 0
209 3
210 0
211 3
212 3
213 0
214 3
215 1
216 0
217 0
218 0
219 0
220 0
221 3
222 3
223 3
224 0
225 0
226 3
227 3
228 0
229 0
230 1
231 3
232 0
233 0
234 3
235 3
236 0
237 0
238 0
239 3
240 3
241 3
242 3
243 3
244 3
245 0
246 3
247 0
248 3
249 0
250 3
251 1
252 3
253 0
254 0
255 0
256 0
257 3
258 0
259 0
260 3
261 0
262 3
263 0
264 3
265 3
266 3
267 3
268 3
269 0
270 0
271 3
272 0
273 3
274 0
275 3
276 0
277 0
278 0
279 3
280 3
281 3
282 3
283 3
284 0
285 3
286 0
287 3
288 3
289 0
290 0
291 3
292 0
293 3
294 0
295 3
296 0
297 0
298 3
299 3
300 0
301 3
302 3
303 3
304 3
305 3
306 3
307 0
308 3
309 0
310 0
311 3
312 0
313 3
314 3
315 1
316 0
317 3
318 0
319 0
320 3
321 0
322 0
323 3
324 0
325 0
326 0
327 0
328 3
329 3
330 0
331 0
332 3
333 3
334 0
335 3
336 3
337 0
338 3
339 3
340 0
341 3
342 3
343 0
344 3
345 0
346 3
347 3
348 0
349 3
350 0
351 0
352 3
353 0
354 3
355 0
356 3
357 3
358 0
359 3
360 3
361 3
362 0
363 0
364 3
365 3
366 3
367 3
368 3
369 3
370 3
371 3
372 1
373 0
374 3
375 3
376 3
377 3
378 3
379 3
380 3
381 1
382 3
383 3
384 3
385 3
386 3
387 0
388 3
389 3
390 3
391 3
392 3
393 0
394 0
395 0
396 3
397 0
398 0
399 3
400 0
401 3
402 3
403 3
404 3
405 0
406 3
407 0
408 3
409 3
410 3
411 3
412 3
413 3
414 3
415 0
416 0
417 3
418 0
419 3
420 3
421 0
422 0
423 0
424 3
425 3
426 3
427 3
428 3
429 3
430 0
431 3
432 0
433 3
434 3
435 0
436 3
437 3
438 0
439 3
440 3
441 3
442 0
443 0
444 0
445 3
446 0
447 3
448 3
449 3
450 3
451 0
452 0
453 3
454 0
455 3
456 0
457 0
458 1
459 3
460 0
461 3
462 3
463 3
464 0
465 3
466 3
467 3
468 0
469 3
470 3
471 3
472 3
473 0
474 3
475 0
476 3
477 0
478 3
479 3
480 3
481 3
482 3
483 3
484 3
485 3
486 0
487 3
488 3
489 3
490 3
491 0
492 3
493 3
494 0
495 3
496 3
497 0
498 0
499 3
500 0
501 3
502 0
503 0
504 3
505 3
506 0
507 3
508 3
509 3
510 0
511 0
512 0
513 3
514 3
515 0
516 0
517 0
518 0
519 3
520 3
521 3
522 3
523 3
524 3
525 3
526 3
527 0
528 3
529 0
530 0
531 1
532 3
533 0
534 3
535 0
536 0
537 0
538 1
539 0
540 3
541 3
542 0
543 3
544 3
545 1
546 0
547 3
548 0
549 3
550 3
551 3
552 0
553 3
554 3
555 0
556 0
557 0
558 0
559 0
560 0
561 3
562 3
563 3
564 3
565 3
566 3
567 3
568 3
569 3
570 3
571 3
572 0
573 3
574 3
575 0
576 0
577 3
578 3
579 3
580 0
581 3
582 0
583 3
584 3
585 3
586 0
587 0
588 1
589 0
590 1
591 3
592 3
593 3
594 0
595 3
596 3
597 3
598 0
599 3
600 3
601 0
602 0
603 3
604 3
605 3
606 3
607 3
608 0
609 3
610 3
611 0
612 0
613 0
614 3
615 3
616 3
617 0
618 3
619 3
620 3
621 3
622 3
623 3
624 3
625 0
626 3
627 3
628 0
629 3
630 3
631 3
632 0
633 0
634 3
635 3
636 0
637 0
638 3
639 0
640 0
641 0
642 3
643 0
644 3
645 3
646 0
647 0
648 3
649 0
650 0
651 0
652 0
653 0
654 3
655 3
656 3
657 0
658 0
659 0
660 0
661 0
662 3
663 3
664 0
665 0
666 3
667 3
668 3
669 3
670 0
671 0
672 0
673 0
674 3
675 0
676 0
677 3
678 1
679 3
680 0
681 0
682 0
683 3
684 0
685 3
686 0
687 0
688 0
689 0
690 3
691 3
692 0
693 0
694 0
695 0
696 0
697 0
698 0
699 3
700 3
701 3
702 3
703 3
704 0
705 0
706 3
707 0
708 3
709 3
710 0
711 0
712 3
713 3
714 3
715 0
716 0
717 0
718 0
719 1
720 3
721 3
722 3
723 1
724 0
725 3
726 3
727 0
728 1
729 3
730 3
731 3
732 0
733 3
734 3
735 0
736 0
737 0
738 3
739 3
740 0
741 3
742 0
743 3
744 3
745 3
746 0
747 0
748 3
749 3
750 3
751 3
752 3
753 0
754 0
755 3
756 0
757 3
758 0
759 0
760 0
761 3
762 3
763 3
764 3
765 0
766 0
767 0
768 0
769 3
770 3
771 3
772 3
773 0
774 0
775 0
776 3
777 3
778 0
779 1
780 0
781 3
782 0
783 0
784 0
785 3
786 1
787 0
788 3
789 3
790 3
791 0
792 0
793 0
794 3
795 3
796 0
797 0
798 3
799 0
800 3
801 3
802 3
803 3
804 3
805 0
806 0
807 0
808 0
809 1
810 3
811 0
812 0
813 3
814 0
815 3
816 3
817 3
818 0
819 3
820 0
821 3
822 0
823 3
824 0
825 0
826 3
827 3
828 3
829 0
830 0
831 0
832 0
833 0
834 3
835 3
836 3
837 0
838 0
839 3
840 3
841 0
842 0
843 3
844 0
845 3
846 0
847 0
848 3
849 3
850 0
851 3
852 3
853 3
854 3
855 0
856 3
857 3
858 0
859 0
860 3
861 0
862 3
863 0
864 0
865 3
866 3
867 0
868 3
869 3
870 3
871 3
872 3
873 0
874 3
875 3
876 3
877 3
878 0
879 3
880 1
881 3
882 0
883 3
884 3
885 0
886 0
887 3
888 0
889 3
890 3
891 0
892 0
893 3
894 0
895 3
896 3
897 3
898 3
899 3
900 3
901 3
902 3
903 0
904 0
905 3
906 0
907 0
908 3
909 3
910 0
911 3
912 0
913 3
914 3
915 3
916 0
917 3
918 0
919 1
920 3
921 3
922 0
923 3
924 0
925 3
926 3
927 0
928 3
929 0
930 3
931 0
932 0
933 3
934 3
935 1
936 0
937 3
938 0
939 3
940 3
941 0
942 0
943 0
944 3
945 3
946 0
947 3
948 3
949 3
950 0
951 3
952 0
953 0
954 3
955 0
956 0
957 3
958 0
959 0
960 0
961 3
962 0
963 3
964 0
965 0
966 0
967 3
968 0
969 3
970 3
971 0
972 3
973 0
974 0
975 0
976 0
977 0
978 0
979 0
980 3
981 0
982 0
983 0
984 0
985 0
986 3
987 0
988 0
989 3
990 3
991 0
992 0
993 0
994 3
995 3
996 3
997 3
998 0
999 0
1000 0
1001 3
1002 3
1003 3
1004 3
1005 3
1006 3
1007 3
1008 3
1009 3
1010 3
1011 3
1012 3
1013 3
1014 3
1015 3
1016 3
1017 3
1018 1
1019 0
1020 3
1021 3
1022 3
1023 0
1024 3
1025 3
1026 0
1027 0
1028 3
1029 3
1030 11
1031 3
1032 3
1033 0
1034 0
1035 0
1036 3
1037 3
1038 3
1039 0
1040 3
1041 3
1042 3
1043 0
1044 1
1045 3
1046 0
1047 3
1048 3
1049 1
1050 3
1051 1
1052 3
1053 3
1054 1
1055 1
1056 3
1057 3
1058 3
1059 3
1060 3
1061 3
1062 3
1063 3
1064 3
1065 0
1066 0
1067 1
1068 3
1069 1
1070 3
1071 0
1072 1
1073 0
1074 3
1075 1
1076 0
1077 0
1078 0
1079 0
1080 0
1081 0
1082 3
1083 0
1084 3
1085 1
1086 1
1087 3
1088 1
1089 3
1090 0
1091 0
1092 0
1093 3
1094 3
1095 1
1096 0
1097 0
1098 0
1099 0
1100 3
1101 3
1102 0
1103 1
1104 1
1105 1
1106 3
1107 0
1108 0
1109 1
1110 3
1111 1
1112 1
1113 3
1114 3
1115 1
1116 3
1117 1
1118 0
1119 0
1120 0
1121 0
1122 3
1123 3
1124 1
1125 0
1126 0
1127 3
1128 3
1129 1
1130 0
1131 3
1132 3
1133 0
1134 0
1135 3
1136 0
1137 3
1138 0
1139 1
1140 3
1141 0
1142 3
1143 3
1144 3
1145 3
1146 0
1147 3
1148 3
1149 3
1150 0
1151 0
1152 3
1153 3
1154 1
1155 0
1156 1
1157 0
1158 3
1159 1
1160 3
1161 3
1162 0
1163 0
1164 3
1165 0
1166 3
1167 3
1168 3
1169 0
1170 3
1171 3
1172 3
1173 3
1174 3
1175 3
1176 0
1177 1
1178 3
1179 0
1180 1
1181 1
1182 1
1183 0
1184 0
1185 1
1186 3
1187 0
1188 0
1189 3
1190 0
1191 3
1192 3
1193 0
1194 3
1195 3
1196 3
1197 3
1198 1
1199 0
1200 1
1201 1
1202 0
1203 1
1204 3
1205 3
1206 3
1207 0
1208 0
1209 0
1210 3
1211 3
1212 1
1213 1
1214 3
1215 3
1216 3
1217 1
1218 3
1219 1
1220 0
1221 3
1222 7
1223 1
1224 1
1225 0
1226 0
1227 0
1228 1
1229 0
1230 0
1231 0
1232 3
1233 1
1234 0
1235 3
1236 0
1237 3
1238 3
1239 3
1240 0
1241 3
1242 3
1243 1
1244 0
1245 3
1246 3
1247 0
1248 1
1249 3
1250 0
1251 3
1252 0
1253 3
1254 0
1255 1
1256 0
1257 3
1258 0
1259 3
1260 1
1261 3
1262 3
1263 0
1264 3
1265 0
1266 3
1267 0
1268 3
1269 0
1270 3
1271 0
1272 3
1273 1
1274 0
1275 1
1276 3
1277 3
1278 0
1279 0
1280 3
1281 3
1282 3
1283 3
1284 0
1285 0
1286 3
1287 3
1288 1
1289 1
1290 3
1291 3
1292 1
1293 0
1294 1
1295 1
1296 3
1297 1
1298 3
1299 3
1300 0
1301 1
1302 1
1303 1
1304 1
1305 1
1306 0
1307 1
1308 3
1309 1
1310 1
1311 1
1312 0
1313 1
1314 3
1315 0
1316 1
1317 1
1318 1
1319 1
1320 1
1321 1
1322 1
1323 1
1324 1
1325 1
1326 1
1327 1
1328 1
1329 1
1330 1
1331 1
1332 1
1333 1
1334 1
1335 1
1336 1
1337 3
1338 1
1339 1
1340 1
1341 1
1342 1
1343 0
1344 1
1345 1
1346 0
1347 1
1348 1
1349 0
1350 3
1351 1
1352 1
1353 3
1354 3
1355 1
1356 1
1357 3
1358 1
1359 3
1360 0
1361 1
1362 1
1363 0
1364 3
1365 0
1366 1
1367 1
1368 1
1369 1
1370 3
1371 1
1372 1
1373 3
1374 7
1375 0
1376 1
1377 1
1378 0
1379 1
1380 1
1381 1
1382 1
1383 1
1384 3
1385 1
1386 1
1387 1
1388 1
1389 1
1390 1
1391 0
1392 1
1393 0
1394 3
1395 0
1396 3
1397 3
1398 3
1399 1
1400 0
1401 1
1402 0
1403 1
1404 3
1405 3
1406 3
1407 3
1408 3
1409 3
1410 3
1411 3
1412 3
1413 0
1414 1
1415 3
1416 3
1417 3
1418 0
1419 3
1420 1
1421 3
1422 0
1423 0
1424 3
1425 3
1426 0
1427 3
1428 3
1429 3
1430 3
1431 3
1432 3
1433 3
1434 3
1435 3
1436 3
1437 3
1438 3
1439 0
1440 0
1441 3
1442 3
1443 0
1444 3
1445 3
1446 0
1447 3
1448 3
1449 0
1450 3
1451 3
1452 3
1453 3
1454 0
1455 3
1456 3
1457 0
1458 3
1459 3
1460 3
1461 0
1462 3
1463 0
1464 3
1465 3
1466 3
1467 3
1468 3
1469 3
1470 3
1471 3
1472 3
1473 3
1474 3
1475 3
1476 0
1477 3
1478 3
1479 3
1480 3
1481 3
1482 0
1483 3
1484 0
1485 0
1486 3
1487 0
1488 3
1489 3
1490 3
1491 3
1492 3
1493 0
1494 1
1495 3
1496 3
1497 0
1498 3
1499 0
1500 3
1501 3
1502 0
1503 3
1504 3
1505 0
1506 3
1507 3
1508 3
1509 0
1510 3
1511 0
1512 3
1513 3
1514 0
1515 3
1516 3
1517 3
1518 3
1519 3
1520 3
1521 3
1522 3
1523 3
1524 3
1525 3
1526 3
1527 3
1528 0
1529 3
1530 0
1531 3
1532 0
1533 3
1534 3
1535 3
1536 3
1537 3
1538 3
1539 1
1540 3
1541 3
1542 1
1543 3
1544 0
1545 0
1546 0
1547 3
1548 1
1549 0
1550 0
1551 3
1552 3
1553 0
1554 3
1555 1
1556 3
1557 3
1558 3
1559 3
1560 1
1561 3
1562 0
1563 0
1564 3
1565 1
1566 3
1567 3
1568 0
1569 0
1570 3
1571 1
1572 1
1573 0
1574 1
1575 0
1576 3
1577 1
1578 1
1579 3
1580 1
1581 1
1582 0
1583 1
1584 3
1585 3
1586 1
1587 1
1588 0
1589 0
1590 3
1591 3
1592 0
1593 3
1594 0
1595 0
1596 3
1597 3
1598 3
1599 1
1600 3
1601 0
1602 0
1603 3
1604 1
1605 3
1606 3
1607 3
1608 0
1609 0
1610 0
1611 0
1612 3
1613 3
1614 3
1615 0
1616 3
1617 3
1618 1
1619 3
1620 3
1621 0
1622 1
1623 3
1624 0
1625 1
1626 3
1627 0
1628 1
1629 3
1630 0
1631 3
1632 0
1633 3
1634 3
1635 0
1636 3
1637 1
1638 3
1639 0
1640 1
1641 3
1642 3
1643 0
1644 3
1645 3
1646 0
1647 3
1648 3
1649 0
1650 0
1651 0
1652 3
1653 1
1654 0
1655 3
1656 0
1657 0
1658 3
1659 0
1660 3
1661 0
1662 0
1663 3
1664 1
1665 0
1666 0
1667 3
1668 3
1669 1
1670 3
1671 3
1672 0
1673 0
1674 1
1675 1
1676 0
1677 3
1678 1
1679 1
1680 0
1681 1
1682 3
1683 3
1684 3
1685 3
1686 0
1687 3
1688 11
1689 3
1690 3
1691 3
1692 1
1693 1
1694 1
1695 0
1696 3
1697 0
1698 3
1699 3
1700 0
1701 3
1702 3
1703 0
1704 1
1705 1
1706 0
1707 3
1708 1
1709 0
1710 0
1711 1
1712 0
1713 1
1714 1
1715 0
1716 0
1717 3
1718 3
1719 3
1720 0
1721 7
1722 0
1723 0
1724 3
1725 0
1726 1
1727 0
1728 3
1729 3
1730 1
1731 3
1732 3
1733 3
1734 3
1735 3
1736 3
1737 3
1738 3
1739 3
1740 3
1741 3
1742 3
1743 3
1744 1
1745 0
1746 0
1747 3
1748 3
1749 0
1750 1
1751 0
1752 3
1753 3
1754 0
1755 0
1756 3
1757 0
1758 3
1759 3
1760 3
1761 1
1762 3
1763 0
1764 1
1765 0
1766 0
1767 3
1768 0
1769 0
1770 3
1771 3
1772 7
1773 0
1774 0
1775 0
1776 3
1777 1
1778 1
1779 0
1780 3
1781 1
1782 3
1783 1
1784 3
1785 3
1786 3
1787 0
1788 3
1789 0
1790 0
1791 3
1792 3
1793 1
1794 3
1795 7
1796 0
1797 0
1798 0
1799 3
1800 0
1801 0
1802 1
1803 1
1804 1
1805 1
1806 1
1807 1
1808 3
1809 1
1810 1
1811 1
1812 1
1813 1
1814 1
1815 1
1816 3
1817 1
1818 1
1819 1
1820 3
1821 0
1822 1
1823 3
1824 1
1825 1
1826 3
1827 1
1828 1
1829 1
1830 1
1831 0
1832 1
1833 1
1834 3
1835 3
1836 0
1837 1
1838 1
1839 1
1840 1
1841 1
1842 1
1843 1
1844 0
1845 1
1846 1
1847 1
1848 3
1849 1
1850 1
1851 3
1852 3
1853 1
1854 1
1855 1
1856 1
1857 1
1858 1
1859 1
1860 1
1861 0
1862 1
1863 1
1864 3
1865 3
1866 1
1867 3
1868 3
1869 1
1870 1
1871 3
1872 1
1873 1
1874 1
1875 0
1876 1
1877 1
1878 1
1879 1
1880 1
1881 1
1882 1
1883 1
1884 1
1885 3
1886 1
1887 0
1888 1
1889 0
1890 1
1891 1
1892 1
1893 3
1894 1
1895 1
1896 3
1897 3
1898 1
1899 3
1900 1
1901 1
1902 0
1903 1
1904 1
1905 1
1906 1
1907 3
1908 1
1909 1
1910 3
1911 1
1912 3
1913 1
1914 1
1915 1
1916 1
1917 1
1918 0
1919 1
1920 1
1921 1
1922 3
1923 1
1924 0
1925 1
1926 1
1927 1
1928 1
1929 1
1930 0
1931 0
1932 3
1933 3
1934 1
1935 0
1936 3
1937 3
1938 0
1939 3
1940 3
1941 0
1942 3
1943 3
1944 3
1945 0
1946 0
1947 3
1948 3
1949 1
1950 0
1951 0
1952 3
1953 1
1954 3
1955 3
1956 1
1957 3
1958 0
1959 3
1960 0
1961 3
1962 0
1963 1
1964 1
1965 0
1966 3
1967 0
1968 1
1969 3
1970 1
1971 3
1972 0
1973 3
1974 3
1975 3
1976 1
1977 1
1978 3
1979 3
1980 0
1981 3
1982 3
1983 3
1984 1
1985 0
1986 0
1987 3
1988 1
1989 3
1990 0
1991 3
1992 0
1993 3
1994 0
1995 3
1996 3
1997 0
1998 0
1999 1
2000 3
2001 3
2002 3
2003 3
2004 1
2005 1
2006 0
2007 3
2008 3
2009 0
2010 3
2011 0
2012 3
2013 0
2014 0
2015 1
2016 3
2017 3
2018 3
2019 11
2020 1
2021 3
2022 3
2023 3
2024 0
2025 1
2026 1
2027 0
2028 3
2029 3
2030 0
2031 0
2032 3
2033 3
2034 0
2035 3
2036 1
2037 1
2038 1
2039 1
2040 1
2041 3
2042 3
2043 1
2044 1
2045 3
2046 0
2047 3
2048 3
2049 1
2050 1
2051 3
2052 3
2053 3
2054 1
2055 3
2056 0
2057 0
2058 1
2059 0
2060 1
2061 1
2062 3
2063 0
2064 0
2065 3
2066 3
2067 1
2068 3
2069 1
2070 1
2071 1
2072 1
2073 0
2074 3
2075 0
2076 0
2077 0
2078 3
2079 1
2080 1
2081 3
2082 0
2083 3
2084 3
2085 3
2086 0
2087 3
2088 3
2089 1
2090 1
2091 3
2092 3
2093 0
2094 1
2095 3
2096 3
2097 3
2098 0
2099 3
2100 3
2101 3
2102 1
2103 1
2104 3
2105 0
2106 3
2107 1
2108 0
2109 3
2110 3
2111 0
2112 3
2113 3
2114 3
2115 0
2116 0
2117 1
2118 0
2119 0
2120 3
2121 0
2122 0
2123 1
2124 3
2125 1
2126 0
2127 3
2128 0
2129 1
2130 3
2131 3
2132 0
2133 3
2134 3
2135 1
2136 1
2137 1
2138 3
2139 3
2140 0
2141 3
2142 3
2143 0
2144 11
2145 3
2146 3
2147 3
2148 1
2149 0
2150 3
2151 3
2152 3
2153 0
2154 3
2155 3
2156 3
2157 1
2158 1
2159 3
2160 1
2161 0
2162 3
2163 3
2164 3
2165 3
2166 1
2167 3
2168 0
2169 3
2170 1
2171 1
2172 1
2173 3
2174 3
2175 0
2176 0
2177 3
2178 3
2179 0
2180 3
2181 3
2182 3
2183 1
2184 3
2185 1
2186 3
2187 1
2188 3
2189 3
2190 1
2191 3
2192 0
2193 3
2194 1
2195 3
2196 3
2197 3
2198 3
2199 0
2200 1
2201 1
2202 1
2203 0
2204 0
2205 1
2206 3
2207 3
2208 3
2209 0
2210 1
2211 0
2212 1
2213 0
2214 0
2215 3
2216 3
2217 1
2218 0
2219 1
2220 3
2221 1
2222 0
2223 1
2224 3
2225 3
2226 1
2227 3
2228 3
2229 1
2230 3
2231 3
2232 3
2233 3
2234 3
2235 1
2236 3
2237 3
2238 1
2239 0
2240 0
2241 0
2242 0
2243 0
2244 0
2245 0
2246 3
2247 1
2248 3
2249 0
2250 3
2251 1
2252 0
2253 0
2254 7
2255 1
2256 3
2257 3
2258 1
2259 3
2260 0
2261 1
2262 0
2263 1
2264 1
2265 3
2266 3
2267 1
2268 3
2269 3
2270 1
2271 1
2272 0
2273 0
2274 3
2275 3
2276 0
2277 1
2278 0
2279 3
2280 3
2281 3
2282 1
2283 1
2284 1
2285 3
2286 3
2287 1
2288 1
2289 0
2290 0
2291 3
2292 1
2293 3
2294 3
2295 3
2296 0
2297 3
2298 1
2299 1
2300 1
2301 1
2302 0
2303 0
2304 0
2305 3
2306 3
2307 3
2308 3
2309 0
2310 3
2311 0
2312 3
2313 1
2314 3
2315 1
2316 1
2317 3
2318 1
2319 3
2320 3
2321 1
2322 1
2323 1
2324 3
2325 3
2326 0
2327 3
2328 1
2329 0
2330 0
2331 0
2332 1
2333 3
2334 0
2335 0
2336 3
2337 1
2338 3
2339 3
2340 3
2341 1
2342 1
2343 3
2344 0
2345 0
2346 3
2347 1
2348 3
2349 3
2350 0
2351 3
2352 3
2353 1
2354 0
2355 3
2356 3
2357 3
2358 3
2359 3
2360 3
2361 3
2362 3
2363 0
2364 1
2365 3
2366 1
2367 1
2368 3
2369 1
2370 3
2371 3
2372 3
2373 0
2374 3
2375 0
2376 3
2377 3
2378 0
2379 3
2380 0
2381 3
2382 1
2383 3
2384 3
2385 3
2386 0
2387 3
2388 1
2389 1
2390 3
2391 3
2392 3
2393 3
2394 3
2395 1
2396 0
2397 3
2398 3
2399 1
2400 3
2401 3
2402 0
2403 1
2404 1
2405 0
2406 3
2407 1
2408 0
2409 11
2410 3
2411 1
2412 0
2413 3
2414 3
2415 0
2416 0
2417 0
2418 1
2419 1
2420 3
2421 0
2422 3
2423 0
2424 3
2425 1
2426 3
2427 0
2428 3
2429 3
2430 1
2431 3
2432 3
2433 3
2434 1
2435 3
2436 1
2437 0
2438 3
2439 0
2440 3
2441 0
2442 3
2443 3
2444 3
2445 1
2446 1
2447 3
2448 1
2449 3
2450 3
2451 3
2452 3
2453 1
2454 1
2455 3
2456 3
2457 3
2458 0
2459 1
2460 1
2461 1
2462 3
2463 3
2464 1
2465 3
2466 1
2467 1
2468 3
2469 3
2470 0
2471 3
2472 0
2473 1
2474 1
2475 0
2476 3
2477 3
2478 0
2479 3
2480 3
2481 3
2482 3
2483 1
2484 3
2485 3
2486 3
2487 1
2488 3
2489 3
2490 1
2491 0
2492 0
2493 1
2494 3
2495 0
2496 0
2497 0
2498 3
2499 0
2500 3
2501 1
2502 3
2503 3
2504 3
2505 3
2506 0
2507 3
2508 0
2509 3
2510 3
2511 3
2512 3
2513 3
2514 3
2515 0
2516 3
2517 0
2518 1
2519 0
2520 3
2521 3
2522 3
2523 3
2524 3
2525 3
2526 0
2527 0
2528 1
2529 0
2530 3
2531 0
2532 0
2533 0
2534 3
2535 0
2536 0
2537 1
2538 0
2539 0
2540 0
2541 0
2542 0
2543 3
2544 0
2545 3
2546 3
2547 3
2548 0
2549 3
2550 3
2551 0
2552 0
2553 3
2554 0
2555 3
2556 1
2557 3
2558 0
2559 3
2560 3
2561 0
2562 0
2563 0
2564 1
2565 1
2566 3
2567 3
2568 3
2569 3
2570 3
2571 3
2572 3
2573 1
2574 0
2575 1
2576 3
2577 3
2578 0
2579 3
2580 3
2581 3
2582 1
2583 1
2584 3
2585 3
2586 3
2587 3
2588 1
2589 1
2590 0
2591 3
2592 3
2593 1
2594 0
2595 3
2596 0
2597 0
2598 1
2599 3
2600 3
2601 1
2602 1
2603 3
2604 1
2605 3
2606 3
2607 3
2608 3
2609 0
2610 1
2611 1
2612 3
2613 0
2614 3
2615 1
2616 1
2617 0
2618 3
2619 3
2620 11
2621 3
2622 0
2623 1
2624 3
2625 1
2626 3
2627 3
2628 0
2629 1
2630 3
2631 3
2632 1
2633 1
2634 3
2635 3
2636 1
2637 3
2638 1
2639 0
2640 3
2641 0
2642 0
2643 1
2644 3
2645 1
2646 0
2647 0
2648 1
2649 3
2650 3
2651 1
2652 0
2653 1
2654 0
2655 3
2656 1
2657 3
2658 3
2659 0
2660 0
2661 3
2662 0
2663 0
2664 3
2665 1
2666 3
2667 3
2668 3
2669 3
2670 3
2671 1
2672 3
2673 3
2674 3
2675 3
2676 3
2677 7
2678 3
2679 3
2680 3
2681 3
2682 3
2683 3
2684 3
2685 3
2686 3
2687 3
2688 3
2689 3
2690 3
2691 3
2692 3
2693 3
2694 3
2695 1
2696 3
2697 3
2698 3
2699 3
2700 3
2701 0
2702 3
2703 3
2704 3
2705 3
2706 3
2707 3
2708 3
2709 3
2710 3
2711 3
2712 3
2713 3
2714 3
2715 3
2716 3
2717 3
2718 0
2719 0
2720 1
2721 3
2722 0
2723 0
2724 1
2725 0
2726 3
2727 3
2728 1
2729 3
2730 0
2731 1
2732 1
2733 3
2734 1
2735 0
2736 3
2737 1
2738 3
2739 3
2740 0
2741 1
2742 0
2743 3
2744 3
2745 1
2746 0
2747 3
2748 1
2749 1
2750 0
2751 1
2752 1
2753 0
2754 0
2755 3
2756 3
2757 1
2758 3
2759 1
2760 3
2761 0
2762 1
2763 0
2764 0
2765 3
2766 1
2767 3
2768 3
2769 1
2770 1
2771 1
2772 0
2773 1
2774 1
2775 3
2776 3
2777 1
2778 1
2779 1
2780 0
2781 1
2782 3
2783 0
2784 0
2785 1
2786 3
2787 1
2788 1
2789 1
2790 3
2791 3
2792 1
2793 3
2794 1
2795 0
2796 0
2797 3
2798 1
2799 0
2800 3
2801 0
2802 1
2803 3
2804 3
2805 0
2806 3
2807 1
2808 3
2809 0
2810 0
2811 3
2812 0
2813 0
2814 1
2815 3
2816 0
2817 7
2818 3
2819 1
2820 1
2821 3
2822 0
2823 3
2824 3
2825 1
2826 3
2827 3
2828 3
2829 3
2830 0
2831 0
2832 0
2833 1
2834 3
2835 3
2836 0
2837 0
2838 3
2839 3
2840 3
2841 3
2842 3
2843 0
2844 0
2845 0
2846 1
2847 0
2848 3
2849 1
2850 3
2851 0
2852 3
2853 1
2854 1
2855 1
2856 1
2857 1
2858 3
2859 3
2860 3
2861 3
2862 3
2863 1
2864 0
2865 3
2866 3
2867 1
2868 1
2869 3
2870 1
2871 1
2872 0
2873 3
2874 1
2875 3
2876 3
2877 0
2878 1
2879 3
2880 7
2881 0
2882 0
2883 3
2884 3
2885 3
2886 3
2887 3
2888 1
2889 1
2890 0
2891 0
2892 0
2893 1
2894 0
2895 3
2896 3
2897 0
2898 3
2899 0
2900 0
2901 3
2902 7
2903 1
2904 1
2905 3
2906 3
2907 1
2908 3
2909 3
2910 3
2911 0
2912 0
2913 3
2914 1
2915 3
2916 3
2917 1
2918 0
2919 3
2920 1
2921 3
2922 3
2923 1
2924 3
2925 1
2926 0
2927 3
2928 3
2929 1
2930 3
2931 0
2932 3
2933 1
2934 0
2935 3
2936 3
2937 1
2938 3
2939 3
2940 3
2941 3
2942 1
2943 1
2944 3
2945 0
2946 1
2947 0
2948 0
2949 0
2950 3
2951 3
2952 3
2953 3
2954 1
2955 0
2956 0
2957 3
2958 0
2959 1
2960 1
2961 1
2962 3
2963 3
2964 1
2965 3
2966 0
2967 3
2968 1
2969 0
2970 3
2971 1
2972 0
2973 3
2974 3
2975 1
2976 0
2977 3
2978 1
2979 3
2980 3
2981 0
2982 3
2983 1
2984 3
2985 3
2986 0
2987 3
2988 3
2989 0
2990 0
2991 0
2992 1
2993 0
2994 3
2995 1
2996 0
2997 0
2998 3
2999 1
3000 1
3001 3
3002 1
3003 1
3004 0
3005 1
3006 3
3007 1
3008 3
3009 1
3010 0
3011 0
3012 3
3013 1
3014 3
3015 0
3016 1
3017 0
3018 3
3019 1
3020 1
3021 3
3022 1
3023 0
3024 1
3025 1
3026 1
3027 1
3028 7
3029 3
3030 0
3031 0
3032 3
3033 0
3034 3
3035 1
3036 0
3037 3
3038 1
3039 3
3040 1
3041 1
3042 3
3043 3
3044 1
3045 1
3046 3
3047 0
3048 0
3049 3
3050 3
3051 0
3052 3
3053 1
3054 3
3055 1
3056 1
3057 3
3058 3
3059 1
3060 3
3061 3
3062 3
3063 1
3064 1
3065 3
3066 1
3067 3
3068 1
3069 1
3070 3
3071 1
3072 3
3073 1
3074 3
3075 3
3076 0
3077 1
3078 3
3079 3
3080 3
3081 0
3082 1
3083 1
3084 3
3085 3
3086 3
3087 1
3088 1
3089 3
3090 3
3091 3
3092 3
3093 3
3094 3
3095 3
3096 1
3097 1
3098 3
3099 3
3100 0
3101 1
3102 3
3103 1
3104 3
3105 3
3106 1
3107 1
3108 0
3109 1
3110 3
3111 3
3112 3
3113 0
3114 0
3115 1
3116 1
3117 0
3118 0
3119 0
3120 1
3121 3
3122 1
3123 3
3124 1
3125 3
3126 3
3127 1
3128 1
3129 1
3130 0
3131 1
3132 1
3133 0
3134 1
3135 0
3136 3
3137 1
3138 3
3139 3
3140 3
3141 1
3142 3
3143 0
3144 0
3145 1
3146 3
3147 1
3148 0
3149 3
3150 3
3151 0
3152 1
3153 1
3154 3
3155 3
3156 3
3157 0
3158 3
3159 1
3160 0
3161 0
3162 3
3163 1
3164 0
3165 1
3166 1
3167 1
3168 3
3169 3
3170 1
3171 3
3172 1
3173 3
3174 3
3175 3
3176 3
3177 3
3178 1
3179 0
3180 1
3181 3
3182 3
3183 3
3184 3
3185 3
3186 0
3187 1
3188 0
3189 3
3190 0
3191 0
3192 3
3193 0
3194 0
3195 1
3196 3
3197 0
3198 3
3199 3
3200 0
3201 0
3202 1
3203 3
3204 3
3205 3
3206 3
3207 3
3208 3
3209 0
3210 1
3211 3
3212 3
3213 0
3214 1
3215 1
3216 3
3217 1
3218 3
3219 1
3220 3
3221 1
3222 3
3223 1
3224 1
3225 1
3226 3
3227 1
3228 3
3229 1
3230 0
3231 3
3232 3
3233 3
3234 0
3235 0
3236 3
3237 3
3238 1
3239 3
3240 3
3241 3
3242 1
3243 0
3244 3
3245 3
3246 0
3247 3
3248 0
3249 1
3250 3
3251 3
3252 1
3253 0
3254 3
3255 3
3256 3
3257 0
3258 0
3259 0
3260 7
3261 1
3262 3
3263 0
3264 1
3265 1
3266 1
3267 1
3268 3
3269 1
3270 0
3271 3
3272 0
3273 1
3274 3
3275 3
3276 3
3277 0
3278 0
3279 0
3280 1
3281 0
3282 0
3283 1
3284 3
3285 1
3286 1
3287 3
3288 1
3289 0
3290 1
3291 3
3292 3
3293 0
3294 0
3295 1
3296 3
3297 0
3298 0
3299 3
3300 0
3301 3
3302 3
3303 0
3304 3
3305 3
3306 1
3307 3
3308 3
3309 1
3310 1
3311 3
3312 1
3313 1
3314 0
3315 1
3316 3
3317 0
3318 3
3319 0
3320 1
3321 3
3322 1
3323 3
3324 1
3325 1
3326 1
3327 0
3328 1
3329 1
3330 1
3331 1
3332 3
3333 0
3334 3
3335 0
3336 1
3337 3
3338 3
3339 0
3340 0
3341 1
3342 3
3343 7
3344 1
3345 0
3346 3
3347 0
3348 0
3349 0
3350 1
3351 3
3352 3
3353 1
3354 1
3355 0
3356 3
3357 3
3358 3
3359 1
3360 3
3361 1
3362 3
3363 3
3364 0
3365 3
3366 1
3367 0
3368 0
3369 3
3370 1
3371 3
3372 1
3373 3
3374 0
3375 0
3376 0
3377 1
3378 1
3379 3
3380 3
3381 1
3382 1
3383 0
3384 3
3385 3
3386 3
3387 1
3388 1
3389 3
3390 1
3391 3
3392 0
3393 1
3394 3
3395 1
3396 3
3397 1
3398 1
3399 0
3400 1
3401 1
3402 3
3403 3
3404 3
3405 3
3406 3
3407 0
3408 3
3409 3
3410 0
3411 1
3412 3
3413 0
3414 1
3415 3
3416 0
3417 3
3418 0
3419 0
3420 0
3421 1
3422 1
3423 1
3424 3
3425 1
3426 1
3427 0
3428 3
3429 3
3430 0
3431 3
3432 1
3433 0
3434 1
3435 0
3436 3
3437 0
3438 3
3439 3
3440 0
3441 1
3442 1
3443 3
3444 0
3445 3
3446 1
3447 1
3448 1
3449 0
3450 3
3451 1
3452 1
3453 1
3454 0
3455 0
3456 0
3457 1
3458 1
3459 1
3460 0
3461 3
3462 1
3463 1
3464 0
3465 1
3466 3
3467 3
3468 3
3469 1
3470 3
3471 0
3472 0
3473 1
3474 0
3475 3
3476 0
3477 3
3478 1
3479 3
3480 3
3481 3
3482 1
3483 1
3484 3
3485 3
3486 1
3487 3
3488 1
3489 1
3490 0
3491 0
3492 3
3493 1
3494 1
3495 3
3496 3
3497 1
3498 3
3499 3
3500 0
3501 1
3502 1
3503 3
3504 3
3505 1
3506 1
3507 3
3508 1
3509 1
3510 3
3511 3
3512 3
3513 1
3514 1
3515 3
3516 3
3517 3
3518 0
3519 1
3520 0
3521 3
3522 1
3523 3
3524 3
3525 3
3526 3
3527 3
3528 0
3529 0
3530 3
3531 1
3532 3
3533 1
3534 1
3535 1
3536 0
3537 3
3538 1
3539 0
3540 0
3541 0
3542 3
3543 3
3544 1
3545 1
3546 0
3547 1
3548 3
3549 1
3550 3
3551 1
3552 0
3553 1
3554 1
3555 1
3556 0
3557 3
3558 1
3559 1
3560 0
3561 3
3562 3
3563 3
3564 0
3565 3
3566 0
3567 0
3568 3
3569 0
3570 3
3571 0
3572 3
3573 0
3574 1
3575 1
3576 0
3577 3
3578 1
3579 0
3580 0
3581 3
3582 0
3583 1
3584 3
3585 1
3586 3
3587 0
3588 3
3589 3
3590 7
3591 3
3592 3
3593 1
3594 1
3595 3
3596 1
3597 3
3598 0
3599 3
3600 3
3601 0
3602 0
3603 1
3604 3
3605 0
3606 3
3607 0
3608 1
3609 3
3610 3
3611 1
3612 3
3613 1
3614 1
3615 1
3616 3
3617 3
3618 3
3619 1
3620 3
3621 1
3622 1
3623 0
3624 1
3625 0
3626 3
3627 0
3628 1
3629 1
3630 3
3631 3
3632 1
3633 3
3634 1
3635 3
3636 3
3637 3
3638 0
3639 3
3640 0
3641 1
3642 3
3643 3
3644 0
3645 3
3646 0
3647 1
3648 1
3649 0
3650 3
3651 3
3652 3
3653 3
3654 1
3655 0
3656 1
3657 0
3658 1
3659 3
3660 1
3661 0
3662 1
3663 3
3664 0
3665 1
3666 1
3667 0
3668 1
3669 0
3670 1
3671 1
3672 0
3673 3
3674 3
3675 3
3676 0
3677 0
3678 3
3679 3
3680 1
3681 3
3682 3
3683 1
3684 3
3685 3
3686 0
3687 3
3688 3
3689 3
3690 1
3691 7
3692 3
3693 3
3694 3
3695 3
3696 3
3697 3
3698 3
3699 3
3700 3
3701 3
3702 3
3703 3
3704 1
3705 3
3706 3
3707 3
3708 3
3709 3
3710 3
3711 3
3712 3
3713 3
3714 0
3715 0
3716 3
3717 3
3718 0
3719 3
3720 3
3721 0
3722 0
3723 0
3724 0
3725 3
3726 1
3727 0
3728 3
3729 1
3730 3
3731 1
3732 3
3733 0
3734 0
3735 1
3736 1
3737 1
3738 3
3739 1
3740 1
3741 1
3742 1
3743 1
3744 1
3745 3
3746 3
3747 0
3748 1
3749 1
3750 3
3751 3
3752 0
3753 1
3754 1
3755 3
3756 0
3757 1
3758 3
3759 3
3760 3
3761 3
3762 3
3763 3
3764 3
3765 0
3766 3
3767 0
3768 0
3769 0
3770 0
3771 3
3772 3
3773 3
3774 3
3775 1
3776 1
3777 0
3778 0
3779 3
3780 0
3781 1
3782 3
3783 1
3784 1
3785 1
3786 1
3787 1
3788 0
3789 1
3790 0
3791 1
3792 1
3793 3
3794 0
3795 0
3796 0
3797 3
3798 1
3799 1
3800 1
3801 3
3802 1
3803 0
3804 1
3805 0
3806 1
3807 1
3808 3
3809 3
3810 3
3811 3
3812 3
3813 7
3814 3
3815 1
3816 3
3817 1
3818 0
3819 1
3820 3
3821 3
3822 3
3823 3
3824 3
3825 3
3826 3
3827 3
3828 3
3829 3
3830 3
3831 3
3832 3
3833 1
3834 1
3835 1
3836 0
3837 1
3838 7
3839 3
3840 1
3841 1
3842 1
3843 0
3844 1
3845 1
3846 3
3847 0
3848 3
3849 3
3850 1
3851 0
3852 1
3853 0
3854 3
3855 1
3856 3
3857 3
3858 3
3859 1
3860 0
3861 1
3862 1
3863 1
3864 3
3865 3
3866 3
3867 1
3868 1
3869 1
3870 3
3871 1
3872 3
3873 3
3874 1
3875 3
3876 3
3877 3
3878 3
3879 1
3880 3
3881 3
3882 1
3883 1
3884 0
3885 3
3886 0
3887 1
3888 0
3889 1
3890 3
3891 1
3892 3
3893 0
3894 3
3895 3
3896 1
3897 3
3898 3
3899 0
3900 3
3901 1
3902 3
3903 0
3904 0
3905 3
3906 3
3907 0
3908 1
3909 3
3910 3
3911 1
3912 3
3913 3
3914 1
3915 3
3916 0
3917 0
3918 3
3919 0
3920 1
3921 0
3922 0
3923 1
3924 0
3925 0
3926 1
3927 1
3928 3
3929 1
3930 0
3931 3
3932 3
3933 0
3934 3
3935 1
3936 3
3937 3
3938 1
3939 3
3940 3
3941 3
3942 1
3943 3
3944 3
3945 1
3946 1
3947 3
3948 3
3949 0
3950 3
3951 3
3952 3
3953 1
3954 0
3955 0
3956 0
3957 3
3958 0
3959 3
3960 3
3961 3
3962 3
3963 3
3964 1
3965 3
3966 3
3967 3
3968 3
3969 0
3970 1
3971 3
3972 0
3973 0
3974 0
3975 2
3976 3
3977 1
3978 3
3979 1
3980 2
3981 2
3982 1
3983 3
3984 1
3985 1
3986 3
3987 1
3988 1
3989 3
3990 3
3991 3
3992 1
3993 3
3994 1
3995 11
3996 0
3997 3
3998 3
3999 3
4000 1
4001 3
4002 3
4003 1
4004 7
4005 0
4006 3
4007 1
4008 1
4009 3
4010 3
4011 3
4012 3
4013 7
4014 1
4015 1
4016 1
4017 1
4018 1
4019 3
4020 1
4021 0
4022 3
4023 0
4024 1
4025 1
4026 3
4027 1
4028 1
4029 1
4030 1
4031 1
4032 3
4033 0
4034 1
4035 1
4036 1
4037 0
4038 0
4039 1
4040 3
4041 1
4042 1
4043 3
4044 0
4045 1
4046 1
4047 0
4048 1
4049 1
4050 1
4051 0
4052 1
4053 1
4054 3
4055 1
4056 0
4057 1
4058 0
4059 1
4060 1
4061 0
4062 1
4063 1
4064 7
4065 1
4066 1
4067 1
4068 3
4069 1
4070 1
4071 1
4072 0
4073 1
4074 3
4075 7
4076 1
4077 3
4078 1
4079 0
4080 1
4081 1
4082 1
4083 0
4084 1
4085 0
4086 1
4087 1
4088 1
4089 0
4090 7
4091 1
4092 3
4093 1
4094 1
4095 1
4096 1
4097 1
4098 1
4099 0
4100 3
4101 1
4102 1
4103 1
4104 1
4105 1
4106 3
4107 1
4108 1
4109 0
4110 3
4111 1
4112 0
4113 1
4114 0
4115 1
4116 1
4117 1
4118 1
4119 1
4120 1
4121 1
4122 1
4123 1
4124 1
4125 1
4126 1
4127 1
4128 1
4129 0
4130 1
4131 1
4132 3
4133 1
4134 0
4135 1
4136 1
4137 1
4138 0
4139 1
4140 0
4141 1
4142 0
4143 1
4144 1
4145 3
4146 1
4147 1
4148 7
4149 0
4150 0
4151 1
4152 1
4153 3
4154 0
4155 1
4156 0
4157 1
4158 0
4159 1
4160 1
4161 1
4162 1
4163 1
4164 3
4165 1
4166 0
4167 1
4168 0
4169 0
4170 1
4171 1
4172 1
4173 1
4174 3
4175 3
4176 1
4177 1
4178 1
4179 1
4180 1
4181 3
4182 1
4183 0
4184 1
4185 3
4186 1
4187 0
4188 1
4189 1
4190 3
4191 1
4192 0
4193 0
4194 3
4195 0
4196 11
4197 3
4198 3
4199 3
4200 3
4201 0
4202 3
4203 3
4204 7
4205 3
4206 1
4207 3
4208 3
4209 3
4210 3
4211 3
4212 3
4213 3
4214 3
4215 1
4216 3
4217 3
4218 1
4219 1
4220 1
4221 0
4222 3
4223 1
4224 3
4225 3
4226 3
4227 3
4228 3
4229 1
4230 1
4231 3
4232 3
4233 3
4234 3
4235 3
4236 3
4237 3
4238 3
4239 3
4240 1
4241 3
4242 3
4243 3
4244 3
4245 3
4246 3
4247 3
4248 3
4249 3
4250 3
4251 0
4252 3
4253 1
4254 0
4255 7
4256 3
4257 3
4258 3
4259 1
4260 3
4261 3
4262 3
4263 3
4264 1
4265 3
4266 3
4267 3
4268 3
4269 3
4270 3
4271 3
4272 3
4273 1
4274 7
4275 3
4276 3
4277 3
4278 3
4279 3
4280 3
4281 3
4282 3
4283 3
4284 7
4285 3
4286 1
4287 3
4288 3
4289 1
4290 3
4291 0
4292 0
4293 3
4294 0
4295 1
4296 0
4297 3
4298 1
4299 3
4300 0
4301 1
4302 3
4303 7
4304 1
4305 3
4306 0
4307 0
4308 0
4309 0
4310 0
4311 3
4312 0
4313 0
4314 0
4315 3
4316 0
4317 3
4318 3
4319 3
4320 3
4321 3
4322 3
4323 0
4324 1
4325 3
4326 3
4327 1
4328 3
4329 3
4330 1
4331 1
4332 0
4333 1
4334 3
4335 1
4336 1
4337 0
4338 1
4339 1
4340 0
4341 7
4342 1
4343 1
4344 3
4345 3
4346 3
4347 3
4348 3
4349 1
4350 3
4351 1
4352 1
4353 3
4354 3
4355 3
4356 3
4357 0
4358 3
4359 3
4360 0
4361 1
4362 3
4363 1
4364 1
4365 1
4366 3
4367 3
4368 3
4369 3
4370 1
4371 1
4372 1
4373 3
4374 1
4375 1
4376 7
4377 0
4378 1
4379 3
4380 1
4381 3
4382 1
4383 1
4384 1
4385 3
4386 1
4387 3
4388 3
4389 3
4390 3
4391 1
4392 1
4393 1
4394 1
4395 1
4396 3
4397 3
4398 1
4399 1
4400 1
4401 7
4402 7
4403 0
4404 1
4405 1
4406 1
4407 1
4408 1
4409 3
4410 3
4411 3
4412 3
4413 1
4414 1
4415 1
4416 3
4417 0
4418 1
4419 1
4420 11
4421 1
4422 0
4423 1
4424 1
4425 0
4426 1
4427 0
4428 7
4429 3
4430 1
4431 3
4432 7
4433 3
4434 1
4435 3
4436 1
4437 1
4438 7
4439 7
4440 1
4441 1
4442 1
4443 1
4444 3
4445 3
4446 1
4447 1
4448 11
4449 3
4450 1
4451 1
4452 3
4453 0
4454 3
4455 0
4456 1
4457 0
4458 3
4459 1
4460 3
4461 0
4462 1
4463 1
4464 1
4465 1
4466 1
4467 0
4468 3
4469 3
4470 3
4471 1
4472 3
4473 3
4474 3
4475 0
4476 1
4477 3
4478 1
4479 7
4480 3
4481 1
4482 1
4483 0
4484 0
4485 0
4486 1
4487 1
4488 0
4489 3
4490 3
4491 1
4492 3
4493 3
4494 3
4495 3
4496 0
4497 1
4498 1
4499 1
4500 1
4501 3
4502 3
4503 3
4504 3
4505 1
4506 1
4507 1
4508 1
4509 1
4510 1
4511 1
4512 1
4513 1
4514 0
4515 3
4516 1
4517 1
4518 1
4519 0
4520 1
4521 1
4522 3
4523 1
4524 0
4525 3
4526 1
4527 3
4528 1
4529 1
4530 1
4531 3
4532 3
4533 1
4534 1
4535 1
4536 1
4537 1
4538 1
4539 1
4540 1
4541 1
4542 0
4543 0
4544 3
4545 1
4546 1
4547 1
4548 3
4549 1
4550 1
4551 0
4552 1
4553 1
4554 1
4555 1
4556 3
4557 1
4558 1
4559 1
4560 1
4561 1
4562 1
4563 1
4564 1
4565 3
4566 1
4567 1
4568 1
4569 1
4570 1
4571 1
4572 1
4573 1
4574 0
4575 1
4576 3
4577 1
4578 1
4579 3
4580 1
4581 1
4582 1
4583 1
4584 1
4585 1
4586 1
4587 1
4588 0
4589 0
4590 3
4591 1
4592 1
4593 1
4594 1
4595 3
4596 1
4597 3
4598 1
4599 1
4600 0
4601 0
4602 0
4603 1
4604 3
4605 1
4606 1
4607 3
4608 3
4609 1
4610 1
4611 3
4612 3
4613 3
4614 3
4615 3
4616 3
4617 3
4618 3
4619 3
4620 3
4621 0
4622 0
4623 0
4624 1
4625 3
4626 1
4627 1
4628 1
4629 1
4630 1
4631 1
4632 1
4633 1
4634 3
4635 1
4636 1
4637 1
4638 3
4639 3
4640 1
4641 1
4642 1
4643 1
4644 1
4645 1
4646 0
4647 1
4648 3
4649 3
4650 3
4651 3
4652 3
4653 1
4654 3
4655 1
4656 3
4657 3
4658 1
4659 3
4660 0
4661 3
4662 1
4663 3
4664 1
4665 3
4666 3
4667 3
4668 3
4669 3
4670 3
4671 1
4672 1
4673 3
4674 3
4675 3
4676 1
4677 1
4678 7
4679 0
4680 1
4681 1
4682 3
4683 1
4684 1
4685 3
4686 1
4687 3
4688 3
4689 3
4690 3
4691 3
4692 3
4693 3
4694 0
4695 7
4696 3
4697 0
4698 3
4699 1
4700 3
4701 3
4702 3
4703 1
4704 1
4705 1
4706 1
4707 3
4708 3
4709 3
4710 0
4711 3
4712 1
4713 1
4714 1
4715 3
4716 1
4717 1
4718 0
4719 1
4720 1
4721 3
4722 3
4723 7
4724 3
4725 3
4726 3
4727 3
4728 3
4729 1
4730 3
4731 0
4732 0
4733 3
4734 3
4735 3
4736 0
4737 3
4738 1
4739 3
4740 3
4741 3
4742 1
4743 3
4744 3
4745 3
4746 3
4747 3
4748 3
4749 0
4750 3
4751 3
4752 1
4753 3
4754 1
4755 15
4756 3
4757 3
4758 3
4759 1
4760 1
4761 3
4762 1
4763 3
4764 3
4765 3
4766 3
4767 3
4768 3
4769 3
4770 3
4771 3
4772 3
4773 3
4774 3
4775 3
4776 3
4777 3
4778 3
4779 3
4780 3
4781 7
4782 3
4783 3
4784 0
4785 3
4786 1
4787 3
4788 3
4789 1
4790 1
4791 3
4792 3
4793 3
4794 3
4795 3
4796 3
4797 3
4798 1
4799 3
4800 3
4801 1
4802 1
4803 1
4804 3
4805 1
4806 3
4807 1
4808 3
4809 3
4810 3
4811 3
4812 3
4813 1
4814 0
4815 1
4816 1
4817 1
4818 1
4819 3
4820 1
4821 1
4822 3
4823 0
4824 1
4825 3
4826 3
4827 1
4828 1
4829 0
4830 1
4831 1
4832 1
4833 3
4834 3
4835 3
4836 3
4837 3
4838 3
4839 1
4840 3
4841 1
4842 3
4843 1
4844 1
4845 3
4846 1
4847 1
4848 3
4849 3
4850 3
4851 0
4852 3
4853 1
4854 3
4855 1
4856 1
4857 3
4858 1
4859 1
4860 0
4861 1
4862 1
4863 1
4864 0
4865 0
4866 3
4867 3
4868 7
4869 0
4870 3
4871 1
4872 1
4873 3
4874 1
4875 1
4876 3
4877 1
4878 1
4879 1
4880 1
4881 3
4882 0
4883 1
4884 1
4885 1
4886 1
4887 1
4888 1
4889 1
4890 3
4891 7
4892 3
4893 1
4894 1
4895 0
4896 3
4897 0
4898 1
4899 3
4900 3
4901 3
4902 3
4903 3
4904 3
4905 3
4906 0
4907 1
4908 3
4909 3
4910 3
4911 3
4912 1
4913 1
4914 1
4915 1
4916 1
4917 1
4918 0
4919 3
4920 3
4921 3
4922 0
4923 3
4924 1
4925 1
4926 0
4927 1
4928 3
4929 3
4930 3
4931 3
4932 1
4933 3
4934 1
4935 1
4936 0
4937 3
4938 3
4939 0
4940 1
4941 0
4942 3
4943 3
4944 0
4945 3
4946 3
4947 0
4948 0
4949 0
4950 1
4951 1
4952 1
4953 0
4954 0
4955 1
4956 1
4957 3
4958 1
4959 1
4960 12
4961 3
4962 1
4963 3
4964 0
4965 1
4966 0
4967 1
4968 3
4969 1
4970 1
4971 3
4972 0
4973 1
4974 1
4975 3
4976 1
4977 3
4978 3
4979 3
4980 3
4981 1
4982 3
4983 1
4984 7
4985 3
4986 1
4987 1
4988 3
4989 3
4990 3
4991 1
4992 1
4993 3
4994 1
4995 1
4996 11
4997 1
4998 1
4999 1
5000 11
5001 1
5002 1
5003 1
5004 1
5005 1
5006 1
5007 1
5008 1
5009 1
5010 3
5011 1
5012 1
5013 1
5014 11
5015 1
5016 1
5017 11
5018 1
5019 1
5020 11
5021 1
5022 1
5023 1
5024 1
5025 1
5026 1
5027 1
5028 1
5029 11
5030 1
5031 1
5032 1
5033 3
5034 1
5035 1
5036 1
5037 1
5038 1
5039 1
5040 3
5041 3
5042 3
5043 3
5044 3
5045 1
5046 3
5047 3
5048 1
5049 3
5050 3
5051 3
5052 3
5053 1
5054 3
5055 3
5056 3
5057 3
5058 3
5059 3
5060 1
5061 1
5062 3
5063 1
5064 3
5065 1
5066 3
5067 3
5068 3
5069 1
5070 3
5071 3
5072 3
5073 3
5074 3
5075 3
5076 3
5077 3
5078 3
5079 3
5080 3
5081 3
5082 1
5083 3
5084 3
5085 3
5086 3
5087 3
5088 1
5089 3
5090 3
5091 11
5092 3
5093 3
5094 7
5095 3
5096 3
5097 3
5098 1
5099 3
5100 3
5101 1
5102 3
5103 3
5104 1
5105 1
5106 3
5107 3
5108 3
5109 3
5110 0
5111 3
5112 3
5113 3
5114 3
5115 0
5116 3
5117 1
5118 1
5119 1
5120 3
5121 0
5122 1
5123 1
5124 3
5125 1
5126 3
5127 3
5128 3
5129 1
5130 3
5131 3
5132 3
5133 1
5134 3
5135 3
5136 1
5137 3
5138 1
5139 0
5140 3
5141 1
5142 1
5143 0
5144 1
5145 1
5146 3
5147 3
5148 1
5149 1
5150 1
5151 3
5152 1
5153 1
5154 3
5155 3
5156 3
5157 1
5158 1
5159 3
5160 1
5161 3
5162 3
5163 3
5164 3
5165 0
5166 7
5167 1
5168 1
5169 0
5170 3
5171 3
5172 1
5173 3
5174 3
5175 3
5176 1
5177 3
5178 3
5179 3
5180 1
5181 3
5182 1
5183 1
5184 3
5185 3
5186 1
5187 1
5188 3
5189 3
5190 3
5191 3
5192 3
5193 3
5194 7
5195 1
5196 1
5197 1
5198 3
5199 1
5200 1
5201 3
5202 3
5203 1
5204 1
5205 1
5206 1
5207 1
5208 0
5209 3
5210 3
5211 3
5212 3
5213 0
5214 7
5215 3
5216 1
5217 3
5218 3
5219 3
5220 3
5221 3
5222 3
5223 3
5224 3
5225 3
5226 3
5227 3
5228 3
5229 3
5230 3
5231 3
5232 3
5233 3
5234 3
5235 3
5236 3
5237 3
5238 3
5239 3
5240 3
5241 3
5242 3
5243 3
5244 3
5245 3
5246 3
5247 3
5248 3
5249 0
5250 3
5251 3
5252 3
5253 3
5254 3
5255 3
5256 3
5257 3
5258 3
5259 3
5260 3
5261 3
5262 3
5263 3
5264 3
5265 1
5266 3
5267 1
5268 3
5269 3
5270 1
5271 3
5272 1
5273 1
5274 3
5275 0
5276 3
5277 3
5278 3
5279 3
5280 0
5281 3
5282 3
5283 3
5284 3
5285 3
5286 3
5287 3
5288 3
5289 3
5290 3
5291 1
5292 3
5293 3
5294 0
5295 3
5296 1
5297 1
5298 3
5299 1
5300 1
5301 1
5302 3
5303 3
5304 3
5305 3
5306 3
5307 3
5308 3
5309 3
5310 3
5311 3
5312 3
5313 3
5314 3
5315 0
5316 3
5317 3
5318 0
5319 3
5320 3
5321 1
5322 1
5323 1
5324 3
5325 3
5326 7
5327 3
5328 3
5329 3
5330 3
5331 1
5332 1
5333 1
5334 3
5335 3
5336 3
5337 1
5338 1
5339 1
5340 1
5341 3
5342 1
5343 1
5344 3
5345 3
5346 3
5347 3
5348 3
5349 3
5350 3
5351 3
5352 1
5353 3
5354 3
5355 3
5356 3
5357 1
5358 1
5359 1
5360 3
5361 3
5362 3
5363 3
5364 3
5365 3
5366 1
5367 3
5368 3
5369 3
5370 3
5371 3
5372 1
5373 0
5374 3
5375 3
5376 3
5377 0
5378 0
5379 3
5380 3
5381 0
5382 0
5383 0
5384 0
5385 1
5386 3
5387 1
5388 1
5389 3
5390 3
5391 3
5392 3
5393 1
5394 3
5395 0
5396 1
5397 1
5398 1
5399 1
5400 3
5401 3
5402 3
5403 3
5404 3
5405 0
5406 1
5407 3
5408 0
5409 0
5410 0
5411 3
5412 3
5413 0
5414 3
5415 3
5416 3
5417 1
5418 3
5419 3
5420 1
5421 3
5422 1
5423 1
5424 3
5425 3
5426 1
5427 3
5428 7
5429 3
5430 1
5431 3
5432 3
5433 3
5434 1
5435 0
5436 1
5437 3
5438 1
5439 1
5440 1
5441 3
5442 3
5443 1
5444 7
5445 1
5446 1
5447 1
5448 1
5449 0
5450 7
5451 3
5452 1
5453 1
5454 3
5455 7
5456 1
5457 1
5458 0
5459 1
5460 7
5461 0
5462 3
5463 7
5464 7
5465 7
5466 1
5467 3
5468 1
5469 3
5470 3
5471 1
5472 3
5473 1
5474 11
5475 0
5476 3
5477 3
5478 3
5479 3
5480 3
5481 3
5482 3
5483 0
5484 0
5485 3
5486 3
5487 3
5488 3
5489 3
5490 1
5491 3
5492 1
5493 3
5494 3
5495 1
5496 1
5497 1
5498 1
5499 1
5500 1
5501 7
5502 1
5503 1
5504 1
5505 7
5506 1
5507 3
5508 1
5509 3
5510 1
5511 1
5512 1
5513 3
5514 1
5515 1
5516 3
5517 1
5518 3
5519 0
5520 0
5521 3
5522 1
5523 3
5524 3
5525 3
5526 3
5527 3
5528 1
5529 3
5530 1
5531 1
5532 1
5533 1
5534 1
5535 1
5536 1
5537 3
5538 1
5539 1
5540 3
5541 3
5542 3
5543 1
5544 3
5545 1
5546 3
5547 1
5548 3
5549 3
5550 0
5551 3
5552 1
5553 1
5554 1
5555 1
5556 0
5557 1
5558 1
5559 3
5560 3
5561 3
5562 3
5563 3
5564 0
5565 1
5566 1
5567 3
5568 3
5569 3
5570 1
5571 3
5572 1
5573 3
5574 0
5575 3
5576 1
5577 1
5578 1
5579 1
5580 3
5581 1
5582 7
5583 3
5584 1
5585 1
5586 1
5587 1
5588 3
5589 7
5590 0
5591 1
5592 1
5593 1
5594 3
5595 3
5596 1
5597 0
5598 3
5599 3
5600 7
5601 7
5602 3
5603 1
5604 1
5605 3
5606 1
5607 1
5608 3
5609 1
5610 7
5611 1
5612 1
5613 1
5614 3
5615 1
5616 3
5617 3
5618 1
5619 1
5620 1
5621 3
5622 3
5623 1
5624 1
5625 0
5626 1
5627 0
5628 1
5629 0
5630 3
5631 3
5632 3
5633 3
5634 1
5635 3
5636 3
5637 1
5638 3
5639 1
5640 3
5641 1
5642 3
5643 3
5644 3
5645 1
5646 1
5647 3
5648 3
5649 1
5650 3
5651 1
5652 1
5653 3
5654 0
5655 3
5656 1
5657 3
5658 1
5659 3
5660 3
5661 1
5662 1
5663 1
5664 3
5665 1
5666 3
5667 1
5668 3
5669 3
5670 1
5671 1
5672 3
5673 3
5674 1
5675 1
5676 3
5677 1
5678 3
5679 3
5680 1
5681 1
5682 3
5683 1
5684 3
5685 1
5686 3
5687 3
5688 3
5689 1
5690 1
5691 1
5692 1
5693 1
5694 3
5695 1
5696 1
5697 3
5698 1
5699 0
5700 3
5701 1
5702 1
5703 1
5704 3
5705 1
5706 1
5707 1
5708 3
5709 1
5710 1
5711 1
5712 1
5713 1
5714 1
5715 3
5716 1
5717 1
5718 1
5719 3
5720 3
5721 1
5722 3
5723 1
5724 1
5725 1
5726 3
5727 3
5728 1
5729 1
5730 3
5731 1
5732 3
5733 1
5734 1
5735 1
5736 1
5737 3
5738 1
5739 1
5740 1
5741 3
5742 3
5743 3
5744 1
5745 1
5746 1
5747 3
5748 1
5749 3
5750 1
5751 3
5752 0
5753 1
5754 1
5755 1
5756 3
5757 3
5758 3
5759 3
5760 1
5761 0
5762 1
5763 3
5764 1
5765 1
5766 3
5767 1
5768 1
5769 3
5770 1
5771 1
5772 1
5773 3
5774 1
5775 1
5776 0
5777 1
5778 3
5779 3
5780 1
5781 1
5782 1
5783 3
5784 3
5785 1
5786 3
5787 3
5788 3
5789 3
5790 3
5791 3
5792 1
5793 3
5794 1
5795 3
5796 1
5797 3
5798 1
5799 0
5800 3
5801 1
5802 1
5803 3
5804 3
5805 1
5806 3
5807 3
5808 3
5809 3
5810 1
5811 3
5812 3
5813 3
5814 1
5815 1
5816 1
5817 3
5818 0
5819 3
5820 7
5821 7
5822 7
5823 1
5824 1
5825 1
5826 1
5827 1
5828 0
5829 0
5830 0
5831 1
5832 1
5833 1
5834 1
5835 1
5836 3
5837 1
5838 1
5839 1
5840 1
5841 3
5842 1
5843 3
5844 1
5845 1
5846 3
5847 1
5848 0
5849 3
5850 1
5851 1
5852 3
5853 1
5854 0
5855 1
5856 3
5857 3
5858 3
5859 1
5860 3
5861 3
5862 1
5863 3
5864 1
5865 1
5866 3
5867 1
5868 1
5869 1
5870 3
5871 3
5872 1
5873 1
5874 0
5875 3
5876 1
5877 0
5878 3
5879 3
5880 1
5881 3
5882 3
5883 3
5884 3
5885 3
5886 1
5887 1
5888 1
5889 1
5890 3
5891 3
5892 1
5893 1
5894 1
5895 1
5896 3
5897 1
5898 1
5899 3
5900 1
5901 1
5902 3
5903 3
5904 1
5905 7
5906 3
5907 3
5908 3
5909 1
5910 1
5911 1
5912 3
5913 1
5914 3
5915 1
5916 3
5917 0
5918 1
5919 3
5920 3
5921 3
5922 1
5923 1
5924 1
5925 3
5926 1
5927 3
5928 1
5929 3
5930 3
5931 1
5932 1
5933 3
5934 0
5935 3
5936 3
5937 3
5938 3
5939 3
5940 3
5941 3
5942 3
5943 1
5944 3
5945 3
5946 3
5947 1
5948 1
5949 1
5950 3
5951 3
5952 1
5953 1
5954 3
5955 3
5956 3
5957 3
5958 3
5959 3
5960 1
5961 1
5962 1
5963 1
5964 3
5965 1
5966 7
5967 3
5968 3
5969 3
5970 3
5971 3
5972 3
5973 1
5974 1
5975 3
5976 3
5977 3
5978 3
5979 3
5980 3
5981 3
5982 3
5983 3
5984 3
5985 3
5986 3
5987 1
5988 3
5989 3
5990 3
5991 3
5992 3
5993 1
5994 3
5995 3
5996 1
5997 3
5998 3
5999 3
6000 3
6001 3
6002 3
6003 3
6004 3
6005 3
6006 3
6007 1
6008 1
6009 3
6010 3
6011 1
6012 3
6013 3
6014 3
6015 3
6016 3
6017 3
6018 1
6019 3
6020 3
6021 1
6022 3
6023 3
6024 3
6025 3
6026 3
6027 3
6028 3
6029 3
6030 3
6031 3
6032 3
6033 3
6034 3
6035 3
6036 3
6037 3
6038 3
6039 3
6040 3
6041 3
6042 3
6043 3
6044 3
6045 3
6046 3
6047 3
6048 1
6049 3
6050 3
6051 1
6052 3
6053 1
6054 3
6055 1
6056 1
6057 1
6058 7
6059 3
6060 3
6061 3
6062 3
6063 3
6064 3
6065 3
6066 3
6067 3
6068 1
6069 3
6070 3
6071 3
6072 3
6073 1
6074 3
6075 3
6076 1
6077 3
6078 3
6079 1
6080 1
6081 3
6082 3
6083 1
6084 3
6085 3
6086 3
6087 1
6088 3
6089 3
6090 7
6091 3
6092 1
6093 0
6094 1
6095 3
6096 1
6097 1
6098 1
6099 1
6100 1
6101 1
6102 1
6103 1
6104 1
6105 3
6106 3
6107 1
6108 3
6109 3
6110 3
6111 1
6112 1
6113 3
6114 3
6115 3
6116 3
6117 3
6118 3
6119 3
6120 3
6121 3
6122 3
6123 3
6124 3
6125 7
6126 3
6127 3
6128 3
6129 8
6130 3
6131 1
6132 1
6133 7
6134 1
6135 1
6136 1
6137 3
6138 1
6139 0
6140 3
6141 3
6142 3
6143 3
6144 3
6145 3
6146 1
6147 1
6148 1
6149 3
6150 3
6151 3
6152 3
6153 1
6154 1
6155 3
6156 3
6157 3
6158 3
6159 3
6160 3
6161 3
6162 3
6163 3
6164 3
6165 1
6166 3
6167 7
6168 1
6169 1
6170 3
6171 3
6172 1
6173 1
6174 1
6175 1
6176 1
6177 1
6178 1
6179 1
6180 1
6181 1
6182 3
6183 1
6184 1
6185 1
6186 1
6187 1
6188 3
6189 1
6190 7
6191 0
6192 1
6193 1
6194 1
6195 3
6196 0
6197 0
6198 1
6199 1
6200 11
6201 3
6202 3
6203 0
6204 0
6205 0
6206 3
6207 3
6208 3
6209 3
6210 1
6211 3
6212 11
6213 3
6214 3
6215 3
6216 3
6217 3
6218 3
6219 11
6220 1
6221 1
6222 1
6223 1
6224 3
6225 0
6226 1
6227 0
6228 1
6229 3
6230 3
6231 1
6232 3
6233 3
6234 3
6235 3
6236 3
6237 0
6238 1
6239 0
6240 3
6241 3
6242 3
6243 7
6244 3
6245 1
6246 7
6247 7
6248 0
6249 7
6250 3
6251 3
6252 3
6253 1
6254 1
6255 1
6256 1
6257 1
6258 1
6259 1
6260 1
6261 1
6262 1
6263 1
6264 1
6265 1
6266 1
6267 1
6268 7
6269 1
6270 3
6271 0
6272 1
6273 3
6274 3
6275 7
6276 3
6277 3
6278 7
6279 3
6280 1
6281 3
6282 1
6283 3
6284 3
6285 3
6286 3
6287 3
6288 3
6289 3
6290 3
6291 3
6292 3
6293 3
6294 3
6295 3
6296 3
6297 3
6298 3
6299 3
6300 3
6301 3
6302 0
6303 3
6304 3
6305 3
6306 3
6307 3
6308 3
6309 3
6310 1
6311 1
6312 3
6313 3
6314 1
6315 1
6316 3
6317 1
6318 1
6319 1
6320 7
6321 7
6322 7
6323 7
6324 7
6325 7
6326 7
6327 7
6328 7
6329 7
6330 7
6331 7
6332 7
6333 7
6334 7
6335 7
6336 1
6337 1
6338 0
6339 1
6340 1
6341 1
6342 1
6343 1
6344 0
6345 3
6346 3
6347 1
6348 0
6349 0
6350 0
6351 0
6352 3
6353 11
6354 1
6355 3
6356 1
6357 1
6358 0
6359 3
6360 3
6361 0
6362 3
6363 1
6364 3
6365 3
6366 3
6367 3
6368 3
6369 3
6370 3
6371 3
6372 3
6373 3
6374 3
6375 3
6376 3
6377 3
6378 3
6379 3
6380 3
6381 3
6382 3
6383 11
6384 11
6385 3
6386 1
6387 3
6388 11
6389 4
6390 4
6391 3
6392 3
6393 3
6394 3
6395 1
6396 1
6397 1
6398 3
6399 1
6400 1
6401 1
6402 3
6403 3
6404 3
6405 3
6406 3
6407 3
6408 3
6409 3
6410 3
6411 3
6412 3
6413 5
6414 5
6415 5
6416 5
6417 1
6418 3
6419 3
6420 3
6421 3
6422 3
6423 3
6424 3
6425 3
6426 3
6427 1
6428 1
6429 14
6430 3
6431 3
6432 3
6433 3
6434 1
6435 1
6436 3
6437 0
6438 0
6439 1
6440 1
6441 1
6442 3
6443 15
6444 7
6445 3
6446 1
6447 3
6448 1
6449 3
6450 3
6451 3
6452 7
6453 3
6454 3
6455 3
6456 13
6457 3
6458 0
6459 0
6460 1
6461 1
6462 3
6463 1
6464 1
6465 1
6466 1
6467 6
6468 6
6469 3
6470 1
6471 3
6472 3
6473 3
6474 3
6475 1
6476 1
6477 1
6478 1
6479 1
6480 1
6481 11
6482 8
6483 7
6484 3
6485 1
6486 3
6487 1
6488 3
6489 1
6490 1
6491 3
6492 0
6493 3
6494 3
6495 3
6496 3
6497 1
6498 3
6499 1
6500 0
6501 3
6502 11
6503 7
6504 3
6505 1
6506 3
6507 1
6508 3
6509 3
6510 3
6511 0
6512 3
6513 3
6514 1
6515 1
6516 3
6517 3
6518 0
6519 0
6520 1
6521 3
6522 11
6523 1
6524 1
6525 1
6526 0
6527 1
6528 3
6529 7
6530 3
6531 1
6532 3
6533 1
6534 1
6535 1
6536 1
6537 1
6538 3
6539 3
6540 3
6541 3
6542 3
6543 3
6544 3
6545 3
6546 0
6547 3
6548 3
6549 3
6550 3
6551 3
6552 3
6553 11
6554 3
6555 3
6556 3
6557 3
6558 3
6559 3
6560 3
6561 3
6562 1
6563 1
6564 3
6565 1
6566 10
6567 1
6568 1
6569 1
6570 7
6571 1
6572 1
6573 1
6574 1
6575 7
6576 1
6577 1
6578 1
6579 1
6580 3
6581 1
6582 1
6583 1
6584 1
6585 3
6586 0
6587 1
6588 1
6589 3
6590 1
6591 1
6592 1
6593 3
6594 1
6595 0
6596 1
6597 1
6598 1
6599 1
6600 3
6601 1
6602 7
6603 1
6604 7
6605 1
6606 1
6607 1
6608 1
6609 1
6610 1
6611 1
6612 1
6613 1
6614 3
6615 1
6616 1
6617 1
6618 3
6619 1
6620 1
6621 1
6622 3
6623 1
6624 1
6625 1
6626 1
6627 1
6628 1
6629 1
6630 1
6631 1
6632 1
6633 1
6634 1
6635 1
6636 1
6637 1
6638 3
6639 1
6640 1
6641 1
6642 7
6643 1
6644 3
6645 1
6646 3
6647 1
6648 1
6649 1
6650 1
6651 0
6652 1
6653 3
6654 1
6655 1
6656 1
6657 1
6658 1
6659 1
6660 1
6661 1
6662 1
6663 1
6664 3
6665 1
6666 7
6667 1
6668 1
6669 1
6670 3
6671 0
6672 1
6673 1
6674 1
6675 1
6676 3
6677 1
6678 1
6679 1
6680 1
6681 1
6682 1
6683 1
6684 7
6685 1
6686 3
6687 3
6688 1
6689 1
6690 1
6691 1
6692 3
6693 3
6694 3
6695 1
6696 1
6697 1
6698 0
6699 1
6700 1
6701 1
6702 1
6703 1
6704 1
6705 1
6706 0
6707 1
6708 1
6709 1
6710 1
6711 1
6712 3
6713 1
6714 1
6715 3
6716 1
6717 1
6718 1
6719 3
6720 1
6721 1
6722 3
6723 3
6724 1
6725 1
6726 1
6727 0
6728 1
6729 1
6730 7
6731 1
6732 3
6733 1
6734 3
6735 1
6736 3
6737 1
6738 1
6739 3
6740 1
6741 0
6742 3
6743 1
6744 1
6745 1
6746 1
6747 1
6748 1
6749 1
6750 1
6751 1
6752 1
6753 3
6754 1
6755 1
6756 1
6757 1
6758 1
6759 1
6760 7
6761 1
6762 1
6763 1
6764 1
6765 3
6766 1
6767 1
6768 1
6769 0
6770 0
6771 1
6772 0
6773 1
6774 3
6775 3
6776 1
6777 3
6778 3
6779 1
6780 1
6781 1
6782 1
6783 1
6784 1
6785 1
6786 1
6787 1
6788 3
6789 3
6790 1
6791 1
6792 16
6793 1
6794 1
6795 1
6796 1
6797 1
6798 1
6799 1
6800 1
6801 0
6802 1
6803 1
6804 3
6805 1
6806 1
6807 1
6808 1
6809 1
6810 1
6811 1
6812 1
6813 1
6814 1
6815 1
6816 1
6817 1
6818 1
6819 1
6820 1
6821 3
6822 1
6823 3
6824 1
6825 3
6826 1
6827 3
6828 1
6829 1
6830 1
6831 1
6832 1
6833 1
6834 1
6835 1
6836 3
6837 1
6838 1
6839 1
6840 1
6841 1
6842 0
6843 1
6844 1
6845 1
6846 1
6847 3
6848 1
6849 1
6850 3
6851 3
6852 7
6853 3
6854 3
6855 7
6856 3
6857 7
6858 7
6859 1
6860 1
6861 1
6862 1
6863 3
6864 1
6865 1
6866 7
6867 7
6868 7
6869 7
6870 7
6871 7
6872 7
6873 7
6874 7
6875 7
6876 7
6877 7
6878 7
6879 7
6880 7
6881 7
6882 7
6883 7
6884 7
6885 7
6886 7
6887 7
6888 7
6889 7
6890 7
6891 7
6892 7
6893 7
6894 7
6895 7
6896 7
6897 7
6898 7
6899 7
6900 7
6901 7
6902 7
6903 3
6904 3
6905 0
6906 0
6907 3
6908 0
6909 3
6910 3
6911 1
6912 3
6913 3
6914 3
6915 3
6916 3
6917 1
6918 3
6919 3
6920 3
6921 3
6922 3
6923 1
6924 11
6925 0
6926 3
6927 1
6928 1
6929 1
6930 8
6931 1
6932 3
6933 3
6934 1
6935 3
6936 3
6937 3
6938 3
6939 3
6940 3
6941 3
6942 3
6943 3
6944 3
6945 3
6946 3
6947 0
6948 3
6949 0
6950 3
6951 3
6952 3
6953 3
6954 3
6955 3
6956 3
6957 3
6958 3
6959 11
6960 0
6961 3
6962 1
6963 3
6964 3
6965 3
6966 3
6967 0
6968 1
6969 1
6970 11
6971 0
6972 7
6973 7
6974 0
6975 7
6976 1
6977 7
6978 0
6979 7
6980 3
6981 3
6982 1
6983 1
6984 1
6985 1
6986 1
6987 1
6988 1
6989 1
6990 1
6991 1
6992 1
6993 1
6994 1
6995 1
6996 1
6997 1
6998 1
6999 1
7000 1
7001 1
7002 1
7003 1
7004 1
7005 1
7006 1
7007 1
7008 1
7009 1
7010 1
7011 1
7012 1
7013 1
7014 1
7015 1
7016 1
7017 1
7018 1
7019 1
7020 1
7021 1
7022 1
7023 1
7024 1
7025 1
7026 1
7027 1
7028 1
7029 1
7030 1
7031 1
7032 1
7033 1
7034 1
7035 1
7036 1
7037 1
7038 1
7039 1
7040 1
7041 1
7042 1
7043 1
7044 1
7045 1
7046 1
7047 1
7048 1
7049 1
7050 1
7051 1
7052 1
7053 1
7054 1
7055 1
7056 1
7057 1
7058 1
7059 1
7060 1
7061 3
7062 3
7063 8
7064 8
7065 8
7066 8
7067 1
7068 8
7069 8
7070 3
7071 1
7072 3
7073 3
7074 3
7075 3
7076 1
7077 0
7078 0
7079 3
7080 3
7081 1
7082 0
7083 3
7084 3
7085 3
7086 0
7087 3
7088 3
7089 1
7090 3
7091 3
7092 3
7093 0
7094 7
7095 0
7096 1
7097 3
7098 3
7099 1
7100 1
7101 3
7102 3
7103 1
7104 1
7105 1
7106 1
7107 1
7108 3
7109 1
7110 1
7111 1
7112 0
7113 1
7114 3
7115 3
7116 3
7117 3
7118 3
7119 3
7120 7
7121 3
7122 7
7123 1
7124 0
7125 3
7126 0
7127 0
7128 0
7129 1
7130 3
7131 3
7132 0
7133 0
7134 0
7135 0
7136 3
7137 3
7138 3
7139 1
7140 3
7141 3
7142 3
7143 3
7144 3
7145 1
7146 3
7147 3
7148 3
7149 1
7150 3
7151 3
7152 3
7153 3
7154 9
7155 9
7156 9
7157 3
7158 3
7159 3
7160 1
7161 3
7162 3
7163 3
7164 3
7165 3
7166 3
7167 3
7168 3
7169 3
7170 3
7171 3
7172 3
7173 3
7174 1
7175 3
7176 3
7177 1
7178 1
7179 3
7180 1
7181 1
7182 1
7183 1
7184 1
7185 1
7186 1
7187 1
7188 1
7189 1
7190 1
7191 1
7192 1
7193 1
7194 1
7195 1
7196 3
7197 1
7198 1
7199 1
7200 1
7201 1
7202 1
7203 1
7204 1
7205 1
7206 3
7207 3
7208 1
7209 1
7210 1
7211 1
7212 1
7213 1
7214 1
7215 1
7216 3
7217 1
7218 3
7219 1
7220 3
7221 3
7222 3
7223 3
7224 3
7225 3
7226 3
7227 3
7228 3
7229 3
7230 3
7231 3
7232 3
7233 1
7234 0
7235 3
7236 3
7237 0
7238 1
7239 1
7240 3
7241 3
7242 7
7243 3
7244 3
7245 3
7246 3
7247 3
7248 3
7249 3
7250 3
7251 3
7252 3
7253 3
7254 3
7255 3
7256 3
7257 11
7258 3
7259 1
7260 3
7261 1
7262 3
7263 3
7264 0
7265 3
7266 3
7267 3
7268 1
7269 3
7270 3
7271 3
7272 1
7273 1
7274 1
7275 3
7276 3
7277 3
7278 3
7279 3
7280 3
7281 3
7282 3
7283 1
7284 1
7285 1
7286 1
7287 3
7288 0
7289 0
7290 0
7291 1
7292 3
7293 3
7294 3
7295 0
7296 3
7297 1
7298 11
7299 3
7300 3
7301 3
7302 3
7303 3
7304 3
7305 3
7306 3
7307 3
7308 3
7309 3
7310 3
7311 3
7312 1
7313 1
7314 11
7315 1
7316 1
7317 3
7318 1
7319 1
7320 1
7321 3
7322 10
7323 10
7324 10
7325 10
7326 10
7327 10
7328 10
7329 10
7330 10
7331 10
7332 10
7333 10
7334 10
7335 10
7336 10
7337 10
7338 10
7339 1
7340 0
7341 0
7342 3
7343 11
7344 1
7345 1
7346 1
7347 1
7348 1
7349 1
7350 1
7351 1
7352 1
7353 11
7354 1
7355 1
7356 1
7357 1
7358 1
7359 1
7360 1
7361 1
7362 1
7363 0
7364 0
7365 11
7366 3
7367 3
7368 3
7369 3
7370 0
7371 3
7372 0
7373 3
7374 1
7375 1
7376 1
7377 0
7378 0
7379 3
7380 1
7381 3
7382 3
7383 3
7384 3
7385 3
7386 3
7387 7
7388 3
7389 1
7390 1
7391 3
7392 0
7393 1
7394 3
7395 3
7396 1
7397 11
7398 12
7399 12
7400 12
7401 3
7402 3
7403 1
7404 3
7405 7
7406 7
7407 7
7408 7
7409 7
7410 0
7411 3
7412 3
7413 7
7414 3
7415 3
7416 3
7417 3
7418 3
7419 3
7420 3
7421 3
7422 3
7423 3
7424 3
7425 1
7426 3
7427 3
7428 3
7429 3
7430 3
7431 1
7432 1
7433 1
7434 1
7435 3
7436 1
7437 7
7438 3
7439 3
7440 3
7441 3
7442 3
7443 3
7444 3
7445 3
7446 3
7447 3
7448 3
7449 3
7450 3
7451 3
7452 3
7453 3
7454 3
7455 3
7456 3
7457 3
7458 3
7459 3
7460 3
7461 3
7462 3
7463 3
7464 3
7465 3
7466 3
7467 3
7468 3
7469 3
7470 3
7471 3
7472 3
7473 3
7474 3
7475 3
7476 3
7477 3
7478 3
7479 3
7480 3
7481 3
7482 3
7483 3
7484 3
7485 3
7486 3
7487 3
7488 3
7489 3
7490 3
7491 3
7492 3
7493 3
7494 3
7495 3
7496 3
7497 3
7498 3
7499 3
7500 3
7501 3
7502 3
7503 3
7504 3
7505 3
7506 3
7507 3
7508 3
7509 3
7510 3
7511 1
7512 3
7513 3
7514 3
7515 3
7516 3
7517 3
7518 3
7519 3
7520 3
7521 3
7522 3
7523 3
7524 3
7525 3
7526 3
7527 3
7528 3
7529 3
7530 3
7531 3
7532 3
7533 3
7534 3
7535 3
7536 3
7537 3
7538 3
7539 3
7540 3
7541 3
7542 3
7543 3
7544 3
7545 3
7546 3
7547 3
7548 3
7549 3
7550 3
7551 3
7552 3
7553 3
7554 3
7555 3
7556 3
7557 3
7558 3
7559 3
7560 3
7561 3
7562 3
7563 3
7564 3
7565 3
7566 3
7567 3
7568 3
7569 3
7570 3
7571 3
7572 3
7573 3
7574 3
7575 3
7576 3
7577 3
7578 3
7579 3
7580 3
7581 3
7582 3
7583 3
7584 3
7585 3
7586 3
7587 3
7588 3
7589 3
7590 3
7591 1
7592 3
7593 1
7594 3
7595 1
7596 3
7597 1
7598 1
7599 0
7600 1
7601 1
7602 1
7603 1
7604 1
7605 1
7606 1
7607 1
7608 1
7609 1
7610 1
7611 1
7612 1
7613 1
7614 1
7615 1
7616 1
7617 3
7618 3
7619 3
7620 3
7621 0
7622 0
7623 0
7624 0
7625 0
7626 1
7627 3
7628 3
7629 3
7630 3
7631 3
7632 3
7633 3
7634 13
7635 13
7636 3
7637 3
7638 3
7639 3
7640 3
7641 3
7642 3
7643 3
7644 3
7645 3
7646 3
7647 3
7648 3
7649 3
7650 3
7651 3
7652 7
7653 3
7654 3
7655 1
7656 1
7657 1
7658 3
7659 3
7660 3
7661 3
7662 3
7663 3
7664 3
7665 0
7666 3
7667 3
7668 3
7669 3
7670 3
7671 1
7672 3
7673 3
7674 3
7675 7
7676 3
7677 14
7678 1
7679 3
7680 1
7681 3
7682 3
7683 1
7684 3
7685 3
7686 1
7687 3
7688 3
7689 3
7690 3
7691 3
7692 3
7693 0
7694 1
7695 3
7696 3
7697 3
7698 3
7699 3
7700 3
7701 3
7702 3
7703 3
7704 3
7705 3
7706 1
7707 3
7708 3
7709 3
7710 3
7711 3
7712 3
7713 0
7714 3
7715 3
7716 3
7717 3
7718 3
7719 3
7720 3
7721 3
7722 3
7723 3
7724 3
7725 3
7726 11
7727 3
7728 1
7729 3
7730 3
7731 1
7732 3
7733 0
7734 3
7735 3
7736 11
7737 0
7738 3
7739 3
7740 3
7741 3
7742 3
7743 11
7744 3
7745 3
7746 3
7747 3
7748 3
7749 3
7750 3
7751 3
7752 0
7753 3
7754 3
7755 3
7756 3
7757 3
7758 3
7759 3
7760 3
7761 3
7762 3
7763 3
7764 3
7765 3
7766 3
7767 3
7768 3
7769 3
7770 3
7771 3
7772 3
7773 3
7774 3
7775 3
7776 11
7777 1
7778 3
7779 1
7780 1
7781 3
7782 0
7783 3
7784 3
7785 11
7786 3
7787 3
7788 3
7789 3
7790 3
7791 3
7792 3
7793 3
7794 3
7795 3
7796 3
7797 3
7798 3
7799 3
7800 0
7801 3
7802 3
7803 3
7804 3
7805 0
7806 3
7807 0
7808 3
7809 3
7810 0
7811 1
7812 1
7813 3
7814 3
7815 3
7816 3
7817 3
7818 3
7819 3
7820 3
7821 3
7822 3
7823 1
7824 7
7825 1
7826 1
7827 1
7828 1
7829 1
7830 1
7831 0
7832 1
7833 1
7834 1
7835 1
7836 0
7837 3
7838 3
7839 3
7840 3
7841 3
7842 15
7843 15
7844 15
7845 15
7846 3
7847 0
7848 1
7849 1
7850 1
7851 1
7852 1
7853 1
7854 1
7855 1
7856 1
7857 1
7858 1
7859 1
7860 1
7861 1
7862 1
7863 1
7864 1
7865 1
7866 1
7867 1
7868 0
7869 1
7870 3
7871 3
7872 1
7873 1
7874 1
7875 1
7876 1
7877 1
7878 3
7879 3
7880 3
7881 3
7882 3
7883 1
7884 3
7885 3
7886 0
7887 3
7888 3
7889 3
7890 3
7891 0
7892 0
7893 1
7894 3
7895 0
7896 7
7897 3
7898 11
7899 3
7900 3
7901 3
7902 0
7903 1
7904 3
7905 3
7906 1
7907 1
7908 1
7909 0
7910 11
7911 11
7912 11
7913 11
7914 11
7915 11
7916 11
7917 11
7918 11
7919 11
7920 11
7921 11
7922 11
7923 11
7924 11
7925 11
7926 11
7927 11
7928 11
7929 11
7930 11
7931 11
7932 11
7933 11
7934 11
7935 11
7936 11
7937 11
7938 11
7939 11
7940 11
7941 11
7942 11
7943 11
7944 11
7945 0
7946 11
7947 11
7948 11
7949 11
7950 11
7951 11
7952 11
7953 11
7954 11
7955 11
7956 11
7957 11
7958 11
7959 11
7960 11
7961 11
7962 11
7963 11
7964 3
7965 0
7966 3
7967 1
7968 1
7969 1
7970 1
7971 1
7972 0
7973 0
7974 0
7975 0
7976 0
7977 0
7978 0
7979 1
7980 0
7981 0
7982 3
7983 0
7984 0
7985 0
7986 0
7987 0
7988 0
7989 0
7990 0
7991 3
7992 0
7993 3
7994 3
7995 0
7996 3
7997 0
7998 3
7999 0
8000 0
8001 0
8002 0
8003 0
8004 1
8005 1
8006 1
8007 1
8008 1
8009 3
8010 3
8011 3
8012 1
8013 0
8014 1
8015 1
8016 1
8017 1
8018 1
8019 1
8020 3
8021 3
8022 1
8023 1
8024 3
8025 1
8026 3
8027 3
8028 3
8029 3
8030 3
8031 3
8032 7
8033 1
8034 3
8035 3
8036 3
8037 3
8038 0
8039 0
8040 1
8041 7
8042 1
8043 1
8044 1
8045 3
8046 0
8047 0
8048 3
8049 3
8050 3
8051 3
8052 3
8053 1
8054 1
8055 1
8056 1
8057 1
8058 16
8059 16
8060 16
8061 16
0 0
1 1
2 5
3 5
4 4
5 4
6 4
7 4
8 4
9 2
10 3
11 4
12 5
13 5
14 6
15 7
16 8
0 0
1 1
2 2
3 3
4 4
5 5
6 6
7 7
8 8
1e-06 0.0807703 384
