0 4
1 0
2 15
3 4
4 4
5 4
6 4
7 4
8 15
9 15
10 4
11 0
12 4
13 4
14 4
15 4
16 4
17 4
18 4
19 4
20 4
21 4
22 4
23 4
24 4
25 4
26 4
27 4
28 4
29 4
30 15
31 4
32 4
33 4
34 4
35 4
36 4
37 4
38 4
39 4
40 4
41 4
42 4
43 4
44 4
45 15
46 15
47 15
48 4
49 4
50 4
51 4
52 4
53 4
54 15
55 4
56 15
57 15
58 4
59 15
60 4
61 4
62 4
63 4
64 4
65 4
66 4
67 4
68 4
69 4
70 4
71 15
72 4
73 4
74 4
75 4
76 4
77 4
78 4
79 4
80 15
81 4
82 4
83 15
84 4
85 4
86 4
87 4
88 4
89 4
90 4
91 4
92 4
93 4
94 4
95 15
96 4
97 4
98 4
99 4
100 4
101 4
102 4
103 15
104 15
105 4
106 15
107 15
108 4
109 15
110 4
111 4
112 4
113 4
114 4
115 4
116 4
117 4
118 15
119 4
120 4
121 4
122 4
123 4
124 4
125 4
126 4
127 4
128 4
129 4
130 4
131 15
132 15
133 15
134 4
135 4
136 4
137 15
138 4
139 15
140 4
141 15
142 4
143 4
144 15
145 15
146 4
147 4
148 15
149 4
150 4
151 0
152 4
153 0
154 0
155 15
156 15
157 4
158 4
159 0
160 0
161 4
162 15
163 0
164 15
165 15
166 4
167 0
168 4
169 4
170 4
171 15
172 15
173 4
174 0
175 15
176 0
177 15
178 15
179 0
180 4
181 15
182 4
183 0
184 0
185 0
186 4
187 15
188 15
189 4
190 0
191 0
192 4
193 15
194 4
195 4
196 4
197 4
198 15
199 4
200 4
201 15
202 4
203 4
204 4
205 15
206 4
207 0
208 15
209 4
210 0
211 0
212 4
213 0
214 4
215 4
216 4
217 15
218 4
219 15
220 15
221 4
222 0
223 4
224 4
225 4
226 15
227 15
228 4
229 0
230 4
231 4
232 0
233 15
234 15
235 4
236 15
237 15
238 4
239 15
240 4
241 4
242 4
243 15
244 4
245 15
246 4
247 0
248 4
249 15
250 0
251 15
252 4
253 4
254 4
255 4
256 4
257 0
258 0
259 0
260 4
261 4
262 0
263 4
264 4
265 15
266 4
267 4
268 0
269 0
270 15
271 4
272 4
273 4
274 0
275 4
276 4
277 4
278 15
279 4
280 4
281 4
282 0
283 0
284 4
285 4
286 15
287 4
288 0
289 0
290 4
291 4
292 15
293 4
294 0
295 4
296 15
297 4
298 4
299 0
300 4
301 4
302 4
303 15
304 0
305 4
306 4
307 0
308 0
309 15
310 4
311 0
312 15
313 0
314 4
315 4
316 4
317 4
318 15
319 4
320 0
321 0
322 15
323 4
324 4
325 0
326 4
327 0
328 4
329 4
330 4
331 15
332 4
333 15
334 4
335 0
336 4
337 15
338 4
339 4
340 15
341 4
342 4
343 0
344 4
345 4
346 4
347 15
348 15
349 4
350 15
351 4
352 4
353 4
354 4
355 4
356 4
357 4
358 4
359 4
360 4
361 4
362 4
363 4
364 0
365 4
366 4
367 0
368 0
369 4
370 4
371 15
372 4
373 15
374 4
375 4
376 0
377 4
378 4
379 4
380 0
381 4
382 0
383 4
384 4
385 4
386 4
387 0
388 4
389 4
390 4
391 15
392 4
393 4
394 4
395 4
396 0
397 4
398 4
399 0
400 4
401 4
402 4
403 0
404 4
405 4
406 0
407 4
408 4
409 4
410 0
411 4
412 4
413 4
414 4
415 4
416 4
417 15
418 4
419 4
420 4
421 4
422 4
423 4
424 4
425 4
426 0
427 4
428 4
429 4
430 4
431 4
432 4
433 4
434 4
435 4
436 4
437 15
438 15
439 4
440 4
441 4
442 4
443 4
444 4
445 15
446 4
447 4
448 4
449 0
450 4
451 4
452 4
453 0
454 15
455 0
456 4
457 4
458 4
459 4
460 4
461 15
462 4
463 4
464 15
465 0
466 4
467 4
468 15
469 4
470 0
471 4
472 4
473 0
474 4
475 4
476 4
477 4
478 4
479 4
480 4
481 4
482 0
483 4
484 4
485 4
486 15
487 4
488 4
489 4
490 4
491 4
492 4
493 4
494 4
495 15
496 4
497 15
498 4
499 4
500 15
501 0
502 4
503 15
504 4
505 0
506 4
507 0
508 0
509 0
510 0
511 0
512 0
513 0
514 0
515 4
516 0
517 0
518 0
519 0
520 0
521 0
522 0
523 0
524 0
525 0
526 0
527 0
528 0
529 0
530 4
531 15
532 0
533 0
534 0
535 0
536 0
537 0
538 0
539 0
540 15
541 15
542 4
543 0
544 0
545 0
546 0
547 0
548 0
549 0
550 4
551 4
552 0
553 0
554 0
555 0
556 0
557 0
558 0
559 0
560 0
561 0
562 4
563 0
564 15
565 0
566 0
567 0
568 15
569 4
570 0
571 4
572 0
573 0
574 0
575 0
576 0
577 15
578 0
579 15
580 0
581 0
582 0
583 0
584 0
585 0
586 15
587 0
588 0
589 0
590 0
591 0
592 0
593 0
594 0
595 0
596 0
597 0
598 0
599 0
600 0
601 4
602 0
603 0
604 0
605 4
606 0
607 0
608 0
609 0
610 0
611 0
612 0
613 4
614 0
615 4
616 0
617 15
618 4
619 0
620 0
621 0
622 0
623 0
624 0
625 0
626 0
627 0
628 0
629 0
630 0
631 0
632 0
633 0
634 0
635 0
636 0
637 0
638 0
639 0
640 0
641 0
642 0
643 0
644 0
645 0
646 0
647 0
648 0
649 0
650 4
651 0
652 0
653 4
654 4
655 4
656 4
657 4
658 15
659 4
660 4
661 4
662 4
663 4
664 4
665 4
666 4
667 4
668 4
669 4
670 4
671 4
672 4
673 4
674 0
675 4
676 4
677 4
678 4
679 4
680 4
681 0
682 4
683 4
684 0
685 4
686 4
687 4
688 15
689 4
690 4
691 4
692 4
693 4
694 4
695 4
696 4
697 4
698 4
699 15
700 0
701 4
702 4
703 4
704 4
705 4
706 4
707 4
708 4
709 4
710 4
711 4
712 4
713 15
714 0
715 4
716 4
717 4
718 4
719 4
720 4
721 4
722 15
723 4
724 4
725 4
726 4
727 4
728 4
729 4
730 4
731 4
732 4
733 15
734 4
735 4
736 4
737 0
738 15
739 4
740 4
741 4
742 4
743 4
744 4
745 4
746 4
747 4
748 4
749 4
750 4
751 15
752 4
753 4
754 4
755 4
756 4
757 4
758 4
759 4
760 4
761 4
762 4
763 4
764 4
765 4
766 4
767 4
768 4
769 15
770 0
771 4
772 4
773 4
774 4
775 4
776 4
777 4
778 4
779 4
780 4
781 4
782 4
783 4
784 4
785 4
786 4
787 4
788 4
789 4
790 4
791 4
792 4
793 4
794 4
795 4
796 4
797 4
798 4
799 4
800 4
801 4
802 15
803 4
804 4
805 4
806 4
807 15
808 4
809 4
810 4
811 4
812 4
813 15
814 4
815 4
816 4
817 4
818 4
819 4
820 4
821 4
822 4
823 4
824 4
825 15
826 4
827 4
828 4
829 4
830 4
831 4
832 4
833 4
834 4
835 4
836 4
837 4
838 4
839 4
840 4
841 4
842 4
843 4
844 4
845 4
846 4
847 4
848 4
849 4
850 4
851 4
852 4
853 4
854 4
855 4
856 4
857 4
858 4
859 15
860 15
861 15
862 15
863 15
864 15
865 15
866 15
867 15
868 15
869 15
870 15
871 15
872 15
873 15
874 15
875 15
876 15
877 15
878 15
879 15
880 15
881 15
882 15
883 4
884 4
885 4
886 4
887 4
888 4
889 4
890 4
891 4
892 4
893 0
894 4
895 4
896 4
897 4
898 4
899 4
900 4
901 15
902 4
903 4
904 4
905 4
906 4
907 4
908 4
909 4
910 4
911 4
912 4
913 4
914 4
915 4
916 4
917 4
918 4
919 4
920 4
921 15
922 4
923 4
924 4
925 4
926 4
927 4
928 4
929 4
930 4
931 4
932 4
933 15
934 4
935 4
936 4
937 4
938 4
939 4
940 4
941 4
942 4
943 4
944 4
945 4
946 4
947 4
948 4
949 4
950 4
951 4
952 4
953 4
954 4
955 4
956 15
957 4
958 4
959 4
960 4
961 4
962 0
963 15
964 4
965 4
966 4
967 4
968 4
969 4
970 4
971 4
972 4
973 4
974 15
975 4
976 4
977 4
978 4
979 4
980 4
981 4
982 4
983 15
984 4
985 4
986 4
987 4
988 4
989 4
990 4
991 4
992 4
993 4
994 4
995 4
996 4
997 4
998 4
999 4
1000 4
1001 4
1002 4
1003 4
1004 4
1005 4
1006 4
1007 15
1008 4
1009 4
1010 4
1011 4
1012 4
1013 4
1014 15
1015 15
1016 15
1017 15
1018 4
1019 4
1020 4
1021 15
1022 4
1023 4
1024 4
1025 4
1026 4
1027 4
1028 15
1029 15
1030 15
1031 15
1032 15
1033 15
1034 4
1035 4
1036 4
1037 4
1038 4
1039 4
1040 4
1041 4
1042 4
1043 4
1044 4
1045 4
1046 4
1047 4
1048 4
1049 15
1050 4
1051 4
1052 4
1053 4
1054 4
1055 4
1056 4
1057 4
1058 4
1059 4
1060 4
1061 4
1062 0
1063 15
1064 4
1065 4
1066 4
1067 4
1068 4
1069 4
1070 4
1071 15
1072 4
1073 4
1074 4
1075 15
1076 15
1077 15
1078 4
1079 4
1080 4
1081 15
1082 0
1083 4
1084 15
1085 15
1086 15
1087 4
1088 4
1089 4
1090 4
1091 4
1092 4
1093 4
1094 15
1095 15
1096 4
1097 4
1098 15
1099 4
1100 4
1101 4
1102 4
1103 4
1104 4
1105 4
1106 4
1107 4
1108 4
1109 15
1110 4
1111 15
1112 4
1113 4
1114 4
1115 4
1116 4
1117 0
1118 4
1119 4
1120 4
1121 4
1122 4
1123 4
1124 4
1125 4
1126 4
1127 4
1128 4
1129 4
1130 4
1131 4
1132 4
1133 4
1134 4
1135 4
1136 4
1137 4
1138 15
1139 4
1140 0
1141 4
1142 15
1143 15
1144 4
1145 4
1146 15
1147 4
1148 15
1149 4
1150 15
1151 4
1152 4
1153 15
1154 4
1155 4
1156 4
1157 4
1158 4
1159 4
1160 4
1161 4
1162 0
1163 0
1164 0
1165 4
1166 0
1167 0
1168 4
1169 4
1170 4
1171 4
1172 15
1173 0
1174 0
1175 0
1176 4
1177 4
1178 0
1179 15
1180 4
1181 4
1182 4
1183 4
1184 4
1185 0
1186 0
1187 4
1188 4
1189 4
1190 4
1191 15
1192 0
1193 4
1194 4
1195 4
1196 4
1197 4
1198 4
1199 4
1200 15
1201 0
1202 4
1203 4
1204 0
1205 4
1206 0
1207 4
1208 15
1209 4
1210 4
1211 4
1212 4
1213 0
1214 4
1215 4
1216 0
1217 15
1218 0
1219 0
1220 0
1221 0
1222 4
1223 0
1224 0
1225 4
1226 0
1227 4
1228 4
1229 4
1230 4
1231 4
1232 0
1233 4
1234 0
1235 0
1236 15
1237 0
1238 0
1239 15
1240 0
1241 0
1242 0
1243 4
1244 4
1245 0
1246 4
1247 4
1248 0
1249 0
1250 4
1251 4
1252 4
1253 4
1254 0
1255 4
1256 4
1257 4
1258 4
1259 0
1260 4
1261 4
1262 4
1263 4
1264 4
1265 4
1266 0
1267 4
1268 0
1269 4
1270 4
1271 0
1272 4
1273 4
1274 4
1275 4
1276 4
1277 4
1278 4
1279 4
1280 15
1281 4
1282 0
1283 4
1284 4
1285 4
1286 0
1287 4
1288 0
1289 4
1290 1
1291 0
1292 0
1293 4
1294 4
1295 4
1296 15
1297 0
1298 4
1299 4
1300 0
1301 0
1302 4
1303 4
1304 4
1305 15
1306 4
1307 4
1308 4
1309 4
1310 0
1311 4
1312 4
1313 4
1314 4
1315 4
1316 4
1317 4
1318 4
1319 15
1320 0
1321 4
1322 0
1323 0
1324 4
1325 0
1326 15
1327 4
1328 4
1329 15
1330 0
1331 0
1332 4
1333 4
1334 4
1335 4
1336 4
1337 0
1338 15
1339 0
1340 0
1341 0
1342 15
1343 0
1344 4
1345 4
1346 0
1347 4
1348 0
1349 0
1350 0
1351 4
1352 4
1353 4
1354 4
1355 4
1356 4
1357 0
1358 0
1359 4
1360 15
1361 0
1362 0
1363 4
1364 0
1365 15
1366 4
1367 0
1368 0
1369 4
1370 4
1371 4
1372 4
1373 0
1374 4
1375 4
1376 0
1377 0
1378 15
1379 0
1380 4
1381 4
1382 0
1383 15
1384 4
1385 4
1386 0
1387 4
1388 15
1389 4
1390 4
1391 0
1392 4
1393 4
1394 0
1395 4
1396 0
1397 0
1398 4
1399 4
1400 4
1401 15
1402 4
1403 4
1404 15
1405 4
1406 0
1407 4
1408 0
1409 4
1410 4
1411 0
1412 0
1413 4
1414 4
1415 4
1416 4
1417 4
1418 15
1419 4
1420 4
1421 15
1422 4
1423 4
1424 0
1425 0
1426 4
1427 4
1428 0
1429 0
1430 4
1431 4
1432 15
1433 4
1434 0
1435 4
1436 0
1437 0
1438 4
1439 15
1440 4
1441 4
1442 0
1443 4
1444 4
1445 4
1446 0
1447 0
1448 0
1449 4
1450 0
1451 4
1452 4
1453 4
1454 0
1455 15
1456 4
1457 15
1458 4
1459 15
1460 0
1461 4
1462 0
1463 0
1464 4
1465 4
1466 0
1467 4
1468 0
1469 15
1470 4
1471 4
1472 0
1473 0
1474 4
1475 4
1476 0
1477 0
1478 4
1479 4
1480 15
1481 0
1482 4
1483 4
1484 0
1485 0
1486 4
1487 4
1488 15
1489 4
1490 0
1491 0
1492 0
1493 4
1494 0
1495 4
1496 4
1497 4
1498 0
1499 0
1500 4
1501 0
1502 15
1503 0
1504 4
1505 4
1506 4
1507 4
1508 0
1509 0
1510 0
1511 4
1512 0
1513 0
1514 0
1515 4
1516 0
1517 15
1518 0
1519 4
1520 15
1521 0
1522 4
1523 4
1524 0
1525 4
1526 4
1527 0
1528 4
1529 0
1530 0
1531 4
1532 4
1533 4
1534 4
1535 4
1536 0
1537 4
1538 4
1539 4
1540 4
1541 0
1542 4
1543 4
1544 4
1545 4
1546 4
1547 4
1548 4
1549 15
1550 4
1551 4
1552 4
1553 0
1554 4
1555 4
1556 4
1557 0
1558 4
1559 4
1560 4
1561 0
1562 4
1563 0
1564 4
1565 4
1566 4
1567 4
1568 0
1569 4
1570 4
1571 4
1572 4
1573 4
1574 4
1575 0
1576 0
1577 4
1578 4
1579 0
1580 4
1581 4
1582 4
1583 0
1584 4
1585 0
1586 4
1587 0
1588 15
1589 4
1590 4
1591 4
1592 4
1593 15
1594 15
1595 0
1596 4
1597 4
1598 0
1599 0
1600 4
1601 4
1602 4
1603 0
1604 4
1605 4
1606 4
1607 4
1608 4
1609 15
1610 4
1611 0
1612 4
1613 4
1614 0
1615 4
1616 4
1617 4
1618 0
1619 4
1620 15
1621 0
1622 4
1623 4
1624 15
1625 4
1626 4
1627 4
1628 4
1629 0
1630 0
1631 4
1632 4
1633 15
1634 4
1635 0
1636 4
1637 0
1638 0
1639 4
1640 0
1641 4
1642 4
1643 4
1644 4
1645 0
1646 0
1647 4
1648 4
1649 4
1650 4
1651 4
1652 4
1653 4
1654 4
1655 0
1656 0
1657 0
1658 0
1659 4
1660 0
1661 4
1662 4
1663 0
1664 4
1665 0
1666 0
1667 4
1668 4
1669 0
1670 4
1671 0
1672 4
1673 4
1674 4
1675 4
1676 0
1677 0
1678 4
1679 0
1680 4
1681 4
1682 4
1683 4
1684 1
1685 4
1686 15
1687 15
1688 0
1689 0
1690 0
1691 15
1692 15
1693 4
1694 4
1695 4
1696 4
1697 4
1698 4
1699 15
1700 0
1701 0
1702 4
1703 0
1704 4
1705 4
1706 4
1707 4
1708 4
1709 15
1710 0
1711 15
1712 0
1713 0
1714 4
1715 4
1716 4
1717 0
1718 4
1719 15
1720 0
1721 0
1722 0
1723 0
1724 0
1725 4
1726 0
1727 4
1728 4
1729 0
1730 4
1731 4
1732 4
1733 0
1734 4
1735 4
1736 4
1737 4
1738 4
1739 4
1740 4
1741 0
1742 4
1743 0
1744 0
1745 4
1746 4
1747 0
1748 4
1749 4
1750 0
1751 0
1752 4
1753 4
1754 4
1755 4
1756 0
1757 0
1758 0
1759 15
1760 4
1761 0
1762 0
1763 0
1764 4
1765 4
1766 15
1767 0
1768 0
1769 4
1770 1
1771 4
1772 0
1773 0
1774 4
1775 4
1776 4
1777 0
1778 4
1779 0
1780 0
1781 4
1782 4
1783 0
1784 0
1785 4
1786 4
1787 4
1788 0
1789 4
1790 4
1791 0
1792 4
1793 0
1794 4
1795 0
1796 0
1797 4
1798 4
1799 0
1800 0
1801 0
1802 0
1803 4
1804 4
1805 15
1806 4
1807 0
1808 0
1809 4
1810 0
1811 0
1812 4
1813 0
1814 0
1815 0
1816 4
1817 0
1818 4
1819 4
1820 4
1821 4
1822 4
1823 4
1824 4
1825 4
1826 15
1827 15
1828 0
1829 15
1830 15
1831 0
1832 4
1833 0
1834 4
1835 15
1836 15
1837 0
1838 4
1839 15
1840 4
1841 0
1842 4
1843 4
1844 15
1845 4
1846 4
1847 15
1848 4
1849 4
1850 4
1851 4
1852 15
1853 0
1854 4
1855 4
1856 0
1857 4
1858 15
1859 15
1860 0
1861 0
1862 4
1863 0
1864 15
1865 0
1866 0
1867 0
1868 4
1869 0
1870 0
1871 15
1872 0
1873 4
1874 4
1875 15
1876 4
1877 0
1878 4
1879 0
1880 15
1881 15
1882 15
1883 4
1884 0
1885 4
1886 0
1887 15
1888 0
1889 0
1890 0
1891 4
1892 0
1893 0
1894 4
1895 0
1896 0
1897 4
1898 0
1899 4
1900 0
1901 4
1902 4
1903 4
1904 0
1905 4
1906 0
1907 0
1908 4
1909 4
1910 4
1911 15
1912 0
1913 4
1914 0
1915 0
1916 0
1917 0
1918 4
1919 4
1920 0
1921 4
1922 0
1923 0
1924 4
1925 4
1926 0
1927 4
1928 4
1929 4
1930 0
1931 0
1932 4
1933 4
1934 4
1935 0
1936 0
1937 0
1938 4
1939 0
1940 4
1941 0
1942 4
1943 4
1944 0
1945 0
1946 4
1947 4
1948 15
1949 4
1950 0
1951 15
1952 0
1953 0
1954 15
1955 0
1956 15
1957 4
1958 0
1959 0
1960 0
1961 0
1962 4
1963 0
1964 4
1965 0
1966 15
1967 4
1968 4
1969 0
1970 0
1971 15
1972 0
1973 4
1974 15
1975 0
1976 0
1977 15
1978 4
1979 4
1980 4
1981 0
1982 4
1983 4
1984 15
1985 0
1986 4
1987 4
1988 0
1989 15
1990 4
1991 0
1992 0
1993 0
1994 0
1995 15
1996 15
1997 4
1998 4
1999 4
2000 0
2001 0
2002 0
2003 0
2004 0
2005 15
2006 4
2007 4
2008 0
2009 4
2010 0
2011 0
2012 0
2013 0
2014 0
2015 0
2016 15
2017 0
2018 0
2019 0
2020 4
2021 0
2022 0
2023 15
2024 4
2025 4
2026 4
2027 4
2028 4
2029 0
2030 4
2031 15
2032 15
2033 0
2034 15
2035 4
2036 4
2037 0
2038 4
2039 4
2040 0
2041 4
2042 4
2043 4
2044 4
2045 15
2046 0
2047 0
2048 4
2049 0
2050 4
2051 0
2052 0
2053 4
2054 0
2055 4
2056 0
2057 0
2058 0
2059 4
2060 4
2061 15
2062 0
2063 0
2064 0
2065 15
2066 4
2067 0
2068 0
2069 0
2070 0
2071 0
2072 0
2073 15
2074 0
2075 0
2076 4
2077 0
2078 15
2079 15
2080 0
2081 0
2082 15
2083 15
2084 4
2085 0
2086 4
2087 15
2088 4
2089 0
2090 0
2091 15
2092 0
2093 4
2094 4
2095 4
2096 15
2097 15
2098 0
2099 4
2100 4
2101 15
2102 0
2103 4
2104 15
2105 0
2106 4
2107 0
2108 4
2109 0
2110 0
2111 4
2112 15
2113 0
2114 4
2115 15
2116 15
2117 0
2118 0
2119 0
2120 0
2121 0
2122 4
2123 4
2124 4
2125 4
2126 15
2127 15
2128 4
2129 4
2130 0
2131 0
2132 4
2133 4
2134 4
2135 4
2136 4
2137 4
2138 4
2139 15
2140 4
2141 4
2142 4
2143 4
2144 4
2145 4
2146 4
2147 4
2148 0
2149 4
2150 4
2151 4
2152 4
2153 15
2154 4
2155 0
2156 15
2157 4
2158 4
2159 4
2160 15
2161 15
2162 0
2163 0
2164 4
2165 4
2166 4
2167 4
2168 4
2169 4
2170 0
2171 4
2172 0
2173 4
2174 0
2175 15
2176 0
2177 4
2178 4
2179 4
2180 15
2181 4
2182 4
2183 15
2184 15
2185 0
2186 15
2187 15
2188 15
2189 15
2190 15
2191 15
2192 15
2193 15
2194 15
2195 15
2196 15
2197 4
2198 15
2199 0
2200 15
2201 15
2202 4
2203 4
2204 0
2205 0
2206 4
2207 0
2208 15
2209 4
2210 0
2211 4
2212 4
2213 4
2214 0
2215 4
2216 4
2217 15
2218 0
2219 0
2220 4
2221 0
2222 0
2223 4
2224 4
2225 0
2226 0
2227 4
2228 4
2229 15
2230 4
2231 0
2232 4
2233 4
2234 4
2235 4
2236 4
2237 4
2238 15
2239 15
2240 4
2241 15
2242 4
2243 4
2244 15
2245 4
2246 15
2247 15
2248 4
2249 4
2250 4
2251 4
2252 15
2253 4
2254 4
2255 4
2256 4
2257 4
2258 0
2259 0
2260 0
2261 0
2262 0
2263 0
2264 4
2265 0
2266 0
2267 15
2268 0
2269 15
2270 0
2271 0
2272 15
2273 0
2274 0
2275 0
2276 0
2277 15
2278 15
2279 0
2280 4
2281 4
2282 4
2283 4
2284 4
2285 4
2286 0
2287 0
2288 0
2289 0
2290 0
2291 15
2292 15
2293 0
2294 4
2295 0
2296 0
2297 0
2298 0
2299 0
2300 0
2301 0
2302 0
2303 0
2304 15
2305 15
2306 15
2307 0
2308 15
2309 0
2310 0
2311 0
2312 15
2313 15
2314 15
2315 4
2316 0
2317 15
2318 0
2319 0
2320 15
2321 0
2322 0
2323 0
2324 0
2325 15
2326 0
2327 0
2328 0
2329 0
2330 0
2331 15
2332 0
2333 0
2334 15
2335 0
2336 15
2337 15
2338 15
2339 15
2340 0
2341 4
2342 4
2343 0
2344 15
2345 15
2346 15
2347 0
2348 15
2349 15
2350 0
2351 0
2352 0
2353 0
2354 0
2355 15
2356 0
2357 0
2358 4
2359 0
2360 0
2361 0
2362 0
2363 0
2364 0
2365 0
2366 0
2367 15
2368 0
2369 4
2370 0
2371 0
2372 15
2373 0
2374 4
2375 4
2376 4
2377 0
2378 4
2379 0
2380 4
2381 4
2382 15
2383 0
2384 0
2385 15
2386 0
2387 4
2388 4
2389 0
2390 4
2391 4
2392 4
2393 4
2394 4
2395 0
2396 4
2397 4
2398 0
2399 4
2400 0
2401 4
2402 0
2403 0
2404 4
2405 15
2406 4
2407 4
2408 0
2409 4
2410 4
2411 0
2412 4
2413 4
2414 0
2415 0
2416 4
2417 4
2418 4
2419 0
2420 4
2421 4
2422 0
2423 0
2424 0
2425 4
2426 4
2427 4
2428 15
2429 15
2430 4
2431 4
2432 15
2433 4
2434 0
2435 4
2436 0
2437 4
2438 4
2439 0
2440 0
2441 0
2442 0
2443 4
2444 0
2445 0
2446 0
2447 4
2448 4
2449 4
2450 4
2451 4
2452 4
2453 0
2454 15
2455 0
2456 4
2457 0
2458 4
2459 4
2460 4
2461 0
2462 0
2463 4
2464 15
2465 15
2466 4
2467 4
2468 4
2469 4
2470 4
2471 4
2472 0
2473 0
2474 4
2475 0
2476 4
2477 4
2478 0
2479 4
2480 15
2481 0
2482 4
2483 4
2484 4
2485 4
2486 4
2487 0
2488 0
2489 4
2490 0
2491 4
2492 0
2493 4
2494 0
2495 4
2496 4
2497 0
2498 0
2499 0
2500 4
2501 4
2502 15
2503 0
2504 4
2505 15
2506 0
2507 0
2508 4
2509 4
2510 0
2511 4
2512 0
2513 4
2514 15
2515 0
2516 4
2517 0
2518 0
2519 0
2520 0
2521 4
2522 4
2523 4
2524 4
2525 4
2526 0
2527 4
2528 0
2529 4
2530 4
2531 0
2532 4
2533 0
2534 4
2535 0
2536 4
2537 0
2538 0
2539 4
2540 4
2541 0
2542 0
2543 4
2544 0
2545 0
2546 0
2547 0
2548 4
2549 4
2550 0
2551 0
2552 4
2553 4
2554 4
2555 4
2556 0
2557 0
2558 4
2559 0
2560 0
2561 4
2562 0
2563 4
2564 0
2565 0
2566 4
2567 4
2568 4
2569 0
2570 15
2571 4
2572 0
2573 0
2574 4
2575 4
2576 4
2577 4
2578 0
2579 15
2580 0
2581 0
2582 4
2583 15
2584 4
2585 4
2586 4
2587 4
2588 0
2589 4
2590 4
2591 0
2592 0
2593 0
2594 15
2595 4
2596 0
2597 0
2598 4
2599 0
2600 0
2601 0
2602 4
2603 4
2604 0
2605 4
2606 4
2607 4
2608 0
2609 0
2610 4
2611 0
2612 4
2613 4
2614 0
2615 4
2616 0
2617 0
2618 4
2619 4
2620 4
2621 0
2622 4
2623 0
2624 4
2625 4
2626 0
2627 0
2628 0
2629 4
2630 0
2631 4
2632 0
2633 4
2634 4
2635 0
2636 4
2637 0
2638 4
2639 4
2640 0
2641 0
2642 15
2643 4
2644 4
2645 4
2646 4
2647 0
2648 4
2649 0
2650 4
2651 0
2652 0
2653 0
2654 0
2655 0
2656 0
2657 4
2658 0
2659 4
2660 0
2661 4
2662 0
2663 0
2664 0
2665 0
2666 4
2667 4
2668 4
2669 0
2670 4
2671 4
2672 0
2673 0
2674 0
2675 15
2676 4
2677 0
2678 0
2679 4
2680 0
2681 0
2682 4
2683 4
2684 4
2685 0
2686 4
2687 4
2688 0
2689 4
2690 4
2691 4
2692 4
2693 4
2694 0
2695 0
2696 4
2697 4
2698 4
2699 0
2700 0
2701 4
2702 15
2703 0
2704 0
2705 4
2706 4
2707 4
2708 0
2709 4
2710 4
2711 4
2712 0
2713 0
2714 0
2715 0
2716 15
2717 4
2718 0
2719 0
2720 4
2721 4
2722 15
2723 0
2724 4
2725 0
2726 4
2727 0
2728 4
2729 4
2730 4
2731 0
2732 0
2733 0
2734 0
2735 0
2736 4
2737 0
2738 4
2739 0
2740 4
2741 4
2742 4
2743 0
2744 4
2745 4
2746 15
2747 4
2748 0
2749 0
2750 4
2751 0
2752 0
2753 4
2754 0
2755 0
2756 4
2757 4
2758 4
2759 4
2760 4
2761 0
2762 4
2763 0
2764 4
2765 15
2766 4
2767 0
2768 4
2769 0
2770 4
2771 4
2772 15
2773 4
2774 4
2775 4
2776 15
2777 0
2778 0
2779 0
2780 0
2781 15
2782 0
2783 4
2784 15
2785 4
2786 15
2787 4
2788 4
2789 0
2790 15
2791 15
2792 4
2793 4
2794 4
2795 15
2796 15
2797 4
2798 15
2799 15
2800 15
2801 15
2802 15
2803 15
2804 15
2805 15
2806 15
2807 15
2808 15
2809 0
2810 4
2811 15
2812 4
2813 15
2814 4
2815 0
2816 15
2817 15
2818 4
2819 4
2820 4
2821 15
2822 15
2823 4
2824 15
2825 15
2826 4
2827 4
2828 4
2829 4
2830 4
2831 4
2832 15
2833 15
2834 15
2835 4
2836 4
2837 15
2838 15
2839 4
2840 4
2841 4
2842 4
2843 4
2844 4
2845 15
2846 4
2847 4
2848 4
2849 4
2850 15
2851 4
2852 15
2853 4
2854 4
2855 15
2856 4
2857 4
2858 4
2859 0
2860 4
2861 4
2862 4
2863 0
2864 4
2865 0
2866 4
2867 4
2868 4
2869 15
2870 4
2871 4
2872 4
2873 0
2874 4
2875 4
2876 4
2877 0
2878 4
2879 0
2880 0
2881 4
2882 0
2883 4
2884 15
2885 15
2886 0
2887 4
2888 15
2889 0
2890 4
2891 0
2892 0
2893 4
2894 15
2895 15
2896 4
2897 15
2898 4
2899 4
2900 0
2901 4
2902 15
2903 15
2904 4
2905 0
2906 4
2907 15
2908 15
2909 15
2910 15
2911 15
2912 15
2913 15
2914 4
2915 15
2916 15
2917 0
2918 4
2919 4
2920 4
2921 4
2922 4
2923 0
2924 4
2925 4
2926 15
2927 4
2928 15
2929 15
2930 15
2931 4
2932 15
2933 15
2934 4
2935 15
2936 4
2937 0
2938 15
2939 15
2940 0
2941 4
2942 0
2943 4
2944 15
2945 4
2946 15
2947 15
2948 15
2949 4
2950 15
2951 15
2952 15
2953 15
2954 15
2955 15
2956 15
2957 15
2958 15
2959 15
2960 15
2961 15
2962 15
2963 0
2964 15
2965 0
2966 4
2967 0
2968 15
2969 15
2970 1
2971 4
2972 0
2973 4
2974 15
2975 0
2976 4
2977 4
2978 0
2979 0
2980 4
2981 15
2982 4
2983 4
2984 15
2985 0
2986 15
2987 15
2988 15
2989 0
2990 15
2991 4
2992 4
2993 4
2994 4
2995 15
2996 15
2997 15
2998 15
2999 15
3000 15
3001 0
3002 4
3003 4
3004 15
3005 0
3006 0
3007 0
3008 4
3009 0
3010 4
3011 0
3012 0
3013 4
3014 4
3015 15
3016 0
3017 4
3018 15
3019 4
3020 0
3021 0
3022 0
3023 0
3024 15
3025 15
3026 0
3027 0
3028 4
3029 4
3030 15
3031 15
3032 4
3033 4
3034 15
3035 4
3036 15
3037 4
3038 0
3039 4
3040 15
3041 4
3042 4
3043 0
3044 0
3045 15
3046 4
3047 15
3048 15
3049 0
3050 0
3051 4
3052 4
3053 4
3054 15
3055 15
3056 15
3057 4
3058 15
3059 15
3060 0
3061 15
3062 15
3063 4
3064 0
3065 4
3066 4
3067 0
3068 0
3069 0
3070 15
3071 15
3072 4
3073 0
3074 15
3075 0
3076 4
3077 0
3078 0
3079 4
3080 0
3081 4
3082 4
3083 4
3084 0
3085 0
3086 0
3087 0
3088 4
3089 4
3090 0
3091 15
3092 4
3093 4
3094 0
3095 4
3096 0
3097 0
3098 4
3099 4
3100 4
3101 0
3102 0
3103 4
3104 15
3105 4
3106 4
3107 4
3108 15
3109 4
3110 4
3111 0
3112 0
3113 15
3114 4
3115 4
3116 4
3117 0
3118 0
3119 0
3120 15
3121 0
3122 15
3123 4
3124 15
3125 4
3126 15
3127 4
3128 0
3129 4
3130 4
3131 0
3132 15
3133 0
3134 4
3135 4
3136 15
3137 15
3138 15
3139 15
3140 15
3141 15
3142 15
3143 15
3144 15
3145 15
3146 15
3147 15
3148 15
3149 15
3150 15
3151 15
3152 15
3153 15
3154 15
3155 15
3156 15
3157 15
3158 15
3159 15
3160 15
3161 15
3162 15
3163 15
3164 15
3165 15
3166 15
3167 15
3168 15
3169 15
3170 15
3171 15
3172 15
3173 15
3174 15
3175 15
3176 15
3177 0
3178 0
3179 4
3180 4
3181 0
3182 0
3183 0
3184 15
3185 0
3186 15
3187 0
3188 0
3189 15
3190 4
3191 4
3192 0
3193 0
3194 15
3195 0
3196 0
3197 15
3198 4
3199 4
3200 0
3201 0
3202 15
3203 15
3204 15
3205 0
3206 4
3207 0
3208 0
3209 4
3210 0
3211 0
3212 0
3213 4
3214 15
3215 4
3216 0
3217 0
3218 4
3219 0
3220 0
3221 0
3222 0
3223 4
3224 4
3225 0
3226 4
3227 4
3228 4
3229 0
3230 4
3231 15
3232 0
3233 4
3234 4
3235 15
3236 0
3237 4
3238 15
3239 0
3240 15
3241 15
3242 0
3243 0
3244 4
3245 4
3246 15
3247 4
3248 15
3249 4
3250 15
3251 4
3252 4
3253 4
3254 4
3255 4
3256 0
3257 15
3258 4
3259 0
3260 4
3261 0
3262 15
3263 15
3264 4
3265 0
3266 0
3267 15
3268 0
3269 15
3270 0
3271 0
3272 15
3273 15
3274 15
3275 15
3276 15
3277 15
3278 0
3279 15
3280 4
3281 0
3282 0
3283 0
3284 15
3285 0
3286 4
3287 4
3288 0
3289 4
3290 0
3291 0
3292 0
3293 4
3294 4
3295 0
3296 4
3297 4
3298 4
3299 0
3300 0
3301 15
3302 4
3303 4
3304 0
3305 0
3306 0
3307 15
3308 15
3309 15
3310 15
3311 15
3312 15
3313 15
3314 15
3315 0
3316 4
3317 4
3318 0
3319 0
3320 0
3321 4
3322 15
3323 15
3324 15
3325 15
3326 15
3327 4
3328 4
3329 0
3330 15
3331 15
3332 0
3333 4
3334 4
3335 4
3336 0
3337 15
3338 0
3339 15
3340 4
3341 15
3342 4
3343 0
3344 15
3345 4
3346 4
3347 4
3348 0
3349 15
3350 15
3351 0
3352 0
3353 0
3354 4
3355 0
3356 15
3357 15
3358 15
3359 0
3360 0
3361 15
3362 4
3363 15
3364 0
3365 4
3366 4
3367 4
3368 15
3369 4
3370 15
3371 15
3372 4
3373 15
3374 15
3375 15
3376 15
3377 15
3378 15
3379 15
3380 15
3381 15
3382 15
3383 15
3384 15
3385 15
3386 15
3387 15
3388 4
3389 0
3390 4
3391 0
3392 15
3393 0
3394 4
3395 0
3396 4
3397 0
3398 15
3399 4
3400 15
3401 4
3402 0
3403 15
3404 0
3405 4
3406 4
3407 0
3408 4
3409 4
3410 0
3411 0
3412 0
3413 15
3414 0
3415 4
3416 0
3417 15
3418 0
3419 4
3420 4
3421 15
3422 15
3423 15
3424 15
3425 15
3426 0
3427 0
3428 4
3429 4
3430 0
3431 0
3432 15
3433 4
3434 0
3435 0
3436 4
3437 15
3438 15
3439 15
3440 15
3441 4
3442 0
3443 4
3444 0
3445 0
3446 0
3447 4
3448 0
3449 15
3450 0
3451 0
3452 15
3453 15
3454 15
3455 15
3456 0
3457 4
3458 0
3459 4
3460 4
3461 15
3462 15
3463 15
3464 0
3465 4
3466 0
3467 0
3468 0
3469 4
3470 0
3471 4
3472 0
3473 0
3474 15
3475 15
3476 0
3477 15
3478 15
3479 15
3480 4
3481 4
3482 0
3483 0
3484 0
3485 15
3486 4
3487 15
3488 0
3489 4
3490 4
3491 15
3492 4
3493 0
3494 4
3495 4
3496 0
3497 0
3498 15
3499 15
3500 4
3501 4
3502 15
3503 15
3504 0
3505 15
3506 0
3507 4
3508 0
3509 4
3510 4
3511 4
3512 0
3513 0
3514 15
3515 4
3516 0
3517 4
3518 0
3519 15
3520 0
3521 0
3522 15
3523 0
3524 0
3525 15
3526 4
3527 0
3528 0
3529 15
3530 15
3531 15
3532 15
3533 15
3534 15
3535 4
3536 0
3537 4
3538 4
3539 0
3540 4
3541 0
3542 4
3543 4
3544 0
3545 0
3546 0
3547 0
3548 0
3549 0
3550 4
3551 15
3552 0
3553 15
3554 15
3555 0
3556 0
3557 4
3558 15
3559 0
3560 15
3561 4
3562 0
3563 0
3564 0
3565 15
3566 4
3567 15
3568 15
3569 15
3570 15
3571 0
3572 0
3573 4
3574 15
3575 4
3576 0
3577 0
3578 0
3579 15
3580 4
3581 0
3582 0
3583 15
3584 15
3585 4
3586 4
3587 15
3588 0
3589 0
3590 0
3591 0
3592 4
3593 0
3594 0
3595 0
3596 0
3597 4
3598 4
3599 4
3600 15
3601 15
3602 15
3603 0
3604 15
3605 15
3606 15
3607 15
3608 15
3609 15
3610 15
3611 15
3612 15
3613 15
3614 15
3615 15
3616 15
3617 15
3618 15
3619 15
3620 15
3621 15
3622 15
3623 15
3624 15
3625 15
3626 15
3627 15
3628 15
3629 15
3630 15
3631 15
3632 15
3633 15
3634 15
3635 15
3636 15
3637 15
3638 15
3639 15
3640 15
3641 15
3642 15
3643 15
3644 15
3645 15
3646 15
3647 15
3648 15
3649 15
3650 15
3651 15
3652 15
3653 15
3654 15
3655 15
3656 15
3657 15
3658 15
3659 15
3660 15
3661 15
3662 15
3663 15
3664 15
3665 15
3666 15
3667 15
3668 15
3669 15
3670 15
3671 15
3672 4
3673 0
3674 4
3675 0
3676 4
3677 4
3678 0
3679 4
3680 0
3681 0
3682 0
3683 4
3684 15
3685 0
3686 0
3687 4
3688 4
3689 0
3690 15
3691 15
3692 15
3693 15
3694 0
3695 0
3696 0
3697 15
3698 0
3699 0
3700 0
3701 4
3702 0
3703 4
3704 0
3705 0
3706 0
3707 0
3708 0
3709 0
3710 15
3711 4
3712 0
3713 0
3714 15
3715 4
3716 0
3717 15
3718 0
3719 0
3720 4
3721 15
3722 0
3723 0
3724 15
3725 0
3726 0
3727 4
3728 0
3729 0
3730 0
3731 0
3732 0
3733 0
3734 4
3735 4
3736 15
3737 0
3738 15
3739 0
3740 4
3741 0
3742 0
3743 15
3744 15
3745 4
3746 0
3747 4
3748 4
3749 15
3750 15
3751 0
3752 4
3753 0
3754 4
3755 4
3756 15
3757 15
3758 15
3759 15
3760 15
3761 15
3762 15
3763 0
3764 0
3765 0
3766 4
3767 0
3768 0
3769 4
3770 0
3771 0
3772 4
3773 0
3774 4
3775 0
3776 4
3777 4
3778 15
3779 4
3780 0
3781 4
3782 4
3783 15
3784 0
3785 0
3786 0
3787 0
3788 0
3789 0
3790 0
3791 4
3792 4
3793 4
3794 0
3795 0
3796 4
3797 0
3798 15
3799 15
3800 15
3801 15
3802 4
3803 0
3804 4
3805 4
3806 0
3807 4
3808 4
3809 15
3810 0
3811 0
3812 0
3813 0
3814 0
3815 0
3816 0
3817 0
3818 4
3819 4
3820 0
3821 4
3822 15
3823 0
3824 4
3825 4
3826 4
3827 0
3828 4
3829 4
3830 0
3831 0
3832 15
3833 4
3834 0
3835 0
3836 4
3837 4
3838 0
3839 15
3840 0
3841 15
3842 15
3843 15
3844 0
3845 15
3846 4
3847 0
3848 15
3849 0
3850 15
3851 15
3852 15
3853 0
3854 4
3855 4
3856 4
3857 15
3858 0
3859 0
3860 0
3861 15
3862 4
3863 15
3864 15
3865 15
3866 15
3867 15
3868 15
3869 15
3870 15
3871 15
3872 15
3873 15
3874 15
3875 15
3876 15
3877 15
3878 15
3879 15
3880 15
3881 15
3882 15
3883 15
3884 15
3885 15
3886 15
3887 15
3888 15
3889 15
3890 15
3891 15
3892 15
3893 15
3894 0
3895 0
3896 15
3897 0
3898 0
3899 15
3900 4
3901 0
3902 0
3903 0
3904 15
3905 15
3906 4
3907 4
3908 4
3909 0
3910 4
3911 0
3912 0
3913 15
3914 0
3915 4
3916 4
3917 0
3918 0
3919 0
3920 0
3921 0
3922 15
3923 0
3924 15
3925 0
3926 4
3927 0
3928 0
3929 0
3930 4
3931 0
3932 4
3933 0
3934 0
3935 0
3936 0
3937 0
3938 15
3939 15
3940 0
3941 0
3942 0
3943 0
3944 4
3945 15
3946 4
3947 4
3948 15
3949 0
3950 4
3951 15
3952 15
3953 15
3954 15
3955 15
3956 15
3957 0
3958 15
3959 15
3960 4
3961 15
3962 4
3963 0
3964 0
3965 4
3966 0
3967 4
3968 15
3969 15
3970 15
3971 15
3972 15
3973 15
3974 15
3975 15
3976 15
3977 15
3978 15
3979 15
3980 15
3981 15
3982 15
3983 15
3984 15
3985 15
3986 15
3987 15
3988 15
3989 15
3990 15
3991 15
3992 15
3993 15
3994 15
3995 15
3996 15
3997 15
3998 15
3999 15
4000 15
4001 15
4002 15
4003 15
4004 15
4005 15
4006 15
4007 15
4008 15
4009 15
4010 15
4011 15
4012 15
4013 15
4014 15
4015 15
4016 15
4017 15
4018 15
4019 0
4020 4
4021 0
4022 0
4023 4
4024 4
4025 0
4026 15
4027 15
4028 15
4029 15
4030 15
4031 15
4032 15
4033 15
4034 15
4035 15
4036 15
4037 15
4038 15
4039 15
4040 15
4041 4
4042 0
4043 0
4044 0
4045 0
4046 15
4047 4
4048 15
4049 15
4050 15
4051 0
4052 0
4053 0
4054 0
4055 4
4056 0
4057 15
4058 15
4059 0
4060 15
4061 4
4062 0
4063 0
4064 4
4065 0
4066 4
4067 4
4068 0
4069 0
4070 0
4071 4
4072 0
4073 0
4074 0
4075 15
4076 4
4077 0
4078 4
4079 4
4080 0
4081 15
4082 0
4083 0
4084 0
4085 0
4086 0
4087 0
4088 15
4089 4
4090 15
4091 15
4092 15
4093 4
4094 4
4095 15
4096 15
4097 4
4098 0
4099 15
4100 15
4101 15
4102 15
4103 0
4104 0
4105 0
4106 15
4107 15
4108 15
4109 15
4110 15
4111 15
4112 15
4113 15
4114 15
4115 15
4116 15
4117 15
4118 15
4119 15
4120 4
4121 15
4122 0
4123 4
4124 15
4125 0
4126 0
4127 0
4128 4
4129 4
4130 4
4131 0
4132 4
4133 0
4134 0
4135 4
4136 0
4137 0
4138 15
4139 0
4140 0
4141 0
4142 15
4143 4
4144 4
4145 0
4146 0
4147 0
4148 4
4149 15
4150 0
4151 4
4152 4
4153 0
4154 0
4155 0
4156 4
4157 4
4158 4
4159 4
4160 0
4161 0
4162 15
4163 4
4164 0
4165 4
4166 15
4167 4
4168 0
4169 0
4170 0
4171 4
4172 0
4173 0
4174 15
4175 4
4176 0
4177 0
4178 0
4179 0
4180 0
4181 4
4182 4
4183 0
4184 0
4185 0
4186 0
4187 4
4188 4
4189 0
4190 15
4191 0
4192 15
4193 0
4194 4
4195 0
4196 4
4197 0
4198 0
4199 15
4200 15
4201 15
4202 4
4203 4
4204 15
4205 0
4206 0
4207 4
4208 0
4209 4
4210 0
4211 0
4212 4
4213 0
4214 15
4215 4
4216 4
4217 0
4218 4
4219 0
4220 4
4221 4
4222 0
4223 15
4224 4
4225 15
4226 4
4227 4
4228 4
4229 15
4230 15
4231 0
4232 0
4233 4
4234 4
4235 4
4236 0
4237 4
4238 4
4239 4
4240 4
4241 4
4242 4
4243 0
4244 15
4245 4
4246 4
4247 0
4248 0
4249 4
4250 4
4251 0
4252 4
4253 0
4254 0
4255 0
4256 0
4257 4
4258 4
4259 0
4260 0
4261 4
4262 4
4263 4
4264 0
4265 15
4266 4
4267 0
4268 0
4269 4
4270 0
4271 0
4272 0
4273 4
4274 0
4275 15
4276 4
4277 4
4278 0
4279 0
4280 4
4281 0
4282 0
4283 0
4284 0
4285 0
4286 15
4287 4
4288 0
4289 15
4290 0
4291 15
4292 4
4293 15
4294 15
4295 15
4296 15
4297 15
4298 15
4299 15
4300 15
4301 15
4302 15
4303 4
4304 4
4305 15
4306 15
4307 15
4308 15
4309 15
4310 15
4311 15
4312 4
4313 15
4314 0
4315 0
4316 0
4317 4
4318 0
4319 4
4320 4
4321 4
4322 4
4323 0
4324 0
4325 15
4326 4
4327 0
4328 4
4329 15
4330 4
4331 4
4332 15
4333 0
4334 4
4335 0
4336 0
4337 0
4338 0
4339 0
4340 0
4341 4
4342 15
4343 15
4344 15
4345 15
4346 15
4347 15
4348 15
4349 15
4350 15
4351 15
4352 15
4353 15
4354 0
4355 0
4356 0
4357 4
4358 0
4359 15
4360 15
4361 15
4362 15
4363 15
4364 15
4365 15
4366 15
4367 15
4368 0
4369 15
4370 4
4371 0
4372 0
4373 4
4374 15
4375 0
4376 0
4377 15
4378 15
4379 0
4380 4
4381 15
4382 15
4383 15
4384 15
4385 15
4386 4
4387 15
4388 15
4389 4
4390 0
4391 15
4392 4
4393 4
4394 4
4395 0
4396 4
4397 4
4398 0
4399 4
4400 4
4401 15
4402 4
4403 15
4404 4
4405 15
4406 0
4407 15
4408 0
4409 15
4410 0
4411 0
4412 0
4413 15
4414 0
4415 0
4416 0
4417 4
4418 15
4419 4
4420 0
4421 15
4422 0
4423 0
4424 15
4425 15
4426 4
4427 0
4428 0
4429 4
4430 0
4431 0
4432 0
4433 4
4434 0
4435 4
4436 15
4437 15
4438 15
4439 0
4440 3
4441 4
4442 4
4443 15
4444 4
4445 0
4446 0
4447 4
4448 0
4449 0
4450 15
4451 4
4452 15
4453 0
4454 4
4455 15
4456 0
4457 15
4458 4
4459 0
4460 4
4461 15
4462 0
4463 4
4464 15
4465 0
4466 15
4467 4
4468 0
4469 4
4470 0
4471 0
4472 15
4473 0
4474 0
4475 4
4476 15
4477 0
4478 4
4479 0
4480 0
4481 0
4482 15
4483 0
4484 0
4485 0
4486 4
4487 4
4488 15
4489 0
4490 4
4491 15
4492 0
4493 4
4494 4
4495 4
4496 4
4497 4
4498 4
4499 15
4500 0
4501 4
4502 0
4503 4
4504 0
4505 15
4506 15
4507 15
4508 0
4509 15
4510 4
4511 4
4512 4
4513 15
4514 4
4515 4
4516 5
4517 15
4518 4
4519 4
4520 15
4521 15
4522 4
4523 15
4524 0
4525 15
4526 15
4527 0
4528 0
4529 0
4530 1
4531 0
4532 0
4533 4
4534 0
4535 0
4536 15
4537 0
4538 15
4539 0
4540 15
4541 4
4542 4
4543 4
4544 4
4545 4
4546 0
4547 0
4548 0
4549 4
4550 15
4551 15
4552 15
4553 4
4554 15
4555 15
4556 0
4557 0
4558 0
4559 0
4560 4
4561 0
4562 4
4563 0
4564 0
4565 15
4566 0
4567 15
4568 0
4569 0
4570 15
4571 4
4572 4
4573 4
4574 0
4575 4
4576 0
4577 15
4578 0
4579 0
4580 4
4581 4
4582 15
4583 4
4584 0
4585 4
4586 0
4587 4
4588 4
4589 15
4590 0
4591 4
4592 4
4593 4
4594 4
4595 0
4596 4
4597 0
4598 4
4599 4
4600 4
4601 15
4602 0
4603 0
4604 0
4605 15
4606 15
4607 15
4608 0
4609 4
4610 15
4611 0
4612 0
4613 4
4614 4
4615 0
4616 4
4617 15
4618 15
4619 0
4620 0
4621 0
4622 0
4623 0
4624 0
4625 0
4626 0
4627 0
4628 0
4629 15
4630 15
4631 0
4632 15
4633 4
4634 4
4635 15
4636 15
4637 15
4638 15
4639 4
4640 0
4641 0
4642 4
4643 4
4644 0
4645 0
4646 15
4647 4
4648 0
4649 0
4650 0
4651 0
4652 15
4653 0
4654 4
4655 0
4656 0
4657 4
4658 15
4659 0
4660 0
4661 4
4662 0
4663 0
4664 4
4665 0
4666 0
4667 0
4668 4
4669 15
4670 0
4671 0
4672 4
4673 0
4674 0
4675 0
4676 0
4677 15
4678 0
4679 4
4680 15
4681 0
4682 0
4683 0
4684 0
4685 15
4686 0
4687 0
4688 0
4689 0
4690 0
4691 0
4692 0
4693 0
4694 0
4695 0
4696 4
4697 4
4698 0
4699 0
4700 0
4701 0
4702 0
4703 0
4704 0
4705 0
4706 4
4707 0
4708 0
4709 4
4710 0
4711 0
4712 0
4713 0
4714 0
4715 4
4716 0
4717 0
4718 4
4719 0
4720 0
4721 0
4722 15
4723 0
4724 4
4725 0
4726 15
4727 0
4728 0
4729 0
4730 0
4731 0
4732 0
4733 0
4734 0
4735 0
4736 0
4737 0
4738 0
4739 4
4740 0
4741 0
4742 0
4743 0
4744 0
4745 0
4746 4
4747 0
4748 0
4749 15
4750 0
4751 0
4752 0
4753 4
4754 4
4755 0
4756 4
4757 0
4758 15
4759 4
4760 0
4761 0
4762 0
4763 4
4764 0
4765 0
4766 0
4767 0
4768 15
4769 0
4770 0
4771 0
4772 0
4773 0
4774 0
4775 0
4776 0
4777 0
4778 0
4779 0
4780 15
4781 0
4782 0
4783 0
4784 15
4785 0
4786 0
4787 0
4788 0
4789 0
4790 0
4791 15
4792 0
4793 0
4794 4
4795 0
4796 0
4797 0
4798 15
4799 15
4800 0
4801 15
4802 0
4803 0
4804 0
4805 4
4806 0
4807 0
4808 15
4809 0
4810 4
4811 0
4812 0
4813 0
4814 4
4815 0
4816 0
4817 0
4818 0
4819 0
4820 0
4821 0
4822 0
4823 0
4824 0
4825 15
4826 15
4827 15
4828 0
4829 0
4830 0
4831 0
4832 0
4833 4
4834 4
4835 0
4836 15
4837 15
4838 15
4839 15
4840 15
4841 15
4842 15
4843 15
4844 15
4845 15
4846 4
4847 15
4848 0
4849 15
4850 15
4851 0
4852 0
4853 0
4854 0
4855 0
4856 0
4857 0
4858 0
4859 0
4860 0
4861 4
4862 0
4863 15
4864 0
4865 0
4866 15
4867 0
4868 0
4869 0
4870 0
4871 0
4872 0
4873 0
4874 0
4875 0
4876 0
4877 4
4878 4
4879 0
4880 0
4881 0
4882 0
4883 0
4884 4
4885 0
4886 0
4887 4
4888 15
4889 0
4890 0
4891 0
4892 0
4893 4
4894 0
4895 0
4896 0
4897 4
4898 15
4899 15
4900 0
4901 0
4902 0
4903 0
4904 0
4905 0
4906 0
4907 0
4908 0
4909 0
4910 4
4911 0
4912 0
4913 0
4914 0
4915 0
4916 4
4917 0
4918 15
4919 0
4920 4
4921 15
4922 0
4923 0
4924 0
4925 4
4926 0
4927 0
4928 15
4929 0
4930 0
4931 15
4932 15
4933 0
4934 0
4935 0
4936 0
4937 0
4938 4
4939 0
4940 0
4941 4
4942 0
4943 0
4944 15
4945 0
4946 0
4947 0
4948 0
4949 0
4950 0
4951 0
4952 4
4953 4
4954 0
4955 0
4956 0
4957 0
4958 0
4959 4
4960 0
4961 4
4962 0
4963 4
4964 4
4965 0
4966 0
4967 0
4968 1
4969 4
4970 15
4971 15
4972 0
4973 15
4974 0
4975 0
4976 4
4977 4
4978 0
4979 0
4980 0
4981 0
4982 0
4983 4
4984 0
4985 0
4986 0
4987 0
4988 0
4989 15
4990 4
4991 0
4992 4
4993 0
4994 0
4995 0
4996 0
4997 0
4998 0
4999 4
5000 0
5001 4
5002 0
5003 15
5004 0
5005 0
5006 15
5007 0
5008 0
5009 0
5010 0
5011 0
5012 4
5013 0
5014 0
5015 0
5016 0
5017 0
5018 15
5019 0
5020 0
5021 0
5022 0
5023 0
5024 4
5025 0
5026 4
5027 0
5028 0
5029 0
5030 0
5031 0
5032 15
5033 15
5034 0
5035 0
5036 0
5037 15
5038 15
5039 15
5040 15
5041 15
5042 0
5043 0
5044 0
5045 15
5046 15
5047 15
5048 15
5049 15
5050 0
5051 0
5052 0
5053 0
5054 0
5055 4
5056 15
5057 0
5058 15
5059 15
5060 0
5061 0
5062 0
5063 0
5064 0
5065 4
5066 0
5067 0
5068 0
5069 15
5070 0
5071 0
5072 0
5073 0
5074 15
5075 0
5076 4
5077 0
5078 0
5079 4
5080 15
5081 0
5082 0
5083 0
5084 0
5085 15
5086 15
5087 0
5088 0
5089 4
5090 0
5091 15
5092 0
5093 15
5094 15
5095 15
5096 15
5097 15
5098 15
5099 15
5100 15
5101 15
5102 15
5103 15
5104 0
5105 0
5106 0
5107 0
5108 15
5109 0
5110 0
5111 0
5112 0
5113 0
5114 0
5115 0
5116 4
5117 0
5118 0
5119 0
5120 0
5121 0
5122 0
5123 15
5124 0
5125 4
5126 4
5127 0
5128 4
5129 15
5130 0
5131 0
5132 15
5133 0
5134 4
5135 0
5136 0
5137 0
5138 0
5139 0
5140 0
5141 0
5142 0
5143 4
5144 0
5145 0
5146 0
5147 0
5148 4
5149 0
5150 0
5151 15
5152 15
5153 4
5154 0
5155 0
5156 15
5157 0
5158 0
5159 0
5160 0
5161 4
5162 15
5163 15
5164 15
5165 0
5166 0
5167 0
5168 0
5169 0
5170 0
5171 0
5172 0
5173 4
5174 0
5175 15
5176 0
5177 15
5178 4
5179 0
5180 15
5181 15
5182 0
5183 0
5184 15
5185 15
5186 4
5187 15
5188 0
5189 0
5190 4
5191 0
5192 0
5193 0
5194 0
5195 4
5196 0
5197 0
5198 0
5199 0
5200 15
5201 0
5202 0
5203 4
5204 4
5205 4
5206 4
5207 0
5208 15
5209 0
5210 0
5211 0
5212 4
5213 0
5214 0
5215 4
5216 4
5217 0
5218 4
5219 0
5220 0
5221 4
5222 0
5223 0
5224 0
5225 0
5226 0
5227 0
5228 0
5229 0
5230 0
5231 0
5232 15
5233 0
5234 0
5235 0
5236 15
5237 15
5238 15
5239 0
5240 0
5241 0
5242 0
5243 0
5244 0
5245 0
5246 0
5247 4
5248 0
5249 0
5250 0
5251 0
5252 4
5253 4
5254 0
5255 4
5256 0
5257 0
5258 0
5259 0
5260 0
5261 0
5262 4
5263 0
5264 15
5265 0
5266 0
5267 0
5268 0
5269 15
5270 15
5271 15
5272 15
5273 15
5274 4
5275 15
5276 0
5277 4
5278 4
5279 0
5280 0
5281 0
5282 0
5283 0
5284 0
5285 0
5286 0
5287 4
5288 4
5289 0
5290 15
5291 4
5292 15
5293 15
5294 0
5295 15
5296 4
5297 15
5298 4
5299 15
5300 15
5301 4
5302 15
5303 15
5304 4
5305 0
5306 0
5307 0
5308 4
5309 0
5310 0
5311 0
5312 4
5313 0
5314 0
5315 15
5316 4
5317 0
5318 4
5319 15
5320 15
5321 4
5322 0
5323 0
5324 0
5325 4
5326 4
5327 0
5328 15
5329 0
5330 0
5331 0
5332 15
5333 15
5334 0
5335 0
5336 15
5337 0
5338 0
5339 15
5340 15
5341 0
5342 0
5343 0
5344 0
5345 15
5346 0
5347 0
5348 0
5349 0
5350 15
5351 0
5352 0
5353 0
5354 0
5355 4
5356 4
5357 0
5358 0
5359 0
5360 0
5361 0
5362 0
5363 4
5364 4
5365 4
5366 4
5367 15
5368 15
5369 0
5370 15
5371 0
5372 4
5373 4
5374 15
5375 0
5376 4
5377 0
5378 0
5379 15
5380 15
5381 0
5382 15
5383 4
5384 0
5385 4
5386 0
5387 0
5388 15
5389 0
5390 4
5391 15
5392 15
5393 4
5394 0
5395 0
5396 0
5397 4
5398 0
5399 15
5400 15
5401 15
5402 15
5403 15
5404 15
5405 15
5406 15
5407 15
5408 15
5409 0
5410 0
5411 0
5412 0
5413 15
5414 4
5415 4
5416 15
5417 15
5418 15
5419 0
5420 0
5421 0
5422 15
5423 15
5424 4
5425 4
5426 15
5427 15
5428 15
5429 0
5430 0
5431 15
5432 0
5433 0
5434 15
5435 15
5436 15
5437 15
5438 15
5439 15
5440 0
5441 4
5442 15
5443 15
5444 0
5445 15
5446 15
5447 0
5448 4
5449 15
5450 15
5451 15
5452 15
5453 0
5454 0
5455 0
5456 15
5457 15
5458 15
5459 15
5460 15
5461 15
5462 15
5463 15
5464 15
5465 15
5466 15
5467 15
5468 15
5469 15
5470 15
5471 15
5472 15
5473 15
5474 15
5475 15
5476 0
5477 0
5478 0
5479 15
5480 0
5481 15
5482 15
5483 15
5484 15
5485 15
5486 15
5487 15
5488 15
5489 15
5490 15
5491 15
5492 15
5493 15
5494 15
5495 15
5496 15
5497 15
5498 4
5499 4
5500 15
5501 4
5502 15
5503 4
5504 0
5505 4
5506 0
5507 4
5508 0
5509 15
5510 15
5511 15
5512 15
5513 15
5514 15
5515 0
5516 4
5517 15
5518 15
5519 15
5520 15
5521 0
5522 15
5523 15
5524 15
5525 15
5526 15
5527 0
5528 3
5529 15
5530 0
5531 15
5532 0
5533 0
5534 0
5535 0
5536 4
5537 0
5538 0
5539 0
5540 0
5541 0
5542 0
5543 0
5544 0
5545 0
5546 0
5547 0
5548 0
5549 0
5550 0
5551 4
5552 15
5553 4
5554 4
5555 4
5556 15
5557 4
5558 4
5559 4
5560 4
5561 4
5562 4
5563 1
5564 4
5565 4
5566 1
5567 4
5568 4
5569 4
5570 1
5571 0
5572 4
5573 4
5574 4
5575 0
5576 15
5577 15
5578 0
5579 15
5580 15
5581 0
5582 15
5583 15
5584 15
5585 15
5586 15
5587 0
5588 0
5589 15
5590 15
5591 2
5592 2
5593 2
5594 2
5595 2
5596 2
5597 2
5598 2
5599 2
5600 2
5601 2
5602 15
5603 0
5604 15
5605 0
5606 0
5607 0
5608 0
5609 0
5610 0
5611 4
5612 0
5613 15
5614 0
5615 15
5616 0
5617 4
5618 4
5619 0
5620 4
5621 0
5622 15
5623 0
5624 0
5625 0
5626 0
5627 0
5628 0
5629 0
5630 0
5631 4
5632 0
5633 0
5634 0
5635 4
5636 0
5637 0
5638 0
5639 15
5640 0
5641 0
5642 0
5643 15
5644 15
5645 15
5646 15
5647 0
5648 15
5649 4
5650 15
5651 15
5652 15
5653 15
5654 15
5655 15
5656 0
5657 4
5658 15
5659 4
5660 15
5661 4
5662 0
5663 4
5664 0
5665 15
5666 0
5667 15
5668 15
5669 15
5670 15
5671 15
5672 0
5673 15
5674 4
5675 15
5676 15
5677 15
5678 15
5679 15
5680 15
5681 15
5682 4
5683 15
5684 15
5685 0
5686 4
5687 0
5688 4
5689 4
5690 0
5691 15
5692 4
5693 15
5694 4
5695 4
5696 15
5697 0
5698 4
5699 15
5700 4
5701 15
5702 4
5703 0
5704 4
5705 4
5706 0
5707 0
5708 15
5709 0
5710 0
5711 0
5712 4
5713 0
5714 0
5715 15
5716 0
5717 0
5718 15
5719 0
5720 0
5721 4
5722 15
5723 15
5724 4
5725 0
5726 0
5727 15
5728 0
5729 4
5730 4
5731 4
5732 0
5733 4
5734 0
5735 0
5736 0
5737 0
5738 0
5739 0
5740 0
5741 0
5742 0
5743 0
5744 4
5745 15
5746 15
5747 15
5748 4
5749 15
5750 4
5751 15
5752 15
5753 15
5754 15
5755 15
5756 4
5757 0
5758 15
5759 0
5760 4
5761 0
5762 0
5763 15
5764 4
5765 4
5766 15
5767 4
5768 4
5769 0
5770 0
5771 0
5772 0
5773 4
5774 4
5775 0
5776 0
5777 0
5778 0
5779 0
5780 0
5781 15
5782 0
5783 0
5784 0
5785 4
5786 0
5787 0
5788 0
5789 0
5790 15
5791 15
5792 0
5793 4
5794 0
5795 4
5796 0
5797 0
5798 0
5799 0
5800 0
5801 0
5802 0
5803 0
5804 0
5805 0
5806 15
5807 0
5808 0
5809 0
5810 0
5811 4
5812 4
5813 15
5814 4
5815 0
5816 0
5817 0
5818 15
5819 0
5820 0
5821 0
5822 0
5823 4
5824 0
5825 15
5826 0
5827 0
5828 0
5829 0
5830 15
5831 0
5832 0
5833 4
5834 0
5835 4
5836 0
5837 0
5838 0
5839 4
5840 0
5841 15
5842 0
5843 0
5844 0
5845 4
5846 4
5847 0
5848 4
5849 0
5850 0
5851 0
5852 0
5853 0
5854 15
5855 15
5856 4
5857 4
5858 0
5859 4
5860 0
5861 0
5862 0
5863 0
5864 4
5865 0
5866 0
5867 0
5868 0
5869 4
5870 0
5871 0
5872 0
5873 0
5874 0
5875 0
5876 0
5877 0
5878 15
5879 0
5880 0
5881 0
5882 0
5883 0
5884 0
5885 0
5886 0
5887 0
5888 0
5889 0
5890 0
5891 0
5892 0
5893 0
5894 4
5895 0
5896 0
5897 15
5898 0
5899 0
5900 0
5901 0
5902 0
5903 0
5904 0
5905 0
5906 0
5907 4
5908 15
5909 4
5910 15
5911 15
5912 15
5913 15
5914 4
5915 4
5916 4
5917 15
5918 15
5919 4
5920 15
5921 15
5922 0
5923 0
5924 15
5925 0
5926 4
5927 15
5928 15
5929 4
5930 15
5931 15
5932 15
5933 15
5934 0
5935 0
5936 0
5937 15
5938 0
5939 15
5940 4
5941 0
5942 4
5943 15
5944 15
5945 0
5946 4
5947 15
5948 15
5949 0
5950 15
5951 15
5952 0
5953 0
5954 0
5955 0
5956 15
5957 15
5958 15
5959 15
5960 15
5961 15
5962 15
5963 15
5964 15
5965 15
5966 0
5967 0
5968 0
5969 0
5970 0
5971 4
5972 4
5973 15
5974 15
5975 15
5976 0
5977 4
5978 15
5979 15
5980 0
5981 4
5982 15
5983 15
5984 15
5985 0
5986 0
5987 0
5988 15
5989 0
5990 0
5991 0
5992 15
5993 0
5994 4
5995 0
5996 0
5997 15
5998 0
5999 15
6000 4
6001 15
6002 15
6003 15
6004 4
6005 0
6006 0
6007 4
6008 0
6009 0
6010 0
6011 0
6012 0
6013 0
6014 0
6015 15
6016 0
6017 0
6018 0
6019 15
6020 0
6021 15
6022 0
6023 0
6024 15
6025 4
6026 4
6027 4
6028 4
6029 15
6030 15
6031 15
6032 4
6033 8
6034 15
6035 15
6036 15
6037 4
6038 0
6039 15
6040 15
6041 0
6042 0
6043 0
6044 0
6045 0
6046 0
6047 15
6048 0
6049 0
6050 15
6051 0
6052 4
6053 4
6054 4
6055 4
6056 0
6057 15
6058 4
6059 15
6060 0
6061 15
6062 15
6063 4
6064 0
6065 15
6066 0
6067 4
6068 0
6069 15
6070 15
6071 4
6072 15
6073 15
6074 15
6075 4
6076 0
6077 15
6078 0
6079 1
6080 1
6081 1
6082 15
6083 1
6084 0
6085 1
6086 1
6087 0
6088 0
6089 15
6090 15
6091 4
6092 3
6093 3
6094 0
6095 3
6096 0
6097 3
6098 3
6099 3
6100 0
6101 3
6102 3
6103 0
6104 3
6105 0
6106 3
6107 3
6108 3
6109 0
6110 0
6111 3
6112 3
6113 3
6114 3
6115 15
6116 0
6117 0
6118 4
6119 0
6120 0
6121 4
6122 0
6123 0
6124 4
6125 4
6126 0
6127 0
6128 4
6129 0
6130 0
6131 0
6132 4
6133 15
6134 0
6135 0
6136 0
6137 15
6138 4
6139 0
6140 0
6141 0
6142 0
6143 15
6144 0
6145 0
6146 0
6147 0
6148 4
6149 0
6150 0
6151 15
6152 4
6153 0
6154 4
6155 0
6156 15
6157 0
6158 15
6159 0
6160 15
6161 0
6162 0
6163 0
6164 15
6165 0
6166 0
6167 0
6168 15
6169 0
6170 15
6171 0
6172 0
6173 0
6174 0
6175 15
6176 0
6177 0
6178 15
6179 0
6180 4
6181 15
6182 4
6183 0
6184 4
6185 0
6186 0
6187 0
6188 0
6189 0
6190 0
6191 0
6192 4
6193 0
6194 15
6195 0
6196 0
6197 0
6198 15
6199 15
6200 15
6201 15
6202 15
6203 15
6204 15
6205 15
6206 15
6207 15
6208 15
6209 15
6210 15
6211 15
6212 15
6213 15
6214 15
6215 15
6216 15
6217 4
6218 4
6219 15
6220 0
6221 0
6222 4
6223 0
6224 15
6225 4
6226 0
6227 0
6228 15
6229 0
6230 4
6231 0
6232 15
6233 0
6234 0
6235 15
6236 0
6237 15
6238 0
6239 0
6240 15
6241 0
6242 0
6243 0
6244 0
6245 0
6246 0
6247 15
6248 4
6249 15
6250 0
6251 0
6252 0
6253 4
6254 0
6255 0
6256 0
6257 4
6258 0
6259 0
6260 0
6261 0
6262 0
6263 4
6264 0
6265 0
6266 0
6267 0
6268 15
6269 15
6270 4
6271 0
6272 0
6273 0
6274 0
6275 0
6276 4
6277 4
6278 4
6279 0
6280 15
6281 0
6282 0
6283 0
6284 0
6285 0
6286 0
6287 0
6288 4
6289 4
6290 15
6291 15
6292 0
6293 0
6294 15
6295 15
6296 0
6297 0
6298 4
6299 0
6300 4
6301 0
6302 15
6303 0
6304 0
6305 0
6306 15
6307 0
6308 0
6309 15
6310 0
6311 15
6312 0
6313 0
6314 0
6315 0
6316 0
6317 4
6318 15
6319 15
6320 15
6321 4
6322 4
6323 0
6324 0
6325 0
6326 0
6327 4
6328 15
6329 15
6330 15
6331 4
6332 4
6333 15
6334 15
6335 0
6336 4
6337 15
6338 0
6339 0
6340 0
6341 4
6342 0
6343 0
6344 0
6345 0
6346 15
6347 15
6348 15
6349 0
6350 4
6351 4
6352 0
6353 0
6354 0
6355 0
6356 0
6357 15
6358 0
6359 0
6360 15
6361 0
6362 0
6363 0
6364 15
6365 4
6366 0
6367 4
6368 15
6369 0
6370 0
6371 0
6372 15
6373 0
6374 0
6375 0
6376 0
6377 0
6378 0
6379 4
6380 0
6381 0
6382 4
6383 0
6384 0
6385 15
6386 15
6387 0
6388 15
6389 15
6390 15
6391 15
6392 15
6393 15
6394 15
6395 0
6396 4
6397 4
6398 15
6399 0
6400 4
6401 0
6402 0
6403 0
6404 0
6405 0
6406 0
6407 0
6408 4
6409 0
6410 4
6411 0
6412 15
6413 0
6414 4
6415 4
6416 15
6417 15
6418 0
6419 0
6420 4
6421 0
6422 15
6423 15
6424 4
6425 4
6426 15
6427 4
6428 4
6429 0
6430 4
6431 0
6432 0
6433 0
6434 15
6435 0
6436 4
6437 0
6438 15
6439 15
6440 15
6441 0
6442 0
6443 15
6444 0
6445 15
6446 15
6447 0
6448 15
6449 0
6450 15
6451 0
6452 4
6453 4
6454 0
6455 15
6456 0
6457 0
6458 15
6459 15
6460 0
6461 15
6462 0
6463 4
6464 4
6465 0
6466 15
6467 15
6468 4
6469 0
6470 0
6471 0
6472 0
6473 15
6474 15
6475 0
6476 15
6477 0
6478 15
6479 0
6480 0
6481 4
6482 15
6483 0
6484 4
6485 0
6486 15
6487 0
6488 0
6489 15
6490 0
6491 15
6492 15
6493 15
6494 4
6495 0
6496 0
6497 4
6498 4
6499 4
6500 0
6501 0
6502 0
6503 15
6504 0
6505 15
6506 0
6507 0
6508 0
6509 15
6510 0
6511 0
6512 0
6513 0
6514 0
6515 15
6516 0
6517 0
6518 0
6519 0
6520 4
6521 0
6522 0
6523 0
6524 0
6525 0
6526 4
6527 0
6528 0
6529 0
6530 4
6531 15
6532 15
6533 15
6534 15
6535 15
6536 0
6537 0
6538 0
6539 0
6540 4
6541 15
6542 0
6543 4
6544 15
6545 0
6546 0
6547 0
6548 0
6549 15
6550 0
6551 15
6552 15
6553 0
6554 0
6555 0
6556 0
6557 15
6558 15
6559 15
6560 15
6561 15
6562 15
6563 15
6564 0
6565 15
6566 15
6567 15
6568 0
6569 15
6570 15
6571 15
6572 15
6573 15
6574 15
6575 15
6576 15
6577 15
6578 15
6579 4
6580 15
6581 15
6582 0
6583 15
6584 0
6585 0
6586 15
6587 0
6588 0
6589 0
6590 15
6591 0
6592 4
6593 0
6594 15
6595 15
6596 0
6597 0
6598 0
6599 15
6600 0
6601 4
6602 0
6603 4
6604 15
6605 0
6606 15
6607 0
6608 0
6609 15
6610 15
6611 15
6612 15
6613 15
6614 15
6615 15
6616 15
6617 15
6618 15
6619 15
6620 15
6621 15
6622 15
6623 15
6624 0
6625 0
6626 0
6627 0
6628 0
6629 0
6630 15
6631 15
6632 15
6633 15
6634 15
6635 0
6636 0
6637 15
6638 0
6639 0
6640 0
6641 0
6642 15
6643 15
6644 15
6645 0
6646 0
6647 0
6648 15
6649 15
6650 4
6651 15
6652 0
6653 15
6654 15
6655 4
6656 15
6657 15
6658 15
6659 0
6660 0
6661 15
6662 15
6663 15
6664 15
6665 0
6666 4
6667 15
6668 0
6669 15
6670 15
6671 15
6672 0
6673 0
6674 4
6675 15
6676 0
6677 0
6678 15
6679 0
6680 0
6681 15
6682 0
6683 0
6684 15
6685 4
6686 0
6687 0
6688 0
6689 0
6690 0
6691 0
6692 0
6693 0
6694 0
6695 0
6696 4
6697 4
6698 0
6699 0
6700 0
6701 4
6702 15
6703 0
6704 15
6705 0
6706 15
6707 15
6708 15
6709 4
6710 0
6711 15
6712 0
6713 0
6714 15
6715 4
6716 4
6717 0
6718 0
6719 0
6720 4
6721 0
6722 0
6723 15
6724 15
6725 4
6726 15
6727 15
6728 0
6729 15
6730 15
6731 0
6732 0
6733 0
6734 0
6735 0
6736 15
6737 15
6738 15
6739 15
6740 15
6741 15
6742 0
6743 0
6744 0
6745 4
6746 0
6747 4
6748 0
6749 4
6750 4
6751 15
6752 0
6753 0
6754 0
6755 15
6756 0
6757 0
6758 15
6759 0
6760 15
6761 0
6762 0
6763 4
6764 4
6765 15
6766 15
6767 15
6768 15
6769 0
6770 4
6771 0
6772 0
6773 15
6774 0
6775 0
6776 0
6777 15
6778 15
6779 0
6780 15
6781 15
6782 0
6783 15
6784 15
6785 15
6786 4
6787 4
6788 0
6789 15
6790 0
6791 15
6792 0
6793 4
6794 15
6795 0
6796 0
6797 0
6798 0
6799 0
6800 0
6801 0
6802 0
6803 15
6804 0
6805 15
6806 4
6807 4
6808 0
6809 0
6810 15
6811 15
6812 15
6813 4
6814 4
6815 4
6816 4
6817 15
6818 15
6819 0
6820 0
6821 4
6822 0
6823 0
6824 4
6825 15
6826 0
6827 0
6828 0
6829 15
6830 0
6831 15
6832 15
6833 15
6834 15
6835 4
6836 4
6837 4
6838 4
6839 0
6840 0
6841 15
6842 4
6843 0
6844 0
6845 8
6846 0
6847 0
6848 4
6849 4
6850 0
6851 4
6852 15
6853 0
6854 0
6855 0
6856 0
6857 4
6858 0
6859 0
6860 15
6861 15
6862 15
6863 15
6864 15
6865 15
6866 0
6867 15
6868 15
6869 15
6870 15
6871 15
6872 15
6873 15
6874 15
6875 15
6876 0
6877 0
6878 15
6879 0
6880 0
6881 0
6882 0
6883 0
6884 0
6885 0
6886 0
6887 4
6888 0
6889 0
6890 4
6891 4
6892 15
6893 0
6894 0
6895 0
6896 0
6897 0
6898 0
6899 0
6900 0
6901 13
6902 4
6903 4
6904 0
6905 0
6906 0
6907 4
6908 4
6909 0
6910 4
6911 4
6912 0
6913 4
6914 4
6915 4
6916 15
6917 4
6918 4
6919 0
6920 4
6921 4
6922 15
6923 4
6924 4
6925 0
6926 4
6927 0
6928 4
6929 0
6930 4
6931 4
6932 15
6933 15
6934 0
6935 0
6936 0
6937 15
6938 15
6939 0
6940 0
6941 0
6942 4
6943 4
6944 4
6945 4
6946 4
6947 15
6948 4
6949 15
6950 4
6951 15
6952 0
6953 4
6954 15
6955 15
6956 15
6957 15
6958 15
6959 15
6960 15
6961 15
6962 15
6963 15
6964 0
6965 4
6966 15
6967 15
6968 15
6969 15
6970 15
6971 15
6972 15
6973 15
6974 0
6975 0
6976 15
6977 0
6978 0
6979 0
6980 0
6981 0
6982 15
6983 4
6984 4
6985 15
6986 4
6987 4
6988 4
6989 0
6990 15
6991 15
6992 15
6993 15
6994 15
6995 15
6996 0
6997 4
6998 4
6999 15
7000 4
7001 12
7002 4
7003 0
7004 4
7005 0
7006 0
7007 0
7008 0
7009 0
7010 0
7011 0
7012 4
7013 0
7014 0
7015 0
7016 15
7017 0
7018 0
7019 15
7020 0
7021 0
7022 0
7023 15
7024 15
7025 0
7026 4
7027 0
7028 4
7029 15
7030 0
7031 15
7032 15
7033 4
7034 15
7035 15
7036 15
7037 15
7038 15
7039 15
7040 4
7041 15
7042 15
7043 15
7044 15
7045 15
7046 15
7047 15
7048 4
7049 15
7050 0
7051 4
7052 15
7053 15
7054 15
7055 0
7056 15
7057 15
7058 15
7059 15
7060 15
7061 15
7062 4
7063 15
7064 15
7065 15
7066 15
7067 15
7068 15
7069 15
7070 15
7071 15
7072 15
7073 15
7074 15
7075 15
7076 15
7077 15
7078 0
7079 15
7080 0
7081 0
7082 0
7083 0
7084 0
7085 0
7086 0
7087 0
7088 0
7089 0
7090 0
7091 0
7092 0
7093 0
7094 15
7095 4
7096 0
7097 0
7098 0
7099 15
7100 15
7101 15
7102 15
7103 15
7104 0
7105 0
7106 0
7107 0
7108 0
7109 0
7110 0
7111 0
7112 0
7113 0
7114 0
7115 15
7116 15
7117 0
7118 4
7119 0
7120 0
7121 4
7122 0
7123 0
7124 15
7125 0
7126 15
7127 15
7128 15
7129 15
7130 15
7131 15
7132 15
7133 15
7134 15
7135 0
7136 0
7137 15
7138 15
7139 5
7140 5
7141 5
7142 5
7143 5
7144 0
7145 5
7146 5
7147 5
7148 5
7149 0
7150 5
7151 5
7152 5
7153 5
7154 5
7155 5
7156 5
7157 5
7158 5
7159 5
7160 5
7161 5
7162 0
7163 15
7164 4
7165 0
7166 15
7167 15
7168 0
7169 15
7170 15
7171 0
7172 4
7173 15
7174 15
7175 15
7176 15
7177 15
7178 4
7179 15
7180 0
7181 15
7182 15
7183 15
7184 0
7185 15
7186 15
7187 0
7188 15
7189 15
7190 0
7191 0
7192 0
7193 15
7194 0
7195 15
7196 15
7197 15
7198 15
7199 15
7200 15
7201 15
7202 15
7203 15
7204 15
7205 15
7206 15
7207 15
7208 15
7209 15
7210 15
7211 15
7212 15
7213 15
7214 15
7215 15
7216 15
7217 15
7218 15
7219 15
7220 15
7221 15
7222 15
7223 15
7224 15
7225 15
7226 15
7227 15
7228 15
7229 15
7230 15
7231 15
7232 15
7233 15
7234 15
7235 15
7236 15
7237 15
7238 15
7239 15
7240 15
7241 15
7242 0
7243 4
7244 4
7245 0
7246 4
7247 0
7248 4
7249 4
7250 15
7251 15
7252 0
7253 15
7254 15
7255 15
7256 15
7257 15
7258 0
7259 0
7260 0
7261 0
7262 0
7263 4
7264 4
7265 4
7266 4
7267 0
7268 15
7269 15
7270 4
7271 0
7272 15
7273 4
7274 15
7275 0
7276 15
7277 4
7278 4
7279 4
7280 15
7281 15
7282 15
7283 4
7284 15
7285 15
7286 15
7287 15
7288 0
7289 0
7290 0
7291 15
7292 15
7293 15
7294 0
7295 0
7296 0
7297 4
7298 15
7299 15
7300 15
7301 15
7302 15
7303 15
7304 15
7305 15
7306 15
7307 4
7308 4
7309 4
7310 4
7311 4
7312 4
7313 4
7314 4
7315 15
7316 4
7317 15
7318 0
7319 0
7320 0
7321 4
7322 15
7323 17
7324 15
7325 4
7326 15
7327 15
7328 15
7329 15
7330 15
7331 15
7332 0
7333 15
7334 4
7335 15
7336 4
7337 15
7338 15
7339 15
7340 15
7341 4
7342 15
7343 15
7344 15
7345 15
7346 0
7347 15
7348 15
7349 15
7350 15
7351 0
7352 15
7353 15
7354 15
7355 15
7356 15
7357 15
7358 15
7359 15
7360 15
7361 15
7362 15
7363 15
7364 15
7365 15
7366 15
7367 15
7368 15
7369 15
7370 15
7371 15
7372 15
7373 15
7374 15
7375 15
7376 15
7377 15
7378 15
7379 15
7380 15
7381 15
7382 15
7383 15
7384 15
7385 15
7386 15
7387 15
7388 15
7389 15
7390 15
7391 15
7392 15
7393 15
7394 15
7395 15
7396 15
7397 15
7398 15
7399 15
7400 15
7401 15
7402 15
7403 15
7404 15
7405 15
7406 15
7407 15
7408 15
7409 15
7410 15
7411 15
7412 15
7413 15
7414 15
7415 6
7416 6
7417 6
7418 15
7419 15
7420 15
7421 0
7422 15
7423 15
7424 15
7425 15
7426 15
7427 0
7428 4
7429 7
7430 0
7431 7
7432 0
7433 0
7434 0
7435 0
7436 0
7437 0
7438 15
7439 0
7440 15
7441 15
7442 15
7443 15
7444 0
7445 0
7446 0
7447 0
7448 0
7449 15
7450 0
7451 9
7452 0
7453 15
7454 4
7455 4
7456 15
7457 0
7458 15
7459 0
7460 0
7461 0
7462 0
7463 0
7464 0
7465 0
7466 0
7467 0
7468 0
7469 0
7470 0
7471 15
7472 0
7473 0
7474 4
7475 15
7476 0
7477 15
7478 0
7479 15
7480 15
7481 0
7482 15
7483 15
7484 15
7485 15
7486 15
7487 15
7488 0
7489 0
7490 15
7491 0
7492 0
7493 15
7494 15
7495 15
7496 15
7497 15
7498 15
7499 0
7500 0
7501 11
7502 0
7503 4
7504 9
7505 0
7506 9
7507 9
7508 9
7509 9
7510 9
7511 9
7512 9
7513 9
7514 9
7515 9
7516 15
7517 9
7518 9
7519 9
7520 0
7521 9
7522 9
7523 9
7524 9
7525 15
7526 9
7527 9
7528 9
7529 9
7530 9
7531 9
7532 9
7533 9
7534 9
7535 9
7536 9
7537 0
7538 9
7539 9
7540 9
7541 9
7542 9
7543 9
7544 9
7545 15
7546 0
7547 0
7548 15
7549 0
7550 0
7551 15
7552 4
7553 4
7554 0
7555 0
7556 4
7557 4
7558 0
7559 0
7560 4
7561 0
7562 15
7563 0
7564 15
7565 4
7566 15
7567 4
7568 8
7569 8
7570 15
7571 0
7572 0
7573 0
7574 8
7575 8
7576 0
7577 0
7578 0
7579 0
7580 0
7581 0
7582 0
7583 0
7584 0
7585 0
7586 0
7587 0
7588 0
7589 4
7590 16
7591 0
7592 4
7593 4
7594 4
7595 0
7596 0
7597 16
7598 0
7599 0
7600 0
7601 4
7602 0
7603 15
7604 0
7605 4
7606 0
7607 0
7608 15
7609 4
7610 4
7611 15
7612 15
7613 0
7614 4
7615 15
7616 0
7617 15
7618 15
7619 15
7620 15
7621 0
7622 15
7623 15
7624 15
7625 4
7626 4
7627 0
7628 0
7629 0
7630 0
7631 15
7632 15
7633 15
7634 4
7635 15
7636 15
7637 15
7638 15
7639 15
7640 15
7641 15
7642 15
7643 15
7644 15
7645 15
7646 15
7647 15
7648 0
7649 4
7650 4
7651 0
7652 15
7653 0
7654 4
7655 4
7656 4
7657 4
7658 15
7659 15
7660 15
7661 15
7662 15
7663 15
7664 15
7665 15
7666 15
7667 15
7668 15
7669 10
7670 0
7671 10
7672 10
7673 10
7674 0
7675 15
7676 0
7677 15
7678 15
7679 15
7680 15
7681 15
7682 15
7683 15
7684 15
7685 15
7686 15
7687 15
7688 15
7689 15
7690 15
7691 15
7692 15
7693 15
7694 0
7695 0
7696 15
7697 4
7698 4
7699 17
7700 4
7701 15
7702 0
7703 15
7704 11
7705 11
7706 0
7707 11
7708 11
7709 17
7710 11
7711 11
7712 11
7713 4
7714 11
7715 0
7716 11
7717 15
7718 0
7719 11
7720 11
7721 15
7722 15
7723 0
7724 15
7725 15
7726 0
7727 15
7728 15
7729 13
7730 0
7731 15
7732 15
7733 15
7734 15
7735 15
7736 4
7737 15
7738 0
7739 15
7740 4
7741 15
7742 15
7743 0
7744 16
7745 0
7746 0
7747 0
7748 0
7749 0
7750 12
7751 0
7752 15
7753 4
7754 0
7755 15
7756 15
7757 15
7758 15
7759 15
7760 0
7761 0
7762 0
7763 15
7764 4
7765 4
7766 15
7767 15
7768 0
7769 15
7770 15
7771 0
7772 15
7773 15
7774 15
7775 15
7776 0
7777 15
7778 0
7779 0
7780 0
7781 0
7782 0
7783 0
7784 0
7785 0
7786 0
7787 0
7788 0
7789 0
7790 0
7791 0
7792 0
7793 0
7794 0
7795 0
7796 0
7797 0
7798 0
7799 0
7800 0
7801 0
7802 4
7803 0
7804 4
7805 0
7806 0
7807 0
7808 0
7809 0
7810 0
7811 0
7812 0
7813 0
7814 0
7815 0
7816 0
7817 0
7818 0
7819 0
7820 0
7821 0
7822 0
7823 0
7824 0
7825 0
7826 0
7827 0
7828 0
7829 0
7830 4
7831 0
7832 0
7833 0
7834 0
7835 0
7836 0
7837 0
7838 0
7839 0
7840 0
7841 0
7842 0
7843 0
7844 0
7845 0
7846 0
7847 0
7848 0
7849 0
7850 0
7851 0
7852 0
7853 0
7854 0
7855 0
7856 0
7857 0
7858 0
7859 0
7860 0
7861 0
7862 0
7863 0
7864 0
7865 0
7866 0
7867 0
7868 0
7869 0
7870 0
7871 0
7872 0
7873 0
7874 0
7875 0
7876 0
7877 0
7878 0
7879 0
7880 0
7881 0
7882 0
7883 0
7884 0
7885 0
7886 0
7887 0
7888 0
7889 0
7890 0
7891 0
7892 0
7893 0
7894 0
7895 0
7896 0
7897 0
7898 0
7899 0
7900 0
7901 0
7902 0
7903 0
7904 0
7905 0
7906 0
7907 0
7908 0
7909 0
7910 0
7911 0
7912 0
7913 0
7914 0
7915 0
7916 0
7917 0
7918 0
7919 0
7920 0
7921 0
7922 0
7923 0
7924 0
7925 0
7926 0
7927 0
7928 0
7929 0
7930 0
7931 0
7932 0
7933 0
7934 0
7935 0
7936 0
7937 0
7938 0
7939 0
7940 0
7941 0
7942 0
7943 0
7944 0
7945 0
7946 0
7947 0
7948 0
7949 0
7950 0
7951 0
7952 0
7953 0
7954 0
7955 0
7956 0
7957 15
7958 0
7959 0
7960 0
7961 0
7962 0
7963 0
7964 0
7965 0
7966 0
7967 0
7968 0
7969 0
7970 15
7971 0
7972 4
7973 12
7974 12
7975 12
7976 0
7977 12
7978 12
7979 12
7980 12
7981 12
7982 12
7983 12
7984 12
7985 12
7986 4
7987 12
7988 15
7989 0
7990 13
7991 13
7992 0
7993 13
7994 0
7995 13
7996 13
7997 13
7998 13
7999 13
8000 13
8001 15
8002 13
8003 13
8004 13
8005 0
8006 0
8007 0
8008 13
8009 13
8010 15
8011 15
8012 13
8013 13
8014 13
8015 15
8016 13
8017 15
8018 13
8019 12
8020 13
8021 0
8022 13
8023 13
8024 0
8025 15
8026 13
8027 13
8028 0
8029 0
8030 4
8031 0
8032 4
8033 0
8034 4
8035 4
8036 4
8037 4
8038 0
8039 15
8040 0
8041 0
8042 0
8043 0
8044 0
8045 0
8046 0
8047 0
8048 0
8049 0
8050 0
8051 0
8052 0
8053 0
8054 0
8055 0
8056 0
8057 0
8058 0
8059 0
8060 0
8061 0
8062 0
8063 0
8064 0
8065 0
8066 0
8067 0
8068 0
8069 0
8070 0
8071 0
8072 0
8073 0
8074 0
8075 0
8076 0
8077 0
8078 0
8079 0
8080 0
8081 15
8082 15
8083 0
8084 4
8085 0
8086 0
8087 4
8088 4
8089 15
8090 4
8091 4
8092 4
8093 4
8094 15
8095 15
8096 15
8097 15
8098 15
8099 15
8100 15
8101 15
8102 0
8103 12
8104 0
8105 15
8106 0
8107 0
8108 15
8109 15
8110 0
8111 15
8112 0
8113 0
8114 15
8115 15
8116 15
8117 4
8118 4
8119 4
8120 4
8121 4
8122 4
8123 4
8124 4
8125 4
8126 17
8127 4
8128 0
8129 0
8130 15
8131 15
8132 15
8133 15
8134 15
8135 15
8136 15
8137 15
8138 15
8139 15
8140 15
8141 15
8142 15
8143 15
8144 15
8145 15
8146 15
8147 15
8148 4
8149 15
8150 15
8151 15
8152 15
8153 15
8154 15
8155 15
8156 15
8157 15
8158 15
8159 15
8160 15
8161 15
8162 15
8163 15
8164 4
8165 4
8166 4
8167 4
8168 15
8169 0
8170 4
8171 0
8172 0
8173 0
8174 0
8175 0
8176 0
8177 0
8178 0
8179 0
8180 0
8181 0
8182 0
8183 0
8184 0
8185 0
8186 0
8187 0
8188 0
8189 0
8190 4
8191 0
8192 0
8193 0
8194 4
8195 0
8196 0
8197 0
8198 0
8199 0
8200 0
8201 0
8202 0
8203 0
8204 0
8205 0
8206 0
8207 0
8208 0
8209 15
8210 15
8211 4
8212 4
8213 0
8214 4
8215 4
8216 15
8217 15
8218 15
8219 15
8220 15
8221 0
8222 15
8223 15
8224 15
8225 15
8226 4
8227 0
8228 4
8229 4
8230 0
8231 4
8232 15
8233 4
8234 0
8235 0
8236 4
8237 0
8238 4
8239 4
8240 15
8241 4
8242 15
8243 4
8244 15
8245 4
8246 15
8247 15
8248 4
8249 15
8250 0
8251 0
8252 0
8253 0
8254 0
8255 4
8256 15
8257 4
8258 4
8259 0
8260 0
8261 0
8262 0
8263 0
8264 0
8265 0
8266 0
8267 0
8268 0
8269 0
8270 0
8271 0
8272 0
8273 0
8274 0
8275 0
8276 0
8277 0
8278 0
8279 0
8280 0
8281 0
8282 0
8283 0
8284 0
8285 0
8286 14
8287 14
8288 14
8289 14
8290 15
8291 15
8292 0
8293 0
8294 15
8295 15
8296 15
8297 15
8298 4
8299 4
8300 4
8301 4
8302 4
8303 4
8304 4
8305 4
8306 4
8307 15
8308 4
8309 4
8310 4
8311 4
8312 4
8313 4
8314 4
8315 4
8316 4
8317 4
8318 4
8319 4
8320 4
8321 4
8322 4
8323 4
8324 4
8325 4
8326 4
8327 4
8328 4
8329 4
8330 4
8331 0
8332 4
8333 4
8334 4
8335 0
8336 4
8337 4
8338 4
8339 0
8340 0
8341 0
8342 0
8343 4
8344 15
8345 0
8346 0
8347 4
8348 15
8349 4
8350 15
8351 4
8352 0
8353 0
8354 4
8355 4
8356 4
8357 4
8358 0
8359 0
8360 4
8361 0
8362 0
8363 0
8364 0
8365 0
8366 0
8367 0
8368 0
8369 15
8370 15
8371 15
8372 15
8373 15
8374 15
8375 15
8376 15
8377 15
8378 15
8379 15
8380 15
8381 15
8382 15
8383 15
8384 15
8385 15
8386 15
8387 15
8388 15
8389 15
8390 15
8391 15
8392 15
8393 15
8394 15
8395 15
8396 15
8397 15
8398 15
8399 15
8400 15
8401 15
8402 15
8403 15
8404 15
8405 15
8406 15
8407 15
8408 15
8409 15
8410 15
8411 15
8412 15
8413 15
8414 15
8415 15
8416 15
8417 15
8418 15
8419 4
8420 15
8421 0
8422 0
8423 0
8424 0
8425 4
8426 0
8427 4
8428 0
8429 0
8430 0
8431 0
8432 0
8433 0
8434 0
8435 0
8436 0
8437 0
8438 0
8439 0
8440 15
8441 15
8442 15
8443 4
8444 15
8445 4
8446 0
8447 4
8448 4
8449 0
8450 15
8451 4
8452 4
8453 15
8454 0
8455 15
8456 0
8457 0
8458 4
8459 15
8460 15
8461 15
8462 4
8463 15
8464 4
8465 15
8466 4
8467 15
8468 0
8469 15
8470 4
8471 4
8472 0
8473 0
8474 4
8475 4
8476 4
8477 4
8478 15
8479 15
8480 15
8481 15
8482 15
8483 15
8484 0
8485 0
8486 0
8487 0
8488 0
8489 0
8490 4
8491 0
8492 0
8493 0
8494 15
8495 15
8496 15
8497 15
8498 15
8499 15
8500 15
8501 15
8502 15
8503 15
8504 4
8505 4
8506 4
8507 15
8508 4
8509 15
8510 15
8511 4
8512 4
8513 15
8514 15
8515 15
8516 15
8517 4
8518 15
8519 15
8520 15
8521 15
8522 4
8523 15
8524 15
8525 15
8526 15
8527 15
8528 15
8529 0
8530 0
8531 0
8532 15
8533 15
8534 15
8535 15
8536 15
8537 0
8538 0
8539 0
8540 0
8541 4
8542 4
8543 15
8544 15
8545 0
8546 4
8547 15
8548 15
8549 15
8550 15
8551 15
8552 15
8553 15
8554 15
8555 15
8556 0
8557 15
8558 15
8559 15
8560 0
8561 15
8562 15
8563 15
8564 15
8565 15
8566 0
8567 15
8568 0
8569 15
8570 4
8571 4
8572 4
8573 15
8574 15
8575 4
8576 4
8577 4
8578 4
8579 4
8580 0
8581 0
8582 0
8583 15
8584 15
8585 15
8586 15
8587 15
8588 15
8589 4
8590 4
8591 4
8592 4
8593 4
8594 4
8595 0
8596 0
8597 15
8598 0
8599 4
8600 0
8601 0
8602 0
8603 0
8604 0
8605 0
8606 4
8607 0
8608 16
8609 16
8610 16
8611 16
8612 16
8613 16
8614 16
8615 16
8616 16
8617 16
8618 16
8619 0
8620 4
8621 0
8622 0
8623 0
8624 0
8625 0
8626 0
8627 0
8628 0
8629 0
8630 0
8631 0
8632 0
8633 0
8634 0
8635 0
8636 0
8637 0
8638 0
8639 0
8640 0
8641 0
8642 0
8643 0
8644 0
8645 0
8646 0
8647 0
8648 0
8649 0
8650 0
8651 0
8652 15
8653 15
8654 4
8655 0
8656 0
8657 0
8658 0
8659 15
8660 15
8661 15
8662 15
8663 15
8664 15
8665 15
8666 4
8667 4
8668 4
8669 3
8670 15
8671 0
8672 0
8673 15
8674 0
8675 15
8676 15
8677 4
8678 4
8679 4
8680 0
8681 0
8682 0
8683 0
8684 0
8685 0
8686 0
8687 0
8688 0
8689 0
8690 4
8691 4
8692 4
8693 15
8694 0
8695 0
8696 0
8697 15
8698 4
8699 0
8700 15
8701 4
8702 15
8703 15
8704 4
8705 15
8706 17
8707 17
8708 17
8709 17
8710 17
8711 17
8712 0
8713 0
8714 0
8715 15
8716 4
8717 15
8718 4
8719 0
8720 0
8721 0
8722 0
8723 15
8724 15
8725 0
8726 15
8727 15
8728 15
8729 15
8730 15
8731 15
8732 15
8733 15
8734 15
8735 0
8736 0
8737 15
8738 4
8739 4
8740 4
8741 4
8742 15
8743 15
8744 15
8745 15
8746 15
8747 15
8748 15
8749 15
8750 15
8751 15
8752 15
8753 15
8754 15
8755 15
8756 15
8757 15
8758 15
8759 15
8760 15
8761 15
8762 15
8763 15
8764 0
8765 4
8766 0
8767 0
8768 15
8769 15
8770 0
8771 0
8772 0
8773 15
8774 15
8775 15
8776 15
8777 15
8778 15
8779 15
8780 0
8781 0
8782 15
8783 15
8784 0
0 2
1 0
2 1
3 2
4 3
5 4
6 7
7 7
8 4
9 4
10 5
11 4
12 6
13 6
14 7
15 7
16 8
17 2
0 0
1 1
2 2
3 3
4 4
5 5
6 6
7 7
8 8
1e-06 0.0958781 445
