0 0
1 0
2 1
3 0
4 3
5 3
6 2
7 0
8 3
9 3
10 1
11 3
12 1
13 0
14 0
15 2
16 0
17 0
18 0
19 3
20 3
21 3
22 2
23 0
24 2
25 2
26 3
27 0
28 0
29 3
30 3
31 3
32 1
33 0
34 3
35 3
36 1
37 0
38 3
39 3
40 2
41 2
42 3
43 0
44 0
45 2
46 1
47 3
48 3
49 3
50 0
51 0
52 3
53 2
54 0
55 0
56 0
57 2
58 3
59 3
60 3
61 0
62 0
63 2
64 3
65 3
66 2
67 1
68 1
69 0
70 3
71 3
72 2
73 3
74 0
75 2
76 2
77 3
78 1
79 1
80 3
81 3
82 0
83 2
84 0
85 2
86 0
87 0
88 2
89 1
90 2
91 0
92 1
93 1
94 3
95 0
96 3
97 0
98 3
99 2
100 0
101 0
102 1
103 1
104 3
105 0
106 1
107 0
108 3
109 3
110 3
111 0
112 0
113 1
114 1
115 0
116 0
117 3
118 1
119 0
120 2
121 3
122 1
123 0
124 0
125 1
126 0
127 0
128 0
129 2
130 2
131 0
132 0
133 3
134 2
135 0
136 1
137 3
138 1
139 3
140 0
141 3
142 1
143 2
144 3
145 1
146 3
147 0
148 3
149 3
150 0
151 0
152 0
153 0
154 2
155 0
156 2
157 2
158 1
159 0
160 3
161 3
162 0
163 2
164 0
165 0
166 0
167 2
168 0
169 3
170 2
171 3
172 3
173 3
174 2
175 1
176 3
177 3
178 3
179 1
180 0
181 2
182 1
183 1
184 1
185 0
186 2
187 1
188 1
189 3
190 0
191 1
192 3
193 1
194 3
195 3
196 3
197 2
198 1
199 3
200 3
201 1
202 2
203 3
204 0
205 0
206 3
207 3
208 3
209 3
210 3
211 2
212 2
213 0
214 3
215 3
216 3
217 3
218 2
219 1
220 2
221 0
222 1
223 0
224 3
225 3
226 3
227 2
228 2
229 3
230 0
231 3
232 3
233 3
234 3
235 1
236 1
237 0
238 0
239 3
240 3
241 3
242 0
243 3
244 3
245 3
246 3
247 2
248 3
249 0
250 3
251 1
252 1
253 3
254 0
255 3
256 3
257 0
258 3
259 3
260 0
261 3
262 3
263 3
264 3
265 3
266 3
267 3
268 3
269 0
270 3
271 3
272 0
273 3
274 1
275 3
276 3
277 0
278 0
279 2
280 3
281 1
282 2
283 3
284 3
285 0
286 2
287 0
288 0
289 0
290 3
291 0
292 0
293 3
294 3
295 0
296 3
297 3
298 3
299 1
300 2
301 0
302 1
303 0
304 2
305 0
306 3
307 1
308 3
309 0
310 0
311 0
312 3
313 2
314 2
315 0
316 3
317 0
318 0
319 0
320 3
321 2
322 0
323 2
324 2
325 3
326 3
327 3
328 2
329 2
330 2
331 1
332 2
333 2
334 0
335 3
336 0
337 0
338 0
339 3
340 0
341 3
342 0
343 0
344 2
345 3
346 0
347 0
348 0
349 3
350 1
351 0
352 3
353 0
354 1
355 0
356 2
357 3
358 3
359 0
360 0
361 1
362 3
363 1
364 0
365 1
366 1
367 0
368 3
369 2
370 3
371 0
372 0
373 2
374 0
375 2
376 2
377 2
378 0
379 1
380 0
381 0
382 0
383 0
384 2
385 1
386 3
387 3
388 0
389 1
390 0
391 3
392 3
393 3
394 0
395 0
396 1
397 0
398 0
399 2
400 1
401 1
402 1
403 3
404 0
405 0
406 0
407 1
408 2
409 2
410 3
411 1
412 0
413 0
414 3
415 0
416 3
417 0
418 0
419 3
420 0
421 1
422 3
423 0
424 0
425 0
426 3
427 1
428 2
429 0
430 3
431 3
432 3
433 0
434 1
435 3
436 2
437 3
438 3
439 0
440 1
441 3
442 0
443 3
444 0
445 1
446 0
447 0
448 0
449 3
450 3
451 2
452 3
453 0
454 1
455 1
456 1
457 2
458 0
459 3
460 3
461 0
462 0
463 0
464 1
465 3
466 0
467 3
468 0
469 2
470 0
471 2
472 1
473 3
474 3
475 0
476 0
477 2
478 2
479 0
480 1
481 2
482 2
483 3
484 0
485 3
486 3
487 3
488 3
489 1
490 0
491 3
492 3
493 1
494 0
495 0
496 3
497 0
498 3
499 1
500 2
501 0
502 0
503 0
504 0
505 3
506 0
507 3
508 2
509 3
510 0
511 0
512 1
513 1
514 1
515 1
516 3
517 0
518 1
519 0
520 0
521 0
522 1
523 2
524 0
525 0
526 3
527 3
528 1
529 0
530 0
531 0
532 1
533 3
534 0
535 0
536 0
537 0
538 3
539 1
540 0
541 1
542 0
543 0
544 2
545 3
546 2
547 3
548 3
549 0
550 0
551 3
552 1
553 1
554 1
555 3
556 1
557 3
558 0
559 0
560 3
561 0
562 0
563 3
564 1
565 0
566 0
567 0
568 0
569 3
570 1
571 1
572 0
573 2
574 1
575 1
576 1
577 1
578 3
579 0
580 0
581 1
582 3
583 1
584 1
585 3
586 2
587 0
588 0
589 3
590 2
591 0
592 0
593 3
594 0
595 0
596 0
597 3
598 0
599 3
600 3
601 1
602 0
603 1
604 3
605 3
606 2
607 3
608 3
609 2
610 0
611 3
612 3
613 0
614 0
615 0
616 2
617 1
618 3
619 2
620 3
621 3
622 3
623 3
624 3
625 1
626 3
627 3
628 3
629 3
630 3
631 3
632 0
633 3
634 3
635 3
636 3
637 3
638 3
639 3
640 3
641 3
642 3
643 3
644 3
645 3
646 3
647 3
648 3
649 3
650 2
651 3
652 3
653 3
654 2
655 3
656 3
657 2
658 2
659 3
660 3
661 3
662 3
663 3
664 3
665 3
666 3
667 3
668 1
669 3
670 1
671 3
672 2
673 3
674 3
675 1
676 3
677 3
678 3
679 2
680 3
681 3
682 3
683 2
684 3
685 3
686 3
687 3
688 3
689 1
690 1
691 1
692 1
693 1
694 3
695 1
696 1
697 2
698 1
699 0
700 0
701 3
702 0
703 2
704 3
705 2
706 3
707 3
708 3
709 0
710 3
711 0
712 0
713 2
714 3
715 3
716 3
717 0
718 2
719 0
720 0
721 0
722 3
723 3
724 0
725 0
726 1
727 0
728 3
729 1
730 3
731 0
732 0
733 1
734 0
735 0
736 0
737 0
738 2
739 1
740 3
741 3
742 0
743 0
744 0
745 2
746 1
747 1
748 1
749 3
750 0
751 0
752 3
753 3
754 0
755 2
756 1
757 0
758 0
759 0
760 0
761 1
762 1
763 0
764 0
765 3
766 0
767 2
768 3
769 3
770 3
771 2
772 0
773 0
774 0
775 1
776 0
777 1
778 0
779 3
780 0
781 3
782 0
783 0
784 1
785 3
786 3
787 3
788 0
789 0
790 0
791 0
792 2
793 2
794 3
795 2
796 2
797 0
798 0
799 0
800 0
801 0
802 3
803 0
804 3
805 3
806 3
807 0
808 3
809 3
810 0
811 1
812 3
813 0
814 2
815 3
816 0
817 2
818 2
819 0
820 1
821 0
822 3
823 0
824 0
825 0
826 0
827 2
828 3
829 1
830 1
831 1
832 1
833 2
834 1
835 0
836 0
837 1
838 0
839 0
840 3
841 3
842 3
843 3
844 3
845 1
846 3
847 2
848 0
849 3
850 3
851 0
852 0
853 3
854 0
855 2
856 3
857 0
858 2
859 3
860 0
861 3
862 2
863 2
864 3
865 3
866 1
867 2
868 2
869 2
870 2
871 1
872 2
873 1
874 0
875 3
876 2
877 3
878 0
879 2
880 0
881 3
882 0
883 3
884 2
885 0
886 0
887 0
888 0
889 1
890 1
891 3
892 0
893 2
894 0
895 2
896 0
897 3
898 3
899 3
900 0
901 0
902 0
903 0
904 3
905 1
906 2
907 3
908 1
909 3
910 2
911 3
912 3
913 0
914 0
915 1
916 3
917 0
918 2
919 2
920 3
921 3
922 1
923 2
924 3
925 0
926 0
927 2
928 1
929 3
930 2
931 0
932 3
933 0
934 2
935 3
936 1
937 0
938 3
939 0
940 0
941 3
942 0
943 2
944 2
945 3
946 1
947 0
948 3
949 3
950 0
951 0
952 3
953 0
954 0
955 3
956 0
957 3
958 1
959 2
960 3
961 2
962 0
963 0
964 0
965 2
966 3
967 3
968 3
969 2
970 2
971 3
972 0
973 2
974 1
975 2
976 0
977 0
978 0
979 1
980 3
981 2
982 3
983 3
984 3
985 3
986 3
987 3
988 2
989 1
990 3
991 0
992 3
993 0
994 1
995 3
996 3
997 0
998 0
999 0
1000 0
1001 0
1002 0
1003 1
1004 2
1005 0
1006 0
1007 2
1008 3
1009 2
1010 2
1011 3
1012 0
1013 3
1014 0
1015 1
1016 1
1017 3
1018 1
1019 2
1020 1
1021 1
1022 3
1023 0
1024 3
1025 0
1026 0
1027 3
1028 0
1029 0
1030 3
1031 0
1032 0
1033 0
1034 3
1035 0
1036 0
1037 2
1038 0
1039 0
1040 3
1041 0
1042 0
1043 0
1044 1
1045 0
1046 1
1047 0
1048 3
1049 0
1050 2
1051 3
1052 3
1053 0
1054 0
1055 0
1056 1
1057 3
1058 0
1059 0
1060 3
1061 0
1062 1
1063 0
1064 3
1065 2
1066 2
1067 1
1068 1
1069 0
1070 3
1071 3
1072 0
1073 0
1074 3
1075 1
1076 1
1077 3
1078 0
1079 3
1080 3
1081 2
1082 0
1083 0
1084 0
1085 2
1086 1
1087 1
1088 1
1089 0
1090 2
1091 0
1092 1
1093 0
1094 0
1095 0
1096 0
1097 0
1098 3
1099 1
1100 0
1101 0
1102 3
1103 0
1104 3
1105 1
1106 0
1107 0
1108 0
1109 0
1110 0
1111 3
1112 2
1113 1
1114 1
1115 1
1116 3
1117 3
1118 1
1119 1
1120 0
1121 3
1122 0
1123 2
1124 3
1125 2
1126 3
1127 0
1128 1
1129 0
1130 3
1131 3
1132 0
1133 0
1134 3
1135 3
1136 3
1137 3
1138 3
1139 3
1140 0
1141 3
1142 2
1143 2
1144 2
1145 1
1146 2
1147 1
1148 3
1149 1
1150 2
1151 0
1152 0
1153 1
1154 3
1155 3
1156 0
1157 2
1158 3
1159 3
1160 3
1161 2
1162 1
1163 0
1164 1
1165 0
1166 3
1167 0
1168 1
1169 3
1170 0
1171 2
1172 0
1173 3
1174 0
1175 3
1176 3
1177 3
1178 2
1179 2
1180 3
1181 0
1182 2
1183 0
1184 1
1185 3
1186 3
1187 3
1188 3
1189 3
1190 2
1191 0
1192 3
1193 2
1194 3
1195 1
1196 1
1197 0
1198 3
1199 3
1200 0
1201 3
1202 3
1203 3
1204 3
1205 0
1206 2
1207 0
1208 3
1209 3
1210 0
1211 0
1212 1
1213 0
1214 3
1215 3
1216 0
1217 3
1218 2
1219 0
1220 0
1221 0
1222 3
1223 0
1224 0
1225 1
1226 0
1227 0
1228 0
1229 0
1230 0
1231 1
1232 1
1233 3
1234 0
1235 3
1236 0
1237 0
1238 3
1239 0
1240 0
1241 0
1242 0
1243 3
1244 3
1245 1
1246 0
1247 1
1248 2
1249 1
1250 2
1251 3
1252 3
1253 3
1254 2
1255 3
1256 3
1257 0
1258 2
1259 3
1260 1
1261 0
1262 2
1263 1
1264 3
1265 2
1266 0
1267 0
1268 0
1269 3
1270 3
1271 0
1272 2
1273 3
1274 1
1275 0
1276 3
1277 3
1278 3
1279 0
1280 0
1281 0
1282 3
1283 0
1284 0
1285 0
1286 0
1287 1
1288 3
1289 3
1290 1
1291 3
1292 3
1293 0
1294 3
1295 3
1296 3
1297 3
1298 3
1299 0
1300 0
1301 1
1302 3
1303 3
1304 2
1305 3
1306 1
1307 3
1308 1
1309 3
1310 3
1311 1
1312 1
1313 2
1314 0
1315 1
1316 3
1317 2
1318 0
1319 0
1320 1
1321 0
1322 3
1323 3
1324 3
1325 0
1326 3
1327 0
1328 2
1329 3
1330 3
1331 3
1332 0
1333 0
1334 0
1335 3
1336 3
1337 3
1338 2
1339 3
1340 3
1341 2
1342 3
1343 0
1344 3
1345 3
1346 3
1347 1
1348 3
1349 1
1350 3
1351 3
1352 1
1353 3
1354 3
1355 0
1356 2
1357 2
1358 3
1359 1
1360 0
1361 1
1362 0
1363 3
1364 1
1365 2
1366 2
1367 3
1368 3
1369 3
1370 1
1371 3
1372 0
1373 2
1374 0
1375 1
1376 3
1377 3
1378 0
1379 3
1380 0
1381 2
1382 1
1383 0
1384 0
1385 3
1386 3
1387 1
1388 3
1389 3
1390 3
1391 0
1392 2
1393 0
1394 3
1395 0
1396 0
1397 0
1398 0
1399 0
1400 3
1401 3
1402 0
1403 0
1404 0
1405 2
1406 0
1407 3
1408 3
1409 0
1410 1
1411 3
1412 3
1413 0
1414 0
1415 0
1416 0
1417 2
1418 2
1419 3
1420 3
1421 0
1422 0
1423 3
1424 1
1425 2
1426 3
1427 3
1428 2
1429 3
1430 0
1431 1
1432 0
1433 0
1434 3
1435 0
1436 1
1437 2
1438 0
1439 0
1440 3
1441 2
1442 1
1443 3
1444 2
1445 0
1446 1
1447 0
1448 3
1449 3
1450 2
1451 1
1452 0
1453 3
1454 3
1455 3
1456 3
1457 0
1458 3
1459 3
1460 0
1461 2
1462 0
1463 2
1464 3
1465 3
1466 3
1467 3
1468 0
1469 3
1470 3
1471 3
1472 1
1473 0
1474 0
1475 3
1476 0
1477 0
1478 0
1479 2
1480 2
1481 2
1482 2
1483 1
1484 3
1485 3
1486 0
1487 3
1488 3
1489 2
1490 0
1491 3
1492 3
1493 3
1494 3
1495 3
1496 0
1497 1
1498 2
1499 1
1500 3
1501 3
1502 3
1503 0
1504 0
1505 0
1506 3
1507 3
1508 0
1509 0
1510 3
1511 3
1512 3
1513 3
1514 3
1515 1
1516 3
1517 3
1518 3
1519 3
1520 3
1521 3
1522 3
1523 3
1524 1
1525 3
1526 3
1527 3
1528 0
1529 2
1530 2
1531 3
1532 0
1533 3
1534 0
1535 1
1536 1
1537 3
1538 3
1539 3
1540 3
1541 2
1542 3
1543 3
1544 0
1545 3
1546 0
1547 1
1548 0
1549 3
1550 2
1551 3
1552 2
1553 2
1554 0
1555 0
1556 3
1557 1
1558 0
1559 3
1560 0
1561 0
1562 3
1563 0
1564 0
1565 2
1566 1
1567 3
1568 2
1569 3
1570 3
1571 3
1572 3
1573 3
1574 1
1575 1
1576 1
1577 3
1578 1
1579 0
1580 2
1581 3
1582 2
1583 1
1584 0
1585 3
1586 2
1587 1
1588 1
1589 0
1590 3
1591 3
1592 2
1593 2
1594 2
1595 2
1596 2
1597 1
1598 2
1599 2
1600 3
1601 3
1602 3
1603 1
1604 2
1605 2
1606 2
1607 2
1608 1
1609 3
1610 2
1611 2
1612 2
1613 3
1614 2
1615 0
1616 2
1617 1
1618 3
1619 3
1620 0
1621 2
1622 3
1623 0
1624 0
1625 3
1626 0
1627 0
1628 1
1629 3
1630 2
1631 0
1632 2
1633 2
1634 0
1635 0
1636 0
1637 2
1638 3
1639 0
1640 0
1641 3
1642 3
1643 1
1644 3
1645 0
1646 1
1647 2
1648 1
1649 0
1650 0
1651 0
1652 0
1653 1
1654 1
1655 0
1656 1
1657 0
1658 3
1659 3
1660 3
1661 0
1662 3
1663 1
1664 0
1665 3
1666 1
1667 0
1668 0
1669 1
1670 1
1671 3
1672 3
1673 3
1674 1
1675 0
1676 3
1677 3
1678 3
1679 0
1680 3
1681 0
1682 3
1683 0
1684 1
1685 0
1686 0
1687 1
1688 0
1689 3
1690 2
1691 2
1692 2
1693 0
1694 0
1695 1
1696 3
1697 0
1698 2
1699 3
1700 0
1701 0
1702 0
1703 0
1704 3
1705 0
1706 3
1707 0
1708 0
1709 0
1710 0
1711 2
1712 0
1713 3
1714 0
1715 0
1716 2
1717 3
1718 0
1719 0
1720 3
1721 0
1722 3
1723 1
1724 3
1725 2
1726 0
1727 0
1728 0
1729 0
1730 0
1731 3
1732 0
1733 3
1734 3
1735 0
1736 0
1737 2
1738 0
1739 0
1740 2
1741 2
1742 3
1743 1
1744 1
1745 1
1746 3
1747 2
1748 1
1749 2
1750 0
1751 3
1752 1
1753 3
1754 1
1755 1
1756 3
1757 0
1758 3
1759 2
1760 0
1761 3
1762 3
1763 3
1764 1
1765 0
1766 0
1767 3
1768 0
1769 2
1770 3
1771 0
1772 0
1773 2
1774 1
1775 0
1776 3
1777 0
1778 3
1779 0
1780 3
1781 0
1782 3
1783 3
1784 0
1785 3
1786 0
1787 2
1788 1
1789 0
1790 3
1791 1
1792 3
1793 3
1794 3
1795 0
1796 0
1797 3
1798 3
1799 0
1800 1
1801 3
1802 0
1803 0
1804 0
1805 0
1806 0
1807 0
1808 3
1809 3
1810 3
1811 3
1812 3
1813 3
1814 0
1815 0
1816 0
1817 0
1818 0
1819 0
1820 3
1821 0
1822 3
1823 2
1824 3
1825 2
1826 3
1827 0
1828 3
1829 0
1830 3
1831 3
1832 0
1833 3
1834 0
1835 2
1836 0
1837 0
1838 0
1839 0
1840 3
1841 3
1842 3
1843 3
1844 3
1845 3
1846 0
1847 0
1848 3
1849 2
1850 0
1851 3
1852 1
1853 3
1854 1
1855 3
1856 3
1857 0
1858 3
1859 0
1860 3
1861 0
1862 3
1863 3
1864 0
1865 2
1866 1
1867 3
1868 0
1869 3
1870 1
1871 3
1872 3
1873 0
1874 2
1875 0
1876 3
1877 1
1878 0
1879 2
1880 3
1881 0
1882 0
1883 1
1884 0
1885 2
1886 0
1887 2
1888 1
1889 0
1890 1
1891 3
1892 2
1893 0
1894 3
1895 0
1896 3
1897 0
1898 0
1899 0
1900 0
1901 0
1902 3
1903 3
1904 3
1905 0
1906 3
1907 0
1908 1
1909 3
1910 1
1911 1
1912 3
1913 3
1914 0
1915 3
1916 3
1917 1
1918 2
1919 2
1920 3
1921 0
1922 0
1923 0
1924 2
1925 0
1926 3
1927 0
1928 3
1929 0
1930 0
1931 0
1932 3
1933 3
1934 0
1935 3
1936 2
1937 2
1938 2
1939 0
1940 3
1941 0
1942 0
1943 1
1944 3
1945 1
1946 2
1947 0
1948 0
1949 0
1950 3
1951 0
1952 3
1953 0
1954 3
1955 0
1956 3
1957 2
1958 0
1959 3
1960 3
1961 0
1962 2
1963 3
1964 0
1965 0
1966 0
1967 0
1968 2
1969 2
1970 3
1971 0
1972 0
1973 0
1974 2
1975 2
1976 0
1977 0
1978 3
1979 3
1980 3
1981 0
1982 2
1983 1
1984 0
1985 3
1986 3
1987 0
1988 3
1989 3
1990 2
1991 3
1992 2
1993 2
1994 2
1995 3
1996 2
1997 1
1998 0
1999 2
2000 0
2001 3
2002 3
2003 3
2004 1
2005 2
2006 0
2007 0
2008 3
2009 3
2010 0
2011 0
2012 0
2013 3
2014 1
2015 3
2016 0
2017 2
2018 0
2019 1
2020 0
2021 1
2022 2
2023 0
2024 3
2025 2
2026 3
2027 3
2028 1
2029 3
2030 0
2031 1
2032 3
2033 2
2034 0
2035 3
2036 0
2037 3
2038 2
2039 0
2040 0
2041 2
2042 3
2043 0
2044 3
2045 0
2046 1
2047 2
2048 2
2049 2
2050 1
2051 3
2052 2
2053 3
2054 0
2055 3
2056 1
2057 1
2058 2
2059 0
2060 0
2061 2
2062 2
2063 1
2064 3
2065 1
2066 3
2067 3
2068 0
2069 0
2070 2
2071 3
2072 3
2073 2
2074 0
2075 3
2076 3
2077 0
2078 3
2079 0
2080 1
2081 3
2082 3
2083 0
2084 3
2085 3
2086 2
2087 3
2088 3
2089 3
2090 3
2091 0
2092 3
2093 0
2094 3
2095 3
2096 3
2097 2
2098 2
2099 2
2100 3
2101 3
2102 3
2103 3
2104 3
2105 0
2106 3
2107 2
2108 3
2109 3
2110 2
2111 3
2112 3
2113 3
2114 0
2115 0
2116 0
2117 3
2118 0
2119 1
2120 2
2121 0
2122 0
2123 3
2124 1
2125 0
2126 1
2127 2
2128 0
2129 0
2130 3
2131 2
2132 0
2133 2
2134 3
2135 0
2136 3
2137 3
2138 3
2139 3
2140 3
2141 3
2142 3
2143 3
2144 3
2145 0
2146 3
2147 0
2148 3
2149 1
2150 0
2151 0
2152 3
2153 3
2154 0
2155 3
2156 0
2157 0
2158 0
2159 3
2160 2
2161 2
2162 1
2163 1
2164 0
2165 0
2166 2
2167 3
2168 3
2169 2
2170 1
2171 2
2172 2
2173 0
2174 3
2175 0
2176 0
2177 3
2178 3
2179 3
2180 0
2181 3
2182 3
2183 2
2184 2
2185 0
2186 1
2187 0
2188 3
2189 2
2190 2
2191 0
2192 3
2193 3
2194 3
2195 2
2196 0
2197 1
2198 3
2199 0
2200 3
2201 2
2202 3
2203 1
2204 2
2205 3
2206 3
2207 2
2208 3
2209 0
2210 0
2211 1
2212 0
2213 0
2214 3
2215 3
2216 0
2217 3
2218 0
2219 0
2220 2
2221 3
2222 0
2223 0
2224 0
2225 2
2226 0
2227 1
2228 0
2229 1
2230 0
2231 0
2232 3
2233 3
2234 2
2235 0
2236 1
2237 3
2238 3
2239 0
2240 0
2241 1
2242 0
2243 3
2244 2
2245 2
2246 1
2247 0
2248 3
2249 0
2250 0
2251 3
2252 2
2253 1
2254 1
2255 3
2256 3
2257 3
2258 3
2259 3
2260 0
2261 2
2262 0
2263 3
2264 1
2265 3
2266 1
2267 1
2268 3
2269 2
2270 0
2271 3
2272 1
2273 2
2274 0
2275 3
2276 0
2277 2
2278 1
2279 2
2280 0
2281 3
2282 3
2283 0
2284 0
2285 2
2286 0
2287 1
2288 3
2289 3
2290 1
2291 2
2292 2
2293 3
2294 1
2295 0
2296 3
2297 3
2298 3
2299 2
2300 3
2301 2
2302 3
2303 0
2304 2
2305 0
2306 0
2307 1
2308 2
2309 2
2310 3
2311 2
2312 1
2313 3
2314 3
2315 0
2316 1
2317 0
2318 0
2319 0
2320 3
2321 1
2322 3
2323 1
2324 3
2325 3
2326 3
2327 0
2328 3
2329 0
2330 2
2331 3
2332 3
2333 3
2334 0
2335 0
2336 2
2337 0
2338 0
2339 3
2340 1
2341 2
2342 0
2343 3
2344 3
2345 0
2346 3
2347 0
2348 0
2349 2
2350 3
2351 0
2352 0
2353 0
2354 3
2355 0
2356 3
2357 3
2358 2
2359 3
2360 0
2361 3
2362 1
2363 3
2364 1
2365 2
2366 1
2367 0
2368 3
2369 1
2370 0
2371 2
2372 3
2373 3
2374 3
2375 1
2376 2
2377 3
2378 3
2379 0
2380 0
2381 1
2382 2
2383 3
2384 3
2385 3
2386 3
2387 3
2388 0
2389 0
2390 3
2391 2
2392 0
2393 1
2394 2
2395 2
2396 3
2397 2
2398 0
2399 3
2400 0
2401 3
2402 3
2403 1
2404 1
2405 1
2406 0
2407 1
2408 2
2409 0
2410 0
2411 0
2412 1
2413 3
2414 0
2415 0
2416 0
2417 3
2418 0
2419 0
2420 3
2421 3
2422 0
2423 0
2424 0
2425 3
2426 3
2427 3
2428 3
2429 0
2430 3
2431 1
2432 3
2433 0
2434 3
2435 3
2436 0
2437 3
2438 3
2439 2
2440 3
2441 1
2442 3
2443 2
2444 1
2445 3
2446 3
2447 1
2448 2
2449 0
2450 3
2451 1
2452 2
2453 1
2454 2
2455 2
2456 1
2457 1
2458 1
2459 1
2460 1
2461 1
2462 1
2463 1
2464 1
2465 1
2466 1
2467 1
2468 1
2469 1
2470 1
2471 1
2472 1
2473 1
2474 3
2475 1
2476 1
2477 1
2478 1
2479 1
2480 2
2481 2
2482 1
2483 2
2484 1
2485 3
2486 3
2487 3
2488 1
2489 0
2490 0
2491 0
2492 0
2493 0
2494 0
2495 0
2496 0
2497 1
2498 0
2499 1
2500 0
2501 2
2502 0
2503 0
2504 0
2505 0
2506 0
2507 0
2508 1
2509 0
2510 1
2511 3
2512 0
2513 1
2514 0
2515 0
2516 0
2517 1
2518 0
2519 0
2520 2
2521 0
2522 0
2523 2
2524 0
2525 1
2526 0
2527 0
2528 0
2529 0
2530 3
2531 3
2532 2
2533 3
2534 0
2535 0
2536 2
2537 3
2538 0
2539 0
2540 2
2541 0
2542 1
2543 1
2544 0
2545 3
2546 1
2547 0
2548 1
2549 0
2550 3
2551 3
2552 3
2553 3
2554 2
2555 0
2556 0
2557 2
2558 0
2559 1
2560 1
2561 1
2562 1
2563 3
2564 3
2565 3
2566 0
2567 3
2568 3
2569 1
2570 0
2571 1
2572 0
2573 0
2574 0
2575 2
2576 2
2577 0
2578 0
2579 1
2580 3
2581 0
2582 3
2583 1
2584 1
2585 3
2586 0
2587 3
2588 2
2589 2
2590 0
2591 0
2592 0
2593 0
2594 3
2595 0
2596 1
2597 0
2598 1
2599 0
2600 0
2601 0
2602 2
2603 1
2604 3
2605 0
2606 0
2607 3
2608 0
2609 3
2610 1
2611 3
2612 0
2613 3
2614 3
2615 0
2616 0
2617 0
2618 0
2619 0
2620 0
2621 2
2622 3
2623 2
2624 3
2625 2
2626 3
2627 0
2628 0
2629 2
2630 0
2631 0
2632 0
2633 0
2634 0
2635 1
2636 1
2637 0
2638 0
2639 1
2640 1
2641 1
2642 0
2643 3
2644 3
2645 3
2646 2
2647 3
2648 0
2649 0
2650 3
2651 0
2652 1
2653 1
2654 1
2655 1
2656 1
2657 1
2658 3
2659 3
2660 3
2661 2
2662 1
2663 3
2664 0
2665 3
2666 3
2667 3
2668 3
2669 2
2670 0
2671 0
2672 2
2673 1
2674 0
2675 3
2676 3
2677 0
2678 0
2679 1
2680 0
2681 3
2682 2
2683 3
2684 1
2685 0
2686 0
2687 2
2688 0
2689 0
2690 0
2691 1
2692 0
2693 0
2694 0
2695 0
2696 0
2697 1
2698 0
2699 0
2700 3
2701 3
2702 3
2703 3
2704 0
2705 0
2706 2
2707 2
2708 2
2709 0
2710 3
2711 0
2712 0
2713 1
2714 3
2715 1
2716 0
2717 3
2718 0
2719 3
2720 0
2721 0
2722 0
2723 0
2724 0
2725 2
2726 3
2727 3
2728 2
2729 3
2730 0
2731 0
2732 1
2733 0
2734 0
2735 1
2736 3
2737 0
2738 0
2739 3
2740 3
2741 3
2742 3
2743 1
2744 3
2745 2
2746 1
2747 0
2748 0
2749 3
2750 3
2751 0
2752 1
2753 1
2754 0
2755 3
2756 0
2757 0
2758 0
2759 0
2760 3
2761 3
2762 0
2763 1
2764 0
2765 3
2766 0
2767 2
2768 3
2769 3
2770 2
2771 0
2772 2
2773 0
2774 0
2775 2
2776 3
2777 3
2778 2
2779 3
2780 0
2781 0
2782 1
2783 2
2784 1
2785 2
2786 1
2787 1
2788 2
2789 2
2790 3
2791 3
2792 0
2793 0
2794 0
2795 0
2796 0
2797 3
2798 2
2799 3
2800 3
2801 3
2802 2
2803 3
2804 3
2805 2
2806 0
2807 1
2808 1
2809 3
2810 1
2811 2
2812 0
2813 0
2814 0
2815 3
2816 0
2817 2
2818 0
2819 1
2820 3
2821 3
2822 0
2823 0
2824 0
2825 2
2826 3
2827 0
2828 3
2829 0
2830 0
2831 0
2832 3
2833 3
2834 3
2835 1
2836 0
2837 0
2838 3
2839 0
2840 0
2841 3
2842 2
2843 0
2844 1
2845 0
2846 1
2847 3
2848 2
2849 2
2850 3
2851 0
2852 3
2853 0
2854 2
2855 1
2856 1
2857 3
2858 0
2859 3
2860 2
2861 1
2862 1
2863 3
2864 3
2865 3
2866 1
2867 3
2868 2
2869 0
2870 0
2871 0
2872 0
2873 0
2874 1
2875 0
2876 2
2877 0
2878 3
2879 0
2880 3
2881 0
2882 3
2883 3
2884 1
2885 2
2886 2
2887 3
2888 0
2889 0
2890 0
2891 0
2892 2
2893 2
2894 2
2895 0
2896 0
2897 3
2898 3
2899 2
2900 3
2901 3
2902 2
2903 2
2904 1
2905 2
2906 0
2907 0
2908 0
2909 0
2910 1
2911 3
2912 0
2913 3
2914 0
2915 0
2916 3
2917 2
2918 2
2919 0
2920 3
2921 3
2922 3
2923 2
2924 3
2925 3
2926 1
2927 1
2928 2
2929 0
2930 1
2931 0
2932 2
2933 0
2934 2
2935 3
2936 3
2937 3
2938 0
2939 1
2940 3
2941 0
2942 3
2943 3
2944 0
2945 3
2946 1
2947 3
2948 0
2949 3
2950 0
2951 0
2952 0
2953 3
2954 3
2955 2
2956 0
2957 3
2958 3
2959 1
2960 2
2961 0
2962 3
2963 1
2964 0
2965 0
2966 0
2967 3
2968 3
2969 3
2970 2
2971 0
2972 3
2973 0
2974 3
2975 0
2976 2
2977 0
2978 2
2979 3
2980 0
2981 3
2982 1
2983 3
2984 3
2985 3
2986 0
2987 3
2988 2
2989 2
2990 3
2991 3
2992 3
2993 2
2994 2
2995 0
2996 1
2997 0
2998 3
2999 1
3000 3
3001 0
3002 3
3003 1
3004 0
3005 1
3006 1
3007 1
3008 1
3009 3
3010 3
3011 3
3012 3
3013 3
3014 3
3015 1
3016 3
3017 0
3018 1
3019 3
3020 0
3021 0
3022 1
3023 1
3024 2
3025 1
3026 0
3027 3
3028 3
3029 0
3030 3
3031 0
3032 0
3033 0
3034 3
3035 0
3036 3
3037 0
3038 0
3039 3
3040 3
3041 0
3042 3
3043 3
3044 3
3045 1
3046 1
3047 3
3048 3
3049 0
3050 2
3051 1
3052 3
3053 0
3054 0
3055 3
3056 1
3057 2
3058 2
3059 3
3060 3
3061 2
3062 1
3063 1
3064 3
3065 0
3066 3
3067 1
3068 0
3069 3
3070 0
3071 3
3072 0
3073 0
3074 3
3075 0
3076 0
3077 0
3078 3
3079 0
3080 0
3081 3
3082 3
3083 0
3084 2
3085 0
3086 3
3087 2
3088 0
3089 2
3090 3
3091 1
3092 0
3093 2
3094 2
3095 0
3096 1
3097 1
3098 3
3099 3
3100 1
3101 1
3102 3
3103 3
3104 0
3105 3
3106 3
3107 3
3108 3
3109 3
3110 3
3111 3
3112 3
3113 3
3114 0
3115 3
3116 3
3117 3
3118 1
3119 3
3120 3
3121 1
3122 1
3123 3
3124 0
3125 3
3126 0
3127 3
3128 2
3129 3
3130 3
3131 0
3132 1
3133 2
3134 3
3135 1
3136 3
3137 1
3138 0
3139 1
3140 0
3141 0
3142 0
3143 0
3144 3
3145 1
3146 1
3147 2
3148 0
3149 0
3150 3
3151 0
3152 3
3153 3
3154 0
3155 1
3156 0
3157 0
3158 0
3159 2
3160 3
3161 2
3162 3
3163 2
3164 3
3165 3
3166 0
3167 0
3168 1
3169 3
3170 1
3171 2
3172 3
3173 1
3174 1
3175 3
3176 3
3177 0
3178 1
3179 3
3180 2
3181 2
3182 1
3183 0
3184 3
3185 1
3186 3
3187 3
3188 3
3189 2
3190 0
3191 1
3192 3
3193 3
3194 0
3195 3
3196 0
3197 3
3198 0
3199 0
3200 0
3201 3
3202 3
3203 2
3204 2
3205 0
3206 2
3207 3
3208 3
3209 0
3210 0
3211 1
3212 0
3213 0
3214 0
3215 3
3216 2
3217 3
3218 3
3219 3
3220 1
3221 0
3222 1
3223 0
3224 3
3225 0
3226 3
3227 0
3228 3
3229 3
3230 3
3231 0
3232 0
3233 1
3234 3
3235 3
3236 3
3237 3
3238 3
3239 3
3240 0
3241 3
3242 3
3243 3
3244 3
3245 0
3246 3
3247 2
3248 3
3249 3
3250 1
3251 3
3252 1
3253 1
3254 0
3255 0
3256 3
3257 3
3258 0
3259 1
3260 2
3261 2
3262 3
3263 2
3264 2
3265 1
3266 3
3267 3
3268 2
3269 3
3270 2
3271 3
3272 0
3273 3
3274 0
3275 1
3276 3
3277 0
3278 1
3279 3
3280 3
3281 1
3282 3
3283 3
3284 3
3285 1
3286 2
3287 0
3288 1
3289 0
3290 0
3291 0
3292 2
3293 3
3294 0
3295 2
3296 2
3297 2
3298 3
3299 3
3300 2
3301 0
3302 0
3303 3
3304 1
3305 3
3306 3
3307 3
3308 0
3309 3
3310 2
3311 3
3312 1
3313 2
3314 0
3315 0
3316 3
3317 3
3318 1
3319 3
3320 3
3321 1
3322 2
3323 0
3324 1
3325 0
3326 2
3327 1
3328 0
3329 0
3330 3
3331 3
3332 3
3333 3
3334 0
3335 2
3336 1
3337 2
3338 3
3339 3
3340 3
3341 3
3342 0
3343 3
3344 2
3345 3
3346 3
3347 1
3348 2
3349 2
3350 3
3351 3
3352 3
3353 3
3354 3
3355 3
3356 3
3357 3
3358 3
3359 3
3360 3
3361 3
3362 2
3363 3
3364 3
3365 3
3366 3
3367 3
3368 3
3369 3
3370 3
3371 3
3372 3
3373 3
3374 3
3375 0
3376 3
3377 3
3378 3
3379 3
3380 3
3381 3
3382 2
3383 3
3384 2
3385 3
3386 2
3387 3
3388 3
3389 3
3390 3
3391 3
3392 3
3393 3
3394 3
3395 3
3396 3
3397 3
3398 3
3399 3
3400 3
3401 3
3402 3
3403 3
3404 1
3405 3
3406 3
3407 2
3408 3
3409 3
3410 3
3411 3
3412 3
3413 2
3414 1
3415 3
3416 3
3417 2
3418 1
3419 3
3420 3
3421 3
3422 3
3423 1
3424 3
3425 3
3426 3
3427 0
3428 3
3429 3
3430 2
3431 1
3432 3
3433 1
3434 3
3435 1
3436 3
3437 3
3438 3
3439 1
3440 3
3441 3
3442 3
3443 1
3444 3
3445 3
3446 3
3447 3
3448 3
3449 3
3450 2
3451 2
3452 3
3453 1
3454 0
3455 0
3456 1
3457 3
3458 0
3459 2
3460 3
3461 3
3462 2
3463 0
3464 0
3465 0
3466 0
3467 0
3468 3
3469 0
3470 3
3471 3
3472 3
3473 2
3474 2
3475 3
3476 0
3477 0
3478 3
3479 0
3480 0
3481 0
3482 2
3483 3
3484 1
3485 0
3486 3
3487 3
3488 0
3489 3
3490 2
3491 0
3492 0
3493 0
3494 0
3495 0
3496 0
3497 3
3498 3
3499 3
3500 1
3501 3
3502 3
3503 3
3504 3
3505 3
3506 3
3507 3
3508 0
3509 2
3510 1
3511 0
3512 3
3513 0
3514 3
3515 1
3516 3
3517 3
3518 0
3519 0
3520 3
3521 0
3522 3
3523 3
3524 3
3525 2
3526 1
3527 0
3528 2
3529 2
3530 0
3531 0
3532 3
3533 1
3534 0
3535 3
3536 3
3537 3
3538 0
3539 3
3540 0
3541 0
3542 2
3543 3
3544 2
3545 0
3546 0
3547 0
3548 1
3549 1
3550 3
3551 3
3552 2
3553 3
3554 0
3555 3
3556 0
3557 1
3558 3
3559 1
3560 3
3561 0
3562 0
3563 1
3564 3
3565 0
3566 3
3567 1
3568 3
3569 3
3570 0
3571 0
3572 3
3573 0
3574 2
3575 3
3576 0
3577 3
3578 3
3579 3
3580 0
3581 3
3582 1
3583 3
3584 3
3585 0
3586 0
3587 3
3588 0
3589 3
3590 2
3591 2
3592 0
3593 3
3594 3
3595 3
3596 2
3597 3
3598 1
3599 2
3600 0
3601 0
3602 3
3603 2
3604 0
3605 3
3606 0
3607 0
3608 0
3609 0
3610 3
3611 2
3612 3
3613 0
3614 1
3615 0
3616 2
3617 0
3618 0
3619 0
3620 3
3621 3
3622 2
3623 1
3624 0
3625 3
3626 0
3627 0
3628 1
3629 3
3630 2
3631 2
3632 1
3633 3
3634 0
3635 1
3636 3
3637 0
3638 3
3639 0
3640 3
3641 2
3642 3
3643 0
3644 1
3645 2
3646 3
3647 3
3648 0
3649 0
3650 2
3651 2
3652 3
3653 1
3654 3
3655 3
3656 1
3657 3
3658 0
3659 2
3660 3
3661 2
3662 0
3663 3
3664 2
3665 2
3666 0
3667 0
3668 3
3669 3
3670 3
3671 0
3672 0
3673 0
3674 2
3675 3
3676 0
3677 3
3678 3
3679 3
3680 3
3681 3
3682 0
3683 0
3684 3
3685 3
3686 1
3687 3
3688 0
3689 3
3690 0
3691 0
3692 0
3693 0
3694 3
3695 0
3696 0
3697 0
3698 3
3699 2
3700 0
3701 0
3702 1
3703 3
3704 3
3705 2
3706 2
3707 2
3708 2
3709 2
3710 2
3711 2
3712 2
3713 0
3714 3
3715 3
3716 1
3717 3
3718 0
3719 1
3720 2
3721 3
3722 2
3723 2
3724 1
3725 2
3726 0
3727 0
3728 2
3729 3
3730 3
3731 2
3732 0
3733 1
3734 0
3735 1
3736 3
3737 2
3738 3
3739 3
3740 3
3741 3
3742 3
3743 3
3744 3
3745 3
3746 3
3747 3
3748 1
3749 3
3750 3
3751 0
3752 0
3753 3
3754 2
3755 3
3756 3
3757 2
3758 0
3759 3
3760 3
3761 3
3762 2
3763 2
3764 3
3765 0
3766 3
3767 3
3768 0
3769 3
3770 0
3771 2
3772 0
3773 1
3774 2
3775 3
3776 0
3777 0
3778 3
3779 0
3780 1
3781 0
3782 0
3783 3
3784 3
3785 0
3786 3
3787 3
3788 0
3789 0
3790 1
3791 2
3792 0
3793 1
3794 0
3795 0
3796 0
3797 0
3798 1
3799 3
3800 3
3801 3
3802 2
3803 0
3804 2
3805 3
3806 3
3807 3
3808 0
3809 0
3810 2
3811 3
3812 3
3813 3
3814 1
3815 1
3816 1
3817 1
3818 2
3819 0
3820 0
3821 2
3822 3
3823 3
3824 0
3825 0
3826 3
3827 3
3828 0
3829 0
3830 0
3831 0
3832 3
3833 0
3834 0
3835 3
3836 3
3837 0
3838 0
3839 3
3840 3
3841 0
3842 0
3843 3
3844 3
3845 0
3846 3
3847 2
3848 3
3849 0
3850 3
3851 3
3852 3
3853 1
3854 1
3855 1
3856 3
3857 1
3858 3
3859 3
3860 1
3861 3
3862 3
3863 0
3864 0
3865 2
3866 3
3867 3
3868 1
3869 3
3870 3
3871 3
3872 3
3873 1
3874 3
3875 3
3876 3
3877 3
3878 3
3879 1
3880 3
3881 2
3882 3
3883 3
3884 3
3885 0
3886 3
3887 0
3888 3
3889 3
3890 2
3891 1
3892 2
3893 0
3894 3
3895 3
3896 1
3897 0
3898 0
3899 2
3900 3
3901 0
3902 2
3903 0
3904 1
3905 3
3906 3
3907 3
3908 3
3909 3
3910 3
3911 0
3912 3
3913 0
3914 3
3915 0
3916 3
3917 2
3918 3
3919 0
3920 0
3921 2
3922 1
3923 2
3924 3
3925 3
3926 1
3927 1
3928 1
3929 3
3930 0
3931 1
3932 3
3933 1
3934 2
3935 0
3936 1
3937 3
3938 1
3939 0
3940 3
3941 3
3942 2
3943 2
3944 0
3945 0
3946 1
3947 1
3948 0
3949 0
3950 3
3951 3
3952 0
3953 0
3954 1
3955 3
3956 3
3957 0
3958 1
3959 0
3960 1
3961 1
3962 3
3963 1
3964 0
3965 0
3966 3
3967 1
3968 0
3969 3
3970 0
3971 1
3972 0
3973 0
3974 3
3975 3
3976 2
3977 2
3978 3
3979 3
3980 3
3981 0
3982 2
3983 0
3984 3
3985 0
3986 3
3987 2
3988 0
3989 0
3990 1
3991 2
3992 0
3993 2
3994 0
3995 0
3996 0
3997 1
3998 0
3999 0
4000 3
4001 0
4002 1
4003 3
4004 3
4005 2
4006 0
4007 3
4008 1
4009 3
4010 3
4011 1
4012 3
4013 2
4014 3
4015 0
4016 3
4017 2
4018 2
4019 0
4020 0
4021 2
4022 3
4023 2
4024 3
4025 3
4026 3
4027 0
4028 0
4029 3
4030 3
4031 0
4032 3
4033 0
4034 0
4035 2
4036 3
4037 1
4038 0
4039 3
4040 1
4041 1
4042 0
4043 1
4044 3
4045 0
4046 0
4047 1
4048 3
4049 2
4050 3
4051 1
4052 0
4053 3
4054 2
4055 1
4056 2
4057 1
4058 1
4059 1
4060 3
4061 0
4062 0
4063 0
4064 3
4065 3
4066 0
4067 0
4068 3
4069 0
4070 1
4071 2
4072 0
4073 2
4074 0
4075 0
4076 1
4077 3
4078 0
4079 0
4080 3
4081 1
4082 2
4083 2
4084 0
4085 0
4086 1
4087 3
4088 3
4089 0
4090 2
4091 1
4092 1
4093 1
4094 0
4095 0
4096 1
4097 1
4098 0
4099 0
4100 0
4101 0
4102 1
4103 0
4104 1
4105 0
4106 3
4107 0
4108 3
4109 1
4110 3
4111 0
4112 3
4113 3
4114 1
4115 0
4116 2
4117 0
4118 0
4119 0
4120 1
4121 0
4122 3
4123 3
4124 1
4125 0
4126 0
4127 1
4128 2
4129 0
4130 3
4131 3
4132 0
4133 3
4134 2
4135 1
4136 1
4137 1
4138 1
4139 3
4140 0
4141 3
4142 2
4143 3
4144 0
4145 0
4146 2
4147 1
4148 1
4149 0
4150 2
4151 0
4152 2
4153 2
4154 1
4155 0
4156 0
4157 3
4158 1
4159 0
4160 3
4161 0
4162 0
4163 0
4164 1
4165 2
4166 2
4167 3
4168 2
4169 0
4170 0
4171 0
4172 1
4173 0
4174 0
4175 2
4176 1
4177 3
4178 1
4179 1
4180 0
4181 0
4182 2
4183 0
4184 3
4185 2
4186 0
4187 2
4188 0
4189 0
4190 2
4191 1
4192 0
4193 0
4194 2
4195 0
4196 0
4197 0
4198 3
4199 0
4200 0
4201 3
4202 0
4203 3
4204 0
4205 3
4206 3
4207 0
4208 3
4209 0
4210 1
4211 1
4212 3
4213 3
4214 3
4215 3
4216 0
4217 0
4218 3
4219 0
4220 0
4221 0
4222 3
4223 3
4224 0
4225 3
4226 3
4227 3
4228 0
4229 2
4230 1
4231 0
4232 0
4233 0
4234 2
4235 1
4236 3
4237 0
4238 3
4239 0
4240 3
4241 1
4242 2
4243 3
4244 3
4245 3
4246 0
4247 2
4248 0
4249 3
4250 2
4251 1
4252 0
4253 1
4254 1
4255 1
4256 2
4257 0
4258 1
4259 0
4260 0
4261 0
4262 3
4263 0
4264 1
4265 3
4266 1
4267 2
4268 3
4269 1
4270 1
4271 1
4272 0
4273 1
4274 0
4275 3
4276 1
4277 0
4278 0
4279 0
4280 3
4281 0
4282 1
4283 2
4284 3
4285 1
4286 0
4287 2
4288 0
4289 3
4290 2
4291 3
4292 3
4293 0
4294 1
4295 3
4296 1
4297 1
4298 2
4299 1
4300 1
4301 0
4302 1
4303 0
4304 1
4305 3
4306 3
4307 0
4308 0
4309 3
4310 3
4311 0
4312 1
4313 1
4314 0
4315 3
4316 1
4317 1
4318 0
4319 2
4320 2
4321 2
4322 0
4323 1
4324 2
4325 3
4326 3
4327 2
4328 3
4329 2
4330 0
4331 1
4332 0
4333 0
4334 2
4335 0
4336 2
4337 0
4338 0
4339 3
4340 1
4341 1
4342 0
4343 1
4344 2
4345 1
4346 3
4347 2
4348 0
4349 1
4350 3
4351 1
4352 3
4353 3
4354 3
4355 0
4356 0
4357 3
4358 3
4359 3
4360 3
4361 3
4362 3
4363 1
4364 3
4365 0
4366 1
4367 0
4368 0
4369 2
4370 0
4371 0
4372 0
4373 0
4374 0
4375 0
4376 2
4377 3
4378 3
4379 0
4380 3
4381 1
4382 0
4383 3
4384 0
4385 0
4386 2
4387 0
4388 0
4389 2
4390 2
4391 0
4392 3
4393 0
4394 0
4395 0
4396 1
4397 3
4398 3
4399 3
4400 3
4401 0
4402 0
4403 0
4404 0
4405 2
4406 0
4407 0
4408 0
4409 0
4410 0
4411 2
4412 0
4413 3
4414 2
4415 2
4416 2
4417 3
4418 1
4419 1
4420 2
4421 3
4422 3
4423 2
4424 3
4425 3
4426 3
4427 1
4428 3
4429 0
4430 0
4431 3
4432 2
4433 2
4434 1
4435 0
4436 3
4437 3
4438 3
4439 1
4440 0
4441 1
4442 1
4443 0
4444 2
4445 3
4446 2
4447 3
4448 3
4449 2
4450 2
4451 3
4452 3
4453 3
4454 0
4455 3
4456 2
4457 0
4458 2
4459 0
4460 3
4461 3
4462 0
4463 0
4464 3
4465 3
4466 0
4467 1
4468 0
4469 3
4470 3
4471 2
4472 0
4473 1
4474 1
4475 1
4476 0
4477 1
4478 1
4479 3
4480 0
4481 0
4482 0
4483 1
4484 3
4485 0
4486 3
4487 1
4488 1
4489 3
4490 3
4491 3
4492 0
4493 3
4494 0
4495 2
4496 3
4497 1
4498 0
4499 0
4500 2
4501 0
4502 3
4503 3
4504 1
4505 0
4506 3
4507 3
4508 2
4509 3
4510 3
4511 2
4512 1
4513 3
4514 3
4515 0
4516 3
4517 1
4518 3
4519 3
4520 3
4521 2
4522 0
4523 0
4524 2
4525 3
4526 2
4527 2
4528 2
4529 3
4530 1
4531 1
4532 0
4533 0
4534 0
4535 2
4536 3
4537 2
4538 1
4539 2
4540 3
4541 0
4542 1
4543 3
4544 3
4545 0
4546 3
4547 0
4548 2
4549 2
4550 0
4551 3
4552 1
4553 0
4554 3
4555 3
4556 1
4557 3
4558 3
4559 0
4560 2
4561 0
4562 3
4563 0
4564 2
4565 1
4566 3
4567 3
4568 3
4569 2
4570 3
4571 0
4572 1
4573 0
4574 1
4575 2
4576 1
4577 3
4578 1
4579 0
4580 3
4581 1
4582 0
4583 1
4584 1
4585 1
4586 1
4587 1
4588 0
4589 0
4590 3
4591 3
4592 2
4593 2
4594 1
4595 1
4596 3
4597 3
4598 2
4599 2
4600 0
4601 2
4602 2
4603 0
4604 0
4605 2
4606 1
4607 3
4608 0
4609 2
4610 2
4611 2
4612 2
4613 0
4614 0
4615 0
4616 2
4617 3
4618 3
4619 1
4620 0
4621 2
4622 3
4623 0
4624 0
4625 0
4626 0
4627 3
4628 1
4629 3
4630 3
4631 1
4632 1
4633 0
4634 2
4635 0
4636 0
4637 0
4638 1
4639 0
4640 2
4641 0
4642 0
4643 3
4644 3
4645 0
4646 0
4647 0
4648 0
4649 3
4650 2
4651 1
4652 3
4653 3
4654 0
4655 3
4656 2
4657 0
4658 0
4659 0
4660 3
4661 3
4662 3
4663 2
4664 0
4665 2
4666 2
4667 3
4668 1
4669 3
4670 1
4671 0
4672 3
4673 1
4674 3
4675 3
4676 0
4677 0
4678 2
4679 3
4680 3
4681 1
4682 1
4683 1
4684 3
4685 1
4686 2
4687 3
4688 2
4689 0
4690 3
4691 3
4692 2
4693 1
4694 0
4695 0
4696 1
4697 1
4698 1
4699 3
4700 1
4701 0
4702 3
4703 0
4704 2
4705 0
4706 2
4707 0
4708 2
4709 3
4710 1
4711 1
4712 3
4713 0
4714 3
4715 0
4716 0
4717 0
4718 0
4719 0
4720 3
4721 0
4722 3
4723 3
4724 0
4725 3
4726 1
4727 1
4728 1
4729 3
4730 3
4731 0
4732 3
4733 0
4734 0
4735 2
4736 3
4737 0
4738 1
4739 1
4740 0
4741 0
4742 1
4743 3
4744 0
4745 0
4746 0
4747 3
4748 0
4749 2
4750 2
4751 0
4752 3
4753 2
4754 2
4755 1
4756 2
4757 2
4758 0
4759 0
4760 3
4761 3
4762 0
4763 0
4764 1
4765 2
4766 2
4767 0
4768 0
4769 3
4770 3
4771 0
4772 1
4773 1
4774 0
4775 3
4776 0
4777 0
4778 3
4779 3
4780 2
4781 1
4782 3
4783 0
4784 0
4785 0
4786 2
4787 3
4788 3
4789 0
4790 0
4791 2
4792 1
4793 0
4794 0
4795 0
4796 0
4797 0
4798 3
4799 3
4800 0
4801 1
4802 2
4803 2
4804 2
4805 0
4806 3
4807 0
4808 0
4809 1
4810 3
4811 3
4812 3
4813 0
4814 1
4815 3
4816 2
4817 0
4818 1
4819 0
4820 0
4821 0
4822 3
4823 1
4824 0
4825 2
4826 0
4827 1
4828 1
4829 0
4830 3
4831 0
4832 0
4833 3
4834 3
4835 3
4836 3
4837 0
4838 1
4839 0
4840 3
4841 3
4842 3
4843 2
4844 0
4845 3
4846 2
4847 1
4848 0
4849 3
4850 2
4851 2
4852 0
4853 2
4854 3
4855 0
4856 0
4857 0
4858 0
4859 2
4860 3
4861 3
4862 3
4863 1
4864 3
4865 1
4866 3
4867 3
4868 3
4869 3
4870 3
4871 1
4872 3
4873 3
4874 3
4875 3
4876 3
4877 1
4878 0
4879 1
4880 3
4881 0
4882 3
4883 3
4884 3
4885 0
4886 0
4887 3
4888 3
4889 0
4890 2
4891 0
4892 1
4893 1
4894 2
4895 0
4896 2
4897 1
4898 0
4899 3
4900 3
4901 3
4902 3
4903 2
4904 0
4905 2
4906 0
4907 0
4908 0
4909 1
4910 1
4911 3
4912 2
4913 3
4914 1
4915 3
4916 0
4917 3
4918 0
4919 2
4920 0
4921 3
4922 3
4923 1
4924 3
4925 3
4926 0
4927 3
4928 2
4929 3
4930 1
4931 0
4932 3
4933 3
4934 0
4935 0
4936 3
4937 3
4938 0
4939 0
4940 3
4941 3
4942 1
4943 2
4944 1
4945 0
4946 3
4947 0
4948 0
4949 0
4950 3
4951 1
4952 0
4953 2
4954 3
4955 0
4956 3
4957 0
4958 3
4959 1
4960 3
4961 3
4962 0
4963 1
4964 0
4965 1
4966 0
4967 3
4968 0
4969 3
4970 2
4971 0
4972 3
4973 3
4974 3
4975 0
4976 0
4977 0
4978 0
4979 0
4980 0
4981 2
4982 0
4983 0
4984 2
4985 0
4986 3
4987 0
4988 0
4989 1
4990 0
4991 0
4992 0
4993 3
4994 1
4995 3
4996 3
4997 3
4998 1
4999 0
5000 0
5001 0
5002 3
5003 0
5004 0
5005 0
5006 3
5007 3
5008 3
5009 0
5010 0
5011 0
5012 0
5013 0
5014 0
5015 3
5016 2
5017 0
5018 0
5019 3
5020 0
5021 0
5022 2
5023 3
5024 0
5025 3
5026 1
5027 1
5028 3
5029 0
5030 3
5031 3
5032 1
5033 3
5034 1
5035 1
5036 1
5037 3
5038 3
5039 3
5040 3
5041 3
5042 3
5043 3
5044 3
5045 0
5046 3
5047 2
5048 2
5049 1
5050 3
5051 1
5052 0
5053 0
5054 2
5055 0
5056 2
5057 0
5058 0
5059 0
5060 3
5061 3
5062 3
5063 2
5064 2
5065 2
5066 2
5067 3
5068 0
5069 3
5070 0
5071 0
5072 0
5073 3
5074 3
5075 0
5076 2
5077 3
5078 3
5079 0
5080 0
5081 1
5082 0
5083 1
5084 2
5085 3
5086 1
5087 3
5088 3
5089 1
5090 2
5091 0
5092 1
5093 3
5094 0
5095 1
5096 2
5097 3
5098 0
5099 0
5100 1
5101 3
5102 1
5103 0
5104 0
5105 1
5106 2
5107 3
5108 3
5109 3
5110 1
5111 0
5112 2
5113 0
5114 3
5115 3
5116 3
5117 1
5118 0
5119 3
5120 3
5121 3
5122 0
5123 0
5124 0
5125 3
5126 3
5127 3
5128 3
5129 3
5130 2
5131 0
5132 0
5133 2
5134 3
5135 1
5136 0
5137 3
5138 1
5139 2
5140 3
5141 3
5142 1
5143 3
5144 0
5145 1
5146 0
5147 3
5148 0
5149 1
5150 1
5151 3
5152 2
5153 2
5154 2
5155 3
5156 0
5157 1
5158 1
5159 1
5160 3
5161 3
5162 3
5163 3
5164 0
5165 2
5166 2
5167 3
5168 3
5169 1
5170 2
5171 3
5172 2
5173 0
5174 0
5175 2
5176 3
5177 3
5178 3
5179 2
5180 1
5181 3
5182 3
5183 2
5184 1
5185 1
5186 3
5187 3
5188 2
5189 2
5190 2
5191 3
5192 0
5193 3
5194 3
5195 3
5196 2
5197 3
5198 3
5199 3
5200 0
5201 3
5202 3
5203 0
5204 3
5205 3
5206 0
5207 2
5208 1
5209 3
5210 2
5211 3
5212 3
5213 0
5214 1
5215 0
5216 2
5217 1
5218 2
5219 1
5220 3
5221 3
5222 0
5223 3
5224 1
5225 3
5226 3
5227 3
5228 3
5229 3
5230 3
5231 3
5232 0
5233 3
5234 2
5235 3
5236 3
5237 3
5238 3
5239 0
5240 3
5241 1
5242 0
5243 2
5244 1
5245 0
5246 3
5247 2
5248 3
5249 3
5250 3
5251 2
5252 3
5253 1
5254 3
5255 0
5256 0
5257 3
5258 3
5259 3
5260 0
5261 1
5262 3
5263 3
5264 3
5265 3
5266 2
5267 3
5268 3
5269 3
5270 0
5271 3
5272 3
5273 3
5274 2
5275 0
5276 2
5277 2
5278 3
5279 3
5280 1
5281 3
5282 2
5283 1
5284 3
5285 3
5286 0
5287 0
5288 3
5289 1
5290 2
5291 2
5292 2
5293 3
5294 2
5295 2
5296 0
5297 1
5298 3
5299 3
5300 0
5301 2
5302 3
5303 2
5304 3
5305 0
5306 3
5307 2
5308 2
5309 3
5310 0
5311 2
5312 3
5313 0
5314 0
5315 0
5316 3
5317 1
5318 1
5319 0
5320 0
5321 1
5322 1
5323 2
5324 2
5325 3
5326 3
5327 3
5328 3
5329 3
5330 3
5331 1
5332 3
5333 3
5334 1
5335 2
5336 1
5337 0
5338 0
5339 0
5340 1
5341 3
5342 3
5343 0
5344 0
5345 2
5346 0
5347 0
5348 2
5349 3
5350 3
5351 3
5352 0
5353 1
5354 3
5355 3
5356 2
5357 3
5358 3
5359 0
5360 0
5361 0
5362 3
5363 1
5364 2
5365 3
5366 3
5367 2
5368 1
5369 3
5370 3
5371 0
5372 3
5373 3
5374 3
5375 0
5376 0
5377 1
5378 3
5379 3
5380 0
5381 3
5382 3
5383 1
5384 3
5385 3
5386 0
5387 1
5388 3
5389 2
5390 3
5391 3
5392 3
5393 3
5394 0
5395 0
5396 3
5397 1
5398 0
5399 0
5400 0
5401 3
5402 3
5403 0
5404 0
5405 3
5406 3
5407 3
5408 3
5409 1
5410 0
5411 3
5412 1
5413 3
5414 3
5415 2
5416 0
5417 0
5418 0
5419 3
5420 2
5421 2
5422 2
5423 3
5424 3
5425 1
5426 3
5427 3
5428 3
5429 1
5430 3
5431 1
5432 2
5433 3
5434 3
5435 1
5436 1
5437 3
5438 0
5439 1
5440 3
5441 3
5442 1
5443 3
5444 0
5445 0
5446 3
5447 0
5448 3
5449 3
5450 3
5451 3
5452 1
5453 0
5454 2
5455 1
5456 1
5457 0
5458 3
5459 3
5460 3
5461 2
5462 3
5463 3
5464 0
5465 2
5466 1
5467 3
5468 3
5469 0
5470 3
5471 0
5472 0
5473 1
5474 2
5475 0
5476 0
5477 1
5478 0
5479 3
5480 2
5481 0
5482 3
5483 3
5484 2
5485 0
5486 0
5487 3
5488 0
5489 3
5490 1
5491 3
5492 3
5493 0
5494 1
5495 0
5496 3
5497 2
5498 3
5499 1
5500 0
5501 3
5502 3
5503 3
5504 2
5505 3
5506 3
5507 0
5508 2
5509 3
5510 3
5511 0
5512 2
5513 0
5514 0
5515 0
5516 3
5517 3
5518 1
5519 3
5520 0
5521 2
5522 3
5523 2
5524 1
5525 3
5526 0
5527 0
5528 0
5529 2
5530 0
5531 0
5532 2
5533 1
5534 3
5535 3
5536 3
5537 2
5538 3
5539 3
5540 0
5541 0
5542 1
5543 3
5544 0
5545 2
5546 1
5547 2
5548 1
5549 1
5550 3
5551 3
5552 3
5553 0
5554 0
5555 0
5556 1
5557 0
5558 2
5559 3
5560 0
5561 0
5562 2
5563 1
5564 0
5565 1
5566 0
5567 2
5568 0
5569 0
5570 1
5571 0
5572 0
5573 3
5574 0
5575 2
5576 0
5577 3
5578 3
5579 2
5580 2
5581 3
5582 0
5583 0
5584 3
5585 3
5586 1
5587 3
5588 3
5589 3
5590 2
5591 3
5592 1
5593 0
5594 1
5595 3
5596 2
5597 3
5598 1
5599 0
5600 3
5601 3
5602 3
5603 0
5604 2
5605 3
5606 2
5607 3
5608 3
5609 3
5610 0
5611 3
5612 2
5613 0
5614 3
5615 3
5616 2
5617 0
5618 3
5619 2
5620 3
5621 2
5622 2
5623 1
5624 1
5625 3
5626 2
5627 1
5628 1
5629 0
5630 3
5631 3
5632 0
5633 3
5634 3
5635 1
5636 1
5637 0
5638 2
5639 0
5640 0
5641 3
5642 0
5643 2
5644 3
5645 3
5646 2
5647 1
5648 3
5649 0
5650 3
5651 1
5652 2
5653 3
5654 1
5655 1
5656 1
5657 3
5658 0
5659 1
5660 0
5661 3
5662 0
5663 3
5664 3
5665 3
5666 1
5667 3
5668 2
5669 0
5670 3
5671 2
5672 2
5673 3
5674 2
5675 0
5676 3
5677 3
5678 3
5679 0
5680 3
5681 3
5682 3
5683 1
5684 1
5685 3
5686 2
5687 3
5688 3
5689 1
5690 2
5691 0
5692 3
5693 2
5694 3
5695 0
5696 0
5697 3
5698 3
5699 3
5700 0
5701 0
5702 2
5703 3
5704 2
5705 2
5706 2
5707 0
5708 3
5709 0
5710 3
5711 3
5712 2
5713 0
5714 0
5715 1
5716 3
5717 2
5718 0
5719 0
5720 3
5721 2
5722 0
5723 0
5724 0
5725 3
5726 2
5727 0
5728 1
5729 3
5730 3
5731 1
5732 0
5733 3
5734 3
5735 0
5736 0
5737 2
5738 0
5739 2
5740 0
5741 0
5742 0
5743 0
5744 3
5745 3
5746 3
5747 0
5748 3
5749 1
5750 1
5751 0
5752 0
5753 0
5754 3
5755 3
5756 3
5757 3
5758 0
5759 1
5760 2
5761 0
5762 1
5763 1
5764 1
5765 2
5766 3
5767 2
5768 3
5769 3
5770 1
5771 0
5772 1
5773 3
5774 3
5775 2
5776 1
5777 0
5778 3
5779 0
5780 3
5781 0
5782 0
5783 0
5784 3
5785 2
5786 3
5787 0
5788 0
5789 0
5790 0
5791 3
5792 0
5793 1
5794 1
5795 3
5796 0
5797 1
5798 3
5799 3
5800 3
5801 1
5802 3
5803 3
5804 2
5805 2
5806 3
5807 2
5808 0
5809 3
5810 3
5811 3
5812 0
5813 3
5814 3
5815 3
5816 2
5817 3
5818 2
5819 2
5820 1
5821 2
5822 2
5823 0
5824 2
5825 0
5826 1
5827 0
5828 3
5829 0
5830 3
5831 3
5832 3
5833 3
5834 3
5835 3
5836 0
5837 1
5838 2
5839 0
5840 2
5841 3
5842 1
5843 0
5844 0
5845 1
5846 3
5847 0
5848 2
5849 2
5850 1
5851 3
5852 3
5853 2
5854 2
5855 3
5856 3
5857 3
5858 3
5859 0
5860 1
5861 3
5862 0
5863 2
5864 2
5865 2
5866 0
5867 1
5868 3
5869 3
5870 0
5871 0
5872 0
5873 2
5874 3
5875 0
5876 0
5877 0
5878 1
5879 3
5880 3
5881 0
5882 0
5883 3
5884 2
5885 3
5886 0
5887 2
5888 3
5889 2
5890 2
5891 0
5892 3
5893 3
5894 2
5895 3
5896 1
5897 1
5898 0
5899 1
5900 3
5901 3
5902 0
5903 2
5904 0
5905 2
5906 3
5907 1
5908 1
5909 3
5910 1
5911 1
5912 0
5913 3
5914 0
5915 3
5916 1
5917 3
5918 2
5919 2
5920 3
5921 2
5922 0
5923 1
5924 3
5925 3
5926 2
5927 1
5928 2
5929 0
5930 3
5931 2
5932 0
5933 0
5934 2
5935 3
5936 1
5937 0
5938 0
5939 0
5940 0
5941 3
5942 3
5943 3
5944 0
5945 3
5946 3
5947 0
5948 3
5949 0
5950 3
5951 2
5952 2
5953 3
5954 3
5955 0
5956 2
5957 1
5958 3
5959 0
5960 3
5961 3
5962 3
5963 2
5964 3
5965 3
5966 1
5967 0
5968 3
5969 2
5970 2
5971 0
5972 1
5973 3
5974 1
5975 3
5976 1
5977 1
5978 1
5979 1
5980 3
5981 1
5982 2
5983 1
5984 0
5985 2
5986 3
5987 0
5988 3
5989 1
5990 3
5991 3
5992 3
5993 2
5994 0
5995 3
5996 2
5997 0
5998 3
5999 0
6000 3
6001 3
6002 2
6003 1
6004 0
6005 1
6006 3
6007 0
6008 3
6009 2
6010 2
6011 3
6012 3
6013 3
6014 3
6015 0
6016 2
6017 3
6018 3
6019 2
6020 3
6021 1
6022 0
6023 1
6024 3
6025 3
6026 1
6027 3
6028 3
6029 2
6030 0
6031 1
6032 0
6033 0
6034 0
6035 0
6036 1
6037 0
6038 1
6039 1
6040 1
6041 1
6042 1
6043 3
6044 3
6045 3
6046 1
6047 0
6048 2
6049 3
6050 0
6051 2
6052 1
6053 2
6054 3
6055 3
6056 1
6057 3
6058 3
6059 3
6060 3
6061 1
6062 3
6063 1
6064 3
6065 3
6066 3
6067 0
6068 0
6069 3
6070 2
6071 2
6072 3
6073 3
6074 2
6075 2
6076 0
6077 2
6078 1
6079 3
6080 2
6081 3
6082 1
6083 3
6084 3
6085 0
6086 3
6087 3
6088 3
6089 0
6090 3
6091 2
6092 3
6093 0
6094 0
6095 2
6096 1
6097 3
6098 3
6099 2
6100 1
6101 0
6102 2
6103 3
6104 0
6105 3
6106 2
6107 0
6108 3
6109 2
6110 0
6111 3
6112 3
6113 2
6114 1
6115 3
6116 2
6117 3
6118 3
6119 3
6120 0
6121 0
6122 3
6123 3
6124 3
6125 3
6126 3
6127 0
6128 3
6129 3
6130 1
6131 3
6132 3
6133 3
6134 0
6135 3
6136 3
6137 0
6138 0
6139 1
6140 0
6141 0
6142 0
6143 1
6144 0
6145 0
6146 0
6147 1
6148 0
6149 0
6150 0
6151 0
6152 1
6153 3
6154 3
6155 1
6156 3
6157 2
6158 1
6159 2
6160 0
6161 3
6162 1
6163 0
6164 2
6165 3
6166 3
6167 3
6168 3
6169 2
6170 3
6171 1
6172 2
6173 1
6174 2
6175 2
6176 0
6177 3
6178 0
6179 3
6180 1
6181 0
6182 3
6183 3
6184 3
6185 1
6186 2
6187 3
6188 2
6189 0
6190 1
6191 3
6192 3
6193 3
6194 2
6195 0
6196 1
6197 0
6198 3
6199 2
6200 1
6201 3
6202 2
6203 0
6204 1
6205 1
6206 2
6207 3
6208 3
6209 3
6210 2
6211 3
6212 2
6213 3
6214 3
6215 3
6216 0
6217 3
6218 3
6219 3
6220 0
6221 0
6222 2
6223 2
6224 3
6225 0
6226 2
6227 2
6228 1
6229 1
6230 1
6231 3
6232 3
6233 2
6234 0
6235 0
6236 0
6237 2
6238 3
6239 0
6240 2
6241 2
6242 1
6243 2
6244 2
6245 0
6246 2
6247 0
6248 3
6249 2
6250 0
6251 0
6252 3
6253 3
6254 2
6255 3
6256 3
6257 1
6258 1
6259 1
6260 3
6261 2
6262 3
6263 3
6264 3
6265 3
6266 1
6267 0
6268 1
6269 2
6270 0
6271 0
6272 3
6273 2
6274 2
6275 3
6276 0
6277 3
6278 2
6279 3
6280 3
6281 3
6282 0
6283 1
6284 1
6285 3
6286 3
6287 3
6288 1
6289 3
6290 0
6291 1
6292 0
6293 3
6294 3
6295 3
6296 2
6297 0
6298 2
6299 3
6300 0
6301 3
6302 3
6303 3
6304 3
6305 0
6306 3
6307 1
6308 0
6309 0
6310 3
6311 2
6312 3
6313 0
6314 1
6315 2
6316 3
6317 3
6318 3
6319 3
6320 0
6321 2
6322 2
6323 0
6324 2
6325 0
6326 0
6327 3
6328 3
6329 3
6330 3
6331 2
6332 1
6333 3
6334 1
6335 3
6336 3
6337 2
6338 3
6339 0
6340 0
6341 3
6342 3
6343 3
6344 3
6345 3
6346 2
6347 0
6348 3
6349 1
6350 0
6351 0
6352 0
6353 3
6354 3
6355 0
6356 0
6357 0
6358 0
6359 0
6360 2
6361 1
6362 2
6363 1
6364 3
6365 2
6366 2
6367 3
6368 2
6369 3
6370 2
6371 0
6372 2
6373 3
6374 2
6375 3
6376 2
6377 3
6378 1
6379 1
6380 3
6381 3
6382 0
6383 0
6384 2
6385 2
6386 2
6387 1
6388 0
6389 0
6390 0
6391 3
6392 0
6393 2
6394 2
6395 2
6396 3
6397 3
6398 3
6399 1
6400 3
6401 3
6402 0
6403 3
6404 3
6405 0
6406 3
6407 0
6408 3
6409 1
6410 0
6411 2
6412 0
6413 3
6414 2
6415 3
6416 3
6417 0
6418 3
6419 0
6420 3
6421 2
6422 0
6423 2
6424 3
6425 1
6426 3
6427 3
6428 2
6429 1
6430 3
6431 0
6432 0
6433 2
6434 2
6435 2
6436 2
6437 2
6438 3
6439 2
6440 0
6441 2
6442 3
6443 3
6444 3
6445 2
6446 0
6447 2
6448 3
6449 2
6450 2
6451 3
6452 3
6453 3
6454 0
6455 3
6456 2
6457 3
6458 3
6459 0
6460 3
6461 3
6462 0
6463 3
6464 0
6465 2
6466 1
6467 0
6468 1
6469 0
6470 3
6471 0
6472 2
6473 0
6474 2
6475 0
6476 3
6477 3
6478 2
6479 3
6480 2
6481 0
6482 3
6483 2
6484 0
6485 0
6486 3
6487 0
6488 0
6489 2
6490 3
6491 2
6492 3
6493 0
6494 0
6495 0
6496 0
6497 0
6498 0
6499 3
6500 3
6501 3
6502 2
6503 1
6504 3
6505 3
6506 1
6507 3
6508 3
6509 0
6510 1
6511 3
6512 2
6513 2
6514 3
6515 3
6516 2
6517 2
6518 3
6519 3
6520 3
6521 3
6522 3
6523 1
6524 3
6525 3
6526 3
6527 3
6528 2
6529 3
6530 0
6531 3
6532 2
6533 3
6534 0
6535 3
6536 3
6537 0
6538 2
6539 3
6540 3
6541 3
6542 0
6543 3
6544 3
6545 2
6546 3
6547 2
6548 3
6549 3
6550 0
6551 1
6552 2
6553 3
6554 3
6555 0
6556 0
6557 3
6558 3
6559 2
6560 3
6561 3
6562 2
6563 3
6564 2
6565 2
6566 0
6567 0
6568 0
6569 0
6570 0
6571 1
6572 1
6573 0
6574 1
6575 2
6576 2
6577 0
6578 1
6579 3
6580 1
6581 3
6582 1
6583 3
6584 3
6585 1
6586 3
6587 3
6588 3
6589 3
6590 3
6591 3
6592 0
6593 3
6594 3
6595 0
6596 2
6597 2
6598 1
6599 3
6600 3
6601 3
6602 3
6603 3
6604 0
6605 2
6606 0
6607 1
6608 3
6609 3
6610 3
6611 3
6612 3
6613 2
6614 3
6615 2
6616 3
6617 0
6618 3
6619 3
6620 0
6621 2
6622 3
6623 3
6624 3
6625 3
6626 1
6627 1
6628 1
6629 0
6630 0
6631 0
6632 1
6633 1
6634 1
6635 1
6636 1
6637 1
6638 1
6639 1
6640 1
6641 1
6642 1
6643 1
6644 1
6645 1
6646 3
6647 3
6648 3
6649 3
6650 2
6651 1
6652 0
6653 0
6654 0
6655 3
6656 3
6657 3
6658 3
6659 3
6660 2
6661 0
6662 0
6663 0
6664 2
6665 2
6666 2
6667 1
6668 0
6669 3
6670 3
6671 1
6672 1
6673 2
6674 1
6675 2
6676 1
6677 2
6678 2
6679 3
6680 0
6681 0
6682 2
6683 3
6684 3
6685 2
6686 3
6687 3
6688 2
6689 3
0 0
1 1
2 2
3 3
1e-06 0.118851 75
