0 0
1 0
2 2
3 1
4 1
5 2
6 2
7 2
8 1
9 1
10 1
11 0
12 1
13 1
14 1
15 2
16 0
17 0
18 2
19 2
20 0
21 0
22 0
23 0
24 0
25 2
26 2
27 1
28 0
29 2
30 2
31 2
32 2
33 2
34 1
35 2
36 0
37 1
38 2
39 0
40 1
41 0
42 0
43 1
44 0
45 0
46 0
47 0
48 2
49 2
50 2
51 0
52 0
53 2
54 2
55 0
56 0
57 0
58 2
59 2
60 2
61 2
62 2
63 0
64 0
65 1
66 2
67 1
68 2
69 1
70 1
71 0
72 1
73 2
74 1
75 1
76 0
77 2
78 2
79 1
80 2
81 0
82 2
83 2
84 1
85 1
86 2
87 2
88 2
89 2
90 1
91 0
92 2
93 2
94 2
95 1
96 2
97 1
98 1
99 1
100 2
101 1
102 0
103 2
104 2
105 2
106 1
107 1
108 1
109 0
110 1
111 2
112 1
113 0
114 2
115 1
116 1
117 2
118 1
119 2
120 0
121 2
122 2
123 0
124 2
125 0
126 2
127 2
128 0
129 1
130 0
131 1
132 1
133 1
134 2
135 2
136 0
137 1
138 0
139 1
140 0
141 0
142 1
143 0
144 0
145 2
146 0
147 2
148 1
149 0
150 0
151 1
152 2
153 2
154 2
155 2
156 1
157 2
158 2
159 2
160 1
161 2
162 2
163 1
164 2
165 1
166 2
167 1
168 0
169 2
170 0
171 2
172 0
173 2
174 2
175 1
176 0
177 2
178 0
179 1
180 2
181 2
182 2
183 1
184 2
185 2
186 0
187 2
188 1
189 1
190 2
191 2
192 2
193 1
194 0
195 1
196 0
197 2
198 0
199 0
200 1
201 0
202 0
203 2
204 2
205 2
206 2
207 1
208 2
209 2
210 2
211 0
212 2
213 2
214 2
215 1
216 1
217 0
218 1
219 2
220 0
221 1
222 1
223 2
224 2
225 1
226 0
227 0
228 2
229 2
230 1
231 2
232 2
233 2
234 2
235 1
236 0
237 1
238 1
239 2
240 2
241 1
242 2
243 0
244 2
245 2
246 2
247 2
248 0
249 0
250 0
251 1
252 0
253 0
254 2
255 0
256 1
257 0
258 1
259 0
260 1
261 2
262 0
263 2
264 0
265 2
266 1
267 1
268 0
269 2
270 1
271 2
272 1
273 0
274 2
275 0
276 1
277 0
278 0
279 1
280 2
281 0
282 1
283 0
284 2
285 2
286 1
287 2
288 2
289 2
290 1
291 2
292 1
293 0
294 2
295 0
296 1
297 0
298 2
299 0
300 2
301 0
302 1
303 0
304 0
305 0
306 1
307 1
308 1
309 1
310 0
311 1
312 0
313 1
314 1
315 0
316 1
317 0
318 2
319 1
320 1
321 0
322 1
323 0
324 0
325 2
326 0
327 1
328 0
329 1
330 0
331 0
332 1
333 2
334 0
335 1
336 0
337 1
338 2
339 2
340 1
341 2
342 2
343 2
344 0
345 0
346 0
347 1
348 0
349 0
350 2
351 0
352 0
353 0
354 2
355 1
356 1
357 1
358 2
359 2
360 2
361 2
362 1
363 0
364 1
365 1
366 0
367 0
368 0
369 1
370 2
371 0
372 2
373 2
374 1
375 1
376 2
377 2
378 0
379 1
380 2
381 2
382 1
383 1
384 2
385 2
386 2
387 1
388 1
389 2
390 0
391 1
392 0
393 1
394 1
395 0
396 1
397 2
398 0
399 2
400 2
401 1
402 2
403 1
404 0
405 2
406 1
407 1
408 2
409 1
410 0
411 0
412 1
413 2
414 0
415 2
416 1
417 0
418 1
419 2
420 1
421 1
422 2
423 0
424 1
425 0
426 1
427 2
428 0
429 0
430 0
431 2
432 2
433 2
434 1
435 2
436 0
437 1
438 2
439 0
440 1
441 1
442 0
443 0
444 0
445 0
446 2
447 1
448 2
449 1
450 2
451 1
452 0
453 2
454 0
455 2
456 1
457 1
458 2
459 0
460 0
461 0
462 2
463 1
464 2
465 2
466 0
467 0
468 0
469 0
470 0
471 2
472 0
473 0
474 0
475 0
476 2
477 2
478 0
479 1
480 0
481 2
482 0
483 0
484 1
485 2
486 2
487 1
488 1
489 2
490 2
491 1
492 2
493 0
494 0
495 2
496 0
497 0
498 2
499 1
500 0
501 0
502 0
503 1
504 2
505 2
506 1
507 1
508 0
509 2
510 1
511 1
512 0
513 1
514 2
515 0
516 0
517 0
518 0
519 0
520 2
521 2
522 2
523 1
524 1
525 2
526 1
527 0
528 0
529 2
530 0
531 2
532 2
533 0
534 2
535 2
536 2
537 0
538 1
539 1
540 2
541 2
542 0
543 0
544 0
545 0
546 0
547 2
548 2
549 2
550 2
551 2
552 2
553 2
554 0
555 2
556 2
557 2
558 2
559 2
560 2
561 0
562 2
563 2
564 2
565 2
566 2
567 2
568 2
569 2
570 2
571 2
572 2
573 2
574 2
575 2
576 2
577 2
578 2
579 2
580 2
581 2
582 2
583 2
584 2
585 2
586 1
587 2
588 2
589 2
590 2
591 2
592 2
593 2
594 2
595 2
596 2
597 2
598 2
599 2
600 2
601 2
602 2
603 2
604 2
605 2
606 2
607 2
608 2
609 2
610 2
611 2
612 2
613 2
614 2
615 2
616 2
617 2
618 2
619 2
620 2
621 2
622 2
623 1
624 2
625 2
626 0
627 0
628 2
629 0
630 2
631 2
632 0
633 2
634 0
635 0
636 1
637 1
638 2
639 2
640 2
641 1
642 1
643 2
644 0
645 2
646 0
647 0
648 0
649 0
650 0
651 1
652 2
653 2
654 1
655 1
656 2
657 1
658 0
659 0
660 2
661 0
662 0
663 1
664 0
665 2
666 1
667 1
668 1
669 0
670 2
671 0
672 2
673 1
674 0
675 2
676 2
677 1
678 2
679 0
680 0
681 0
682 0
683 0
684 0
685 1
686 1
687 1
688 0
689 2
690 2
691 2
692 2
693 1
694 1
695 1
696 1
697 1
698 2
699 0
700 2
701 2
702 1
703 0
704 1
705 1
706 1
707 0
708 1
709 1
710 2
711 1
712 2
713 2
714 2
715 2
716 0
717 0
718 1
719 2
720 1
721 0
722 0
723 0
724 1
725 1
726 1
727 2
728 2
729 1
730 1
731 1
732 1
733 2
734 0
735 0
736 0
737 1
738 1
739 1
740 1
741 0
742 2
743 1
744 0
745 1
746 1
747 1
748 1
749 0
750 0
751 0
752 2
753 1
754 0
755 1
756 2
757 1
758 2
759 2
760 2
761 1
762 0
763 2
764 2
765 0
766 0
767 0
768 0
769 1
770 2
771 1
772 2
773 0
774 0
775 2
776 2
777 1
778 0
779 1
780 2
781 1
782 0
783 1
784 2
785 1
786 1
787 2
788 2
789 0
790 0
791 1
792 1
793 2
794 1
795 1
796 0
797 0
798 0
799 2
800 0
801 1
802 1
803 0
804 2
805 0
806 1
807 2
808 1
809 0
810 2
811 0
812 0
813 2
814 0
815 2
816 2
817 0
818 2
819 2
820 0
821 1
822 2
823 0
824 0
825 1
826 2
827 1
828 0
829 2
830 0
831 2
832 2
833 0
834 2
835 1
836 0
837 2
838 1
839 2
840 0
841 0
842 2
843 0
844 0
845 2
846 2
847 1
848 2
849 0
850 2
851 1
852 1
853 1
854 1
855 0
856 1
857 0
858 0
859 2
860 2
861 0
862 2
863 2
864 2
865 0
866 0
867 2
868 0
869 0
870 1
871 2
872 2
873 2
874 1
875 2
876 0
877 0
878 2
879 2
880 0
881 0
882 2
883 0
884 0
885 2
886 2
887 2
888 0
889 0
890 1
891 1
892 2
893 0
894 2
895 2
896 0
897 2
898 1
899 0
900 1
901 0
902 1
903 2
904 0
905 0
906 1
907 1
908 1
909 1
910 2
911 0
912 2
913 0
914 2
915 2
916 2
917 2
918 2
919 2
920 2
921 1
922 0
923 0
924 0
925 1
926 0
927 1
928 1
929 0
930 1
931 1
932 0
933 2
934 1
935 1
936 2
937 1
938 0
939 0
940 0
941 0
942 0
943 0
944 1
945 1
946 1
947 0
948 0
949 2
950 0
951 0
952 0
953 2
954 0
955 2
956 1
957 2
958 2
959 1
960 2
961 1
962 1
963 2
964 2
965 0
966 0
967 1
968 0
969 1
970 1
971 2
972 2
973 2
974 0
975 0
976 2
977 0
978 2
979 1
980 2
981 2
982 2
983 2
984 2
985 0
986 0
987 2
988 0
989 1
990 0
991 2
992 1
993 1
994 1
995 2
996 1
997 0
998 2
999 1
1000 1
1001 1
1002 2
1003 2
1004 1
1005 1
1006 0
1007 3
1008 1
1009 2
1010 0
1011 0
1012 0
1013 1
1014 1
1015 2
1016 2
1017 1
1018 2
1019 2
1020 0
1021 0
1022 2
1023 2
1024 2
1025 2
1026 2
1027 2
1028 0
1029 2
1030 1
1031 2
1032 2
1033 1
1034 2
1035 2
1036 2
1037 2
1038 0
1039 2
1040 0
1041 0
1042 1
1043 2
1044 1
1045 0
1046 0
1047 1
1048 1
1049 1
1050 1
1051 0
1052 2
1053 0
1054 2
1055 2
1056 2
1057 1
1058 0
1059 2
1060 1
1061 0
1062 0
1063 1
1064 1
1065 0
1066 0
1067 2
1068 2
1069 2
1070 0
1071 0
1072 0
1073 2
1074 0
1075 2
1076 1
1077 0
1078 1
1079 1
1080 0
1081 2
1082 2
1083 2
1084 0
1085 1
1086 1
1087 2
1088 2
1089 2
1090 0
1091 2
1092 0
1093 2
1094 2
1095 1
1096 1
1097 1
1098 0
1099 2
1100 2
1101 0
1102 0
1103 1
1104 2
1105 0
1106 0
1107 2
1108 0
1109 2
1110 2
1111 1
1112 2
1113 1
1114 1
1115 2
1116 2
1117 1
1118 0
1119 0
1120 2
1121 0
1122 1
1123 0
1124 0
1125 1
1126 0
1127 2
1128 2
1129 2
1130 2
1131 2
1132 2
1133 0
1134 2
1135 2
1136 2
1137 2
1138 1
1139 0
1140 0
1141 1
1142 2
1143 1
1144 0
1145 0
1146 2
1147 1
1148 1
1149 2
1150 0
1151 2
1152 0
1153 0
1154 0
1155 0
1156 0
1157 2
1158 2
1159 1
1160 0
1161 0
1162 0
1163 2
1164 0
1165 2
1166 2
1167 2
1168 0
1169 2
1170 2
1171 0
1172 0
1173 2
1174 1
1175 0
1176 0
1177 1
1178 1
1179 2
1180 0
1181 2
1182 0
1183 2
1184 2
1185 2
1186 2
1187 2
1188 2
1189 2
1190 0
1191 0
1192 1
1193 3
1194 1
1195 2
1196 0
1197 1
1198 2
1199 2
1200 2
1201 1
1202 2
1203 2
1204 1
1205 2
1206 1
1207 0
1208 0
1209 1
1210 2
1211 1
1212 0
1213 1
1214 2
1215 2
1216 2
1217 2
1218 2
1219 2
1220 2
1221 1
1222 2
1223 1
1224 2
1225 2
1226 2
1227 2
1228 0
1229 0
1230 2
1231 2
1232 1
1233 2
1234 2
1235 1
1236 1
1237 2
1238 0
1239 2
1240 1
1241 0
1242 2
1243 0
1244 1
1245 1
1246 2
1247 2
1248 0
1249 1
1250 1
1251 2
1252 1
1253 2
1254 0
1255 1
1256 0
1257 2
1258 0
1259 2
1260 2
1261 0
1262 0
1263 1
1264 0
1265 0
1266 0
1267 2
1268 0
1269 1
1270 1
1271 2
1272 2
1273 0
1274 2
1275 2
1276 0
1277 2
1278 2
1279 1
1280 1
1281 2
1282 2
1283 0
1284 0
1285 0
1286 0
1287 1
1288 1
1289 2
1290 2
1291 0
1292 1
1293 1
1294 2
1295 1
1296 2
1297 0
1298 2
1299 2
1300 1
1301 1
1302 2
1303 2
1304 2
1305 2
1306 2
1307 0
1308 0
1309 2
1310 0
1311 2
1312 2
1313 2
1314 0
1315 0
1316 1
1317 0
1318 2
1319 0
1320 1
1321 2
1322 0
1323 0
1324 1
1325 2
1326 2
1327 2
1328 0
1329 2
1330 2
1331 2
1332 1
1333 1
1334 1
1335 1
1336 0
1337 1
1338 1
1339 0
1340 2
1341 2
1342 0
1343 1
1344 2
1345 2
1346 2
1347 2
1348 2
1349 2
1350 2
1351 0
1352 0
1353 1
1354 0
1355 1
1356 2
1357 2
1358 2
1359 0
1360 1
1361 0
1362 2
1363 1
1364 0
1365 2
1366 2
1367 2
1368 2
1369 2
1370 2
1371 2
1372 2
1373 2
1374 2
1375 2
1376 2
1377 2
1378 2
1379 2
1380 2
1381 2
1382 2
1383 2
1384 2
1385 2
1386 2
1387 0
1388 2
1389 0
1390 0
1391 0
1392 0
1393 1
1394 0
1395 2
1396 0
1397 2
1398 1
1399 1
1400 1
1401 1
1402 0
1403 1
1404 2
1405 1
1406 1
1407 2
1408 2
1409 1
1410 0
1411 2
1412 2
1413 0
1414 2
1415 1
1416 1
1417 2
1418 2
1419 2
1420 2
1421 0
1422 2
1423 2
1424 2
1425 2
1426 0
1427 1
1428 2
1429 0
1430 1
1431 2
1432 0
1433 0
1434 0
1435 0
1436 2
1437 2
1438 2
1439 2
1440 1
1441 1
1442 2
1443 2
1444 1
1445 2
1446 2
1447 2
1448 1
1449 0
1450 2
1451 0
1452 2
1453 1
1454 2
1455 1
1456 0
1457 1
1458 1
1459 1
1460 1
1461 2
1462 1
1463 1
1464 2
1465 2
1466 2
1467 2
1468 2
1469 0
1470 2
1471 0
1472 1
1473 1
1474 0
1475 0
1476 1
1477 2
1478 0
1479 2
1480 1
1481 1
1482 2
1483 0
1484 0
1485 2
1486 0
1487 1
1488 0
1489 1
1490 1
1491 2
1492 0
1493 0
1494 1
1495 0
1496 0
1497 0
1498 2
1499 0
1500 0
1501 1
1502 0
1503 2
1504 2
1505 0
1506 2
1507 0
1508 0
1509 1
1510 0
1511 0
1512 2
1513 2
1514 2
1515 2
1516 0
1517 0
1518 2
1519 0
1520 2
1521 1
1522 2
1523 1
1524 0
1525 0
1526 2
1527 0
1528 1
1529 1
1530 0
1531 1
1532 1
1533 1
1534 1
1535 0
1536 2
1537 0
1538 1
1539 2
1540 2
1541 0
1542 1
1543 0
1544 1
1545 1
1546 1
1547 0
1548 1
1549 1
1550 2
1551 1
1552 2
1553 1
1554 1
1555 2
1556 0
1557 2
1558 1
1559 0
1560 0
1561 0
1562 0
1563 0
1564 0
1565 0
1566 0
1567 0
1568 1
1569 2
1570 2
1571 2
1572 0
1573 2
1574 1
1575 0
1576 2
1577 2
1578 0
1579 2
1580 2
1581 0
1582 0
1583 0
1584 0
1585 2
1586 1
1587 0
1588 2
1589 0
1590 2
1591 1
1592 2
1593 2
1594 1
1595 1
1596 0
1597 0
1598 2
1599 0
1600 2
1601 1
1602 0
1603 0
1604 2
1605 2
1606 2
1607 1
1608 2
1609 0
1610 2
1611 0
1612 0
1613 0
1614 2
1615 0
1616 2
1617 0
1618 2
1619 2
1620 2
1621 1
1622 2
1623 2
1624 0
1625 0
1626 2
1627 1
1628 2
1629 2
1630 0
1631 0
1632 1
1633 0
1634 1
1635 1
1636 2
1637 2
1638 2
1639 1
1640 1
1641 0
1642 0
1643 1
1644 0
1645 1
1646 0
1647 2
1648 2
1649 2
1650 0
1651 2
1652 0
1653 2
1654 2
1655 2
1656 2
1657 2
1658 0
1659 1
1660 0
1661 0
1662 2
1663 2
1664 2
1665 2
1666 2
1667 0
1668 0
1669 0
1670 1
1671 0
1672 2
1673 2
1674 0
1675 2
1676 0
1677 2
1678 2
1679 0
1680 2
1681 1
1682 2
1683 0
1684 2
1685 2
1686 2
1687 1
1688 2
1689 0
1690 2
1691 1
1692 2
1693 2
1694 1
1695 2
1696 1
1697 2
1698 1
1699 0
1700 2
1701 0
1702 2
1703 2
1704 0
1705 1
1706 1
1707 0
1708 0
1709 0
1710 1
1711 2
1712 1
1713 0
1714 2
1715 0
1716 2
1717 1
1718 1
1719 0
1720 1
1721 0
1722 2
1723 2
1724 2
1725 1
1726 1
1727 0
1728 1
1729 2
1730 2
1731 1
1732 2
1733 2
1734 0
1735 2
1736 0
1737 2
1738 1
1739 0
1740 2
1741 1
1742 1
1743 1
1744 0
1745 2
1746 0
1747 2
1748 0
1749 2
1750 0
1751 2
1752 1
1753 2
1754 0
1755 2
1756 2
1757 0
1758 1
1759 0
1760 2
1761 0
1762 1
1763 0
1764 2
1765 2
1766 1
1767 2
1768 0
1769 2
1770 1
1771 2
1772 0
1773 1
1774 2
1775 0
1776 2
1777 0
1778 1
1779 0
1780 0
1781 0
1782 0
1783 2
1784 0
1785 1
1786 0
1787 0
1788 1
1789 0
1790 0
1791 0
1792 0
1793 0
1794 0
1795 2
1796 0
1797 1
1798 2
1799 2
1800 2
1801 1
1802 2
1803 0
1804 2
1805 2
1806 2
1807 2
1808 2
1809 2
1810 0
1811 2
1812 0
1813 2
1814 2
1815 2
1816 1
1817 0
1818 2
1819 1
1820 2
1821 0
1822 1
1823 0
1824 1
1825 2
1826 1
1827 2
1828 1
1829 1
1830 0
1831 0
1832 0
1833 0
1834 2
1835 1
1836 2
1837 2
1838 1
1839 0
1840 1
1841 0
1842 2
1843 2
1844 0
1845 1
1846 1
1847 1
1848 1
1849 1
1850 1
1851 2
1852 2
1853 2
1854 0
1855 1
1856 2
1857 0
1858 2
1859 2
1860 2
1861 1
1862 1
1863 2
1864 2
1865 2
1866 1
1867 0
1868 2
1869 1
1870 1
1871 1
1872 2
1873 2
1874 2
1875 1
1876 0
1877 1
1878 2
1879 2
1880 2
1881 0
1882 2
1883 0
1884 1
1885 2
1886 0
1887 0
1888 2
1889 1
1890 0
1891 0
1892 2
1893 2
1894 1
1895 2
1896 1
1897 0
1898 2
1899 2
1900 2
1901 2
1902 2
1903 2
1904 2
1905 1
1906 1
1907 2
1908 1
1909 0
1910 1
1911 0
1912 1
1913 0
1914 2
1915 2
1916 2
1917 2
1918 2
1919 0
1920 2
1921 1
1922 1
1923 2
1924 2
1925 0
1926 1
1927 2
1928 2
1929 1
1930 0
1931 2
1932 1
1933 2
1934 2
1935 0
1936 0
1937 0
1938 0
1939 1
1940 2
1941 2
1942 0
1943 0
1944 0
1945 0
1946 2
1947 1
1948 0
1949 2
1950 2
1951 1
1952 1
1953 1
1954 0
1955 1
1956 0
1957 2
1958 1
1959 0
1960 0
1961 1
1962 1
1963 2
1964 2
1965 2
1966 0
1967 0
1968 1
1969 2
1970 0
1971 2
1972 0
1973 1
1974 2
1975 1
1976 0
1977 2
1978 2
1979 0
1980 2
1981 2
1982 1
1983 0
1984 2
1985 1
1986 0
1987 0
1988 2
1989 2
1990 2
1991 1
1992 0
1993 0
1994 0
1995 2
1996 2
1997 2
1998 1
1999 1
2000 2
2001 2
2002 2
2003 1
2004 0
2005 2
2006 1
2007 1
2008 2
2009 2
2010 0
2011 2
2012 1
2013 2
2014 1
2015 1
2016 0
2017 1
2018 0
2019 2
2020 1
2021 2
2022 2
2023 0
2024 2
2025 2
2026 1
2027 0
2028 0
2029 0
2030 1
2031 1
2032 0
2033 2
2034 2
2035 0
2036 0
2037 0
2038 1
2039 2
2040 2
2041 0
2042 0
2043 0
2044 2
2045 2
2046 0
2047 0
2048 0
2049 0
2050 2
2051 2
2052 2
2053 0
2054 2
2055 0
2056 0
2057 1
2058 2
2059 0
2060 1
2061 0
2062 2
2063 1
2064 2
2065 1
2066 2
2067 0
2068 2
2069 0
2070 0
2071 2
2072 2
2073 0
2074 1
2075 2
2076 1
2077 1
2078 0
2079 2
2080 0
2081 0
2082 1
2083 2
2084 2
2085 1
2086 1
2087 0
2088 2
2089 2
2090 0
2091 2
2092 0
2093 1
2094 2
2095 1
2096 2
2097 2
2098 2
2099 2
2100 0
2101 0
2102 1
2103 0
2104 0
2105 0
2106 0
2107 2
2108 2
2109 2
2110 1
2111 0
2112 2
2113 2
2114 2
2115 2
2116 2
2117 0
2118 0
2119 0
2120 1
2121 0
2122 1
2123 1
2124 2
2125 1
2126 0
2127 2
2128 2
2129 0
2130 2
2131 2
2132 1
2133 0
2134 2
2135 0
2136 2
2137 1
2138 0
2139 2
2140 1
2141 2
2142 2
2143 2
2144 0
2145 2
2146 1
2147 1
2148 2
2149 1
2150 1
2151 0
2152 2
2153 2
2154 1
2155 0
2156 1
2157 1
2158 1
2159 1
2160 2
2161 1
2162 0
2163 2
2164 0
2165 0
2166 1
2167 1
2168 0
2169 1
2170 1
2171 1
2172 1
2173 0
2174 0
2175 2
2176 0
2177 1
2178 2
2179 1
2180 1
2181 0
2182 0
2183 1
2184 1
2185 0
2186 0
2187 1
2188 1
2189 1
2190 2
2191 0
2192 1
2193 1
2194 2
2195 2
2196 2
2197 0
2198 0
2199 2
2200 2
2201 2
2202 0
2203 2
2204 2
2205 2
2206 0
2207 2
2208 2
2209 1
2210 2
2211 2
2212 1
2213 0
2214 2
2215 0
2216 2
2217 2
2218 2
2219 0
2220 2
2221 2
2222 2
2223 2
2224 2
2225 2
2226 0
2227 2
2228 0
2229 0
2230 0
2231 2
2232 1
2233 0
2234 2
2235 1
2236 0
2237 0
2238 1
2239 1
2240 2
2241 1
2242 1
2243 1
2244 1
2245 0
2246 2
2247 1
2248 0
2249 2
2250 1
2251 3
2252 3
2253 3
2254 2
2255 1
2256 1
2257 1
2258 1
2259 1
2260 0
2261 0
2262 1
2263 0
2264 0
2265 0
2266 1
2267 1
2268 1
2269 1
2270 1
2271 0
2272 0
2273 0
2274 1
2275 1
2276 1
2277 0
2278 1
2279 1
2280 1
2281 0
2282 1
2283 1
2284 0
2285 0
2286 1
2287 1
2288 1
2289 2
2290 0
2291 2
2292 1
2293 0
2294 0
2295 0
2296 2
2297 2
2298 2
2299 2
2300 2
2301 2
2302 0
2303 2
2304 0
2305 1
2306 2
2307 0
2308 1
2309 2
2310 0
2311 1
2312 0
2313 1
2314 2
2315 1
2316 2
2317 2
2318 0
2319 1
2320 2
2321 0
2322 2
2323 2
2324 2
2325 0
2326 2
2327 2
2328 2
2329 0
2330 2
2331 2
2332 1
2333 2
2334 2
2335 2
2336 1
2337 1
2338 2
2339 2
2340 0
2341 0
2342 1
2343 2
2344 0
2345 2
2346 0
2347 2
2348 2
2349 2
2350 2
2351 1
2352 0
2353 1
2354 0
2355 2
2356 0
2357 0
2358 1
2359 0
2360 1
2361 1
2362 2
2363 1
2364 1
2365 1
2366 0
2367 1
2368 0
2369 2
2370 2
2371 2
2372 1
2373 0
2374 2
2375 1
2376 0
2377 0
2378 1
2379 0
2380 2
2381 2
2382 1
2383 1
2384 2
2385 2
2386 2
2387 1
2388 0
2389 0
2390 0
2391 0
2392 1
2393 1
2394 0
2395 2
2396 2
2397 1
2398 1
2399 1
2400 1
2401 1
2402 1
2403 0
2404 0
2405 1
2406 1
2407 1
2408 1
2409 2
2410 2
2411 0
2412 2
2413 2
2414 0
2415 2
2416 2
2417 2
2418 2
2419 1
2420 2
2421 0
2422 0
2423 0
2424 1
2425 1
2426 1
2427 1
2428 1
2429 2
2430 0
2431 1
2432 1
2433 0
2434 1
2435 2
2436 0
2437 0
2438 0
2439 1
2440 2
2441 0
2442 1
2443 2
2444 1
2445 0
2446 0
2447 0
2448 1
2449 2
2450 2
2451 0
2452 1
2453 2
2454 2
2455 2
2456 2
2457 0
2458 2
2459 2
2460 2
2461 0
2462 2
2463 1
2464 0
2465 0
2466 2
2467 2
2468 1
2469 0
2470 1
2471 2
2472 1
2473 0
2474 1
2475 0
2476 0
2477 1
2478 1
2479 0
2480 2
2481 2
2482 1
2483 1
2484 0
2485 2
2486 2
2487 0
2488 2
2489 1
2490 1
2491 1
2492 0
2493 0
2494 0
2495 2
2496 2
2497 0
2498 2
2499 1
2500 1
2501 2
2502 1
2503 1
2504 0
2505 0
2506 1
2507 0
2508 2
2509 0
2510 1
2511 0
2512 1
2513 1
2514 0
2515 1
2516 1
2517 0
2518 1
2519 1
2520 2
2521 1
2522 1
2523 2
2524 2
2525 2
2526 2
2527 0
2528 1
2529 1
2530 1
2531 1
2532 0
2533 1
2534 2
2535 2
2536 2
2537 2
2538 1
2539 0
2540 0
2541 0
2542 1
2543 1
2544 1
2545 2
2546 1
2547 2
2548 2
2549 2
2550 0
2551 2
2552 2
2553 2
2554 2
2555 0
2556 0
2557 0
2558 1
2559 2
2560 2
2561 0
2562 0
2563 1
2564 0
2565 1
2566 1
2567 0
2568 0
2569 0
2570 1
2571 2
2572 1
2573 0
2574 1
2575 2
2576 2
2577 2
2578 0
2579 2
2580 0
2581 0
2582 2
2583 2
2584 0
2585 2
2586 1
2587 1
2588 2
2589 2
2590 2
2591 2
2592 1
2593 1
2594 2
2595 2
2596 1
2597 0
2598 2
2599 0
2600 2
2601 2
2602 1
2603 2
2604 2
2605 2
2606 0
2607 1
2608 2
2609 1
2610 1
2611 1
2612 2
2613 1
2614 1
2615 2
2616 1
2617 0
2618 0
2619 2
2620 1
2621 0
2622 2
2623 2
2624 1
2625 1
2626 0
2627 0
2628 0
2629 0
2630 0
2631 1
2632 2
2633 1
2634 1
2635 2
2636 1
2637 1
2638 2
2639 0
2640 1
2641 2
2642 0
2643 1
2644 2
2645 1
2646 0
2647 1
2648 0
2649 1
2650 0
2651 0
2652 0
2653 2
2654 2
2655 1
2656 2
2657 1
2658 1
2659 0
2660 0
2661 0
2662 2
2663 0
2664 2
2665 0
2666 1
2667 1
2668 1
2669 2
2670 0
2671 0
2672 1
2673 0
2674 2
2675 0
2676 0
2677 1
2678 0
2679 2
2680 1
2681 2
2682 0
2683 2
2684 0
2685 0
2686 1
2687 2
2688 2
2689 1
2690 1
2691 0
2692 2
2693 0
2694 0
2695 1
2696 0
2697 1
2698 0
2699 0
2700 0
2701 0
2702 1
2703 2
2704 1
2705 1
2706 0
2707 2
2708 0
2709 2
2710 0
2711 2
2712 2
2713 2
2714 2
2715 2
2716 2
2717 2
2718 2
2719 2
2720 2
2721 1
2722 1
2723 1
2724 2
2725 1
2726 2
2727 2
2728 1
2729 2
2730 2
2731 2
2732 2
2733 2
2734 2
2735 2
2736 2
2737 2
2738 1
2739 0
2740 0
2741 2
2742 1
2743 0
2744 2
2745 2
2746 2
2747 0
2748 1
2749 0
2750 0
2751 1
2752 0
2753 1
2754 0
2755 0
2756 2
2757 0
2758 0
2759 2
2760 0
2761 0
2762 2
2763 2
2764 0
2765 0
2766 2
2767 1
2768 1
2769 2
2770 0
2771 0
2772 2
2773 1
2774 2
2775 2
2776 2
2777 0
2778 2
2779 0
2780 2
2781 2
2782 2
2783 0
2784 2
2785 1
2786 0
2787 1
2788 0
2789 1
2790 2
2791 2
2792 1
2793 0
2794 1
2795 0
2796 2
2797 2
2798 0
2799 2
2800 0
2801 1
2802 2
2803 2
2804 0
2805 0
2806 0
2807 2
2808 0
2809 2
2810 2
2811 2
2812 2
2813 2
2814 2
2815 2
2816 2
2817 2
2818 2
2819 2
2820 2
2821 2
2822 2
2823 2
2824 2
2825 2
2826 2
2827 2
2828 2
2829 2
2830 2
2831 0
2832 2
2833 2
2834 1
2835 2
2836 0
2837 2
2838 1
2839 1
2840 2
2841 0
2842 0
2843 1
2844 0
2845 2
2846 1
2847 0
2848 0
2849 1
2850 0
2851 1
2852 1
2853 0
2854 0
2855 0
2856 0
2857 2
2858 1
2859 2
2860 2
2861 0
2862 0
2863 0
2864 1
2865 1
2866 1
2867 2
2868 2
2869 0
2870 2
2871 0
2872 2
2873 1
2874 1
2875 2
2876 1
2877 1
2878 1
2879 2
2880 1
2881 1
2882 2
2883 2
2884 1
2885 1
2886 2
2887 0
2888 2
2889 0
2890 2
2891 2
2892 2
2893 0
2894 1
2895 0
2896 1
2897 1
2898 2
2899 1
2900 2
2901 1
2902 1
2903 0
2904 2
2905 0
2906 1
2907 2
2908 1
2909 2
2910 2
2911 0
2912 2
2913 0
2914 1
2915 1
2916 0
2917 0
2918 2
2919 0
2920 2
2921 2
2922 0
2923 2
2924 2
2925 2
2926 1
2927 0
2928 2
2929 2
2930 2
2931 2
2932 1
2933 2
2934 2
2935 0
2936 2
2937 2
2938 2
2939 2
2940 2
2941 2
2942 2
2943 2
2944 2
2945 2
2946 1
2947 2
2948 2
2949 2
2950 1
2951 0
2952 0
2953 2
2954 0
2955 2
2956 0
2957 1
2958 2
2959 0
2960 0
2961 2
2962 2
2963 2
2964 0
2965 2
2966 1
2967 2
2968 0
2969 1
2970 0
2971 1
2972 0
2973 1
2974 2
2975 1
2976 2
2977 2
2978 2
2979 2
2980 1
2981 1
2982 0
2983 0
2984 0
2985 0
2986 1
2987 2
2988 1
2989 2
2990 1
2991 2
2992 2
2993 2
2994 2
2995 1
2996 0
2997 2
2998 1
2999 2
3000 2
3001 0
3002 2
3003 2
3004 2
3005 1
3006 0
3007 1
3008 0
3009 2
3010 1
3011 0
3012 1
3013 0
3014 2
3015 1
3016 0
3017 1
3018 2
3019 1
3020 1
3021 1
3022 1
3023 2
3024 0
3025 0
3026 0
3027 2
3028 2
3029 2
3030 2
3031 2
3032 2
3033 2
3034 1
3035 2
3036 2
3037 2
3038 2
3039 2
3040 2
3041 2
3042 2
3043 2
3044 2
3045 2
3046 2
3047 2
3048 2
3049 2
3050 2
3051 2
3052 2
3053 2
3054 2
3055 2
3056 2
3057 2
3058 2
3059 2
3060 2
3061 2
3062 2
3063 2
3064 2
3065 2
3066 2
3067 0
3068 2
3069 2
3070 2
3071 2
3072 2
3073 2
3074 2
3075 2
3076 2
3077 2
3078 1
3079 2
3080 2
3081 2
3082 2
3083 2
3084 2
3085 2
3086 2
3087 2
3088 2
3089 2
3090 2
3091 2
3092 2
3093 2
3094 2
3095 2
3096 2
3097 2
3098 2
3099 2
3100 2
3101 2
3102 2
3103 2
3104 2
3105 2
3106 2
3107 2
3108 2
3109 2
3110 2
3111 2
3112 2
3113 2
3114 2
3115 1
3116 2
3117 1
3118 1
3119 1
3120 1
3121 2
3122 1
3123 2
3124 2
3125 2
3126 2
3127 2
3128 2
3129 2
3130 2
3131 2
3132 2
3133 2
3134 2
3135 2
3136 2
3137 2
3138 2
3139 2
3140 2
3141 2
3142 2
3143 2
3144 2
3145 1
3146 0
3147 0
3148 2
3149 0
3150 0
3151 1
3152 2
3153 2
3154 0
3155 1
3156 0
3157 1
3158 1
3159 1
3160 2
3161 2
3162 2
3163 2
3164 1
3165 0
3166 0
3167 2
3168 0
3169 0
3170 1
3171 0
3172 1
3173 1
3174 0
3175 0
3176 2
3177 1
3178 0
3179 2
3180 0
3181 1
3182 1
3183 2
3184 1
3185 2
3186 2
3187 0
3188 0
3189 1
3190 2
3191 0
3192 0
3193 0
3194 2
3195 0
3196 2
3197 2
3198 2
3199 0
3200 2
3201 2
3202 1
3203 2
3204 2
3205 2
3206 2
3207 0
3208 0
3209 2
3210 1
3211 2
3212 2
3213 0
3214 0
3215 2
3216 0
3217 0
3218 0
3219 2
3220 2
3221 2
3222 1
3223 0
3224 0
3225 2
3226 2
3227 1
3228 2
3229 0
3230 1
3231 1
3232 2
3233 2
3234 1
3235 0
3236 1
3237 1
3238 2
3239 1
3240 0
3241 1
3242 2
3243 0
3244 1
3245 0
3246 0
3247 0
3248 2
3249 0
3250 0
3251 0
3252 2
3253 2
3254 2
3255 0
3256 2
3257 0
3258 2
3259 0
3260 1
3261 0
3262 1
3263 0
3264 2
3265 1
3266 1
3267 1
3268 2
3269 1
3270 0
3271 0
3272 2
3273 2
3274 2
3275 0
3276 2
3277 2
3278 1
3279 0
3280 1
3281 0
3282 1
3283 2
3284 1
3285 2
3286 1
3287 0
3288 1
3289 2
3290 2
3291 2
3292 0
3293 0
3294 0
3295 2
3296 0
3297 1
3298 2
3299 1
3300 2
3301 0
3302 1
3303 0
3304 2
3305 0
3306 0
3307 1
3308 1
3309 1
3310 1
3311 0
3312 2
3313 0
3314 2
3315 1
3316 0
3317 2
3318 0
3319 2
3320 2
3321 0
3322 1
3323 1
3324 2
3325 0
3326 0
3327 2
3328 2
3329 1
3330 2
3331 1
3332 1
3333 0
3334 1
3335 1
3336 2
3337 2
3338 1
3339 2
3340 1
3341 2
3342 2
3343 2
3344 0
3345 0
3346 0
3347 0
3348 2
3349 0
3350 2
3351 2
3352 2
3353 2
3354 0
3355 1
3356 1
3357 1
3358 1
3359 0
3360 2
3361 2
3362 1
3363 0
3364 2
3365 0
3366 1
3367 1
3368 1
3369 2
3370 2
3371 0
3372 0
3373 2
3374 2
3375 2
3376 2
3377 2
3378 0
3379 2
3380 2
3381 0
3382 1
3383 1
3384 2
3385 2
3386 0
3387 2
3388 0
3389 0
3390 2
3391 1
3392 2
3393 1
3394 2
3395 1
3396 1
3397 2
3398 2
3399 2
3400 2
3401 1
3402 0
3403 0
3404 2
3405 2
3406 2
3407 2
3408 2
3409 2
3410 2
3411 2
3412 2
3413 2
3414 2
3415 2
3416 2
3417 2
3418 2
3419 2
3420 0
3421 0
3422 0
3423 0
3424 0
3425 2
3426 2
3427 0
3428 1
3429 2
3430 2
3431 2
3432 2
3433 2
3434 1
3435 0
3436 2
3437 0
3438 2
3439 1
3440 0
3441 0
3442 1
3443 1
3444 1
3445 2
3446 0
3447 2
3448 1
3449 1
3450 1
3451 0
3452 2
3453 1
3454 0
3455 1
3456 1
3457 0
3458 2
3459 1
3460 0
3461 0
3462 0
3463 2
3464 2
3465 2
3466 0
3467 1
3468 2
3469 0
3470 2
3471 1
3472 1
3473 2
3474 2
3475 0
3476 2
3477 2
3478 0
3479 0
3480 0
3481 2
3482 0
3483 2
3484 2
3485 2
3486 2
3487 1
3488 2
3489 2
3490 2
3491 0
3492 0
3493 0
3494 0
3495 0
3496 1
3497 0
3498 0
3499 2
3500 0
3501 2
3502 2
3503 0
3504 0
3505 0
3506 1
3507 2
3508 0
3509 2
3510 2
3511 2
3512 0
3513 2
3514 2
3515 0
3516 2
3517 2
3518 2
3519 2
3520 0
3521 2
3522 0
3523 1
3524 0
3525 0
3526 2
3527 2
3528 2
3529 2
3530 2
3531 2
3532 2
3533 2
3534 2
3535 1
3536 2
3537 1
3538 1
3539 0
3540 0
3541 1
3542 2
3543 1
3544 1
3545 1
3546 0
3547 2
3548 1
3549 1
3550 2
3551 1
3552 2
3553 2
3554 2
3555 2
3556 0
3557 1
3558 2
3559 2
3560 0
3561 2
3562 0
3563 1
3564 2
3565 2
3566 0
3567 0
3568 1
3569 0
3570 2
3571 0
3572 2
3573 2
3574 2
3575 0
3576 0
3577 0
3578 1
3579 0
3580 2
3581 1
3582 1
3583 1
3584 0
3585 1
3586 1
3587 1
3588 0
3589 0
3590 2
3591 2
3592 0
3593 0
3594 1
3595 2
3596 0
3597 2
3598 0
3599 2
3600 0
3601 0
3602 1
3603 1
3604 0
3605 2
3606 1
3607 0
3608 0
3609 2
3610 2
3611 2
3612 0
3613 1
3614 2
3615 2
3616 1
3617 1
3618 0
3619 2
3620 0
3621 1
3622 0
3623 1
3624 1
3625 1
3626 2
3627 2
3628 0
3629 2
3630 2
3631 2
3632 0
3633 0
3634 2
3635 0
3636 0
3637 2
3638 1
3639 1
3640 0
3641 2
3642 1
3643 2
3644 1
3645 2
3646 0
3647 2
3648 0
3649 1
3650 1
3651 1
3652 0
3653 2
3654 0
3655 2
3656 1
3657 2
3658 0
3659 2
3660 2
3661 2
3662 2
3663 0
3664 1
3665 2
3666 2
3667 2
3668 2
3669 2
3670 0
3671 2
3672 2
3673 1
3674 1
3675 2
3676 2
3677 1
3678 2
3679 1
3680 2
3681 0
3682 2
3683 2
3684 1
3685 1
3686 0
3687 0
3688 0
3689 2
3690 2
3691 0
3692 0
3693 0
3694 1
3695 0
3696 1
3697 0
3698 1
3699 2
3700 2
3701 2
3702 2
3703 0
3704 0
3705 0
3706 0
3707 2
3708 2
3709 1
3710 1
3711 1
3712 0
3713 2
3714 1
3715 1
3716 0
3717 0
3718 2
3719 2
3720 1
3721 1
3722 0
3723 1
3724 1
3725 0
3726 0
3727 2
3728 2
3729 2
3730 2
3731 2
3732 2
3733 1
3734 1
3735 1
3736 1
3737 2
3738 1
3739 0
3740 0
3741 1
3742 0
3743 1
3744 0
3745 0
3746 0
3747 1
3748 2
3749 1
3750 2
3751 0
3752 0
3753 1
3754 3
3755 0
3756 0
3757 2
3758 1
3759 0
3760 1
3761 1
3762 1
3763 1
3764 0
3765 0
3766 1
3767 0
3768 1
3769 2
3770 0
3771 2
3772 0
3773 1
3774 0
3775 0
3776 2
3777 0
3778 2
3779 2
3780 0
3781 2
3782 1
3783 0
3784 1
3785 1
3786 1
3787 2
3788 2
3789 0
3790 0
3791 2
3792 0
3793 0
3794 1
3795 0
3796 1
3797 0
3798 1
3799 2
3800 0
3801 2
3802 1
3803 0
3804 0
3805 1
3806 0
3807 1
3808 1
3809 2
3810 2
3811 2
3812 1
3813 0
3814 1
3815 1
3816 1
3817 0
3818 2
3819 1
3820 0
3821 0
3822 1
3823 0
3824 1
3825 1
3826 0
3827 1
3828 1
3829 0
3830 0
3831 0
3832 2
3833 1
3834 2
3835 1
3836 2
3837 0
3838 2
3839 1
3840 1
3841 0
3842 2
3843 2
3844 2
3845 0
3846 1
3847 2
3848 2
3849 2
3850 1
3851 1
3852 2
3853 2
3854 2
3855 2
3856 1
3857 0
3858 1
3859 2
3860 2
3861 0
3862 2
3863 0
3864 3
3865 0
3866 2
3867 1
3868 1
3869 1
3870 2
3871 2
3872 0
3873 2
3874 0
3875 2
3876 2
3877 0
3878 1
3879 1
3880 0
3881 1
3882 2
3883 2
3884 1
3885 0
3886 0
3887 0
3888 2
3889 1
3890 1
3891 2
3892 2
3893 2
3894 0
3895 0
3896 2
3897 2
3898 0
3899 0
3900 0
3901 1
3902 2
3903 1
3904 0
3905 2
3906 1
3907 0
3908 0
3909 2
3910 2
3911 1
3912 1
3913 1
3914 1
3915 1
3916 2
3917 2
3918 1
3919 1
3920 2
3921 1
3922 1
3923 2
3924 2
3925 0
3926 0
3927 1
3928 2
3929 2
3930 1
3931 1
3932 0
3933 1
3934 0
3935 2
3936 2
3937 1
3938 0
3939 0
3940 0
3941 0
3942 2
3943 2
3944 2
3945 2
3946 0
3947 0
3948 1
3949 1
3950 2
3951 0
3952 2
3953 0
3954 0
3955 2
3956 2
3957 2
3958 1
3959 0
3960 1
3961 1
3962 2
3963 0
3964 2
3965 0
3966 0
3967 2
3968 1
3969 1
3970 2
3971 2
3972 2
3973 2
3974 2
3975 1
3976 2
3977 0
3978 0
3979 1
3980 0
3981 1
3982 0
3983 0
3984 1
3985 0
3986 0
3987 0
3988 0
3989 0
3990 2
3991 0
3992 2
3993 0
3994 0
3995 2
3996 0
3997 1
3998 2
3999 1
4000 0
4001 1
4002 1
4003 2
4004 0
4005 1
4006 1
4007 2
4008 2
4009 1
4010 2
4011 1
4012 0
4013 1
4014 0
4015 0
4016 0
4017 0
4018 1
4019 0
4020 0
4021 0
4022 0
4023 2
4024 1
4025 1
4026 2
4027 0
4028 2
4029 2
4030 2
4031 0
4032 0
4033 2
4034 0
4035 0
4036 1
4037 2
4038 0
4039 0
4040 0
4041 2
4042 1
4043 1
4044 1
4045 2
4046 2
4047 2
4048 2
4049 1
4050 2
4051 0
4052 1
4053 1
4054 2
4055 1
4056 0
4057 1
4058 0
4059 2
4060 2
4061 0
4062 1
4063 0
4064 2
4065 0
4066 1
4067 0
4068 0
4069 0
4070 1
4071 2
4072 1
4073 1
4074 0
4075 1
4076 0
4077 0
4078 0
4079 2
4080 2
4081 2
4082 1
4083 1
4084 2
4085 2
4086 2
4087 0
4088 1
4089 0
4090 2
4091 1
4092 2
4093 1
4094 1
4095 0
4096 2
4097 2
4098 2
4099 1
4100 0
4101 2
4102 2
4103 1
4104 0
4105 0
4106 1
4107 0
4108 2
4109 1
4110 2
4111 2
4112 1
4113 1
4114 1
4115 0
4116 0
4117 2
4118 0
4119 0
4120 2
4121 2
4122 2
4123 2
4124 1
4125 0
4126 0
4127 2
4128 2
4129 0
4130 2
4131 0
4132 2
4133 0
4134 0
4135 1
4136 2
4137 2
4138 2
4139 0
4140 0
4141 2
4142 0
4143 1
4144 2
4145 1
4146 2
4147 0
4148 1
4149 2
4150 1
4151 1
4152 1
4153 1
4154 2
4155 2
4156 1
4157 1
4158 1
4159 0
4160 1
4161 1
4162 2
4163 2
4164 1
4165 2
4166 0
4167 1
4168 2
4169 1
4170 1
4171 2
4172 1
4173 0
4174 1
4175 2
4176 1
4177 0
4178 1
4179 2
4180 2
4181 2
4182 2
4183 2
4184 2
4185 2
4186 2
4187 1
4188 1
4189 1
4190 1
4191 1
4192 2
4193 0
4194 2
4195 1
4196 2
4197 0
4198 0
4199 0
4200 1
4201 2
4202 2
4203 2
4204 1
4205 2
4206 1
4207 2
4208 0
4209 2
4210 2
4211 1
4212 2
4213 0
4214 1
4215 0
4216 0
4217 0
4218 0
4219 1
4220 0
4221 1
4222 1
4223 2
4224 1
4225 0
4226 1
4227 2
4228 2
4229 1
4230 2
4231 1
4232 2
4233 0
4234 0
4235 0
4236 2
4237 2
4238 0
4239 1
4240 2
4241 0
4242 0
4243 0
4244 0
4245 2
4246 0
4247 0
4248 1
4249 0
4250 1
4251 2
4252 1
4253 2
4254 2
4255 0
4256 2
4257 1
4258 2
4259 2
4260 1
4261 2
4262 2
4263 0
4264 2
4265 2
4266 1
4267 2
4268 2
4269 1
4270 2
4271 2
4272 2
4273 1
4274 2
4275 1
4276 1
4277 0
4278 2
4279 1
4280 0
4281 0
4282 0
4283 1
4284 1
4285 2
4286 1
4287 2
4288 2
4289 1
4290 1
4291 0
4292 1
4293 0
4294 1
4295 2
4296 0
4297 2
4298 2
4299 1
4300 0
4301 1
4302 2
4303 1
4304 0
4305 1
4306 0
4307 1
4308 1
4309 0
4310 1
4311 0
4312 0
4313 0
4314 1
4315 0
4316 0
4317 2
4318 1
4319 1
4320 2
4321 1
4322 1
4323 2
4324 2
4325 2
4326 1
4327 0
4328 1
4329 0
4330 2
4331 1
4332 2
4333 0
4334 2
4335 0
4336 0
4337 0
4338 2
4339 2
4340 0
4341 1
4342 1
4343 0
4344 2
4345 1
4346 1
4347 1
4348 1
4349 1
4350 1
4351 2
4352 1
4353 0
4354 1
4355 2
4356 2
4357 0
4358 1
4359 1
4360 2
4361 0
4362 1
4363 1
4364 0
4365 2
4366 2
4367 2
4368 0
4369 1
4370 2
4371 2
4372 0
4373 1
4374 1
4375 1
4376 2
4377 2
4378 1
4379 2
4380 0
4381 2
4382 1
4383 1
4384 0
4385 1
4386 0
4387 0
4388 1
4389 2
4390 1
4391 0
4392 3
4393 1
4394 2
4395 0
4396 0
4397 0
4398 0
4399 0
4400 2
4401 0
4402 2
4403 0
4404 1
4405 0
4406 0
4407 0
4408 1
4409 0
4410 1
4411 1
4412 0
4413 0
4414 2
4415 1
4416 0
4417 0
4418 0
4419 2
4420 0
4421 0
4422 1
4423 1
4424 2
4425 2
4426 2
4427 2
4428 2
4429 2
4430 2
4431 2
4432 2
4433 2
4434 2
4435 2
4436 2
4437 2
4438 2
4439 2
4440 1
4441 2
4442 0
4443 2
4444 0
4445 2
4446 2
4447 0
4448 1
4449 1
4450 2
4451 2
4452 0
4453 2
4454 1
4455 1
4456 1
4457 0
4458 2
4459 1
4460 1
4461 2
4462 2
4463 1
4464 2
4465 0
4466 2
4467 1
4468 1
4469 2
4470 2
4471 2
4472 0
4473 2
4474 1
4475 1
4476 1
4477 2
4478 1
4479 2
4480 2
4481 2
4482 0
4483 2
4484 2
4485 1
4486 1
4487 0
4488 1
4489 2
4490 1
4491 0
4492 2
4493 2
4494 0
4495 2
4496 1
4497 1
4498 0
4499 2
4500 0
4501 0
4502 0
4503 2
4504 1
4505 1
4506 1
4507 2
4508 1
4509 2
4510 0
4511 2
4512 0
4513 2
4514 2
4515 0
4516 1
4517 0
4518 0
4519 1
4520 0
4521 0
4522 0
4523 2
4524 0
4525 2
4526 2
4527 0
4528 0
4529 0
4530 0
4531 0
4532 1
4533 1
4534 1
4535 0
4536 1
4537 2
4538 0
4539 0
4540 1
4541 0
4542 0
4543 1
4544 2
4545 2
4546 2
4547 2
4548 2
4549 1
4550 1
4551 2
4552 0
4553 0
4554 0
4555 2
4556 1
4557 0
4558 2
4559 1
4560 1
4561 0
4562 1
4563 0
4564 1
4565 1
4566 0
4567 1
4568 1
4569 2
4570 2
4571 0
4572 0
4573 1
4574 2
4575 2
4576 2
4577 2
4578 2
4579 2
4580 2
4581 2
4582 2
4583 2
4584 2
4585 2
4586 2
4587 2
4588 2
4589 2
4590 1
4591 2
4592 0
4593 2
4594 2
4595 2
4596 1
4597 0
4598 0
4599 1
4600 0
4601 2
4602 1
4603 0
4604 2
4605 1
4606 1
4607 2
4608 2
4609 2
4610 2
4611 2
4612 0
4613 0
4614 2
4615 0
4616 1
4617 1
4618 2
4619 2
4620 1
4621 2
4622 2
4623 0
4624 1
4625 0
4626 2
4627 2
4628 0
4629 2
4630 1
4631 2
4632 1
4633 0
4634 2
4635 2
4636 0
4637 0
4638 2
4639 1
4640 0
4641 0
4642 0
4643 0
4644 0
4645 2
4646 0
4647 1
4648 2
4649 1
4650 2
4651 0
4652 1
4653 2
4654 1
4655 1
4656 2
4657 2
4658 0
4659 2
4660 2
4661 2
4662 2
4663 1
4664 0
4665 2
4666 2
4667 0
4668 2
4669 2
4670 2
4671 1
4672 2
4673 0
4674 0
4675 2
4676 1
4677 2
4678 2
4679 2
4680 2
4681 2
4682 1
4683 0
4684 1
4685 2
4686 1
4687 1
4688 1
4689 0
4690 1
4691 0
4692 2
4693 2
4694 2
4695 1
4696 1
4697 1
4698 2
4699 0
4700 1
4701 2
4702 2
4703 1
4704 2
4705 0
4706 2
4707 1
4708 2
4709 2
4710 0
4711 2
4712 2
4713 1
4714 2
4715 1
4716 0
4717 0
4718 2
4719 1
4720 2
4721 2
4722 1
4723 0
4724 0
4725 1
4726 2
4727 0
4728 2
4729 0
4730 2
4731 1
4732 2
4733 2
4734 1
4735 1
4736 2
4737 2
4738 2
4739 2
4740 1
4741 1
4742 2
4743 1
4744 0
4745 0
4746 0
4747 1
4748 0
4749 2
4750 1
4751 0
4752 0
4753 2
4754 0
4755 2
4756 2
4757 1
4758 2
4759 2
4760 2
4761 0
4762 2
4763 2
4764 2
4765 1
4766 2
4767 1
4768 2
4769 2
4770 2
4771 2
4772 2
4773 0
4774 0
4775 1
4776 1
4777 2
4778 2
4779 2
4780 2
4781 2
4782 2
4783 0
4784 2
4785 2
4786 2
4787 2
4788 0
4789 2
4790 2
4791 2
4792 2
4793 2
4794 2
4795 2
4796 0
4797 2
4798 2
4799 1
4800 2
4801 2
4802 2
4803 2
4804 1
4805 2
4806 1
4807 2
4808 0
4809 2
4810 2
4811 1
4812 1
4813 2
4814 2
4815 0
4816 2
4817 0
4818 1
4819 1
4820 2
4821 2
4822 0
4823 1
4824 1
4825 2
4826 0
4827 2
4828 2
4829 2
4830 1
4831 0
4832 2
4833 2
4834 2
4835 1
4836 1
4837 1
4838 2
4839 0
4840 1
4841 2
4842 2
4843 0
4844 2
4845 1
4846 2
4847 2
4848 0
4849 2
4850 1
4851 2
4852 3
4853 2
4854 2
4855 2
4856 1
4857 0
4858 2
4859 0
4860 2
4861 0
4862 1
4863 0
4864 2
4865 2
4866 2
4867 1
4868 1
4869 1
4870 1
4871 2
4872 2
4873 2
4874 2
4875 1
4876 2
4877 2
4878 2
4879 2
4880 2
4881 2
4882 1
4883 1
4884 0
4885 2
4886 1
4887 2
4888 2
4889 0
4890 2
4891 2
4892 2
4893 2
4894 0
4895 2
4896 2
4897 2
4898 0
4899 1
4900 1
4901 1
4902 1
4903 1
4904 1
4905 2
4906 0
4907 2
4908 2
4909 2
4910 2
4911 2
4912 2
4913 2
4914 0
4915 1
4916 2
4917 1
4918 0
4919 1
4920 0
4921 2
4922 2
4923 0
4924 0
4925 0
4926 1
4927 2
4928 0
4929 0
4930 0
4931 2
4932 2
4933 2
4934 2
4935 0
4936 2
4937 2
4938 1
4939 2
4940 2
4941 0
4942 1
4943 2
4944 1
4945 1
4946 2
4947 2
4948 2
4949 0
4950 2
4951 1
4952 0
4953 1
4954 2
4955 2
4956 2
4957 2
4958 0
4959 3
4960 2
4961 2
4962 1
4963 2
4964 0
4965 0
4966 0
4967 1
4968 2
4969 0
4970 2
4971 1
4972 0
4973 0
4974 2
4975 2
4976 2
4977 0
4978 2
4979 2
4980 2
4981 1
4982 0
4983 2
4984 1
4985 0
4986 2
4987 2
4988 1
4989 1
4990 2
4991 0
4992 2
4993 2
4994 1
4995 0
4996 0
4997 0
4998 2
4999 0
5000 2
5001 2
5002 1
5003 2
5004 0
5005 1
5006 2
5007 2
5008 2
5009 2
5010 1
5011 0
5012 2
5013 2
5014 2
5015 2
5016 0
5017 1
5018 3
5019 2
5020 2
5021 2
5022 0
5023 0
5024 0
5025 0
5026 2
5027 2
5028 2
5029 1
5030 2
5031 2
5032 1
5033 1
5034 1
5035 0
5036 2
5037 1
5038 0
5039 1
5040 2
5041 0
5042 1
5043 0
5044 2
5045 2
5046 2
5047 1
5048 2
5049 0
5050 0
5051 0
5052 0
5053 1
5054 2
5055 2
5056 0
5057 2
5058 2
5059 2
5060 2
5061 2
5062 1
5063 1
5064 0
5065 1
5066 1
5067 1
5068 1
5069 0
5070 1
5071 1
5072 1
5073 1
5074 0
5075 0
5076 0
5077 1
5078 0
5079 1
5080 1
5081 2
5082 1
5083 1
5084 2
5085 2
5086 2
5087 2
5088 0
5089 0
5090 2
5091 2
5092 2
5093 0
5094 0
5095 1
5096 2
5097 2
5098 2
5099 2
5100 2
5101 2
5102 2
5103 0
5104 2
5105 1
5106 1
5107 1
5108 2
5109 2
5110 2
5111 0
5112 0
5113 2
5114 0
5115 2
5116 0
5117 2
5118 2
5119 2
5120 0
5121 1
5122 2
5123 2
5124 0
5125 0
5126 2
5127 2
5128 2
5129 2
5130 2
5131 2
5132 2
5133 1
5134 0
5135 2
5136 2
5137 1
5138 0
5139 1
5140 0
5141 1
5142 0
5143 0
5144 0
5145 0
5146 2
5147 2
5148 2
5149 2
5150 0
5151 2
5152 2
5153 0
5154 2
5155 2
5156 2
5157 2
5158 0
5159 2
5160 0
5161 2
5162 1
5163 1
5164 1
5165 2
5166 2
5167 2
5168 1
5169 0
5170 0
5171 2
5172 1
5173 0
5174 2
5175 1
5176 0
5177 1
5178 2
5179 1
5180 2
5181 2
5182 2
5183 2
5184 1
5185 2
5186 2
5187 2
5188 2
5189 0
5190 0
5191 2
5192 0
5193 1
5194 2
5195 2
5196 2
5197 2
5198 0
5199 1
5200 2
5201 2
5202 0
5203 2
5204 2
5205 2
5206 0
5207 2
5208 2
5209 0
5210 0
5211 0
5212 0
5213 0
5214 0
5215 1
5216 0
5217 1
5218 1
5219 2
5220 2
5221 0
5222 1
5223 2
5224 2
5225 0
5226 2
5227 2
5228 1
5229 0
5230 0
5231 0
5232 1
5233 2
5234 1
5235 1
5236 0
5237 0
5238 0
5239 2
5240 2
5241 1
5242 2
5243 2
5244 2
5245 1
5246 0
5247 1
5248 1
5249 2
5250 1
5251 0
5252 0
5253 2
5254 2
5255 0
5256 0
5257 2
5258 2
5259 1
5260 2
5261 2
5262 0
5263 2
5264 0
5265 2
5266 2
5267 0
5268 0
5269 0
5270 0
5271 0
5272 2
5273 1
5274 2
5275 2
5276 0
5277 0
5278 2
5279 2
5280 0
5281 0
5282 1
5283 2
5284 2
5285 2
5286 1
5287 2
5288 2
5289 2
5290 2
5291 2
5292 2
5293 2
5294 2
5295 0
5296 2
5297 2
5298 0
5299 0
5300 2
5301 1
5302 1
5303 2
5304 0
5305 2
5306 0
5307 0
5308 1
5309 1
5310 1
5311 0
5312 2
5313 0
5314 1
5315 0
5316 2
5317 0
5318 2
5319 0
5320 0
5321 2
5322 0
5323 0
5324 1
5325 1
5326 2
5327 0
5328 0
5329 2
5330 0
5331 1
5332 2
5333 2
5334 1
5335 2
5336 1
5337 2
5338 0
5339 1
5340 0
5341 0
5342 2
5343 2
5344 0
5345 2
5346 2
5347 2
5348 2
5349 0
5350 0
5351 2
5352 1
5353 0
5354 1
5355 2
5356 0
5357 2
5358 2
5359 2
5360 0
5361 1
5362 2
5363 2
5364 0
5365 0
5366 2
5367 2
5368 1
5369 0
5370 2
5371 1
5372 0
5373 2
5374 0
5375 0
5376 1
5377 0
5378 1
5379 0
5380 2
5381 0
5382 2
5383 1
5384 1
5385 2
5386 0
5387 2
5388 0
5389 2
5390 0
5391 2
5392 2
5393 0
5394 0
5395 0
5396 0
5397 0
5398 2
5399 0
5400 0
5401 0
5402 2
5403 2
5404 2
5405 1
5406 0
5407 2
5408 2
5409 0
5410 0
5411 2
5412 0
5413 2
5414 2
5415 1
5416 2
5417 2
5418 1
5419 0
5420 2
5421 0
5422 2
5423 2
5424 0
5425 2
5426 2
5427 2
5428 2
5429 0
5430 2
5431 2
5432 2
5433 0
5434 1
5435 1
5436 2
5437 2
5438 2
5439 0
5440 0
5441 2
5442 2
5443 2
5444 2
5445 2
5446 2
5447 0
5448 2
5449 0
5450 2
5451 1
5452 0
5453 1
5454 2
5455 1
5456 2
5457 2
5458 0
5459 2
5460 1
5461 0
5462 2
5463 2
5464 0
5465 2
5466 2
5467 1
5468 2
5469 2
5470 1
5471 1
5472 2
5473 0
5474 2
5475 2
5476 0
5477 2
5478 2
5479 2
5480 1
5481 0
5482 1
5483 1
5484 2
5485 2
5486 2
5487 0
5488 2
5489 2
5490 2
5491 2
5492 2
5493 0
5494 1
5495 1
5496 1
5497 1
5498 1
5499 1
5500 1
5501 2
5502 2
5503 1
5504 1
5505 2
5506 2
5507 0
5508 2
5509 2
5510 1
5511 2
5512 2
5513 2
5514 2
5515 2
5516 2
5517 2
5518 2
5519 2
5520 2
5521 2
5522 2
5523 2
5524 2
5525 2
5526 0
5527 1
5528 2
5529 2
5530 2
5531 0
5532 2
5533 2
5534 1
5535 2
5536 2
5537 2
5538 1
5539 2
5540 2
5541 2
5542 2
5543 2
5544 2
5545 2
5546 2
5547 0
5548 2
5549 2
5550 0
5551 1
5552 2
5553 1
5554 2
5555 0
5556 1
5557 2
5558 0
5559 2
5560 0
5561 1
5562 1
5563 0
5564 2
5565 2
5566 1
5567 2
5568 0
5569 2
5570 2
5571 0
5572 2
5573 2
5574 2
5575 2
5576 2
5577 2
5578 2
5579 0
5580 1
5581 2
5582 2
5583 2
5584 0
5585 0
5586 0
5587 0
5588 0
5589 2
5590 2
5591 2
5592 0
5593 2
5594 1
5595 1
5596 2
5597 0
5598 1
5599 1
5600 1
5601 1
5602 1
5603 1
5604 1
5605 0
5606 2
5607 0
5608 0
5609 2
5610 2
5611 2
5612 2
5613 2
5614 0
5615 2
5616 2
5617 0
5618 1
5619 0
5620 2
5621 2
5622 1
5623 0
5624 2
5625 0
5626 1
5627 0
5628 0
5629 1
5630 2
5631 2
5632 2
5633 0
5634 2
5635 2
5636 0
5637 2
5638 0
5639 2
5640 2
5641 2
5642 0
5643 2
5644 2
5645 1
5646 0
5647 0
5648 2
5649 2
5650 2
5651 2
5652 1
5653 0
5654 1
5655 2
5656 1
5657 0
5658 2
5659 2
5660 0
5661 2
5662 2
5663 0
5664 0
5665 0
5666 0
5667 2
5668 2
5669 1
5670 0
5671 0
5672 2
5673 0
5674 1
5675 2
5676 2
5677 2
5678 2
5679 1
5680 0
5681 2
5682 1
5683 2
5684 2
5685 2
5686 2
5687 0
5688 0
5689 2
5690 2
5691 2
5692 2
5693 2
5694 0
5695 0
5696 1
5697 0
5698 0
5699 0
5700 2
5701 0
5702 1
5703 1
5704 0
5705 2
5706 2
5707 2
5708 2
5709 2
5710 2
5711 2
5712 2
5713 2
5714 1
5715 2
5716 2
5717 2
5718 0
5719 0
5720 0
5721 2
5722 2
5723 2
5724 2
5725 0
5726 1
5727 2
5728 1
5729 2
5730 0
5731 0
5732 1
5733 2
5734 2
5735 1
5736 1
5737 2
5738 0
5739 2
5740 1
5741 2
5742 0
5743 1
5744 0
5745 1
5746 1
5747 2
5748 2
5749 0
5750 2
5751 2
5752 2
5753 0
5754 2
5755 0
5756 0
5757 0
5758 2
5759 0
5760 0
5761 1
5762 1
5763 2
5764 0
5765 1
5766 1
5767 2
5768 0
5769 1
5770 1
5771 1
5772 1
5773 1
5774 2
5775 0
5776 2
5777 2
5778 2
5779 2
5780 0
5781 2
5782 2
5783 2
5784 1
5785 0
5786 2
5787 2
5788 0
5789 1
5790 2
5791 2
5792 0
5793 1
5794 2
5795 2
5796 1
5797 2
5798 2
5799 0
5800 0
5801 1
5802 0
5803 1
5804 2
5805 2
5806 2
5807 0
5808 2
5809 2
5810 2
5811 2
5812 0
5813 1
5814 2
5815 0
5816 0
5817 2
5818 2
5819 1
5820 1
5821 2
5822 2
5823 0
5824 1
5825 2
5826 2
5827 2
5828 1
5829 2
5830 2
5831 0
5832 1
5833 1
5834 1
5835 1
5836 0
5837 2
5838 2
5839 1
5840 1
5841 2
5842 2
5843 0
5844 2
5845 2
5846 2
5847 2
5848 2
5849 2
5850 0
5851 2
5852 0
5853 1
5854 2
5855 2
5856 2
5857 2
5858 2
5859 1
5860 0
5861 2
5862 2
5863 1
5864 1
5865 2
5866 2
5867 2
5868 2
5869 2
5870 1
5871 1
5872 2
5873 2
5874 2
5875 2
5876 0
5877 2
5878 2
5879 1
5880 2
5881 0
5882 0
5883 2
5884 0
5885 1
5886 2
5887 1
5888 2
5889 2
5890 2
5891 2
5892 1
5893 2
5894 2
5895 2
5896 0
5897 2
5898 2
5899 2
5900 2
5901 1
5902 2
5903 1
5904 0
5905 0
5906 0
5907 0
5908 2
5909 0
5910 1
5911 0
5912 1
5913 0
5914 2
5915 2
5916 2
5917 1
5918 2
5919 2
5920 1
5921 0
5922 2
5923 2
5924 2
5925 1
5926 0
5927 1
5928 2
5929 1
5930 1
5931 1
5932 2
5933 1
5934 0
5935 0
5936 0
5937 0
5938 2
5939 0
5940 0
5941 2
5942 0
5943 2
5944 2
5945 2
5946 0
5947 2
5948 0
5949 2
5950 1
5951 2
5952 0
5953 2
5954 2
5955 2
5956 2
5957 2
5958 2
5959 1
5960 2
5961 2
5962 2
5963 2
5964 0
5965 0
5966 1
5967 2
5968 0
5969 0
5970 2
5971 1
5972 1
5973 2
5974 2
5975 2
5976 1
5977 1
5978 2
5979 2
5980 2
5981 2
5982 1
5983 2
5984 0
5985 2
5986 2
5987 2
5988 2
5989 2
5990 0
5991 2
5992 1
5993 2
5994 2
5995 2
5996 2
5997 2
5998 2
5999 1
6000 2
6001 0
6002 1
6003 0
6004 1
6005 0
6006 0
6007 1
6008 1
6009 2
6010 1
6011 0
6012 1
6013 2
6014 1
6015 2
6016 2
6017 2
6018 0
6019 0
6020 2
6021 0
6022 0
6023 2
6024 0
6025 2
6026 2
6027 1
6028 2
6029 1
6030 2
6031 2
6032 0
6033 0
6034 2
6035 2
6036 2
6037 0
6038 2
6039 2
6040 1
6041 2
6042 2
6043 2
6044 2
6045 2
6046 2
6047 1
6048 0
6049 0
6050 2
6051 2
6052 2
6053 0
6054 2
6055 2
6056 2
6057 0
6058 0
6059 0
6060 1
6061 0
6062 0
6063 0
6064 2
6065 2
6066 2
6067 2
6068 2
6069 2
6070 2
6071 2
6072 1
6073 0
6074 1
6075 1
6076 2
6077 2
6078 2
6079 1
6080 2
6081 2
6082 0
6083 0
6084 2
6085 1
6086 1
6087 3
6088 3
6089 3
6090 3
6091 1
6092 2
6093 0
6094 0
6095 1
6096 2
6097 2
6098 2
6099 0
6100 1
6101 0
6102 2
6103 2
6104 2
6105 2
6106 2
6107 1
6108 2
6109 0
6110 2
6111 2
6112 0
6113 2
6114 1
6115 1
6116 2
6117 0
6118 2
6119 1
6120 1
6121 2
6122 0
6123 0
6124 1
6125 2
6126 0
6127 1
6128 0
6129 1
6130 0
6131 3
6132 3
6133 3
6134 3
6135 2
6136 2
6137 2
6138 1
6139 0
6140 2
6141 2
6142 2
6143 0
6144 2
6145 2
6146 0
6147 2
6148 0
6149 2
6150 0
6151 0
6152 0
6153 1
6154 0
6155 2
6156 2
6157 0
6158 2
6159 2
6160 2
6161 0
6162 2
6163 0
6164 2
6165 2
6166 2
6167 0
6168 0
6169 1
6170 2
6171 2
6172 2
6173 2
6174 2
6175 2
6176 1
6177 0
6178 2
6179 1
6180 2
6181 2
6182 0
6183 1
6184 1
6185 1
6186 1
6187 0
6188 1
6189 2
6190 1
6191 0
6192 2
6193 2
6194 2
6195 1
6196 1
6197 0
6198 1
6199 2
6200 1
6201 1
6202 0
6203 2
6204 2
6205 2
6206 2
6207 2
6208 2
6209 0
6210 0
6211 0
6212 0
6213 2
6214 2
6215 2
6216 2
6217 2
6218 2
6219 1
6220 2
6221 0
6222 0
6223 1
6224 0
6225 2
6226 2
6227 2
6228 0
6229 1
6230 0
6231 1
6232 2
6233 2
6234 2
6235 1
6236 0
6237 1
6238 1
6239 1
6240 1
6241 1
6242 1
6243 1
6244 1
6245 1
6246 0
6247 2
6248 0
6249 1
6250 1
6251 1
6252 2
6253 2
6254 2
6255 2
6256 1
6257 2
6258 2
6259 2
6260 2
6261 2
6262 0
6263 2
6264 2
6265 1
6266 1
6267 2
6268 2
6269 2
6270 2
6271 2
6272 2
6273 0
6274 2
6275 0
6276 0
6277 0
6278 0
6279 0
6280 0
6281 1
6282 1
6283 2
6284 3
6285 2
6286 0
6287 2
6288 1
6289 2
6290 2
6291 2
6292 2
6293 2
6294 0
6295 0
6296 0
6297 1
6298 2
6299 2
6300 2
6301 2
6302 1
6303 2
6304 0
6305 2
6306 0
6307 1
6308 1
6309 2
6310 2
6311 2
6312 0
6313 0
6314 2
6315 2
6316 0
6317 1
6318 0
6319 2
6320 1
6321 0
6322 2
6323 2
6324 2
6325 1
6326 2
6327 2
6328 0
6329 2
6330 2
6331 2
6332 2
6333 0
6334 2
6335 1
6336 2
6337 2
6338 2
6339 2
6340 2
6341 2
6342 2
6343 2
6344 2
6345 2
6346 2
6347 2
6348 0
6349 2
6350 1
6351 2
6352 1
6353 1
6354 1
6355 2
6356 2
6357 2
6358 0
6359 1
6360 2
6361 0
6362 1
6363 0
6364 2
6365 0
6366 2
6367 0
6368 2
6369 0
6370 1
6371 0
6372 2
6373 1
6374 1
6375 2
6376 1
6377 2
6378 2
6379 2
6380 1
6381 0
6382 2
6383 0
6384 1
6385 2
6386 2
6387 2
6388 2
6389 0
6390 1
6391 1
6392 2
6393 1
6394 2
6395 2
6396 2
6397 2
6398 2
6399 2
6400 0
6401 2
6402 2
6403 2
6404 2
6405 2
6406 2
6407 2
6408 2
6409 2
6410 2
6411 2
6412 2
6413 2
6414 3
6415 3
6416 3
6417 3
6418 2
6419 3
6420 3
6421 3
6422 2
6423 0
6424 1
6425 1
6426 1
6427 2
6428 2
6429 0
6430 2
6431 0
6432 0
6433 2
6434 1
6435 0
6436 0
6437 0
6438 2
6439 3
6440 3
6441 0
6442 3
6443 3
6444 0
6445 2
6446 2
6447 0
6448 2
6449 0
6450 2
6451 0
6452 0
6453 2
6454 0
6455 2
6456 1
6457 1
6458 2
6459 1
6460 1
6461 3
6462 3
6463 3
6464 3
6465 3
6466 3
6467 3
6468 3
6469 3
6470 3
6471 3
6472 0
6473 0
6474 1
6475 1
6476 1
6477 1
6478 1
6479 0
6480 2
6481 2
6482 2
6483 2
6484 2
6485 0
6486 0
6487 2
6488 0
6489 2
6490 1
6491 2
6492 2
6493 2
6494 2
6495 1
6496 0
6497 0
6498 2
6499 2
6500 2
6501 2
6502 0
6503 2
6504 3
6505 0
6506 0
6507 1
6508 2
6509 2
6510 0
6511 1
6512 2
6513 0
6514 0
6515 2
6516 2
6517 3
6518 3
6519 3
6520 3
6521 3
6522 3
6523 0
6524 0
6525 1
6526 2
6527 1
6528 1
6529 2
6530 0
6531 2
6532 0
6533 1
6534 1
6535 1
6536 0
6537 2
6538 2
6539 2
6540 2
6541 2
6542 1
6543 1
6544 2
6545 2
6546 2
6547 2
6548 2
6549 2
6550 2
6551 1
6552 2
6553 2
6554 2
6555 2
6556 2
6557 0
6558 2
6559 2
6560 2
6561 0
6562 2
6563 2
6564 2
6565 0
6566 2
6567 0
6568 2
6569 2
6570 3
6571 2
6572 2
6573 2
6574 1
6575 2
6576 2
6577 0
6578 2
6579 2
6580 2
6581 2
6582 2
6583 2
6584 1
6585 2
6586 2
6587 2
6588 2
6589 2
6590 2
6591 2
6592 2
6593 2
6594 2
6595 1
6596 2
6597 2
6598 2
6599 1
6600 2
6601 0
6602 1
6603 1
6604 2
6605 2
6606 1
6607 1
6608 2
6609 0
6610 0
6611 2
6612 2
6613 2
6614 2
6615 2
6616 2
6617 2
6618 3
6619 3
6620 3
6621 3
6622 0
6623 1
6624 2
6625 0
6626 2
6627 1
6628 2
6629 2
6630 2
6631 2
6632 1
6633 2
6634 2
6635 1
6636 0
6637 2
6638 2
6639 2
6640 2
6641 2
6642 2
6643 0
6644 2
6645 2
6646 2
6647 0
6648 2
6649 2
6650 2
6651 1
6652 0
6653 2
6654 2
6655 2
6656 2
6657 2
6658 2
6659 0
6660 0
6661 0
6662 0
6663 0
6664 2
6665 2
6666 2
6667 0
6668 2
6669 2
6670 1
6671 1
6672 0
6673 2
6674 2
6675 1
6676 2
6677 0
6678 2
6679 2
6680 2
6681 2
6682 1
6683 1
6684 1
6685 2
6686 2
6687 2
6688 1
6689 2
6690 0
6691 2
6692 2
6693 0
6694 2
6695 0
6696 1
6697 1
6698 0
6699 2
6700 1
6701 2
6702 2
6703 2
6704 2
6705 2
6706 1
6707 2
6708 0
6709 1
6710 1
6711 2
6712 2
6713 2
6714 2
6715 1
6716 0
6717 2
6718 2
6719 2
6720 2
6721 2
6722 2
6723 2
6724 2
6725 2
6726 0
6727 2
6728 2
6729 2
6730 2
6731 3
6732 3
6733 3
6734 2
6735 0
6736 0
6737 2
6738 2
6739 1
6740 2
6741 2
6742 2
6743 2
6744 2
6745 2
6746 2
6747 0
6748 2
6749 2
6750 2
6751 2
6752 0
6753 2
6754 2
6755 2
6756 2
6757 2
6758 2
6759 2
6760 0
6761 2
6762 2
6763 2
6764 2
6765 2
6766 2
6767 2
6768 1
6769 2
6770 2
6771 1
6772 2
6773 1
6774 2
6775 2
6776 2
6777 2
6778 2
6779 2
6780 2
6781 2
6782 2
6783 0
6784 1
6785 2
6786 2
6787 2
6788 2
6789 2
6790 2
6791 2
6792 0
6793 2
6794 2
6795 1
6796 2
6797 1
6798 2
6799 2
6800 2
6801 2
0 0
1 1
2 2
3 3
1e-06 0.152299 120
