0 2
1 0
2 1
3 0
4 2
5 0
6 2
7 0
8 0
9 1
10 0
11 0
12 2
13 0
14 0
15 2
16 2
17 1
18 1
19 0
20 1
21 1
22 0
23 0
24 0
25 2
26 0
27 2
28 0
29 0
30 2
31 1
32 1
33 0
34 0
35 2
36 2
37 0
38 0
39 1
40 1
41 0
42 2
43 2
44 1
45 2
46 0
47 0
48 0
49 2
50 0
51 0
52 0
53 0
54 2
55 0
56 1
57 0
58 1
59 0
60 0
61 2
62 2
63 1
64 0
65 0
66 1
67 0
68 2
69 0
70 0
71 0
72 2
73 0
74 1
75 0
76 1
77 0
78 2
79 0
80 0
81 0
82 2
83 1
84 1
85 1
86 1
87 2
88 2
89 2
90 1
91 2
92 0
93 1
94 0
95 1
96 0
97 2
98 0
99 0
100 2
101 2
102 2
103 0
104 1
105 2
106 0
107 2
108 0
109 2
110 0
111 0
112 0
113 2
114 0
115 2
116 2
117 2
118 2
119 0
120 2
121 2
122 0
123 0
124 0
125 2
126 0
127 2
128 2
129 0
130 2
131 2
132 1
133 2
134 2
135 0
136 2
137 0
138 1
139 0
140 1
141 0
142 0
143 2
144 2
145 0
146 0
147 0
148 2
149 0
150 2
151 2
152 0
153 2
154 1
155 2
156 2
157 1
158 0
159 2
160 0
161 1
162 1
163 2
164 0
165 1
166 1
167 0
168 2
169 1
170 2
171 2
172 0
173 0
174 0
175 2
176 1
177 0
178 1
179 1
180 2
181 1
182 0
183 0
184 0
185 2
186 0
187 0
188 0
189 0
190 2
191 0
192 1
193 1
194 0
195 1
196 2
197 1
198 0
199 2
200 0
201 0
202 0
203 0
204 1
205 1
206 0
207 2
208 1
209 0
210 1
211 0
212 2
213 2
214 0
215 0
216 2
217 0
218 0
219 1
220 2
221 0
222 2
223 0
224 2
225 1
226 1
227 1
228 2
229 2
230 2
231 0
232 0
233 0
234 1
235 0
236 0
237 2
238 1
239 0
240 0
241 2
242 2
243 1
244 2
245 0
246 0
247 0
248 0
249 1
250 0
251 0
252 0
253 2
254 0
255 1
256 2
257 0
258 2
259 2
260 2
261 0
262 0
263 0
264 2
265 0
266 0
267 0
268 2
269 0
270 0
271 0
272 0
273 0
274 0
275 0
276 2
277 1
278 2
279 0
280 0
281 1
282 0
283 0
284 0
285 0
286 2
287 0
288 0
289 0
290 0
291 1
292 0
293 0
294 2
295 2
296 2
297 2
298 0
299 0
300 0
301 2
302 1
303 0
304 2
305 0
306 0
307 0
308 2
309 1
310 2
311 0
312 2
313 2
314 0
315 2
316 1
317 2
318 0
319 2
320 2
321 0
322 2
323 1
324 2
325 0
326 2
327 0
328 0
329 0
330 2
331 2
332 2
333 2
334 0
335 0
336 2
337 1
338 0
339 1
340 2
341 0
342 2
343 0
344 0
345 0
346 0
347 0
348 0
349 2
350 0
351 2
352 0
353 0
354 1
355 2
356 1
357 0
358 0
359 2
360 2
361 0
362 2
363 0
364 0
365 2
366 2
367 2
368 0
369 0
370 0
371 1
372 2
373 0
374 0
375 0
376 0
377 0
378 2
379 2
380 2
381 2
382 0
383 0
384 2
385 0
386 2
387 1
388 1
389 0
390 0
391 2
392 0
393 0
394 1
395 0
396 1
397 0
398 0
399 0
400 0
401 2
402 1
403 0
404 0
405 0
406 2
407 2
408 2
409 2
410 2
411 2
412 0
413 0
414 0
415 0
416 2
417 0
418 2
419 0
420 1
421 1
422 0
423 0
424 2
425 0
426 0
427 0
428 0
429 2
430 0
431 0
432 1
433 1
434 2
435 1
436 0
437 0
438 0
439 0
440 0
441 0
442 0
443 2
444 0
445 0
446 0
447 1
448 0
449 2
450 1
451 0
452 1
453 0
454 0
455 2
456 1
457 0
458 0
459 0
460 2
461 0
462 2
463 2
464 2
465 0
466 0
467 0
468 0
469 2
470 2
471 2
472 0
473 0
474 0
475 0
476 2
477 0
478 0
479 2
480 0
481 2
482 0
483 0
484 0
485 0
486 0
487 2
488 0
489 2
490 0
491 0
492 2
493 2
494 0
495 1
496 0
497 0
498 1
499 2
500 1
501 1
502 0
503 0
504 0
505 0
506 0
507 1
508 0
509 2
510 0
511 0
512 0
513 0
514 0
515 0
516 2
517 0
518 0
519 1
520 2
521 2
522 0
523 2
524 0
525 1
526 0
527 1
528 0
529 0
530 2
531 2
532 1
533 2
534 1
535 0
536 2
537 0
538 2
539 2
540 2
541 2
542 0
543 2
544 2
545 0
546 1
547 1
548 2
549 2
550 2
551 1
552 0
553 0
554 0
555 2
556 2
557 2
558 0
559 0
560 2
561 0
562 2
563 1
564 0
565 0
566 0
567 0
568 2
569 2
570 2
571 1
572 1
573 2
574 1
575 0
576 0
577 2
578 2
579 1
580 2
581 0
582 2
583 2
584 2
585 0
586 2
587 2
588 2
589 0
590 0
591 0
592 2
593 1
594 0
595 2
596 0
597 0
598 0
599 0
600 1
601 2
602 0
603 0
604 0
605 2
606 1
607 0
608 2
609 0
610 1
611 2
612 0
613 0
614 0
615 2
616 0
617 0
618 1
619 0
620 0
621 2
622 0
623 0
624 0
625 2
626 1
627 2
628 2
629 2
630 0
631 0
632 2
633 2
634 2
635 1
636 0
637 1
638 0
639 1
640 0
641 0
642 0
643 0
644 0
645 0
646 0
647 0
648 0
649 0
650 0
651 0
652 0
653 0
654 0
655 0
656 2
657 0
658 0
659 0
660 0
661 0
662 0
663 0
664 0
665 0
666 1
667 0
668 0
669 0
670 0
671 0
672 0
673 0
674 0
675 0
676 0
677 1
678 0
679 0
680 0
681 0
682 0
683 0
684 0
685 0
686 0
687 0
688 0
689 0
690 0
691 0
692 0
693 0
694 0
695 0
696 0
697 0
698 0
699 0
700 0
701 0
702 0
703 0
704 0
705 0
706 0
707 0
708 0
709 0
710 0
711 0
712 1
713 2
714 2
715 1
716 1
717 1
718 0
719 2
720 0
721 2
722 0
723 0
724 0
725 0
726 1
727 1
728 2
729 2
730 2
731 2
732 1
733 0
734 0
735 1
736 1
737 1
738 0
739 2
740 2
741 2
742 0
743 2
744 0
745 0
746 0
747 0
748 2
749 2
750 2
751 0
752 2
753 0
754 2
755 1
756 1
757 0
758 2
759 1
760 1
761 2
762 2
763 2
764 1
765 2
766 1
767 0
768 1
769 2
770 0
771 2
772 0
773 0
774 0
775 0
776 0
777 1
778 0
779 2
780 2
781 2
782 1
783 1
784 0
785 2
786 0
787 0
788 1
789 0
790 1
791 0
792 1
793 2
794 2
795 1
796 1
797 0
798 2
799 1
800 2
801 0
802 1
803 1
804 0
805 0
806 2
807 0
808 2
809 2
810 0
811 0
812 0
813 0
814 2
815 0
816 0
817 1
818 0
819 0
820 0
821 1
822 2
823 2
824 2
825 0
826 0
827 1
828 0
829 2
830 1
831 1
832 0
833 0
834 0
835 0
836 2
837 0
838 2
839 0
840 0
841 0
842 0
843 1
844 2
845 0
846 2
847 2
848 2
849 2
850 0
851 2
852 2
853 0
854 0
855 1
856 1
857 2
858 0
859 2
860 1
861 2
862 2
863 0
864 0
865 0
866 0
867 1
868 0
869 0
870 0
871 2
872 0
873 2
874 0
875 2
876 0
877 2
878 1
879 0
880 0
881 2
882 1
883 2
884 0
885 2
886 0
887 1
888 1
889 2
890 0
891 1
892 1
893 1
894 1
895 1
896 2
897 0
898 2
899 2
900 0
901 1
902 0
903 0
904 2
905 0
906 2
907 2
908 2
909 0
910 0
911 2
912 2
913 2
914 0
915 1
916 1
917 0
918 2
919 1
920 2
921 0
922 2
923 2
924 0
925 2
926 2
927 0
928 0
929 0
930 2
931 0
932 0
933 1
934 0
935 0
936 0
937 0
938 1
939 0
940 0
941 2
942 2
943 0
944 2
945 2
946 2
947 2
948 0
949 0
950 0
951 1
952 0
953 1
954 0
955 0
956 0
957 1
958 2
959 2
960 2
961 0
962 2
963 0
964 0
965 0
966 2
967 0
968 0
969 0
970 1
971 2
972 0
973 2
974 0
975 0
976 1
977 2
978 2
979 0
980 2
981 2
982 0
983 0
984 2
985 0
986 0
987 0
988 2
989 1
990 1
991 1
992 1
993 2
994 0
995 0
996 2
997 0
998 0
999 1
1000 0
1001 0
1002 0
1003 0
1004 0
1005 0
1006 2
1007 2
1008 0
1009 2
1010 2
1011 0
1012 0
1013 0
1014 0
1015 2
1016 0
1017 0
1018 0
1019 2
1020 0
1021 0
1022 0
1023 0
1024 0
1025 1
1026 0
1027 0
1028 0
1029 0
1030 0
1031 2
1032 0
1033 2
1034 2
1035 2
1036 1
1037 2
1038 2
1039 1
1040 0
1041 1
1042 0
1043 0
1044 2
1045 0
1046 0
1047 1
1048 0
1049 2
1050 1
1051 1
1052 2
1053 1
1054 0
1055 0
1056 2
1057 2
1058 2
1059 0
1060 0
1061 0
1062 2
1063 0
1064 2
1065 1
1066 2
1067 1
1068 0
1069 1
1070 1
1071 0
1072 2
1073 1
1074 0
1075 2
1076 2
1077 2
1078 2
1079 2
1080 2
1081 2
1082 0
1083 0
1084 0
1085 2
1086 0
1087 2
1088 2
1089 2
1090 2
1091 0
1092 0
1093 2
1094 0
1095 2
1096 2
1097 2
1098 0
1099 1
1100 1
1101 1
1102 0
1103 2
1104 2
1105 0
1106 2
1107 2
1108 2
1109 2
1110 2
1111 0
1112 2
1113 0
1114 1
1115 1
1116 0
1117 0
1118 2
1119 0
1120 2
1121 1
1122 0
1123 0
1124 0
1125 0
1126 0
1127 0
1128 2
1129 0
1130 0
1131 0
1132 0
1133 0
1134 2
1135 2
1136 0
1137 2
1138 2
1139 0
1140 1
1141 2
1142 0
1143 0
1144 1
1145 2
1146 0
1147 0
1148 2
1149 2
1150 2
1151 0
1152 1
1153 2
1154 2
1155 0
1156 2
1157 2
1158 1
1159 0
1160 0
1161 0
1162 2
1163 2
1164 0
1165 0
1166 0
1167 2
1168 2
1169 1
1170 0
1171 0
1172 0
1173 0
1174 0
1175 2
1176 0
1177 1
1178 1
1179 1
1180 1
1181 1
1182 1
1183 0
1184 0
1185 1
1186 0
1187 2
1188 0
1189 2
1190 0
1191 0
1192 2
1193 1
1194 2
1195 2
1196 1
1197 2
1198 2
1199 0
1200 2
1201 0
1202 2
1203 0
1204 0
1205 0
1206 0
1207 0
1208 1
1209 0
1210 2
1211 2
1212 2
1213 0
1214 1
1215 1
1216 1
1217 2
1218 0
1219 1
1220 0
1221 0
1222 0
1223 1
1224 2
1225 0
1226 1
1227 2
1228 0
1229 2
1230 0
1231 1
1232 2
1233 2
1234 2
1235 0
1236 2
1237 0
1238 0
1239 0
1240 0
1241 0
1242 0
1243 0
1244 1
1245 0
1246 2
1247 0
1248 1
1249 2
1250 2
1251 0
1252 1
1253 0
1254 1
1255 2
1256 0
1257 2
1258 0
1259 2
1260 2
1261 0
1262 2
1263 2
1264 2
1265 0
1266 2
1267 2
1268 2
1269 0
1270 0
1271 0
1272 2
1273 0
1274 0
1275 0
1276 2
1277 2
1278 2
1279 1
1280 0
1281 2
1282 1
1283 1
1284 2
1285 0
1286 0
1287 2
1288 0
1289 1
1290 0
1291 0
1292 1
1293 1
1294 0
1295 0
1296 0
1297 2
1298 0
1299 0
1300 0
1301 1
1302 2
1303 0
1304 0
1305 2
1306 1
1307 2
1308 2
1309 0
1310 2
1311 0
1312 0
1313 0
1314 2
1315 0
1316 0
1317 2
1318 2
1319 2
1320 0
1321 1
1322 0
1323 0
1324 0
1325 0
1326 0
1327 0
1328 0
1329 0
1330 0
1331 1
1332 0
1333 2
1334 2
1335 0
1336 2
1337 1
1338 0
1339 1
1340 0
1341 0
1342 0
1343 0
1344 1
1345 1
1346 0
1347 0
1348 0
1349 0
1350 2
1351 0
1352 0
1353 0
1354 2
1355 1
1356 0
1357 0
1358 0
1359 0
1360 0
1361 1
1362 1
1363 1
1364 0
1365 1
1366 0
1367 0
1368 2
1369 1
1370 0
1371 0
1372 0
1373 2
1374 0
1375 0
1376 0
1377 0
1378 0
1379 0
1380 0
1381 1
1382 2
1383 0
1384 2
1385 0
1386 0
1387 0
1388 1
1389 0
1390 2
1391 1
1392 1
1393 0
1394 0
1395 0
1396 0
1397 0
1398 0
1399 2
1400 0
1401 0
1402 0
1403 0
1404 0
1405 2
1406 0
1407 0
1408 1
1409 0
1410 1
1411 2
1412 0
1413 0
1414 0
1415 0
1416 0
1417 1
1418 2
1419 2
1420 0
1421 0
1422 2
1423 2
1424 0
1425 0
1426 2
1427 1
1428 0
1429 0
1430 2
1431 2
1432 2
1433 2
1434 2
1435 2
1436 0
1437 1
1438 0
1439 1
1440 0
1441 1
1442 1
1443 2
1444 0
1445 2
1446 0
1447 0
1448 0
1449 0
1450 2
1451 0
1452 0
1453 1
1454 1
1455 2
1456 2
1457 2
1458 0
1459 2
1460 0
1461 2
1462 0
1463 2
1464 0
1465 0
1466 0
1467 1
1468 2
1469 1
1470 2
1471 1
1472 2
1473 0
1474 1
1475 2
1476 1
1477 0
1478 0
1479 0
1480 0
1481 1
1482 2
1483 0
1484 2
1485 0
1486 0
1487 2
1488 0
1489 0
1490 1
1491 2
1492 0
1493 1
1494 0
1495 0
1496 0
1497 2
1498 2
1499 0
1500 2
1501 1
1502 0
1503 0
1504 1
1505 0
1506 2
1507 2
1508 0
1509 2
1510 1
1511 0
1512 0
1513 0
1514 2
1515 2
1516 2
1517 1
1518 1
1519 1
1520 0
1521 1
1522 2
1523 0
1524 2
1525 0
1526 0
1527 0
1528 2
1529 0
1530 0
1531 0
1532 0
1533 0
1534 2
1535 1
1536 0
1537 2
1538 0
1539 0
1540 0
1541 2
1542 2
1543 2
1544 1
1545 1
1546 2
1547 2
1548 1
1549 0
1550 0
1551 0
1552 0
1553 0
1554 0
1555 0
1556 0
1557 0
1558 0
1559 0
1560 0
1561 0
1562 0
1563 0
1564 0
1565 0
1566 0
1567 0
1568 0
1569 0
1570 2
1571 0
1572 2
1573 0
1574 0
1575 0
1576 2
1577 0
1578 0
1579 1
1580 0
1581 1
1582 0
1583 0
1584 0
1585 2
1586 0
1587 2
1588 1
1589 1
1590 1
1591 0
1592 0
1593 0
1594 2
1595 2
1596 0
1597 1
1598 2
1599 0
1600 2
1601 2
1602 0
1603 0
1604 0
1605 2
1606 2
1607 0
1608 0
1609 0
1610 0
1611 1
1612 0
1613 0
1614 0
1615 2
1616 0
1617 2
1618 0
1619 1
1620 0
1621 2
1622 0
1623 0
1624 0
1625 1
1626 1
1627 1
1628 1
1629 1
1630 2
1631 0
1632 0
1633 1
1634 1
1635 1
1636 1
1637 0
1638 0
1639 1
1640 0
1641 0
1642 0
1643 1
1644 1
1645 0
1646 0
1647 0
1648 1
1649 1
1650 2
1651 1
1652 0
1653 0
1654 1
1655 1
1656 0
1657 1
1658 0
1659 1
1660 1
1661 0
1662 2
1663 0
1664 0
1665 0
1666 2
1667 1
1668 0
1669 0
1670 2
1671 1
1672 1
1673 1
1674 2
1675 1
1676 0
1677 2
1678 0
1679 2
1680 1
1681 0
1682 2
1683 2
1684 0
1685 1
1686 1
1687 0
1688 2
1689 2
1690 1
1691 0
1692 2
1693 0
1694 2
1695 0
1696 0
1697 0
1698 0
1699 2
1700 2
1701 0
1702 2
1703 0
1704 1
1705 1
1706 2
1707 0
1708 2
1709 0
1710 0
1711 1
1712 2
1713 0
1714 1
1715 2
1716 0
1717 0
1718 0
1719 1
1720 1
1721 0
1722 0
1723 0
1724 2
1725 0
1726 2
1727 1
1728 2
1729 0
1730 2
1731 2
1732 2
1733 2
1734 0
1735 2
1736 0
1737 1
1738 2
1739 0
1740 0
1741 2
1742 2
1743 1
1744 0
1745 0
1746 2
1747 0
1748 2
1749 1
1750 0
1751 1
1752 2
1753 2
1754 0
1755 0
1756 0
1757 2
1758 0
1759 0
1760 1
1761 2
1762 0
1763 0
1764 0
1765 0
1766 2
1767 2
1768 2
1769 2
1770 0
1771 0
1772 0
1773 2
1774 2
1775 2
1776 2
1777 0
1778 2
1779 0
1780 2
1781 0
1782 0
1783 2
1784 0
1785 1
1786 2
1787 1
1788 1
1789 0
1790 0
1791 2
1792 0
1793 2
1794 2
1795 1
1796 2
1797 1
1798 1
1799 2
1800 0
1801 0
1802 0
1803 1
1804 0
1805 2
1806 0
1807 0
1808 2
1809 0
1810 1
1811 0
1812 2
1813 2
1814 2
1815 0
1816 2
1817 0
1818 2
1819 2
1820 2
1821 0
1822 0
1823 2
1824 2
1825 2
1826 0
1827 2
1828 0
1829 2
1830 0
1831 0
1832 2
1833 0
1834 2
1835 0
1836 2
1837 2
1838 1
1839 0
1840 0
1841 0
1842 0
1843 2
1844 2
1845 0
1846 0
1847 1
1848 2
1849 2
1850 0
1851 0
1852 2
1853 2
1854 2
1855 2
1856 1
1857 2
1858 0
1859 0
1860 0
1861 1
1862 0
1863 0
1864 0
1865 2
1866 2
1867 2
1868 2
1869 2
1870 1
1871 2
1872 0
1873 0
1874 0
1875 0
1876 1
1877 2
1878 0
1879 2
1880 0
1881 0
1882 2
1883 0
1884 2
1885 1
1886 0
1887 2
1888 2
1889 2
1890 1
1891 0
1892 0
1893 0
1894 2
1895 2
1896 0
1897 2
1898 0
1899 0
1900 0
1901 1
1902 0
1903 1
1904 0
1905 0
1906 0
1907 0
1908 1
1909 0
1910 2
1911 0
1912 0
1913 1
1914 1
1915 2
1916 0
1917 0
1918 2
1919 0
1920 2
1921 0
1922 2
1923 1
1924 2
1925 0
1926 1
1927 2
1928 0
1929 1
1930 2
1931 0
1932 0
1933 2
1934 2
1935 0
1936 2
1937 1
1938 2
1939 1
1940 1
1941 0
1942 2
1943 0
1944 2
1945 2
1946 0
1947 2
1948 1
1949 2
1950 0
1951 2
1952 2
1953 2
1954 2
1955 0
1956 1
1957 1
1958 0
1959 2
1960 0
1961 1
1962 2
1963 2
1964 0
1965 0
1966 0
1967 0
1968 0
1969 2
1970 1
1971 0
1972 0
1973 0
1974 0
1975 2
1976 0
1977 2
1978 2
1979 1
1980 2
1981 0
1982 1
1983 2
1984 0
1985 0
1986 0
1987 1
1988 0
1989 2
1990 1
1991 2
1992 2
1993 2
1994 2
1995 0
1996 1
1997 0
1998 0
1999 0
2000 2
2001 2
2002 1
2003 0
2004 0
2005 1
2006 2
2007 0
2008 2
2009 0
2010 1
2011 0
2012 0
2013 2
2014 1
2015 0
2016 0
2017 2
2018 0
2019 2
2020 2
2021 1
2022 1
2023 0
2024 2
2025 1
2026 2
2027 0
2028 1
2029 2
2030 0
2031 0
2032 0
2033 0
2034 1
2035 1
2036 0
2037 2
2038 0
2039 0
2040 1
2041 0
2042 0
2043 1
2044 2
2045 1
2046 0
2047 1
2048 1
2049 1
2050 0
2051 1
2052 1
2053 2
2054 0
2055 2
2056 0
2057 0
2058 0
2059 2
2060 1
2061 2
2062 2
2063 0
2064 0
2065 1
2066 2
2067 1
2068 0
2069 2
2070 0
2071 1
2072 1
2073 2
2074 0
2075 2
2076 0
2077 1
2078 2
2079 0
2080 0
2081 0
2082 1
2083 0
2084 0
2085 2
2086 1
2087 0
2088 0
2089 2
2090 2
2091 2
2092 0
2093 2
2094 0
2095 0
2096 0
2097 1
2098 0
2099 2
2100 0
2101 0
2102 2
2103 0
2104 1
2105 1
2106 0
2107 1
2108 0
2109 1
2110 0
2111 2
2112 0
2113 0
2114 0
2115 0
2116 0
2117 0
2118 1
2119 1
2120 0
2121 0
2122 2
2123 2
2124 1
2125 2
2126 0
2127 1
2128 0
2129 0
2130 1
2131 1
2132 0
2133 2
2134 2
2135 0
2136 0
2137 2
2138 0
2139 0
2140 0
2141 0
2142 0
2143 1
2144 0
2145 0
2146 0
2147 0
2148 2
2149 0
2150 2
2151 0
2152 2
2153 0
2154 0
2155 0
2156 0
2157 0
2158 1
2159 0
2160 0
2161 0
2162 2
2163 0
2164 1
2165 0
2166 0
2167 1
2168 2
2169 0
2170 2
2171 2
2172 2
2173 0
2174 0
2175 2
2176 2
2177 1
2178 0
2179 2
2180 2
2181 0
2182 2
2183 1
2184 1
2185 1
2186 0
2187 2
2188 0
2189 0
2190 2
2191 1
2192 0
2193 0
2194 0
2195 0
2196 0
2197 2
2198 2
2199 2
2200 2
2201 0
2202 0
2203 1
2204 2
2205 0
2206 0
2207 0
2208 2
2209 0
2210 0
2211 0
2212 0
2213 2
2214 1
2215 0
2216 0
2217 2
2218 0
2219 0
2220 1
2221 0
2222 2
2223 2
2224 0
2225 0
2226 0
2227 0
2228 0
2229 1
2230 1
2231 1
2232 0
2233 0
2234 0
2235 2
2236 2
2237 0
2238 0
2239 1
2240 2
2241 2
2242 0
2243 0
2244 1
2245 0
2246 2
2247 2
2248 1
2249 0
2250 0
2251 2
2252 0
2253 0
2254 0
2255 1
2256 1
2257 2
2258 0
2259 2
2260 0
2261 0
2262 0
2263 2
2264 1
2265 0
2266 0
2267 0
2268 0
2269 2
2270 0
2271 2
2272 2
2273 0
2274 0
2275 0
2276 2
2277 0
2278 2
2279 1
2280 0
2281 0
2282 1
2283 0
2284 1
2285 2
2286 1
2287 2
2288 0
2289 2
2290 0
2291 2
2292 0
2293 1
2294 0
2295 0
2296 0
2297 2
2298 2
2299 2
2300 0
2301 2
2302 2
2303 1
2304 1
2305 2
2306 2
2307 2
2308 1
2309 2
2310 0
2311 1
2312 0
2313 0
2314 2
2315 1
2316 0
2317 1
2318 0
2319 0
2320 0
2321 2
2322 0
2323 0
2324 0
2325 0
2326 0
2327 0
2328 0
2329 0
2330 0
2331 2
2332 0
2333 0
2334 1
2335 0
2336 2
2337 1
2338 0
2339 1
2340 0
2341 0
2342 2
2343 2
2344 2
2345 0
2346 2
2347 2
2348 0
2349 0
2350 0
2351 2
2352 1
2353 0
2354 0
2355 0
2356 0
2357 0
2358 0
2359 2
2360 0
2361 1
2362 0
2363 0
2364 2
2365 0
2366 2
2367 2
2368 1
2369 1
2370 0
2371 0
2372 1
2373 0
2374 1
2375 0
2376 1
2377 0
2378 0
2379 0
2380 2
2381 2
2382 2
2383 0
2384 1
2385 0
2386 0
2387 0
2388 0
2389 0
2390 2
2391 1
2392 2
2393 0
2394 1
2395 0
2396 0
2397 1
2398 2
2399 0
2400 2
2401 0
2402 0
2403 2
2404 0
2405 0
2406 0
2407 0
2408 2
2409 0
2410 1
2411 0
2412 0
2413 0
2414 1
2415 2
2416 1
2417 2
2418 0
2419 2
2420 1
2421 0
2422 1
2423 0
2424 2
2425 0
2426 0
2427 0
2428 2
2429 0
2430 2
2431 0
2432 1
2433 2
2434 2
2435 0
2436 0
2437 0
2438 1
2439 0
2440 2
2441 0
2442 0
2443 0
2444 2
2445 2
2446 2
2447 0
2448 0
2449 0
2450 0
2451 0
2452 2
2453 0
2454 0
2455 0
2456 0
2457 0
2458 2
2459 2
2460 2
2461 0
2462 2
2463 2
2464 0
2465 0
2466 0
2467 0
2468 0
2469 1
2470 2
2471 2
2472 2
2473 2
2474 0
2475 2
2476 2
2477 0
2478 1
2479 0
2480 0
2481 2
2482 0
2483 2
2484 2
2485 0
2486 0
2487 2
2488 2
2489 2
2490 0
2491 0
2492 0
2493 0
2494 2
2495 0
2496 0
2497 2
2498 0
2499 2
2500 0
2501 2
2502 2
2503 0
2504 0
2505 1
2506 0
2507 0
2508 0
2509 1
2510 1
2511 0
2512 0
2513 2
2514 0
2515 2
2516 0
2517 1
2518 1
2519 1
2520 1
2521 1
2522 1
2523 1
2524 2
2525 1
2526 1
2527 2
2528 1
2529 1
2530 1
2531 2
2532 2
2533 1
2534 1
2535 2
2536 2
2537 1
2538 2
2539 2
2540 1
2541 2
2542 2
2543 2
2544 2
2545 2
2546 1
2547 1
2548 2
2549 1
2550 2
2551 0
2552 0
2553 1
2554 1
2555 2
2556 1
2557 2
2558 2
2559 2
2560 2
2561 2
2562 2
2563 2
2564 0
2565 1
2566 2
2567 2
2568 2
2569 2
2570 2
2571 2
2572 2
2573 2
2574 2
2575 2
2576 2
2577 1
2578 2
2579 2
2580 2
2581 0
2582 2
2583 2
2584 2
2585 2
2586 1
2587 2
2588 2
2589 1
2590 2
2591 1
2592 2
2593 2
2594 2
2595 1
2596 0
2597 0
2598 0
2599 2
2600 0
2601 0
2602 1
2603 2
2604 0
2605 2
2606 2
2607 0
2608 0
2609 0
2610 1
2611 0
2612 1
2613 0
2614 2
2615 1
2616 2
2617 2
2618 0
2619 0
2620 0
2621 0
2622 1
2623 2
2624 0
2625 0
2626 0
2627 0
2628 1
2629 1
2630 1
2631 2
2632 2
2633 2
2634 0
2635 0
2636 1
2637 0
2638 0
2639 0
2640 2
2641 2
2642 0
2643 0
2644 2
2645 0
2646 2
2647 1
2648 0
2649 0
2650 2
2651 1
2652 0
2653 2
2654 0
2655 0
2656 1
2657 0
2658 0
2659 0
2660 0
2661 0
2662 2
2663 2
2664 2
2665 2
2666 2
2667 2
2668 0
2669 1
2670 2
2671 2
2672 0
2673 2
2674 2
2675 2
2676 2
2677 1
2678 0
2679 0
2680 1
2681 2
2682 0
2683 2
2684 0
2685 2
2686 2
2687 0
2688 2
2689 0
2690 1
2691 0
2692 2
2693 0
2694 1
2695 1
2696 1
2697 2
2698 2
2699 1
2700 2
2701 2
2702 0
2703 0
2704 2
2705 0
2706 2
2707 2
2708 0
2709 0
2710 2
2711 0
2712 2
2713 0
2714 2
2715 1
2716 1
2717 1
2718 2
2719 0
2720 0
2721 0
2722 0
2723 0
2724 2
2725 0
2726 0
2727 0
2728 2
2729 2
2730 2
2731 0
2732 1
2733 0
2734 0
2735 0
2736 0
2737 1
2738 0
2739 0
2740 2
2741 0
2742 0
2743 0
2744 0
2745 0
2746 2
2747 2
2748 2
2749 2
2750 2
2751 2
2752 0
2753 2
2754 0
2755 0
2756 2
2757 0
2758 0
2759 0
2760 1
2761 1
2762 2
2763 2
2764 0
2765 1
2766 0
2767 1
2768 2
2769 1
2770 0
2771 2
2772 2
2773 0
2774 2
2775 0
2776 1
2777 0
2778 0
2779 1
2780 0
2781 0
2782 0
2783 1
2784 1
2785 2
2786 2
2787 2
2788 0
2789 2
2790 0
2791 1
2792 0
2793 0
2794 0
2795 0
2796 2
2797 2
2798 2
2799 2
2800 2
2801 2
2802 2
2803 2
2804 0
2805 0
2806 0
2807 0
2808 0
2809 2
2810 2
2811 2
2812 2
2813 2
2814 2
2815 0
2816 0
2817 0
2818 0
2819 1
2820 2
2821 0
2822 0
2823 0
2824 0
2825 1
2826 2
2827 0
2828 2
2829 2
2830 0
2831 2
2832 2
2833 1
2834 2
2835 2
2836 0
2837 0
2838 0
2839 0
2840 2
2841 0
2842 0
2843 2
2844 2
2845 2
2846 2
2847 2
2848 1
2849 0
2850 1
2851 0
2852 2
2853 1
2854 0
2855 0
2856 2
2857 0
2858 0
2859 0
2860 1
2861 2
2862 1
2863 2
2864 2
2865 1
2866 2
2867 2
2868 2
2869 0
2870 0
2871 2
2872 0
2873 2
2874 2
2875 2
2876 2
2877 2
2878 0
2879 1
2880 0
2881 1
2882 0
2883 2
2884 0
2885 0
2886 0
2887 1
2888 0
2889 0
2890 1
2891 0
2892 2
2893 2
2894 2
2895 0
2896 0
2897 2
2898 1
2899 0
2900 2
2901 0
2902 0
2903 2
2904 0
2905 0
2906 0
2907 2
2908 0
2909 0
2910 1
2911 2
2912 2
2913 0
2914 0
2915 0
2916 0
2917 0
2918 2
2919 2
2920 0
2921 0
2922 0
2923 0
2924 0
2925 0
2926 0
2927 0
2928 2
2929 1
2930 1
2931 1
2932 0
2933 2
2934 2
2935 2
2936 0
2937 0
2938 0
2939 0
2940 2
2941 0
2942 2
2943 0
2944 0
2945 0
2946 1
2947 0
2948 1
2949 0
2950 2
2951 0
2952 0
2953 1
2954 0
2955 2
2956 2
2957 0
2958 0
2959 1
2960 2
2961 1
2962 0
2963 0
2964 0
2965 2
2966 2
2967 1
2968 0
2969 2
2970 0
2971 0
2972 0
2973 2
2974 0
2975 2
2976 2
2977 0
2978 2
2979 2
2980 2
2981 0
2982 0
2983 2
2984 0
2985 0
2986 1
2987 0
2988 0
2989 0
2990 0
2991 0
2992 2
2993 0
2994 0
2995 0
2996 0
2997 2
2998 2
2999 0
3000 0
3001 1
3002 2
3003 0
3004 0
3005 2
3006 0
3007 0
3008 1
3009 2
3010 0
3011 0
3012 0
3013 2
3014 2
3015 0
3016 0
3017 2
3018 2
3019 1
3020 0
3021 2
3022 2
3023 2
3024 2
3025 1
3026 0
3027 2
3028 0
3029 2
3030 1
3031 0
3032 0
3033 0
3034 0
3035 0
3036 2
3037 0
3038 0
3039 1
3040 0
3041 0
3042 0
3043 0
3044 1
3045 2
3046 0
3047 0
3048 0
3049 0
3050 0
3051 0
3052 2
3053 2
3054 0
3055 0
3056 2
3057 0
3058 2
3059 2
3060 0
3061 0
3062 2
3063 1
3064 2
3065 2
3066 2
3067 0
3068 0
3069 1
3070 0
3071 2
3072 1
3073 0
3074 2
3075 1
3076 2
3077 0
3078 0
3079 0
3080 2
3081 0
3082 1
3083 1
3084 2
3085 0
3086 0
3087 1
3088 1
3089 0
3090 1
3091 2
3092 2
3093 0
3094 2
3095 0
3096 2
3097 0
3098 1
3099 2
3100 1
3101 1
3102 0
3103 0
3104 0
3105 0
3106 0
3107 0
3108 0
3109 0
3110 0
3111 0
3112 2
3113 2
3114 0
3115 1
3116 2
3117 0
3118 2
3119 0
3120 2
3121 0
3122 0
3123 1
3124 2
3125 0
3126 2
3127 0
3128 2
3129 0
3130 2
3131 2
3132 2
3133 0
3134 0
3135 0
3136 2
3137 0
3138 0
3139 0
3140 0
3141 2
3142 2
3143 0
3144 1
3145 2
3146 0
3147 0
3148 0
3149 2
3150 1
3151 0
3152 1
3153 0
3154 1
3155 0
3156 0
3157 1
3158 2
3159 1
3160 0
3161 0
3162 0
3163 1
3164 2
3165 0
3166 2
3167 0
3168 1
3169 1
3170 0
3171 2
3172 0
3173 0
3174 0
3175 2
3176 2
3177 0
3178 0
3179 0
3180 1
3181 0
3182 0
3183 1
3184 2
3185 0
3186 0
3187 2
3188 2
3189 0
3190 1
3191 2
3192 1
3193 0
3194 0
3195 1
3196 1
3197 1
3198 0
3199 0
3200 0
3201 0
3202 0
3203 0
3204 0
3205 0
3206 0
3207 0
3208 0
3209 0
3210 0
3211 0
3212 0
3213 0
3214 0
3215 0
3216 0
3217 0
3218 2
3219 0
3220 1
3221 0
3222 2
3223 0
3224 2
3225 0
3226 0
3227 0
3228 0
3229 1
3230 0
3231 2
3232 0
3233 0
3234 2
3235 0
3236 2
3237 2
3238 0
3239 0
3240 1
3241 2
3242 2
3243 1
3244 2
3245 0
3246 0
3247 2
3248 0
3249 0
3250 1
3251 2
3252 2
3253 0
3254 0
3255 0
3256 1
3257 0
3258 2
3259 1
3260 0
3261 2
3262 0
3263 0
3264 2
3265 2
3266 0
3267 0
3268 1
3269 1
3270 1
3271 1
3272 0
3273 0
3274 2
3275 0
3276 2
3277 2
3278 1
3279 1
3280 2
3281 2
3282 2
3283 0
3284 0
3285 0
3286 1
3287 2
3288 2
3289 0
3290 0
3291 2
3292 0
3293 2
3294 0
3295 2
3296 2
3297 0
3298 2
3299 0
3300 1
3301 0
3302 2
3303 1
3304 0
3305 0
3306 0
3307 0
3308 0
3309 0
3310 2
3311 0
3312 0
3313 2
3314 1
3315 0
3316 0
3317 0
3318 0
3319 0
3320 0
3321 1
3322 2
3323 2
3324 1
3325 1
3326 0
3327 0
3328 0
3329 2
3330 0
3331 2
3332 2
3333 2
3334 0
3335 0
3336 0
3337 0
3338 1
3339 0
3340 0
3341 0
3342 2
3343 0
3344 0
3345 0
3346 1
3347 0
3348 0
3349 0
3350 0
3351 0
3352 0
3353 0
3354 2
3355 1
3356 0
3357 2
3358 1
3359 0
3360 0
3361 0
3362 1
3363 2
3364 0
3365 1
3366 1
3367 0
3368 0
3369 0
3370 0
3371 1
3372 0
3373 0
3374 0
3375 0
3376 0
3377 1
3378 2
3379 0
3380 0
3381 1
3382 2
3383 1
3384 2
3385 0
3386 0
3387 0
3388 2
3389 1
3390 2
3391 2
3392 2
3393 0
3394 2
3395 1
3396 0
3397 2
3398 0
3399 1
3400 0
3401 0
3402 1
3403 2
3404 0
3405 2
3406 0
3407 1
3408 1
3409 0
3410 0
3411 2
3412 0
3413 1
3414 0
3415 2
3416 0
3417 2
3418 1
3419 0
3420 2
3421 0
3422 0
3423 0
3424 1
3425 0
3426 0
3427 0
3428 0
3429 0
3430 2
3431 2
3432 2
3433 0
3434 0
3435 1
3436 0
3437 1
3438 2
3439 1
3440 0
3441 1
3442 0
3443 0
3444 0
3445 0
3446 0
3447 0
3448 0
3449 0
3450 0
3451 0
3452 0
3453 0
3454 0
3455 0
3456 0
3457 0
3458 0
3459 0
3460 0
3461 1
3462 0
3463 0
3464 0
3465 0
3466 0
3467 0
3468 0
3469 1
3470 0
3471 0
3472 0
3473 0
3474 0
3475 0
3476 1
3477 0
3478 0
3479 1
3480 0
3481 0
3482 1
3483 0
3484 2
3485 0
3486 0
3487 0
3488 0
3489 0
3490 0
3491 0
3492 0
3493 0
3494 0
3495 0
3496 2
3497 0
3498 0
3499 0
3500 0
3501 0
3502 0
3503 0
3504 0
3505 0
3506 0
3507 0
3508 0
3509 0
3510 0
3511 0
3512 0
3513 0
3514 0
3515 0
3516 0
3517 0
3518 0
3519 0
3520 0
3521 2
3522 0
3523 0
3524 0
3525 0
3526 0
3527 0
3528 0
3529 2
3530 0
3531 2
3532 1
3533 0
3534 1
3535 2
3536 0
3537 0
3538 0
3539 0
3540 0
3541 0
3542 0
3543 0
3544 0
3545 0
3546 0
3547 0
3548 1
3549 0
3550 0
3551 0
3552 0
3553 0
3554 0
3555 0
3556 0
3557 0
3558 2
3559 0
3560 0
3561 0
3562 2
3563 1
3564 0
3565 0
3566 1
3567 2
3568 1
3569 2
3570 0
3571 2
3572 2
3573 2
3574 0
3575 0
3576 0
3577 1
3578 1
3579 1
3580 1
3581 2
3582 0
3583 2
3584 2
3585 1
3586 2
3587 2
3588 0
3589 2
3590 0
3591 2
3592 2
3593 0
3594 1
3595 2
3596 0
3597 1
3598 0
3599 1
3600 0
3601 0
3602 2
3603 2
3604 2
3605 0
3606 1
3607 1
3608 2
3609 0
3610 1
3611 0
3612 2
3613 2
3614 1
3615 1
3616 0
3617 0
3618 0
3619 2
3620 0
3621 0
3622 0
3623 0
3624 0
3625 0
3626 2
3627 2
3628 0
3629 0
3630 0
3631 2
3632 2
3633 0
3634 1
3635 2
3636 2
3637 0
3638 2
3639 2
3640 0
3641 0
3642 0
3643 0
3644 2
3645 2
3646 0
3647 0
3648 0
3649 0
3650 1
3651 0
3652 2
3653 2
3654 2
3655 0
3656 0
3657 0
3658 0
3659 0
3660 0
3661 0
3662 1
3663 2
3664 0
3665 2
3666 1
3667 2
3668 0
3669 0
3670 0
3671 0
3672 2
3673 2
3674 0
3675 0
3676 2
3677 2
3678 0
3679 2
3680 2
3681 1
3682 2
3683 1
3684 0
3685 0
3686 1
3687 0
3688 2
3689 0
3690 1
3691 2
3692 0
3693 2
3694 1
3695 2
3696 0
3697 1
3698 0
3699 0
3700 0
3701 0
3702 0
3703 1
3704 0
3705 2
3706 1
3707 0
3708 1
3709 2
3710 1
3711 1
3712 2
3713 0
3714 2
3715 2
3716 1
3717 0
3718 0
3719 1
3720 2
3721 0
3722 2
3723 2
3724 1
3725 1
3726 0
3727 0
3728 2
3729 0
3730 1
3731 2
3732 0
3733 0
3734 2
3735 2
3736 0
3737 0
3738 1
3739 1
3740 0
3741 0
3742 0
3743 2
3744 2
3745 2
3746 0
3747 2
3748 0
3749 0
3750 0
3751 0
3752 2
3753 1
3754 2
3755 0
3756 2
3757 2
3758 1
3759 0
3760 2
3761 2
3762 1
3763 0
3764 0
3765 2
3766 0
3767 2
3768 2
3769 0
3770 2
3771 0
3772 2
3773 0
3774 2
3775 0
3776 1
3777 1
3778 2
3779 2
3780 0
3781 0
3782 2
3783 2
3784 2
3785 0
3786 2
3787 0
3788 2
3789 0
3790 0
3791 0
3792 1
3793 0
3794 2
3795 2
3796 1
3797 0
3798 2
3799 2
3800 0
3801 0
3802 0
3803 0
3804 0
3805 0
3806 0
3807 2
3808 1
3809 2
3810 0
3811 1
3812 2
3813 2
3814 1
3815 0
3816 2
3817 1
3818 1
3819 1
3820 1
3821 1
3822 1
3823 1
3824 1
3825 1
3826 2
3827 0
3828 0
3829 2
3830 0
3831 2
3832 2
3833 0
3834 0
3835 0
3836 1
3837 2
3838 2
3839 0
3840 2
3841 0
3842 1
3843 0
3844 0
3845 2
3846 1
3847 0
3848 0
3849 0
3850 0
3851 0
3852 0
3853 1
3854 0
3855 0
3856 1
3857 0
3858 0
3859 0
3860 0
3861 0
3862 0
3863 0
3864 0
3865 2
3866 1
3867 1
3868 0
3869 0
3870 1
3871 2
3872 2
3873 0
3874 1
3875 0
3876 1
3877 1
3878 0
3879 2
3880 0
3881 0
3882 2
3883 1
3884 2
3885 1
3886 2
3887 0
3888 1
3889 0
3890 0
3891 2
3892 0
3893 2
3894 2
3895 2
3896 0
3897 0
3898 0
3899 2
3900 0
3901 0
3902 2
3903 2
3904 1
3905 0
3906 0
3907 1
3908 2
3909 2
3910 2
3911 2
3912 2
3913 0
3914 0
3915 0
3916 0
3917 2
3918 0
3919 2
3920 0
3921 0
3922 0
3923 2
3924 2
3925 0
3926 0
3927 2
3928 0
3929 0
3930 2
3931 2
3932 2
3933 0
3934 1
3935 1
3936 1
3937 0
3938 1
3939 0
3940 0
3941 2
3942 0
3943 0
3944 0
3945 2
3946 2
3947 2
3948 2
3949 1
3950 2
3951 2
3952 0
3953 0
3954 0
3955 1
3956 0
3957 1
3958 2
3959 2
3960 0
3961 0
3962 2
3963 1
3964 1
3965 0
3966 2
3967 0
3968 0
3969 2
3970 2
3971 0
3972 0
3973 0
3974 1
3975 1
3976 0
3977 1
3978 2
3979 0
3980 2
3981 0
3982 0
3983 0
3984 1
3985 0
3986 0
3987 0
3988 0
3989 0
3990 0
3991 0
3992 0
3993 0
3994 0
3995 0
3996 1
3997 0
3998 2
3999 0
4000 0
4001 0
4002 2
4003 0
4004 2
4005 1
4006 0
4007 1
4008 2
4009 1
4010 1
4011 0
4012 0
4013 0
4014 2
4015 1
4016 0
4017 0
4018 1
4019 2
4020 0
4021 0
4022 0
4023 1
4024 0
4025 0
4026 0
4027 1
4028 0
4029 2
4030 0
4031 2
4032 0
4033 0
4034 0
4035 0
4036 2
4037 1
4038 2
4039 0
4040 1
4041 0
4042 0
4043 2
4044 2
4045 0
4046 0
4047 2
4048 2
4049 0
4050 2
4051 0
4052 2
4053 0
4054 0
4055 0
4056 2
4057 2
4058 0
4059 0
4060 1
4061 1
4062 0
4063 2
4064 2
4065 2
4066 2
4067 0
4068 0
4069 0
4070 2
4071 0
4072 0
4073 1
4074 0
4075 0
4076 0
4077 2
4078 1
4079 1
4080 0
4081 0
4082 0
4083 0
4084 2
4085 2
4086 0
4087 0
4088 2
4089 1
4090 2
4091 2
4092 0
4093 0
4094 1
4095 0
4096 1
4097 0
4098 0
4099 1
4100 0
4101 2
4102 0
4103 0
4104 2
4105 1
4106 1
4107 1
4108 1
4109 2
4110 0
4111 2
4112 2
4113 0
4114 2
4115 0
4116 2
4117 0
4118 1
4119 0
4120 2
4121 2
4122 2
4123 0
4124 1
4125 2
4126 0
4127 0
4128 0
4129 2
4130 2
4131 1
4132 0
4133 1
4134 0
4135 2
4136 1
4137 1
4138 1
4139 0
4140 0
4141 0
4142 0
4143 0
4144 0
4145 0
4146 1
4147 0
4148 1
4149 2
4150 0
4151 0
4152 2
4153 0
4154 1
4155 2
4156 0
4157 0
4158 0
4159 1
4160 1
4161 0
4162 2
4163 2
4164 0
4165 0
4166 2
4167 2
4168 0
4169 1
4170 1
4171 0
4172 0
4173 1
4174 2
4175 1
4176 1
4177 0
4178 1
4179 2
4180 2
4181 2
4182 0
4183 0
4184 2
4185 2
4186 0
4187 0
4188 2
4189 2
4190 0
4191 2
4192 0
4193 2
4194 0
4195 2
4196 1
4197 2
4198 2
4199 0
4200 2
4201 0
4202 2
4203 0
4204 0
4205 2
4206 0
4207 0
4208 2
4209 2
4210 2
4211 0
4212 1
4213 2
4214 1
4215 2
4216 1
4217 2
4218 2
4219 1
4220 1
4221 2
4222 2
4223 2
4224 2
4225 2
4226 0
4227 2
4228 2
4229 0
4230 0
4231 0
4232 0
4233 0
4234 2
4235 0
4236 0
4237 2
4238 2
4239 1
4240 2
4241 2
4242 0
4243 2
4244 2
4245 0
4246 2
4247 2
4248 0
4249 0
4250 0
4251 1
4252 0
4253 2
4254 0
4255 2
4256 2
4257 0
4258 1
4259 1
4260 0
4261 0
4262 2
4263 0
4264 2
4265 0
4266 0
4267 0
4268 2
4269 2
4270 1
4271 0
4272 2
4273 1
4274 0
4275 2
4276 1
4277 1
4278 2
4279 2
4280 2
4281 0
4282 0
4283 0
4284 1
4285 2
4286 0
4287 0
4288 2
4289 0
4290 2
4291 0
4292 1
4293 1
4294 1
4295 0
4296 0
4297 2
4298 2
4299 2
4300 2
4301 2
4302 0
4303 0
4304 0
4305 1
4306 1
4307 1
4308 1
4309 0
4310 1
4311 0
4312 0
4313 0
4314 2
4315 2
4316 1
4317 2
4318 0
4319 1
4320 2
4321 2
4322 2
4323 1
4324 2
4325 2
4326 2
4327 1
4328 1
4329 2
4330 0
4331 0
4332 0
4333 0
4334 1
4335 1
4336 0
4337 0
4338 2
4339 0
4340 2
4341 1
4342 0
4343 1
4344 1
4345 0
4346 0
4347 2
4348 2
4349 0
4350 0
4351 2
4352 2
4353 0
4354 2
4355 0
4356 0
4357 0
4358 0
4359 0
4360 0
4361 0
4362 1
4363 1
4364 2
4365 0
4366 0
4367 0
4368 2
4369 0
4370 0
4371 2
4372 0
4373 0
4374 0
4375 2
4376 0
4377 2
4378 0
4379 0
4380 2
4381 1
4382 0
4383 0
4384 0
4385 2
4386 1
4387 2
4388 2
4389 2
4390 1
4391 0
4392 0
4393 2
4394 0
4395 2
4396 0
4397 0
4398 1
4399 0
4400 1
4401 0
4402 0
4403 0
4404 0
4405 0
4406 1
4407 0
4408 2
4409 0
4410 2
4411 2
4412 2
4413 0
4414 0
4415 0
4416 1
4417 1
4418 0
4419 0
4420 0
4421 1
4422 1
4423 1
4424 2
4425 0
4426 0
4427 2
4428 2
4429 0
4430 1
4431 0
4432 1
4433 1
4434 0
4435 1
4436 2
4437 0
4438 2
4439 0
4440 0
4441 2
4442 0
4443 0
4444 0
4445 2
4446 0
4447 0
4448 2
4449 0
4450 2
4451 0
4452 0
4453 2
4454 2
4455 1
4456 0
4457 2
4458 0
4459 0
4460 2
4461 2
4462 0
4463 1
4464 1
4465 1
4466 0
4467 1
4468 2
4469 0
4470 2
4471 2
4472 0
4473 1
4474 1
4475 2
4476 2
4477 0
4478 0
4479 0
4480 2
4481 0
4482 1
4483 2
4484 0
4485 0
4486 0
4487 0
4488 0
4489 0
4490 1
4491 0
4492 1
4493 2
4494 2
4495 0
4496 0
4497 1
4498 0
4499 0
4500 0
4501 0
4502 0
4503 0
4504 0
4505 2
4506 2
4507 2
4508 0
4509 1
4510 2
4511 2
4512 0
4513 2
4514 2
4515 0
4516 2
4517 0
4518 0
4519 0
4520 0
4521 0
4522 0
4523 0
4524 2
4525 2
4526 2
4527 2
4528 0
4529 1
4530 1
4531 2
4532 1
4533 0
4534 2
4535 0
4536 0
4537 2
4538 2
4539 2
4540 2
4541 0
4542 2
4543 0
4544 2
4545 0
4546 2
4547 0
4548 0
4549 2
4550 2
4551 0
4552 2
4553 2
4554 2
4555 1
4556 2
4557 0
4558 1
4559 1
4560 0
4561 0
4562 1
4563 1
4564 0
4565 0
4566 0
4567 0
4568 0
4569 0
4570 0
4571 2
4572 0
4573 2
4574 0
4575 0
4576 0
4577 1
4578 2
4579 2
4580 0
4581 2
4582 0
4583 2
4584 0
4585 1
4586 2
4587 1
4588 1
4589 1
4590 1
4591 0
4592 1
4593 0
4594 1
4595 1
4596 0
4597 0
4598 0
4599 2
4600 0
4601 2
4602 2
4603 1
4604 2
4605 0
4606 0
4607 2
4608 0
4609 0
4610 0
4611 2
4612 2
4613 2
4614 0
4615 0
4616 1
4617 2
4618 1
4619 1
4620 0
4621 2
4622 0
4623 0
4624 1
4625 2
4626 1
4627 2
4628 2
4629 0
4630 0
4631 2
4632 0
4633 2
4634 1
4635 0
4636 0
4637 0
4638 2
4639 0
4640 2
4641 1
4642 0
4643 2
4644 0
4645 2
4646 0
4647 2
4648 1
4649 0
4650 1
4651 0
4652 1
4653 1
4654 0
4655 1
4656 0
4657 0
4658 1
4659 2
4660 0
4661 0
4662 0
4663 0
4664 1
4665 0
4666 0
4667 0
4668 0
4669 2
4670 2
4671 1
4672 0
4673 0
4674 1
4675 1
4676 0
4677 1
4678 1
4679 2
4680 0
4681 0
4682 1
4683 2
4684 1
4685 1
4686 0
4687 0
4688 2
4689 1
4690 0
4691 2
4692 0
4693 2
4694 0
4695 1
4696 2
4697 0
4698 2
4699 0
4700 2
4701 0
4702 0
4703 0
4704 2
4705 1
4706 0
4707 0
4708 0
4709 2
4710 1
4711 1
4712 0
4713 0
4714 0
4715 2
4716 0
4717 0
4718 0
4719 2
4720 1
4721 0
4722 2
4723 0
4724 2
4725 1
4726 0
4727 2
4728 2
4729 1
4730 2
4731 0
4732 0
4733 1
4734 0
4735 0
4736 2
4737 2
4738 1
4739 1
4740 1
4741 1
4742 2
4743 0
4744 1
4745 1
4746 1
4747 0
4748 1
4749 0
4750 2
4751 2
4752 2
4753 1
4754 2
4755 0
4756 2
4757 1
4758 1
4759 2
4760 1
4761 0
4762 2
4763 2
4764 0
4765 2
4766 0
4767 0
4768 1
4769 2
4770 0
4771 0
4772 2
4773 2
4774 0
4775 2
4776 0
4777 2
4778 0
4779 0
4780 2
4781 1
4782 2
4783 1
4784 2
4785 0
4786 0
4787 2
4788 2
4789 1
4790 0
4791 2
4792 2
4793 0
4794 0
4795 0
4796 2
4797 1
4798 2
4799 0
4800 1
4801 0
4802 1
4803 0
4804 1
4805 2
4806 1
4807 2
4808 2
4809 0
4810 0
4811 1
4812 2
4813 1
4814 0
4815 1
4816 1
4817 0
4818 0
4819 0
4820 0
4821 2
4822 0
4823 0
4824 1
4825 0
4826 0
4827 2
4828 2
4829 1
4830 0
4831 0
4832 1
4833 0
4834 2
4835 0
4836 1
4837 0
4838 0
4839 1
4840 0
4841 0
4842 1
4843 0
4844 1
4845 0
4846 2
4847 2
4848 2
4849 2
4850 1
4851 0
4852 2
4853 0
4854 0
4855 2
4856 0
4857 2
4858 0
4859 2
4860 0
4861 2
4862 2
4863 2
4864 0
4865 2
4866 0
4867 0
4868 2
4869 2
4870 2
4871 2
4872 0
4873 0
4874 0
4875 0
4876 2
4877 1
4878 1
4879 1
4880 0
4881 0
4882 0
4883 0
4884 2
4885 2
4886 1
4887 0
4888 1
4889 0
4890 0
4891 0
4892 2
4893 0
4894 0
4895 0
4896 1
4897 2
4898 2
4899 2
4900 2
4901 0
4902 0
4903 1
4904 2
4905 0
4906 0
4907 2
4908 0
4909 0
4910 1
4911 0
4912 1
4913 0
4914 2
4915 0
4916 2
4917 2
4918 2
4919 0
4920 1
4921 0
4922 2
4923 0
4924 0
4925 2
4926 2
4927 2
4928 2
4929 0
4930 2
4931 2
4932 0
4933 1
4934 1
4935 2
4936 0
4937 2
4938 2
4939 2
4940 0
4941 2
4942 0
4943 2
4944 0
4945 2
4946 2
4947 0
4948 1
4949 0
4950 2
4951 2
4952 0
4953 2
4954 0
4955 0
4956 1
4957 0
4958 1
4959 2
4960 0
4961 2
4962 2
4963 1
4964 0
4965 2
4966 0
4967 2
4968 0
4969 0
4970 1
4971 2
4972 1
4973 2
4974 2
4975 2
4976 0
4977 0
4978 2
4979 0
4980 2
4981 2
4982 1
4983 0
4984 0
4985 0
4986 2
4987 0
4988 0
4989 0
4990 1
4991 2
4992 0
4993 0
4994 0
4995 1
4996 0
4997 1
4998 0
4999 0
5000 2
5001 0
5002 1
5003 2
5004 0
5005 1
5006 0
5007 2
5008 0
5009 0
5010 2
5011 0
5012 2
5013 0
5014 0
5015 0
5016 0
5017 0
5018 0
5019 0
5020 0
5021 0
5022 0
5023 0
5024 0
5025 0
5026 1
5027 1
5028 0
5029 0
5030 0
5031 0
5032 2
5033 2
5034 2
5035 0
5036 1
5037 0
5038 0
5039 0
5040 0
5041 2
5042 2
5043 0
5044 0
5045 0
5046 0
5047 2
5048 2
5049 2
5050 1
5051 2
5052 0
5053 2
5054 1
5055 2
5056 0
5057 0
5058 0
5059 0
5060 0
5061 0
5062 0
5063 2
5064 0
5065 2
5066 2
5067 2
5068 2
5069 0
5070 0
5071 0
5072 2
5073 0
5074 2
5075 0
5076 0
5077 1
5078 2
5079 0
5080 0
5081 2
5082 0
5083 2
5084 0
5085 1
5086 0
5087 2
5088 2
5089 0
5090 0
5091 0
5092 1
5093 0
5094 0
5095 0
5096 0
5097 2
5098 0
5099 0
5100 0
5101 0
5102 1
5103 2
5104 2
5105 2
5106 2
5107 0
5108 1
5109 2
5110 1
5111 0
5112 0
5113 0
5114 2
5115 0
5116 0
5117 1
5118 0
5119 0
5120 1
5121 1
5122 2
5123 1
5124 2
5125 2
5126 0
5127 2
5128 0
5129 1
5130 0
5131 0
5132 2
5133 2
5134 1
5135 1
5136 2
5137 0
5138 0
5139 2
5140 2
5141 0
5142 0
5143 2
5144 0
5145 1
5146 1
5147 2
5148 2
5149 2
5150 2
5151 0
5152 0
5153 0
5154 0
5155 0
5156 0
5157 0
5158 2
5159 2
5160 2
5161 0
5162 0
5163 1
5164 2
5165 0
5166 2
5167 2
5168 2
5169 0
5170 1
5171 2
5172 2
5173 2
5174 0
5175 0
5176 2
5177 2
5178 0
5179 1
5180 1
5181 0
5182 0
5183 2
5184 2
5185 0
5186 2
5187 0
5188 0
5189 0
5190 0
5191 0
5192 0
5193 0
5194 0
5195 0
5196 0
5197 0
5198 0
5199 0
5200 0
5201 0
5202 0
5203 0
5204 2
5205 1
5206 0
5207 2
5208 2
5209 1
5210 1
5211 2
5212 0
5213 2
5214 0
5215 1
5216 0
5217 1
5218 2
5219 0
5220 0
5221 0
5222 0
5223 0
5224 1
5225 1
5226 1
5227 1
5228 0
5229 2
5230 0
5231 0
5232 0
5233 2
5234 0
5235 1
5236 0
5237 0
5238 0
5239 0
5240 2
5241 2
5242 0
5243 2
5244 1
5245 0
5246 2
5247 2
5248 1
5249 2
5250 0
5251 0
5252 0
5253 1
5254 2
5255 0
5256 0
5257 2
5258 0
5259 2
5260 0
5261 2
5262 1
5263 0
5264 0
5265 2
5266 0
5267 0
5268 1
5269 1
5270 0
5271 1
5272 1
5273 2
5274 0
5275 1
5276 2
5277 0
5278 2
5279 0
5280 2
5281 0
5282 0
5283 0
5284 0
5285 2
5286 2
5287 0
5288 0
5289 0
5290 0
5291 0
5292 2
5293 1
5294 0
5295 0
5296 0
5297 2
5298 0
5299 2
5300 1
5301 0
5302 1
5303 2
5304 0
5305 0
5306 0
5307 0
5308 0
5309 0
5310 2
5311 2
5312 0
5313 0
5314 1
5315 2
5316 0
5317 0
5318 2
5319 0
5320 0
5321 0
5322 0
5323 0
5324 0
5325 1
5326 1
5327 1
5328 1
5329 0
5330 2
5331 1
5332 0
5333 1
5334 0
5335 0
5336 1
5337 0
5338 2
5339 0
5340 2
5341 0
5342 2
5343 0
5344 0
5345 0
5346 2
5347 2
5348 2
5349 1
5350 1
5351 1
5352 0
5353 0
5354 2
5355 0
5356 2
5357 0
5358 0
5359 0
5360 2
5361 1
5362 2
5363 0
5364 0
5365 0
5366 0
5367 0
5368 0
5369 1
5370 2
5371 1
5372 1
5373 0
5374 0
5375 2
5376 0
5377 2
5378 1
5379 1
5380 1
5381 1
5382 0
5383 0
5384 0
5385 0
5386 0
5387 0
5388 2
5389 0
5390 0
5391 0
5392 0
5393 0
5394 2
5395 0
5396 2
5397 1
5398 1
5399 0
5400 0
5401 0
5402 1
5403 0
5404 0
5405 2
5406 2
5407 1
5408 0
5409 2
5410 0
5411 1
5412 0
5413 0
5414 0
5415 2
5416 0
5417 0
5418 2
5419 0
5420 1
5421 0
5422 0
5423 0
5424 1
5425 2
5426 0
5427 0
5428 0
5429 0
5430 0
5431 1
5432 0
5433 1
5434 0
5435 0
5436 0
5437 2
5438 2
5439 0
5440 1
5441 0
5442 2
5443 0
5444 0
5445 0
5446 1
5447 0
5448 0
5449 0
5450 1
5451 0
5452 2
5453 0
5454 0
5455 1
5456 0
5457 1
5458 0
5459 1
5460 0
5461 2
5462 0
5463 0
5464 0
5465 0
5466 2
5467 1
5468 0
5469 1
5470 0
5471 2
5472 1
5473 1
5474 1
5475 0
5476 0
5477 1
5478 1
5479 0
5480 2
5481 1
5482 1
5483 0
5484 1
5485 0
5486 2
5487 2
5488 2
5489 1
5490 2
5491 1
5492 1
5493 0
5494 0
5495 1
5496 1
5497 1
5498 0
5499 0
5500 0
5501 2
5502 1
5503 1
5504 2
5505 0
5506 2
5507 0
5508 0
5509 1
5510 2
5511 2
5512 2
5513 2
5514 1
5515 1
5516 0
5517 0
5518 0
5519 0
5520 2
5521 0
5522 0
5523 0
5524 0
5525 0
5526 0
5527 1
5528 2
5529 0
5530 0
5531 1
5532 1
5533 0
5534 0
5535 1
5536 0
5537 1
5538 0
5539 0
5540 1
5541 1
5542 1
5543 0
5544 0
5545 2
5546 0
5547 2
5548 2
5549 0
5550 1
5551 1
5552 0
5553 1
5554 0
5555 0
5556 0
5557 0
5558 1
5559 0
5560 0
5561 1
5562 1
5563 0
5564 0
5565 2
5566 0
5567 0
5568 0
5569 2
5570 2
5571 1
5572 0
5573 0
5574 2
5575 2
5576 0
5577 2
5578 0
5579 1
5580 0
5581 2
5582 1
5583 0
5584 0
5585 0
5586 2
5587 0
5588 2
5589 1
5590 0
5591 1
5592 0
5593 0
5594 0
5595 2
5596 2
5597 0
5598 0
5599 1
5600 2
5601 0
5602 2
5603 2
5604 0
5605 0
5606 0
5607 0
5608 0
5609 0
5610 0
5611 0
5612 1
5613 1
5614 0
5615 2
5616 1
5617 0
5618 2
5619 0
5620 0
5621 0
5622 0
5623 2
5624 0
5625 0
5626 1
5627 0
5628 0
5629 1
5630 0
5631 0
5632 0
5633 0
5634 0
5635 2
5636 0
5637 2
5638 2
5639 0
5640 0
5641 0
5642 2
5643 0
5644 0
5645 1
5646 2
5647 0
5648 0
5649 2
5650 0
5651 1
5652 2
5653 0
5654 0
5655 1
5656 0
5657 2
5658 0
5659 1
5660 1
5661 1
5662 2
5663 1
5664 0
5665 2
5666 2
5667 2
5668 1
5669 0
5670 0
5671 0
5672 0
5673 1
5674 2
5675 1
5676 0
5677 0
5678 2
5679 0
5680 0
5681 0
5682 2
5683 1
5684 0
5685 2
5686 0
5687 0
5688 0
5689 1
5690 0
5691 2
5692 0
5693 2
5694 2
5695 2
5696 0
5697 2
5698 0
5699 2
5700 2
5701 2
5702 1
5703 2
5704 2
5705 0
5706 0
5707 0
5708 0
5709 1
5710 0
5711 0
5712 0
5713 2
5714 0
5715 0
5716 2
5717 0
5718 2
5719 0
5720 0
5721 1
5722 0
5723 0
5724 1
5725 2
5726 2
5727 2
5728 2
5729 2
5730 1
5731 1
5732 2
5733 2
5734 1
5735 2
5736 2
5737 2
5738 2
5739 2
5740 1
5741 2
5742 0
5743 0
5744 0
5745 2
5746 0
5747 2
5748 1
5749 0
5750 0
5751 0
5752 2
5753 0
5754 0
5755 0
5756 1
5757 1
5758 0
5759 2
5760 2
5761 0
5762 0
5763 0
5764 2
5765 1
5766 0
5767 0
5768 1
5769 1
5770 1
5771 1
5772 0
5773 2
5774 0
5775 0
5776 0
5777 0
5778 1
5779 0
5780 1
5781 0
5782 0
5783 0
5784 1
5785 1
5786 1
5787 2
5788 0
5789 0
5790 1
5791 0
5792 0
5793 1
5794 1
5795 0
5796 0
5797 2
5798 0
5799 1
5800 1
5801 1
5802 0
5803 0
5804 0
5805 0
5806 1
5807 0
5808 0
5809 2
5810 1
5811 2
5812 0
5813 0
5814 2
5815 1
5816 2
5817 1
5818 0
5819 0
5820 1
5821 0
5822 0
5823 2
5824 2
5825 2
5826 1
5827 0
5828 1
5829 0
5830 1
5831 0
5832 0
5833 0
5834 0
5835 0
5836 0
5837 2
5838 0
5839 2
5840 0
5841 2
5842 2
5843 1
5844 2
5845 2
5846 0
5847 1
5848 0
5849 0
5850 0
5851 0
5852 0
5853 0
5854 1
5855 0
5856 0
5857 0
5858 0
5859 2
5860 0
5861 0
5862 1
5863 0
5864 0
5865 2
5866 0
5867 2
5868 0
5869 0
5870 1
5871 0
5872 2
5873 0
5874 0
5875 0
5876 2
5877 0
5878 0
5879 0
5880 0
5881 1
5882 0
5883 2
5884 0
5885 0
5886 0
5887 0
5888 1
5889 0
5890 2
5891 1
5892 2
5893 0
5894 0
5895 1
5896 0
5897 0
5898 0
5899 1
5900 0
5901 1
5902 1
5903 0
5904 2
5905 1
5906 0
5907 0
5908 0
5909 2
5910 2
5911 0
5912 2
5913 2
5914 2
5915 2
5916 2
5917 2
5918 2
5919 2
5920 2
5921 2
5922 0
5923 0
5924 0
5925 2
5926 0
5927 2
5928 2
5929 2
5930 1
5931 0
5932 2
5933 0
5934 2
5935 0
5936 0
5937 0
5938 0
5939 0
5940 2
5941 2
5942 2
5943 0
5944 1
5945 0
5946 0
5947 0
5948 0
5949 1
5950 1
5951 0
5952 0
5953 1
5954 1
5955 0
5956 2
5957 0
5958 0
5959 1
5960 0
5961 2
5962 0
5963 0
5964 0
5965 0
5966 1
5967 2
5968 2
5969 0
5970 2
5971 2
5972 2
5973 0
5974 2
5975 0
5976 2
5977 1
5978 0
5979 0
5980 0
5981 0
5982 1
5983 0
5984 0
5985 0
5986 1
5987 0
5988 2
5989 1
5990 0
5991 0
5992 1
5993 0
5994 0
5995 0
5996 0
5997 0
5998 1
5999 0
6000 0
6001 1
6002 0
6003 1
6004 0
6005 0
6006 1
6007 2
6008 2
6009 0
6010 0
6011 0
6012 0
6013 0
6014 0
6015 0
6016 0
6017 0
6018 2
6019 0
6020 0
6021 0
6022 0
6023 0
6024 0
6025 0
6026 0
6027 1
6028 1
6029 0
6030 0
6031 2
6032 0
6033 0
6034 0
6035 0
6036 1
6037 0
6038 0
6039 0
6040 0
6041 0
6042 2
6043 0
6044 2
6045 0
6046 0
6047 0
6048 1
6049 1
6050 1
6051 0
6052 0
6053 1
6054 0
6055 0
6056 0
6057 0
6058 0
6059 0
6060 0
6061 1
6062 0
6063 0
6064 0
6065 2
6066 1
6067 0
6068 2
6069 1
6070 0
6071 0
6072 0
6073 1
6074 0
6075 0
6076 0
6077 0
6078 1
6079 2
6080 0
6081 1
6082 0
6083 2
6084 0
6085 1
6086 0
6087 1
6088 0
6089 0
6090 0
6091 0
6092 0
6093 0
6094 2
6095 1
6096 2
6097 2
6098 2
6099 0
6100 1
6101 0
6102 0
6103 0
6104 1
6105 2
6106 1
6107 1
6108 0
6109 1
6110 2
6111 0
6112 0
6113 0
6114 1
6115 0
6116 2
6117 1
6118 0
6119 0
6120 2
6121 0
6122 0
6123 2
6124 0
6125 0
6126 0
6127 2
6128 2
6129 0
6130 2
6131 1
6132 0
6133 0
6134 1
6135 1
6136 0
6137 0
6138 2
6139 1
6140 2
6141 1
6142 0
6143 0
6144 0
6145 0
6146 1
6147 2
6148 1
6149 1
6150 2
6151 0
6152 1
6153 1
6154 1
6155 1
6156 2
6157 1
6158 1
6159 1
6160 1
6161 1
6162 2
6163 0
6164 0
6165 1
6166 2
6167 0
6168 1
6169 2
6170 2
6171 0
6172 1
6173 0
6174 0
6175 0
6176 0
6177 1
6178 0
6179 1
6180 2
6181 0
6182 2
6183 0
6184 0
6185 1
6186 1
6187 1
6188 1
6189 0
6190 0
6191 0
6192 0
6193 0
6194 1
6195 0
6196 0
6197 0
6198 0
6199 0
6200 2
6201 1
6202 0
6203 0
6204 1
6205 1
6206 1
6207 2
6208 1
6209 0
6210 0
6211 2
6212 0
6213 0
6214 1
6215 2
6216 2
6217 2
6218 2
6219 2
6220 2
6221 0
6222 2
6223 1
6224 2
6225 1
6226 0
6227 0
6228 0
6229 1
6230 0
6231 0
6232 2
6233 1
6234 1
6235 0
6236 0
6237 0
6238 1
6239 1
6240 1
6241 1
6242 1
6243 0
6244 0
6245 2
6246 0
6247 0
6248 0
6249 0
6250 0
6251 0
6252 1
6253 0
6254 0
6255 0
6256 0
6257 1
6258 0
6259 0
6260 0
6261 0
6262 2
6263 0
6264 0
6265 1
6266 0
6267 0
6268 0
6269 1
6270 0
6271 0
6272 0
6273 0
6274 1
6275 0
6276 1
6277 0
6278 1
6279 0
6280 0
6281 0
6282 1
6283 2
6284 0
6285 1
6286 1
6287 0
6288 2
6289 1
6290 0
6291 0
6292 1
6293 2
6294 0
6295 2
6296 2
6297 0
6298 1
6299 0
6300 0
6301 1
6302 0
6303 1
6304 1
6305 0
6306 1
6307 0
6308 0
6309 0
6310 0
6311 0
6312 0
6313 0
6314 0
6315 0
6316 0
6317 2
6318 0
6319 0
6320 0
6321 0
6322 0
6323 0
6324 0
6325 0
6326 0
6327 2
6328 2
6329 2
6330 0
6331 2
6332 2
6333 2
6334 2
6335 2
6336 2
6337 2
6338 2
6339 2
6340 2
6341 0
6342 0
6343 1
6344 1
6345 0
6346 1
6347 0
6348 1
6349 0
6350 1
6351 0
6352 2
6353 0
6354 2
6355 1
6356 0
6357 0
6358 0
6359 0
6360 0
6361 0
6362 0
6363 1
6364 0
6365 1
6366 0
6367 0
6368 0
6369 0
6370 2
6371 0
6372 2
6373 1
6374 0
6375 0
6376 0
6377 0
6378 0
6379 1
6380 0
6381 1
6382 2
6383 2
6384 0
6385 1
6386 2
6387 0
6388 0
6389 0
6390 1
6391 1
6392 0
6393 1
6394 0
6395 1
6396 2
6397 1
6398 0
6399 0
6400 0
6401 1
6402 2
6403 1
6404 2
6405 0
6406 1
6407 1
6408 0
6409 2
6410 0
6411 0
6412 0
6413 0
6414 0
6415 0
6416 0
6417 1
6418 1
6419 1
6420 1
6421 1
6422 1
6423 0
6424 0
6425 0
6426 0
6427 0
6428 1
6429 1
6430 0
6431 0
6432 1
6433 2
6434 0
6435 2
6436 0
6437 1
6438 2
6439 1
6440 0
6441 0
6442 2
6443 0
6444 1
6445 0
6446 1
6447 0
6448 0
6449 0
6450 1
6451 1
6452 0
6453 0
6454 0
6455 0
6456 0
6457 1
6458 2
6459 2
6460 0
6461 0
6462 2
6463 0
6464 0
6465 0
6466 0
6467 0
6468 0
6469 2
6470 0
6471 0
6472 0
6473 2
6474 1
6475 0
6476 0
6477 0
6478 0
6479 1
6480 1
6481 0
6482 0
6483 2
6484 0
6485 2
6486 0
6487 2
6488 2
6489 1
6490 0
6491 0
6492 2
6493 0
6494 0
6495 1
6496 0
6497 0
6498 0
6499 2
6500 2
6501 0
6502 2
6503 0
6504 0
6505 0
6506 1
6507 0
6508 0
6509 0
6510 1
6511 2
6512 1
6513 2
6514 2
6515 1
6516 2
6517 2
6518 0
6519 0
6520 1
6521 0
6522 1
6523 1
6524 0
6525 0
6526 0
6527 2
6528 0
6529 0
6530 0
6531 2
6532 0
6533 0
6534 0
6535 0
6536 0
6537 1
6538 0
6539 0
6540 0
6541 1
6542 0
6543 0
6544 0
6545 0
6546 2
6547 2
6548 2
6549 2
6550 1
6551 1
6552 1
6553 1
6554 1
6555 0
6556 0
6557 1
6558 1
6559 2
6560 0
6561 0
6562 0
6563 1
6564 1
6565 1
6566 0
6567 1
6568 0
6569 1
6570 0
6571 0
6572 0
6573 0
6574 0
6575 0
6576 0
6577 1
6578 2
6579 1
6580 2
6581 2
6582 0
6583 0
6584 1
6585 1
6586 1
6587 0
6588 1
6589 0
6590 1
6591 1
6592 0
6593 0
6594 0
6595 0
6596 1
6597 0
6598 0
6599 0
6600 0
6601 0
6602 0
6603 0
6604 0
6605 1
6606 1
6607 0
6608 2
6609 0
6610 0
6611 1
6612 0
6613 0
6614 1
6615 0
6616 0
6617 0
6618 0
6619 1
6620 0
0 0
1 1
2 2
1e-06 0.167731 28
