0 0
1 7
2 3
3 0
4 5
5 3
6 3
7 3
8 0
9 0
10 0
11 0
12 7
13 0
14 0
15 0
16 5
17 0
18 7
19 3
20 0
21 0
22 7
23 2
24 2
25 7
26 2
27 5
28 5
29 7
30 7
31 0
32 2
33 2
34 5
35 0
36 5
37 0
38 0
39 5
40 2
41 0
42 0
43 0
44 5
45 0
46 0
47 0
48 0
49 0
50 0
51 0
52 5
53 2
54 5
55 0
56 2
57 7
58 2
59 0
60 0
61 2
62 7
63 2
64 7
65 2
66 0
67 0
68 7
69 2
70 5
71 0
72 5
73 0
74 2
75 2
76 2
77 2
78 0
79 2
80 2
81 2
82 5
83 2
84 2
85 0
86 2
87 2
88 7
89 0
90 0
91 5
92 5
93 2
94 5
95 5
96 2
97 2
98 0
99 2
100 2
101 2
102 0
103 2
104 5
105 5
106 0
107 2
108 2
109 5
110 2
111 2
112 3
113 0
114 0
115 5
116 0
117 0
118 0
119 5
120 5
121 5
122 5
123 0
124 2
125 2
126 2
127 0
128 5
129 5
130 2
131 0
132 5
133 2
134 2
135 2
136 2
137 2
138 5
139 0
140 2
141 5
142 2
143 5
144 0
145 2
146 2
147 2
148 5
149 2
150 3
151 2
152 5
153 5
154 2
155 2
156 2
157 7
158 2
159 2
160 0
161 0
162 2
163 5
164 0
165 0
166 5
167 2
168 0
169 2
170 0
171 0
172 5
173 2
174 2
175 2
176 0
177 5
178 3
179 5
180 2
181 5
182 5
183 2
184 3
185 5
186 0
187 5
188 0
189 2
190 7
191 2
192 5
193 2
194 5
195 2
196 0
197 0
198 2
199 7
200 0
201 2
202 2
203 2
204 0
205 2
206 5
207 5
208 0
209 5
210 7
211 0
212 2
213 5
214 0
215 2
216 5
217 7
218 5
219 0
220 5
221 0
222 0
223 5
224 3
225 2
226 2
227 2
228 2
229 5
230 2
231 5
232 7
233 2
234 0
235 5
236 7
237 0
238 2
239 7
240 2
241 2
242 5
243 0
244 5
245 5
246 2
247 2
248 2
249 0
250 2
251 3
252 5
253 0
254 2
255 5
256 5
257 3
258 2
259 0
260 3
261 0
262 2
263 0
264 2
265 5
266 5
267 2
268 0
269 5
270 7
271 0
272 5
273 0
274 0
275 5
276 5
277 5
278 5
279 0
280 0
281 2
282 0
283 0
284 5
285 3
286 2
287 0
288 5
289 2
290 5
291 0
292 0
293 0
294 2
295 2
296 5
297 2
298 7
299 5
300 0
301 0
302 2
303 2
304 2
305 0
306 2
307 5
308 3
309 5
310 2
311 3
312 5
313 2
314 0
315 5
316 0
317 2
318 5
319 2
320 2
321 2
322 0
323 0
324 5
325 5
326 0
327 2
328 0
329 2
330 5
331 5
332 0
333 0
334 5
335 5
336 0
337 0
338 5
339 2
340 5
341 2
342 0
343 0
344 0
345 2
346 5
347 2
348 7
349 2
350 0
351 0
352 2
353 5
354 5
355 2
356 0
357 5
358 2
359 2
360 5
361 2
362 0
363 5
364 2
365 5
366 0
367 2
368 0
369 3
370 5
371 5
372 2
373 2
374 0
375 7
376 0
377 2
378 2
379 2
380 0
381 0
382 5
383 0
384 0
385 2
386 0
387 0
388 0
389 5
390 2
391 0
392 0
393 7
394 2
395 2
396 2
397 2
398 2
399 0
400 5
401 3
402 2
403 2
404 0
405 2
406 2
407 0
408 3
409 2
410 5
411 5
412 5
413 5
414 0
415 5
416 2
417 0
418 5
419 2
420 3
421 2
422 5
423 2
424 5
425 2
426 2
427 2
428 5
429 0
430 0
431 2
432 2
433 0
434 2
435 0
436 5
437 5
438 2
439 2
440 2
441 5
442 2
443 0
444 5
445 2
446 0
447 0
448 0
449 5
450 0
451 0
452 2
453 0
454 2
455 0
456 0
457 5
458 0
459 0
460 0
461 5
462 5
463 2
464 0
465 2
466 3
467 7
468 2
469 2
470 2
471 5
472 5
473 2
474 5
475 7
476 2
477 2
478 0
479 5
480 5
481 0
482 7
483 0
484 5
485 2
486 0
487 2
488 0
489 2
490 5
491 3
492 0
493 2
494 2
495 2
496 2
497 2
498 2
499 5
500 0
501 0
502 2
503 7
504 2
505 5
506 0
507 2
508 2
509 0
510 0
511 2
512 5
513 2
514 5
515 5
516 0
517 0
518 2
519 5
520 5
521 5
522 2
523 5
524 5
525 0
526 0
527 2
528 2
529 5
530 5
531 2
532 2
533 5
534 5
535 2
536 0
537 0
538 2
539 2
540 2
541 2
542 2
543 5
544 2
545 0
546 2
547 0
548 0
549 0
550 0
551 5
552 7
553 0
554 3
555 0
556 5
557 0
558 0
559 0
560 5
561 0
562 0
563 2
564 5
565 0
566 0
567 2
568 0
569 2
570 2
571 2
572 0
573 0
574 2
575 2
576 2
577 2
578 2
579 7
580 2
581 0
582 0
583 2
584 2
585 0
586 0
587 5
588 2
589 0
590 2
591 2
592 0
593 2
594 0
595 5
596 2
597 0
598 5
599 2
600 0
601 7
602 5
603 7
604 5
605 2
606 2
607 0
608 5
609 2
610 2
611 2
612 2
613 3
614 5
615 5
616 0
617 0
618 0
619 0
620 0
621 0
622 7
623 0
624 7
625 2
626 5
627 5
628 5
629 2
630 7
631 2
632 0
633 0
634 0
635 0
636 5
637 3
638 2
639 0
640 5
641 5
642 0
643 2
644 2
645 0
646 2
647 5
648 7
649 2
650 2
651 7
652 2
653 2
654 2
655 5
656 7
657 2
658 2
659 0
660 5
661 2
662 7
663 3
664 0
665 2
666 3
667 5
668 5
669 2
670 0
671 0
672 0
673 7
674 0
675 2
676 5
677 0
678 5
679 5
680 0
681 2
682 5
683 2
684 2
685 0
686 0
687 5
688 5
689 0
690 2
691 0
692 0
693 2
694 5
695 5
696 2
697 5
698 0
699 3
700 0
701 5
702 5
703 2
704 5
705 5
706 2
707 5
708 2
709 5
710 5
711 2
712 5
713 0
714 2
715 5
716 0
717 0
718 7
719 5
720 5
721 2
722 7
723 5
724 3
725 5
726 5
727 0
728 5
729 0
730 0
731 5
732 2
733 5
734 7
735 2
736 5
737 3
738 0
739 0
740 2
741 0
742 2
743 2
744 7
745 5
746 5
747 0
748 2
749 2
750 2
751 7
752 2
753 2
754 3
755 5
756 2
757 0
758 5
759 0
760 2
761 0
762 5
763 5
764 5
765 2
766 0
767 0
768 5
769 2
770 7
771 0
772 2
773 0
774 5
775 0
776 3
777 0
778 5
779 7
780 0
781 2
782 2
783 2
784 2
785 0
786 5
787 0
788 2
789 5
790 2
791 0
792 5
793 2
794 2
795 5
796 0
797 2
798 2
799 0
800 2
801 0
802 5
803 2
804 2
805 0
806 5
807 5
808 2
809 2
810 3
811 2
812 3
813 0
814 0
815 2
816 0
817 0
818 5
819 7
820 0
821 0
822 2
823 0
824 5
825 0
826 2
827 0
828 0
829 5
830 5
831 0
832 0
833 5
834 0
835 2
836 0
837 5
838 0
839 2
840 2
841 0
842 2
843 2
844 0
845 3
846 0
847 0
848 0
849 3
850 0
851 0
852 0
853 5
854 2
855 2
856 2
857 3
858 2
859 0
860 0
861 2
862 2
863 5
864 2
865 5
866 0
867 2
868 2
869 0
870 2
871 5
872 0
873 0
874 2
875 5
876 0
877 2
878 2
879 2
880 0
881 0
882 2
883 2
884 0
885 0
886 5
887 3
888 2
889 5
890 2
891 2
892 5
893 0
894 0
895 0
896 2
897 0
898 0
899 2
900 0
901 7
902 0
903 3
904 2
905 5
906 0
907 2
908 3
909 7
910 2
911 0
912 0
913 2
914 0
915 0
916 0
917 2
918 2
919 0
920 2
921 2
922 5
923 2
924 7
925 5
926 5
927 0
928 5
929 0
930 2
931 0
932 0
933 3
934 2
935 5
936 2
937 5
938 0
939 5
940 0
941 2
942 0
943 2
944 2
945 2
946 5
947 2
948 5
949 0
950 2
951 2
952 2
953 0
954 3
955 0
956 0
957 2
958 2
959 2
960 2
961 5
962 0
963 0
964 5
965 0
966 2
967 5
968 5
969 0
970 5
971 0
972 3
973 0
974 5
975 0
976 0
977 2
978 7
979 5
980 2
981 2
982 0
983 5
984 2
985 0
986 0
987 2
988 0
989 0
990 0
991 5
992 5
993 2
994 5
995 5
996 2
997 2
998 0
999 5
1000 0
1001 0
1002 0
1003 5
1004 7
1005 2
1006 5
1007 7
1008 7
1009 7
1010 7
1011 7
1012 0
1013 0
1014 7
1015 0
1016 7
1017 5
1018 2
1019 2
1020 2
1021 2
1022 2
1023 2
1024 7
1025 2
1026 2
1027 2
1028 7
1029 2
1030 2
1031 2
1032 7
1033 2
1034 2
1035 2
1036 2
1037 2
1038 2
1039 2
1040 0
1041 2
1042 0
1043 2
1044 2
1045 2
1046 2
1047 5
1048 2
1049 2
1050 2
1051 2
1052 2
1053 2
1054 5
1055 2
1056 2
1057 2
1058 2
1059 2
1060 2
1061 2
1062 2
1063 2
1064 2
1065 2
1066 2
1067 2
1068 2
1069 2
1070 2
1071 2
1072 2
1073 2
1074 5
1075 2
1076 2
1077 2
1078 2
1079 5
1080 2
1081 7
1082 2
1083 3
1084 2
1085 7
1086 5
1087 0
1088 0
1089 2
1090 3
1091 3
1092 2
1093 2
1094 0
1095 5
1096 7
1097 2
1098 2
1099 7
1100 7
1101 2
1102 5
1103 5
1104 2
1105 7
1106 5
1107 7
1108 2
1109 0
1110 2
1111 2
1112 2
1113 2
1114 2
1115 7
1116 2
1117 7
1118 2
1119 5
1120 5
1121 7
1122 5
1123 5
1124 2
1125 7
1126 2
1127 7
1128 2
1129 2
1130 2
1131 2
1132 3
1133 7
1134 2
1135 2
1136 0
1137 0
1138 3
1139 2
1140 0
1141 5
1142 7
1143 5
1144 7
1145 2
1146 3
1147 3
1148 0
1149 7
1150 2
1151 5
1152 0
1153 2
1154 2
1155 0
1156 0
1157 2
1158 7
1159 2
1160 2
1161 0
1162 0
1163 7
1164 2
1165 2
1166 7
1167 2
1168 0
1169 3
1170 2
1171 2
1172 0
1173 7
1174 7
1175 0
1176 5
1177 5
1178 2
1179 7
1180 7
1181 0
1182 2
1183 7
1184 0
1185 5
1186 7
1187 3
1188 5
1189 3
1190 2
1191 2
1192 7
1193 2
1194 2
1195 7
1196 2
1197 7
1198 2
1199 5
1200 5
1201 5
1202 7
1203 5
1204 2
1205 5
1206 7
1207 3
1208 2
1209 7
1210 7
1211 5
1212 5
1213 0
1214 7
1215 7
1216 3
1217 0
1218 5
1219 3
1220 0
1221 7
1222 7
1223 5
1224 3
1225 7
1226 3
1227 2
1228 7
1229 7
1230 2
1231 0
1232 0
1233 7
1234 5
1235 0
1236 2
1237 2
1238 0
1239 3
1240 7
1241 3
1242 7
1243 3
1244 0
1245 3
1246 2
1247 7
1248 5
1249 7
1250 3
1251 7
1252 7
1253 7
1254 7
1255 3
1256 2
1257 2
1258 0
1259 5
1260 3
1261 3
1262 7
1263 5
1264 7
1265 7
1266 7
1267 2
1268 5
1269 0
1270 7
1271 7
1272 2
1273 2
1274 3
1275 2
1276 7
1277 2
1278 2
1279 3
1280 0
1281 7
1282 0
1283 2
1284 5
1285 0
1286 7
1287 2
1288 0
1289 0
1290 2
1291 0
1292 7
1293 7
1294 0
1295 5
1296 7
1297 5
1298 2
1299 5
1300 7
1301 3
1302 5
1303 2
1304 7
1305 2
1306 7
1307 2
1308 3
1309 5
1310 2
1311 3
1312 2
1313 3
1314 2
1315 2
1316 0
1317 7
1318 7
1319 7
1320 7
1321 2
1322 2
1323 5
1324 7
1325 7
1326 2
1327 2
1328 0
1329 5
1330 2
1331 2
1332 5
1333 5
1334 5
1335 5
1336 2
1337 7
1338 0
1339 0
1340 5
1341 3
1342 2
1343 5
1344 7
1345 5
1346 7
1347 2
1348 0
1349 3
1350 7
1351 7
1352 2
1353 3
1354 2
1355 2
1356 2
1357 7
1358 2
1359 2
1360 2
1361 7
1362 0
1363 7
1364 7
1365 0
1366 2
1367 0
1368 0
1369 7
1370 7
1371 7
1372 7
1373 2
1374 2
1375 7
1376 0
1377 7
1378 7
1379 2
1380 7
1381 0
1382 5
1383 7
1384 2
1385 0
1386 7
1387 3
1388 0
1389 7
1390 2
1391 2
1392 2
1393 3
1394 5
1395 7
1396 0
1397 2
1398 7
1399 7
1400 7
1401 0
1402 2
1403 5
1404 7
1405 7
1406 2
1407 2
1408 0
1409 5
1410 5
1411 3
1412 7
1413 3
1414 0
1415 2
1416 0
1417 7
1418 7
1419 7
1420 2
1421 2
1422 7
1423 0
1424 2
1425 5
1426 7
1427 0
1428 7
1429 7
1430 5
1431 0
1432 7
1433 7
1434 3
1435 7
1436 7
1437 0
1438 0
1439 2
1440 0
1441 7
1442 2
1443 0
1444 2
1445 7
1446 0
1447 2
1448 0
1449 0
1450 2
1451 2
1452 5
1453 7
1454 2
1455 0
1456 3
1457 2
1458 0
1459 5
1460 5
1461 0
1462 3
1463 7
1464 0
1465 2
1466 0
1467 3
1468 0
1469 0
1470 0
1471 0
1472 5
1473 0
1474 3
1475 0
1476 0
1477 5
1478 0
1479 7
1480 0
1481 3
1482 2
1483 6
1484 2
1485 0
1486 0
1487 2
1488 3
1489 7
1490 0
1491 0
1492 2
1493 7
1494 0
1495 7
1496 2
1497 2
1498 0
1499 5
1500 3
1501 3
1502 7
1503 0
1504 0
1505 0
1506 0
1507 0
1508 2
1509 0
1510 0
1511 5
1512 0
1513 0
1514 3
1515 2
1516 7
1517 0
1518 5
1519 7
1520 7
1521 2
1522 3
1523 0
1524 3
1525 3
1526 0
1527 5
1528 0
1529 7
1530 0
1531 0
1532 0
1533 2
1534 2
1535 0
1536 0
1537 5
1538 2
1539 0
1540 2
1541 3
1542 0
1543 7
1544 7
1545 0
1546 3
1547 0
1548 0
1549 2
1550 2
1551 0
1552 0
1553 7
1554 2
1555 0
1556 5
1557 7
1558 0
1559 2
1560 0
1561 0
1562 2
1563 7
1564 0
1565 0
1566 0
1567 0
1568 0
1569 3
1570 0
1571 0
1572 2
1573 5
1574 0
1575 0
1576 0
1577 3
1578 5
1579 2
1580 0
1581 0
1582 2
1583 5
1584 0
1585 0
1586 0
1587 5
1588 3
1589 0
1590 0
1591 2
1592 2
1593 0
1594 3
1595 5
1596 0
1597 0
1598 2
1599 3
1600 0
1601 2
1602 0
1603 0
1604 5
1605 3
1606 0
1607 2
1608 5
1609 3
1610 0
1611 0
1612 0
1613 0
1614 0
1615 0
1616 0
1617 0
1618 0
1619 2
1620 5
1621 0
1622 0
1623 3
1624 2
1625 7
1626 3
1627 0
1628 2
1629 0
1630 2
1631 5
1632 0
1633 0
1634 0
1635 0
1636 3
1637 5
1638 3
1639 0
1640 0
1641 7
1642 5
1643 7
1644 7
1645 0
1646 0
1647 0
1648 0
1649 2
1650 5
1651 7
1652 7
1653 0
1654 0
1655 7
1656 7
1657 2
1658 5
1659 7
1660 3
1661 0
1662 0
1663 0
1664 0
1665 0
1666 2
1667 5
1668 0
1669 2
1670 2
1671 2
1672 3
1673 0
1674 2
1675 5
1676 0
1677 7
1678 2
1679 0
1680 5
1681 0
1682 0
1683 0
1684 0
1685 3
1686 3
1687 0
1688 3
1689 7
1690 0
1691 2
1692 7
1693 2
1694 7
1695 0
1696 0
1697 0
1698 2
1699 5
1700 0
1701 0
1702 2
1703 0
1704 2
1705 3
1706 0
1707 2
1708 0
1709 3
1710 5
1711 2
1712 2
1713 0
1714 7
1715 0
1716 0
1717 0
1718 2
1719 7
1720 0
1721 2
1722 7
1723 7
1724 2
1725 7
1726 2
1727 0
1728 0
1729 5
1730 0
1731 2
1732 2
1733 0
1734 5
1735 2
1736 0
1737 0
1738 0
1739 0
1740 3
1741 0
1742 7
1743 0
1744 2
1745 0
1746 2
1747 2
1748 2
1749 7
1750 0
1751 2
1752 0
1753 2
1754 2
1755 0
1756 2
1757 0
1758 5
1759 3
1760 0
1761 5
1762 0
1763 5
1764 0
1765 5
1766 2
1767 7
1768 5
1769 7
1770 3
1771 7
1772 5
1773 7
1774 7
1775 0
1776 2
1777 5
1778 0
1779 5
1780 0
1781 0
1782 7
1783 3
1784 2
1785 0
1786 0
1787 2
1788 0
1789 0
1790 0
1791 2
1792 3
1793 0
1794 0
1795 7
1796 0
1797 7
1798 0
1799 5
1800 0
1801 0
1802 5
1803 5
1804 2
1805 0
1806 3
1807 0
1808 2
1809 3
1810 0
1811 0
1812 7
1813 0
1814 0
1815 2
1816 0
1817 0
1818 0
1819 3
1820 0
1821 0
1822 0
1823 0
1824 7
1825 2
1826 5
1827 3
1828 5
1829 0
1830 0
1831 0
1832 2
1833 0
1834 0
1835 0
1836 5
1837 7
1838 2
1839 0
1840 0
1841 0
1842 0
1843 2
1844 5
1845 7
1846 2
1847 2
1848 0
1849 5
1850 0
1851 0
1852 0
1853 0
1854 0
1855 0
1856 0
1857 0
1858 2
1859 0
1860 5
1861 3
1862 0
1863 0
1864 0
1865 2
1866 5
1867 0
1868 5
1869 0
1870 0
1871 5
1872 0
1873 0
1874 2
1875 0
1876 0
1877 0
1878 5
1879 5
1880 2
1881 5
1882 5
1883 5
1884 0
1885 0
1886 2
1887 0
1888 5
1889 3
1890 2
1891 0
1892 7
1893 0
1894 0
1895 5
1896 0
1897 2
1898 7
1899 3
1900 7
1901 7
1902 7
1903 0
1904 0
1905 0
1906 0
1907 3
1908 0
1909 3
1910 0
1911 5
1912 0
1913 0
1914 0
1915 0
1916 7
1917 7
1918 0
1919 3
1920 3
1921 0
1922 0
1923 0
1924 3
1925 0
1926 3
1927 0
1928 2
1929 0
1930 0
1931 3
1932 2
1933 0
1934 3
1935 3
1936 3
1937 3
1938 0
1939 0
1940 7
1941 0
1942 0
1943 7
1944 3
1945 3
1946 0
1947 3
1948 0
1949 3
1950 0
1951 3
1952 2
1953 3
1954 2
1955 2
1956 2
1957 2
1958 2
1959 2
1960 2
1961 3
1962 7
1963 5
1964 3
1965 3
1966 7
1967 0
1968 3
1969 7
1970 3
1971 3
1972 2
1973 2
1974 3
1975 3
1976 3
1977 7
1978 3
1979 3
1980 3
1981 0
1982 2
1983 0
1984 7
1985 3
1986 7
1987 3
1988 0
1989 2
1990 0
1991 0
1992 3
1993 7
1994 3
1995 3
1996 3
1997 3
1998 0
1999 7
2000 7
2001 3
2002 3
2003 7
2004 0
2005 0
2006 0
2007 0
2008 3
2009 3
2010 3
2011 7
2012 3
2013 3
2014 7
2015 3
2016 7
2017 0
2018 7
2019 3
2020 3
2021 2
2022 3
2023 0
2024 7
2025 5
2026 2
2027 3
2028 0
2029 7
2030 3
2031 0
2032 3
2033 7
2034 7
2035 0
2036 0
2037 3
2038 3
2039 0
2040 0
2041 3
2042 3
2043 0
2044 7
2045 2
2046 3
2047 0
2048 3
2049 0
2050 0
2051 7
2052 0
2053 7
2054 2
2055 2
2056 2
2057 7
2058 2
2059 3
2060 2
2061 3
2062 2
2063 2
2064 7
2065 2
2066 2
2067 2
2068 2
2069 2
2070 2
2071 2
2072 2
2073 7
2074 2
2075 2
2076 2
2077 2
2078 7
2079 2
2080 7
2081 0
2082 5
2083 7
2084 2
2085 2
2086 2
2087 2
2088 2
2089 5
2090 2
2091 2
2092 2
2093 2
2094 2
2095 3
2096 7
2097 7
2098 2
2099 2
2100 2
2101 2
2102 2
2103 2
2104 2
2105 2
2106 7
2107 2
2108 5
2109 2
2110 2
2111 7
2112 2
2113 2
2114 0
2115 7
2116 2
2117 0
2118 7
2119 5
2120 2
2121 2
2122 7
2123 0
2124 5
2125 2
2126 0
2127 0
2128 7
2129 0
2130 2
2131 2
2132 0
2133 2
2134 3
2135 3
2136 2
2137 2
2138 0
2139 2
2140 3
2141 0
2142 7
2143 2
2144 7
2145 2
2146 2
2147 2
2148 2
2149 2
2150 7
2151 2
2152 7
2153 2
2154 2
2155 7
2156 2
2157 7
2158 2
2159 5
2160 2
2161 7
2162 2
2163 2
2164 2
2165 3
2166 0
2167 7
2168 3
2169 0
2170 5
2171 5
2172 0
2173 5
2174 0
2175 3
2176 0
2177 5
2178 5
2179 0
2180 0
2181 0
2182 3
2183 0
2184 0
2185 0
2186 3
2187 7
2188 3
2189 5
2190 0
2191 3
2192 0
2193 3
2194 3
2195 3
2196 7
2197 0
2198 3
2199 3
2200 0
2201 3
2202 3
2203 3
2204 0
2205 3
2206 7
2207 0
2208 3
2209 7
2210 3
2211 0
2212 7
2213 3
2214 0
2215 0
2216 3
2217 3
2218 7
2219 0
2220 3
2221 0
2222 0
2223 5
2224 5
2225 0
2226 5
2227 2
2228 0
2229 5
2230 0
2231 3
2232 3
2233 0
2234 0
2235 7
2236 3
2237 0
2238 0
2239 0
2240 0
2241 7
2242 0
2243 2
2244 2
2245 5
2246 0
2247 5
2248 7
2249 0
2250 5
2251 7
2252 0
2253 2
2254 3
2255 0
2256 0
2257 0
2258 7
2259 5
2260 0
2261 3
2262 5
2263 7
2264 3
2265 0
2266 3
2267 0
2268 5
2269 3
2270 7
2271 0
2272 5
2273 7
2274 0
2275 3
2276 5
2277 0
2278 3
2279 7
2280 7
2281 3
2282 2
2283 5
2284 7
2285 0
2286 0
2287 0
2288 3
2289 2
2290 6
2291 2
2292 2
2293 7
2294 2
2295 7
2296 0
2297 3
2298 3
2299 0
2300 7
2301 2
2302 5
2303 2
2304 0
2305 7
2306 7
2307 7
2308 2
2309 2
2310 0
2311 7
2312 7
2313 2
2314 0
2315 0
2316 7
2317 5
2318 0
2319 5
2320 2
2321 5
2322 2
2323 0
2324 7
2325 7
2326 2
2327 7
2328 7
2329 7
2330 7
2331 3
2332 2
2333 0
2334 7
2335 2
2336 0
2337 5
2338 5
2339 0
2340 0
2341 2
2342 5
2343 3
2344 7
2345 2
2346 7
2347 7
2348 7
2349 7
2350 7
2351 7
2352 7
2353 7
2354 5
2355 7
2356 3
2357 5
2358 7
2359 7
2360 7
2361 2
2362 7
2363 7
2364 2
2365 7
2366 7
2367 7
2368 2
2369 7
2370 2
2371 5
2372 2
2373 3
2374 0
2375 2
2376 2
2377 2
2378 2
2379 7
2380 2
2381 7
2382 7
2383 7
2384 3
2385 5
2386 0
2387 3
2388 5
2389 2
2390 2
2391 7
2392 7
2393 7
2394 2
2395 0
2396 5
2397 2
2398 2
2399 2
2400 2
2401 3
2402 7
2403 2
2404 2
2405 0
2406 0
2407 7
2408 5
2409 7
2410 5
2411 7
2412 3
2413 2
2414 3
2415 3
2416 2
2417 2
2418 2
2419 5
2420 2
2421 2
2422 2
2423 5
2424 0
2425 7
2426 2
2427 3
2428 3
2429 0
2430 3
2431 3
2432 3
2433 0
2434 7
2435 3
2436 3
2437 3
2438 7
2439 3
2440 3
2441 3
2442 0
2443 3
2444 3
2445 3
2446 3
2447 3
2448 7
2449 3
2450 3
2451 0
2452 3
2453 2
2454 3
2455 3
2456 3
2457 3
2458 3
2459 3
2460 5
2461 3
2462 3
2463 3
2464 3
2465 7
2466 0
2467 3
2468 2
2469 7
2470 3
2471 3
2472 5
2473 3
2474 3
2475 3
2476 3
2477 3
2478 3
2479 3
2480 7
2481 3
2482 7
2483 7
2484 3
2485 3
2486 3
2487 3
2488 3
2489 3
2490 2
2491 3
2492 3
2493 3
2494 3
2495 3
2496 3
2497 3
2498 3
2499 3
2500 3
2501 3
2502 0
2503 3
2504 5
2505 3
2506 3
2507 3
2508 7
2509 3
2510 3
2511 3
2512 3
2513 3
2514 7
2515 3
2516 7
2517 3
2518 0
2519 3
2520 3
2521 3
2522 7
2523 3
2524 3
2525 7
2526 3
2527 3
2528 0
2529 3
2530 3
2531 7
2532 3
2533 3
2534 3
2535 3
2536 7
2537 2
2538 3
2539 7
2540 0
2541 3
2542 3
2543 3
2544 3
2545 3
2546 5
2547 3
2548 3
2549 7
2550 0
2551 3
2552 3
2553 0
2554 0
2555 0
2556 7
2557 0
2558 0
2559 0
2560 7
2561 3
2562 5
2563 3
2564 3
2565 0
2566 0
2567 0
2568 2
2569 5
2570 0
2571 5
2572 3
2573 3
2574 0
2575 0
2576 0
2577 3
2578 0
2579 7
2580 3
2581 3
2582 5
2583 0
2584 3
2585 3
2586 3
2587 3
2588 6
2589 3
2590 0
2591 3
2592 3
2593 5
2594 0
2595 0
2596 0
2597 3
2598 0
2599 3
2600 7
2601 5
2602 3
2603 5
2604 0
2605 3
2606 3
2607 3
2608 3
2609 3
2610 0
2611 0
2612 3
2613 5
2614 3
2615 5
2616 7
2617 3
2618 5
2619 7
2620 0
2621 0
2622 3
2623 3
2624 0
2625 3
2626 7
2627 0
2628 5
2629 5
2630 0
2631 0
2632 0
2633 3
2634 0
2635 0
2636 3
2637 0
2638 0
2639 0
2640 7
2641 0
2642 3
2643 3
2644 0
2645 0
2646 0
2647 3
2648 5
2649 0
2650 7
2651 0
2652 0
2653 3
2654 0
2655 3
2656 3
2657 5
2658 3
2659 0
2660 3
2661 0
2662 7
2663 0
2664 0
2665 3
2666 3
2667 3
2668 5
2669 0
2670 0
2671 0
2672 0
2673 0
2674 3
2675 0
2676 3
2677 3
2678 5
2679 2
2680 5
2681 7
2682 0
2683 5
2684 0
2685 7
2686 3
2687 3
2688 3
2689 3
2690 7
2691 3
2692 0
2693 5
2694 7
2695 7
2696 3
2697 3
2698 0
2699 0
2700 0
2701 0
2702 5
2703 0
2704 0
2705 0
2706 0
2707 0
2708 3
2709 5
2710 0
2711 0
2712 0
2713 5
2714 0
2715 3
2716 0
2717 3
2718 3
2719 7
2720 0
2721 0
2722 3
2723 7
2724 7
2725 7
2726 0
2727 0
2728 3
2729 0
2730 0
2731 0
2732 3
2733 3
2734 3
2735 0
2736 5
2737 0
2738 0
2739 0
2740 5
2741 0
2742 3
2743 0
2744 0
2745 2
2746 0
2747 5
2748 0
2749 5
2750 3
2751 0
2752 0
2753 5
2754 3
2755 7
2756 0
2757 0
2758 0
2759 3
2760 3
2761 3
2762 0
2763 0
2764 2
2765 2
2766 0
2767 5
2768 0
2769 0
2770 0
2771 0
2772 0
2773 0
2774 3
2775 7
2776 3
2777 7
2778 3
2779 0
2780 0
2781 0
2782 0
2783 0
2784 3
2785 3
2786 3
2787 3
2788 2
2789 2
2790 3
2791 0
2792 3
2793 0
2794 3
2795 0
2796 0
2797 5
2798 2
2799 5
2800 7
2801 3
2802 0
2803 0
2804 3
2805 0
2806 3
2807 0
2808 7
2809 3
2810 3
2811 2
2812 0
2813 3
2814 0
2815 0
2816 3
2817 3
2818 5
2819 0
2820 3
2821 2
2822 0
2823 5
2824 3
2825 5
2826 3
2827 7
2828 3
2829 3
2830 0
2831 0
2832 2
2833 3
2834 5
2835 3
2836 0
2837 0
2838 5
2839 2
2840 0
2841 0
2842 3
2843 7
2844 0
2845 5
2846 3
2847 0
2848 0
2849 0
2850 0
2851 0
2852 5
2853 3
2854 3
2855 0
2856 5
2857 0
2858 3
2859 3
2860 3
2861 3
2862 3
2863 3
2864 3
2865 0
2866 0
2867 0
2868 0
2869 7
2870 3
2871 7
2872 5
2873 5
2874 0
2875 0
2876 0
2877 3
2878 0
2879 3
2880 0
2881 2
2882 0
2883 3
2884 0
2885 5
2886 0
2887 3
2888 3
2889 3
2890 0
2891 0
2892 0
2893 0
2894 3
2895 7
2896 0
2897 3
2898 3
2899 0
2900 0
2901 3
2902 0
2903 7
2904 3
2905 0
2906 0
2907 3
2908 5
2909 3
2910 0
2911 5
2912 3
2913 0
2914 5
2915 3
2916 0
2917 3
2918 0
2919 2
2920 3
2921 0
2922 5
2923 5
2924 0
2925 0
2926 0
2927 3
2928 3
2929 0
2930 0
2931 0
2932 3
2933 3
2934 5
2935 5
2936 2
2937 0
2938 3
2939 3
2940 3
2941 5
2942 0
2943 0
2944 0
2945 7
2946 5
2947 7
2948 0
2949 5
2950 3
2951 7
2952 3
2953 0
2954 3
2955 3
2956 2
2957 7
2958 0
2959 5
2960 0
2961 2
2962 0
2963 0
2964 3
2965 5
2966 2
2967 3
2968 3
2969 2
2970 7
2971 7
2972 2
2973 3
2974 7
2975 0
2976 3
2977 3
2978 3
2979 7
2980 7
2981 2
2982 7
2983 3
2984 2
2985 7
2986 5
2987 7
2988 2
2989 0
2990 0
2991 7
2992 3
2993 7
2994 7
2995 2
2996 2
2997 3
2998 2
2999 7
3000 7
3001 7
3002 0
3003 7
3004 2
3005 0
3006 7
3007 0
3008 7
3009 7
3010 2
3011 7
3012 7
3013 3
3014 7
3015 2
3016 7
3017 5
3018 2
3019 0
3020 2
3021 7
3022 7
3023 7
3024 0
3025 7
3026 0
3027 7
3028 3
3029 7
3030 7
3031 3
3032 7
3033 0
3034 7
3035 7
3036 3
3037 0
3038 7
3039 3
3040 5
3041 2
3042 2
3043 7
3044 0
3045 7
3046 0
3047 7
3048 7
3049 3
3050 7
3051 0
3052 0
3053 0
3054 3
3055 0
3056 2
3057 5
3058 0
3059 0
3060 0
3061 0
3062 7
3063 3
3064 0
3065 3
3066 2
3067 2
3068 0
3069 7
3070 7
3071 3
3072 7
3073 3
3074 2
3075 5
3076 3
3077 3
3078 3
3079 7
3080 3
3081 3
3082 7
3083 7
3084 0
3085 7
3086 0
3087 7
3088 5
3089 7
3090 7
3091 0
3092 2
3093 2
3094 3
3095 7
3096 7
3097 5
3098 2
3099 2
3100 3
3101 5
3102 3
3103 3
3104 7
3105 7
3106 7
3107 7
3108 7
3109 2
3110 7
3111 2
3112 0
3113 7
3114 5
3115 0
3116 0
3117 2
3118 5
3119 2
3120 2
3121 2
3122 2
3123 5
3124 5
3125 5
3126 5
3127 7
3128 3
3129 7
3130 0
3131 5
3132 7
3133 7
3134 7
3135 7
3136 5
3137 7
3138 3
3139 0
3140 3
3141 7
3142 0
3143 7
3144 7
3145 7
3146 7
3147 7
3148 7
3149 7
3150 2
3151 7
3152 0
3153 2
3154 7
3155 3
3156 2
3157 7
3158 7
3159 7
3160 7
3161 7
3162 7
3163 7
3164 7
3165 7
3166 7
3167 7
3168 2
3169 7
3170 3
3171 5
3172 3
3173 7
3174 3
3175 3
3176 5
3177 0
3178 3
3179 7
3180 3
3181 0
3182 0
3183 7
3184 7
3185 0
3186 0
3187 2
3188 3
3189 3
3190 0
3191 3
3192 3
3193 0
3194 0
3195 7
3196 0
3197 0
3198 3
3199 3
3200 3
3201 3
3202 5
3203 7
3204 3
3205 2
3206 2
3207 7
3208 7
3209 0
3210 3
3211 7
3212 7
3213 7
3214 0
3215 0
3216 7
3217 0
3218 3
3219 2
3220 3
3221 0
3222 3
3223 7
3224 7
3225 0
3226 3
3227 3
3228 2
3229 3
3230 0
3231 7
3232 5
3233 7
3234 0
3235 7
3236 3
3237 7
3238 3
3239 3
3240 3
3241 7
3242 7
3243 0
3244 3
3245 3
3246 7
3247 0
3248 7
3249 3
3250 7
3251 0
3252 7
3253 0
3254 2
3255 3
3256 0
3257 7
3258 3
3259 3
3260 0
3261 3
3262 2
3263 3
3264 2
3265 7
3266 3
3267 3
3268 3
3269 2
3270 3
3271 2
3272 5
3273 0
3274 0
3275 3
3276 3
3277 5
3278 7
3279 7
3280 7
3281 2
3282 0
3283 0
3284 7
3285 7
3286 0
3287 0
3288 5
3289 3
3290 3
3291 3
3292 0
3293 5
3294 7
3295 5
3296 0
3297 5
3298 3
3299 2
3300 3
3301 3
3302 2
3303 2
3304 0
3305 3
3306 3
3307 2
3308 0
3309 7
3310 5
3311 7
3312 0
3313 3
3314 3
3315 3
3316 5
3317 3
3318 0
3319 0
3320 0
3321 0
3322 5
3323 0
3324 7
3325 3
3326 2
3327 7
3328 0
3329 3
3330 3
3331 0
3332 0
3333 3
3334 0
3335 0
3336 7
3337 3
3338 3
3339 3
3340 7
3341 3
3342 5
3343 0
3344 0
3345 3
3346 0
3347 3
3348 7
3349 5
3350 3
3351 3
3352 0
3353 3
3354 0
3355 3
3356 0
3357 0
3358 3
3359 2
3360 0
3361 7
3362 7
3363 3
3364 3
3365 3
3366 0
3367 2
3368 3
3369 2
3370 3
3371 0
3372 3
3373 0
3374 0
3375 0
3376 7
3377 5
3378 3
3379 7
3380 2
3381 3
3382 2
3383 0
3384 2
3385 0
3386 3
3387 3
3388 0
3389 5
3390 3
3391 3
3392 3
3393 3
3394 5
3395 3
3396 7
3397 7
3398 7
3399 3
3400 2
3401 3
3402 5
3403 7
3404 3
3405 5
3406 7
3407 7
3408 2
3409 3
3410 2
3411 0
3412 3
3413 7
3414 2
3415 7
3416 5
3417 3
3418 2
3419 2
3420 5
3421 0
3422 7
3423 3
3424 7
3425 0
3426 3
3427 5
3428 3
3429 0
3430 3
3431 3
3432 5
3433 0
3434 7
3435 3
3436 0
3437 5
3438 3
3439 3
3440 0
3441 0
3442 3
3443 2
3444 7
3445 0
3446 5
3447 7
3448 2
3449 0
3450 5
3451 5
3452 2
3453 0
3454 2
3455 7
3456 3
3457 5
3458 3
3459 5
3460 3
3461 0
3462 0
3463 3
3464 3
3465 3
3466 7
3467 3
3468 3
3469 7
3470 3
3471 5
3472 0
3473 0
3474 3
3475 7
3476 3
3477 3
3478 3
3479 3
3480 3
3481 3
3482 3
3483 3
3484 3
3485 5
3486 2
3487 7
3488 3
3489 3
3490 0
3491 7
3492 7
3493 7
3494 2
3495 7
3496 0
3497 0
3498 0
3499 0
3500 0
3501 0
3502 3
3503 3
3504 2
3505 3
3506 7
3507 7
3508 0
3509 2
3510 0
3511 7
3512 3
3513 3
3514 3
3515 2
3516 7
3517 7
3518 7
3519 0
3520 5
3521 0
3522 0
3523 7
3524 0
3525 0
3526 0
3527 3
3528 3
3529 3
3530 2
3531 2
3532 2
3533 3
3534 7
3535 0
3536 7
3537 2
3538 7
3539 2
3540 5
3541 0
3542 2
3543 0
3544 3
3545 7
3546 3
3547 5
3548 0
3549 0
3550 3
3551 0
3552 3
3553 3
3554 2
3555 2
3556 0
3557 0
3558 0
3559 3
3560 7
3561 3
3562 7
3563 2
3564 0
3565 0
3566 3
3567 3
3568 3
3569 0
3570 0
3571 0
3572 5
3573 7
3574 0
3575 0
3576 3
3577 0
3578 5
3579 7
3580 2
3581 0
3582 3
3583 3
3584 7
3585 3
3586 3
3587 2
3588 3
3589 7
3590 0
3591 3
3592 2
3593 0
3594 3
3595 3
3596 2
3597 0
3598 5
3599 5
3600 2
3601 2
3602 7
3603 7
3604 0
3605 3
3606 3
3607 0
3608 5
3609 5
3610 7
3611 0
3612 2
3613 0
3614 3
3615 5
3616 3
3617 7
3618 0
3619 3
3620 0
3621 5
3622 3
3623 0
3624 5
3625 3
3626 7
3627 7
3628 2
3629 3
3630 3
3631 2
3632 3
3633 0
3634 5
3635 2
3636 2
3637 2
3638 3
3639 2
3640 0
3641 0
3642 3
3643 0
3644 3
3645 0
3646 7
3647 2
3648 0
3649 3
3650 0
3651 3
3652 5
3653 0
3654 0
3655 5
3656 2
3657 3
3658 3
3659 7
3660 0
3661 5
3662 3
3663 2
3664 0
3665 0
3666 0
3667 0
3668 3
3669 3
3670 3
3671 5
3672 3
3673 5
3674 3
3675 3
3676 5
3677 3
3678 7
3679 0
3680 3
3681 0
3682 0
3683 3
3684 0
3685 3
3686 0
3687 3
3688 7
3689 3
3690 7
3691 7
3692 7
3693 3
3694 0
3695 7
3696 2
3697 0
3698 3
3699 7
3700 3
3701 3
3702 3
3703 0
3704 3
3705 7
3706 0
3707 3
3708 0
3709 0
3710 0
3711 3
3712 3
3713 7
3714 7
3715 7
3716 3
3717 2
3718 7
3719 3
3720 3
3721 2
3722 5
3723 2
3724 7
3725 5
3726 5
3727 2
3728 0
3729 2
3730 0
3731 7
3732 3
3733 7
3734 0
3735 7
3736 0
3737 3
3738 7
3739 3
3740 2
3741 7
3742 3
3743 3
3744 5
3745 2
3746 3
3747 5
3748 5
3749 3
3750 2
3751 3
3752 7
3753 3
3754 3
3755 7
3756 0
3757 7
3758 3
3759 2
3760 3
3761 3
3762 0
3763 7
3764 5
3765 0
3766 7
3767 5
3768 0
3769 3
3770 0
3771 7
3772 3
3773 7
3774 3
3775 3
3776 3
3777 3
3778 5
3779 3
3780 7
3781 3
3782 0
3783 3
3784 2
3785 3
3786 5
3787 7
3788 7
3789 0
3790 7
3791 3
3792 0
3793 0
3794 0
3795 0
3796 0
3797 3
3798 7
3799 3
3800 5
3801 0
3802 2
3803 7
3804 3
3805 5
3806 0
3807 3
3808 3
3809 3
3810 5
3811 0
3812 2
3813 2
3814 0
3815 3
3816 7
3817 0
3818 3
3819 3
3820 3
3821 0
3822 5
3823 3
3824 7
3825 7
3826 3
3827 3
3828 3
3829 7
3830 3
3831 7
3832 3
3833 3
3834 7
3835 0
3836 7
3837 0
3838 5
3839 3
3840 2
3841 2
3842 0
3843 3
3844 3
3845 0
3846 7
3847 5
3848 7
3849 7
3850 0
3851 7
3852 7
3853 5
3854 3
3855 5
3856 3
3857 2
3858 7
3859 3
3860 5
3861 0
3862 0
3863 3
3864 3
3865 2
3866 0
3867 0
3868 3
3869 2
3870 3
3871 5
3872 7
3873 0
3874 0
3875 0
3876 7
3877 3
3878 7
3879 5
3880 0
3881 0
3882 7
3883 7
3884 7
3885 7
3886 7
3887 7
3888 5
3889 2
3890 3
3891 7
3892 0
3893 7
3894 2
3895 2
3896 7
3897 7
3898 2
3899 7
3900 5
3901 7
3902 2
3903 7
3904 2
3905 3
3906 0
3907 7
3908 7
3909 0
3910 2
3911 7
3912 3
3913 0
3914 7
3915 7
3916 0
3917 7
3918 3
3919 7
3920 7
3921 3
3922 3
3923 0
3924 0
3925 7
3926 0
3927 3
3928 0
3929 7
3930 0
3931 3
3932 0
3933 7
3934 7
3935 7
3936 3
3937 7
3938 0
3939 0
3940 7
3941 7
3942 3
3943 0
3944 0
3945 3
3946 7
3947 7
3948 7
3949 3
3950 0
3951 7
3952 0
3953 0
3954 3
3955 7
3956 7
3957 3
3958 0
3959 0
3960 3
3961 0
3962 0
3963 7
3964 0
3965 0
3966 5
3967 7
3968 0
3969 3
3970 7
3971 3
3972 0
3973 7
3974 3
3975 3
3976 7
3977 5
3978 5
3979 5
3980 3
3981 7
3982 7
3983 3
3984 2
3985 0
3986 2
3987 0
3988 0
3989 3
3990 7
3991 7
3992 7
3993 2
3994 7
3995 7
3996 7
3997 2
3998 2
3999 7
4000 0
4001 3
4002 2
4003 2
4004 7
4005 3
4006 7
4007 2
4008 0
4009 3
4010 0
4011 0
4012 0
4013 3
4014 7
4015 7
4016 0
4017 0
4018 3
4019 0
4020 7
4021 7
4022 0
4023 3
4024 0
4025 7
4026 2
4027 0
4028 3
4029 0
4030 3
4031 3
4032 7
4033 2
4034 3
4035 2
4036 3
4037 2
4038 2
4039 7
4040 2
4041 7
4042 7
4043 2
4044 2
4045 7
4046 7
4047 7
4048 7
4049 3
4050 7
4051 2
4052 7
4053 0
4054 2
4055 7
4056 7
4057 7
4058 7
4059 7
4060 7
4061 7
4062 3
4063 7
4064 3
4065 3
4066 5
4067 2
4068 0
4069 2
4070 2
4071 7
4072 7
4073 7
4074 7
4075 7
4076 0
4077 3
4078 0
4079 2
4080 2
4081 5
4082 5
4083 7
4084 7
4085 7
4086 0
4087 3
4088 3
4089 7
4090 0
4091 3
4092 7
4093 3
4094 3
4095 7
4096 3
4097 7
4098 2
4099 3
4100 7
4101 5
4102 7
4103 3
4104 0
4105 0
4106 2
4107 2
4108 7
4109 2
4110 7
4111 0
4112 2
4113 0
4114 2
4115 3
4116 3
4117 7
4118 0
4119 7
4120 3
4121 7
4122 2
4123 7
4124 2
4125 0
4126 5
4127 2
4128 2
4129 7
4130 7
4131 3
4132 3
4133 0
4134 3
4135 0
4136 7
4137 7
4138 7
4139 3
4140 0
4141 7
4142 0
4143 7
4144 3
4145 3
4146 3
4147 3
4148 3
4149 3
4150 0
4151 7
4152 7
4153 0
4154 2
4155 3
4156 3
4157 3
4158 2
4159 2
4160 3
4161 2
4162 3
4163 2
4164 2
4165 3
4166 3
4167 3
4168 7
4169 0
4170 7
4171 2
4172 2
4173 0
4174 7
4175 3
4176 2
4177 7
4178 3
4179 7
4180 2
4181 5
4182 5
4183 0
4184 5
4185 2
4186 0
4187 7
4188 3
4189 7
4190 7
4191 2
4192 7
4193 0
4194 2
4195 7
4196 0
4197 0
4198 0
4199 0
4200 3
4201 3
4202 3
4203 3
4204 3
4205 3
4206 0
4207 3
4208 3
4209 3
4210 3
4211 0
4212 3
4213 3
4214 3
4215 3
4216 7
4217 3
4218 3
4219 3
4220 3
4221 3
4222 3
4223 3
4224 7
4225 3
4226 3
4227 3
4228 3
4229 2
4230 3
4231 2
4232 3
4233 3
4234 3
4235 3
4236 7
4237 3
4238 3
4239 3
4240 3
4241 3
4242 7
4243 0
4244 3
4245 3
4246 3
4247 3
4248 3
4249 3
4250 3
4251 5
4252 2
4253 3
4254 3
4255 2
4256 3
4257 3
4258 3
4259 3
4260 7
4261 7
4262 7
4263 3
4264 3
4265 3
4266 3
4267 2
4268 3
4269 2
4270 0
4271 7
4272 3
4273 3
4274 7
4275 3
4276 0
4277 3
4278 3
4279 3
4280 3
4281 3
4282 3
4283 3
4284 0
4285 3
4286 3
4287 3
4288 7
4289 0
4290 3
4291 7
4292 7
4293 3
4294 3
4295 3
4296 3
4297 7
4298 3
4299 3
4300 3
4301 3
4302 7
4303 3
4304 3
4305 5
4306 3
4307 3
4308 3
4309 3
4310 3
4311 3
4312 0
4313 3
4314 3
4315 3
4316 3
4317 3
4318 3
4319 3
4320 3
4321 3
4322 3
4323 0
4324 3
4325 2
4326 3
4327 3
4328 7
4329 3
4330 7
4331 3
4332 3
4333 3
4334 7
4335 7
4336 5
4337 3
4338 0
4339 7
4340 7
4341 7
4342 3
4343 2
4344 7
4345 7
4346 7
4347 5
4348 0
4349 7
4350 7
4351 7
4352 7
4353 7
4354 7
4355 7
4356 7
4357 7
4358 7
4359 7
4360 7
4361 7
4362 2
4363 7
4364 7
4365 0
4366 2
4367 0
4368 2
4369 0
4370 2
4371 0
4372 5
4373 7
4374 5
4375 5
4376 2
4377 5
4378 7
4379 7
4380 5
4381 2
4382 3
4383 7
4384 2
4385 7
4386 3
4387 0
4388 2
4389 2
4390 7
4391 7
4392 7
4393 7
4394 7
4395 7
4396 7
4397 3
4398 7
4399 7
4400 2
4401 7
4402 3
4403 7
4404 7
4405 3
4406 2
4407 7
4408 7
4409 3
4410 2
4411 7
4412 2
4413 7
4414 0
4415 3
4416 7
4417 3
4418 3
4419 7
4420 7
4421 7
4422 7
4423 7
4424 7
4425 7
4426 7
4427 7
4428 7
4429 5
4430 5
4431 0
4432 3
4433 0
4434 3
4435 3
4436 3
4437 7
4438 7
4439 2
4440 7
4441 3
4442 7
4443 2
4444 7
4445 7
4446 7
4447 3
4448 7
4449 2
4450 2
4451 7
4452 2
4453 7
4454 7
4455 7
4456 0
4457 7
4458 7
4459 7
4460 3
4461 7
4462 0
4463 7
4464 7
4465 7
4466 3
4467 7
4468 7
4469 3
4470 7
4471 3
4472 2
4473 7
4474 7
4475 7
4476 2
4477 3
4478 7
4479 2
4480 7
4481 7
4482 7
4483 7
4484 7
4485 0
4486 3
4487 7
4488 7
4489 3
4490 3
4491 3
4492 7
4493 5
4494 7
4495 7
4496 7
4497 7
4498 7
4499 7
4500 3
4501 5
4502 7
4503 7
4504 3
4505 0
4506 7
4507 7
4508 3
4509 7
4510 7
4511 0
4512 7
4513 7
4514 2
4515 7
4516 7
4517 2
4518 3
4519 3
4520 7
4521 5
4522 7
4523 5
4524 0
4525 7
4526 2
4527 5
4528 3
4529 2
4530 7
4531 7
4532 7
4533 3
4534 7
4535 7
4536 7
4537 2
4538 2
4539 2
4540 2
4541 7
4542 2
4543 2
4544 7
4545 2
4546 7
4547 7
4548 7
4549 7
4550 7
4551 2
4552 7
4553 5
4554 3
4555 7
4556 5
4557 7
4558 7
4559 3
4560 3
4561 2
4562 0
4563 7
4564 7
4565 7
4566 2
4567 7
4568 7
4569 0
4570 3
4571 7
4572 7
4573 3
4574 7
4575 2
4576 7
4577 3
4578 2
4579 2
4580 3
4581 3
4582 2
4583 2
4584 7
4585 7
4586 7
4587 3
4588 7
4589 7
4590 7
4591 2
4592 7
4593 7
4594 7
4595 0
4596 7
4597 7
4598 0
4599 7
4600 2
4601 7
4602 7
4603 2
4604 2
4605 7
4606 2
4607 2
4608 7
4609 7
4610 7
4611 3
4612 7
4613 2
4614 7
4615 7
4616 2
4617 2
4618 2
4619 2
4620 2
4621 2
4622 5
4623 0
4624 2
4625 2
4626 2
4627 7
4628 7
4629 7
4630 3
4631 7
4632 3
4633 7
4634 3
4635 7
4636 7
4637 7
4638 3
4639 7
4640 7
4641 7
4642 7
4643 5
4644 7
4645 7
4646 7
4647 2
4648 2
4649 7
4650 7
4651 7
4652 7
4653 3
4654 7
4655 7
4656 2
4657 7
4658 7
4659 7
4660 7
4661 7
4662 7
4663 2
4664 7
4665 7
4666 7
4667 7
4668 7
4669 7
4670 7
4671 7
4672 7
4673 7
4674 7
4675 7
4676 7
4677 7
4678 7
4679 5
4680 5
4681 7
4682 3
4683 3
4684 7
4685 7
4686 0
4687 7
4688 7
4689 0
4690 2
4691 3
4692 7
4693 3
4694 7
4695 7
4696 3
4697 2
4698 5
4699 2
4700 7
4701 7
4702 2
4703 0
4704 7
4705 7
4706 7
4707 7
4708 7
4709 7
4710 7
4711 7
4712 7
4713 2
4714 2
4715 7
4716 0
4717 7
4718 2
4719 0
4720 0
4721 0
4722 2
4723 3
4724 3
4725 3
4726 3
4727 3
4728 7
4729 2
4730 7
4731 7
4732 7
4733 0
4734 7
4735 3
4736 0
4737 2
4738 5
4739 0
4740 3
4741 3
4742 3
4743 3
4744 7
4745 0
4746 7
4747 7
4748 0
4749 7
4750 7
4751 0
4752 7
4753 3
4754 0
4755 7
4756 0
4757 7
4758 7
4759 5
4760 7
4761 0
4762 2
4763 7
4764 0
4765 7
4766 0
4767 7
4768 0
4769 0
4770 3
4771 0
4772 3
4773 3
4774 0
4775 0
4776 7
4777 3
4778 0
4779 0
4780 7
4781 0
4782 2
4783 0
4784 0
4785 0
4786 3
4787 3
4788 7
4789 3
4790 7
4791 7
4792 3
4793 3
4794 0
4795 3
4796 3
4797 3
4798 7
4799 0
4800 3
4801 7
4802 3
4803 3
4804 7
4805 7
4806 2
4807 3
4808 3
4809 5
4810 7
4811 7
4812 7
4813 7
4814 7
4815 2
4816 3
4817 7
4818 3
4819 7
4820 7
4821 7
4822 7
4823 7
4824 7
4825 3
4826 7
4827 7
4828 7
4829 7
4830 7
4831 7
4832 7
4833 0
4834 2
4835 0
4836 7
4837 3
4838 7
4839 7
4840 7
4841 7
4842 3
4843 7
4844 3
4845 0
4846 3
4847 3
4848 3
4849 7
4850 3
4851 0
4852 7
4853 3
4854 3
4855 3
4856 3
4857 3
4858 3
4859 7
4860 7
4861 0
4862 3
4863 3
4864 2
4865 0
4866 2
4867 2
4868 7
4869 3
4870 3
4871 0
4872 0
4873 3
4874 3
4875 5
4876 2
4877 5
4878 0
4879 3
4880 3
4881 0
4882 7
4883 3
4884 0
4885 7
4886 3
4887 3
4888 3
4889 3
4890 0
4891 0
4892 0
4893 3
4894 2
4895 3
4896 3
4897 3
4898 7
4899 0
4900 7
4901 3
4902 3
4903 7
4904 7
4905 3
4906 3
4907 3
4908 3
4909 3
4910 3
4911 3
4912 0
4913 3
4914 3
4915 3
4916 3
4917 3
4918 0
4919 3
4920 3
4921 3
4922 7
4923 2
4924 3
4925 7
4926 7
4927 3
4928 3
4929 0
4930 7
4931 3
4932 3
4933 3
4934 3
4935 3
4936 3
4937 3
4938 3
4939 3
4940 3
4941 3
4942 3
4943 2
4944 0
4945 0
4946 3
4947 0
4948 7
4949 0
4950 3
4951 3
4952 3
4953 3
4954 3
4955 0
4956 0
4957 3
4958 0
4959 7
4960 7
4961 0
4962 7
4963 5
4964 5
4965 7
4966 7
4967 3
4968 3
4969 0
4970 3
4971 3
4972 0
4973 7
4974 2
4975 0
4976 3
4977 0
4978 3
4979 2
4980 7
4981 2
4982 2
4983 2
4984 3
4985 0
4986 3
4987 0
4988 0
4989 0
4990 7
4991 2
4992 7
4993 7
4994 3
4995 0
4996 2
4997 2
4998 3
4999 0
5000 3
5001 2
5002 2
5003 2
5004 2
5005 7
5006 7
5007 7
5008 3
5009 7
5010 3
5011 2
5012 3
5013 2
5014 2
5015 7
5016 2
5017 7
5018 7
5019 7
5020 3
5021 7
5022 0
5023 0
5024 7
5025 3
5026 2
5027 7
5028 7
5029 2
5030 3
5031 7
5032 5
5033 2
5034 6
5035 3
5036 7
5037 2
5038 2
5039 3
5040 7
5041 3
5042 2
5043 3
5044 0
5045 2
5046 3
5047 7
5048 3
5049 3
5050 7
5051 7
5052 7
5053 6
5054 2
5055 2
5056 3
5057 7
5058 2
5059 3
5060 7
5061 7
5062 7
5063 7
5064 7
5065 7
5066 7
5067 3
5068 0
5069 3
5070 2
5071 2
5072 7
5073 2
5074 7
5075 2
5076 2
5077 2
5078 7
5079 3
5080 3
5081 7
5082 7
5083 5
5084 3
5085 3
5086 2
5087 2
5088 7
5089 2
5090 2
5091 2
5092 2
5093 7
5094 2
5095 2
5096 7
5097 2
5098 2
5099 2
5100 2
5101 3
5102 7
5103 2
5104 3
5105 7
5106 3
5107 3
5108 7
5109 7
5110 2
5111 3
5112 3
5113 2
5114 7
5115 3
5116 7
5117 7
5118 3
5119 3
5120 2
5121 7
5122 2
5123 7
5124 3
5125 2
5126 7
5127 0
5128 7
5129 7
5130 2
5131 2
5132 7
5133 2
5134 2
5135 0
5136 7
5137 3
5138 0
5139 2
5140 2
5141 3
5142 7
5143 2
5144 2
5145 3
5146 3
5147 7
5148 7
5149 5
5150 2
5151 7
5152 2
5153 3
5154 7
5155 3
5156 7
5157 7
5158 7
5159 7
5160 7
5161 2
5162 7
5163 0
5164 0
5165 0
5166 3
5167 2
5168 2
5169 2
5170 5
5171 7
5172 7
5173 7
5174 2
5175 2
5176 7
5177 3
5178 3
5179 3
5180 0
5181 7
5182 0
5183 7
5184 3
5185 7
5186 3
5187 0
5188 2
5189 3
5190 7
5191 5
5192 2
5193 5
5194 7
5195 0
5196 2
5197 2
5198 2
5199 3
5200 2
5201 2
5202 0
5203 0
5204 3
5205 0
5206 2
5207 3
5208 0
5209 0
5210 2
5211 7
5212 7
5213 2
5214 7
5215 2
5216 3
5217 7
5218 7
5219 5
5220 0
5221 3
5222 7
5223 5
5224 3
5225 7
5226 7
5227 0
5228 7
5229 3
5230 7
5231 7
5232 7
5233 3
5234 7
5235 0
5236 7
5237 3
5238 3
5239 5
5240 7
5241 3
5242 0
5243 2
5244 0
5245 2
5246 0
5247 0
5248 3
5249 3
5250 2
5251 2
5252 2
5253 8
5254 7
5255 8
5256 8
5257 3
5258 8
5259 7
5260 0
5261 7
5262 7
5263 3
5264 3
5265 7
5266 2
5267 5
5268 5
5269 7
5270 7
5271 3
5272 0
5273 0
5274 9
5275 3
5276 3
5277 0
5278 4
5279 7
5280 9
5281 3
5282 5
5283 0
5284 9
5285 9
5286 9
5287 9
5288 7
5289 7
5290 7
5291 0
5292 5
5293 3
5294 0
5295 3
5296 7
5297 3
5298 7
5299 7
5300 2
5301 3
5302 3
5303 0
5304 7
5305 7
5306 3
5307 3
5308 7
5309 2
5310 3
5311 3
5312 7
5313 3
5314 0
5315 7
5316 2
5317 7
5318 7
5319 7
5320 0
5321 2
5322 7
5323 2
5324 7
5325 2
5326 2
5327 2
5328 7
5329 7
5330 0
5331 7
5332 3
5333 7
5334 2
5335 0
5336 3
5337 5
5338 0
5339 7
5340 7
5341 7
5342 2
5343 2
5344 7
5345 3
5346 0
5347 3
5348 7
5349 3
5350 3
5351 7
5352 3
5353 7
5354 3
5355 7
5356 2
5357 7
5358 0
5359 2
5360 7
5361 7
5362 7
5363 2
5364 7
5365 7
5366 7
5367 7
5368 7
5369 7
5370 7
5371 3
5372 7
5373 3
5374 3
5375 2
5376 7
5377 7
5378 7
5379 7
5380 2
5381 2
5382 7
5383 2
5384 7
5385 2
5386 0
5387 2
5388 7
5389 7
5390 7
5391 7
5392 7
5393 7
5394 7
5395 7
5396 0
5397 7
5398 7
5399 7
5400 2
5401 2
5402 0
5403 3
5404 0
5405 2
5406 7
5407 0
5408 7
5409 7
5410 7
5411 7
5412 3
5413 7
5414 2
5415 7
5416 3
5417 3
5418 7
5419 7
5420 3
5421 7
5422 5
5423 7
5424 7
5425 0
5426 7
5427 5
5428 7
5429 2
5430 7
5431 7
5432 3
5433 2
5434 7
5435 2
5436 7
5437 0
5438 0
5439 3
5440 7
5441 7
5442 7
5443 2
5444 7
5445 7
5446 7
5447 3
5448 3
5449 7
5450 7
5451 3
5452 2
5453 7
5454 3
5455 7
5456 3
5457 7
5458 3
5459 7
5460 3
5461 7
5462 2
5463 0
5464 0
5465 7
5466 2
5467 3
5468 3
5469 0
5470 0
5471 7
5472 2
5473 7
5474 7
5475 7
5476 7
5477 3
5478 7
5479 3
5480 7
5481 3
5482 3
5483 7
5484 7
5485 2
5486 2
5487 3
5488 3
5489 0
5490 2
5491 0
5492 0
5493 0
5494 2
5495 0
5496 7
5497 2
5498 2
5499 2
5500 2
5501 2
5502 2
5503 3
5504 3
5505 7
5506 2
5507 2
5508 3
5509 2
5510 2
5511 7
5512 2
5513 7
5514 2
5515 2
5516 2
5517 2
5518 2
5519 2
5520 2
5521 7
5522 7
5523 3
5524 7
5525 7
5526 3
5527 3
5528 7
5529 7
5530 3
5531 3
5532 3
5533 0
5534 2
5535 3
5536 0
5537 7
5538 2
5539 7
5540 7
5541 7
5542 7
5543 3
5544 7
5545 7
5546 3
5547 0
5548 3
5549 3
5550 0
5551 3
5552 3
5553 2
5554 5
5555 2
5556 0
5557 2
5558 2
5559 7
5560 7
5561 2
5562 7
5563 0
5564 7
5565 0
5566 3
5567 3
5568 3
5569 0
5570 3
5571 7
5572 0
5573 5
5574 3
5575 3
5576 3
5577 3
5578 3
5579 2
5580 7
5581 3
5582 7
5583 0
5584 7
5585 5
5586 2
5587 3
5588 3
5589 3
5590 3
5591 3
5592 3
5593 7
5594 2
5595 0
5596 7
5597 7
5598 3
5599 3
5600 7
5601 3
5602 3
5603 3
5604 3
5605 7
5606 3
5607 3
5608 3
5609 7
5610 7
5611 3
5612 7
5613 0
5614 7
5615 0
5616 0
5617 3
5618 3
5619 3
5620 0
5621 7
5622 0
5623 7
5624 3
5625 0
5626 0
5627 0
5628 3
5629 3
5630 7
5631 2
5632 7
5633 0
5634 7
5635 7
5636 0
5637 2
5638 3
5639 3
5640 3
5641 3
5642 3
5643 3
5644 7
5645 0
5646 3
5647 7
5648 0
5649 2
5650 2
5651 3
5652 2
5653 3
5654 2
5655 2
5656 2
5657 7
5658 0
5659 0
5660 7
5661 0
5662 3
5663 0
5664 3
5665 3
5666 3
5667 0
5668 2
5669 3
5670 0
5671 7
5672 3
5673 3
5674 3
5675 3
5676 3
5677 0
5678 3
5679 7
5680 2
5681 3
5682 0
5683 3
5684 7
5685 7
5686 2
5687 2
5688 2
5689 3
5690 3
5691 2
5692 0
5693 2
5694 2
5695 7
5696 0
5697 3
5698 7
5699 3
5700 0
5701 7
5702 2
5703 2
5704 2
5705 3
5706 0
5707 3
5708 0
5709 3
5710 0
5711 7
5712 7
5713 2
5714 0
5715 7
5716 3
5717 7
5718 3
5719 0
5720 7
5721 7
5722 3
5723 0
5724 7
5725 7
5726 2
5727 0
5728 3
5729 2
5730 0
5731 3
5732 0
5733 3
5734 3
5735 3
5736 0
5737 3
5738 7
5739 3
5740 3
5741 3
5742 3
5743 3
5744 0
5745 2
5746 2
5747 2
5748 3
5749 2
5750 7
5751 3
5752 3
5753 7
5754 7
5755 7
5756 3
5757 3
5758 0
5759 3
5760 0
5761 2
5762 3
5763 2
5764 3
5765 7
5766 3
5767 2
5768 0
5769 0
5770 2
5771 7
5772 7
5773 3
5774 3
5775 3
5776 3
5777 3
5778 3
5779 3
5780 3
5781 7
5782 3
5783 2
5784 2
5785 0
5786 3
5787 7
5788 0
5789 3
5790 3
5791 3
5792 3
5793 3
5794 7
5795 0
5796 5
5797 0
5798 3
5799 3
5800 2
5801 7
5802 7
5803 2
5804 3
5805 3
5806 3
5807 3
5808 3
5809 5
5810 7
5811 3
5812 3
5813 0
5814 3
5815 3
5816 3
5817 3
5818 0
5819 2
5820 7
5821 3
5822 0
5823 2
5824 3
5825 2
5826 3
5827 5
5828 7
5829 3
5830 3
5831 3
5832 7
5833 3
5834 3
5835 0
5836 7
5837 0
5838 3
5839 0
5840 7
5841 2
5842 7
5843 3
5844 3
5845 3
5846 7
5847 7
5848 0
5849 3
5850 3
5851 3
5852 3
5853 3
5854 7
5855 7
5856 7
5857 0
5858 3
5859 3
5860 3
5861 3
5862 2
5863 0
5864 7
5865 5
5866 7
5867 7
5868 3
5869 3
5870 3
5871 3
5872 3
5873 3
5874 7
5875 7
5876 3
5877 7
5878 7
5879 2
5880 3
5881 7
5882 7
5883 2
5884 0
5885 2
5886 3
5887 3
5888 7
5889 3
5890 3
5891 7
5892 3
5893 2
5894 7
5895 0
5896 7
5897 3
5898 7
5899 3
5900 2
5901 7
5902 7
5903 7
5904 2
5905 5
5906 7
5907 7
5908 7
5909 5
5910 7
5911 7
5912 3
5913 7
5914 3
5915 7
5916 3
5917 2
5918 7
5919 7
5920 7
5921 7
5922 7
5923 7
5924 7
5925 7
5926 7
5927 7
5928 7
5929 7
5930 7
5931 7
5932 7
5933 2
5934 7
5935 0
5936 7
5937 7
5938 3
5939 3
5940 7
5941 3
5942 7
5943 7
5944 2
5945 3
5946 7
5947 7
5948 7
5949 7
5950 2
5951 7
5952 0
5953 7
5954 3
5955 7
5956 3
5957 7
5958 7
5959 7
5960 7
5961 0
5962 2
5963 7
5964 7
5965 7
5966 7
5967 7
5968 7
5969 7
5970 2
5971 3
5972 2
5973 3
5974 7
5975 7
5976 7
5977 2
5978 2
5979 7
5980 5
5981 5
5982 0
5983 7
5984 2
5985 3
5986 3
5987 3
5988 3
5989 0
5990 3
5991 3
5992 3
5993 5
5994 0
5995 0
5996 3
5997 0
5998 0
5999 3
6000 0
6001 7
6002 0
6003 3
6004 7
6005 0
6006 2
6007 7
6008 0
6009 5
6010 2
6011 3
6012 3
6013 7
6014 3
6015 7
6016 7
6017 2
6018 2
6019 2
6020 2
6021 2
6022 2
6023 2
6024 7
6025 7
6026 7
6027 2
6028 3
6029 2
6030 2
6031 2
6032 2
6033 2
6034 2
6035 7
6036 3
6037 7
6038 7
6039 3
6040 7
6041 7
6042 2
6043 2
6044 2
6045 7
6046 0
6047 2
6048 2
6049 0
6050 0
6051 7
6052 2
6053 2
6054 2
6055 7
6056 2
6057 2
6058 2
6059 2
6060 2
6061 3
6062 2
6063 3
6064 3
6065 2
6066 0
6067 3
6068 3
6069 3
6070 3
6071 3
6072 3
6073 3
6074 3
6075 3
6076 3
6077 2
6078 7
6079 3
6080 2
6081 7
6082 7
6083 3
6084 7
6085 7
6086 0
6087 0
6088 3
6089 7
6090 7
6091 7
6092 2
6093 7
6094 7
6095 7
6096 7
6097 0
6098 3
6099 7
6100 5
6101 7
6102 2
6103 7
6104 0
6105 2
6106 3
6107 3
6108 3
6109 7
6110 3
6111 3
6112 3
6113 7
6114 5
6115 3
6116 3
6117 0
6118 7
6119 7
6120 7
6121 7
6122 2
6123 7
6124 3
6125 10
6126 3
6127 10
6128 3
6129 10
6130 10
6131 10
6132 0
6133 3
6134 7
6135 7
6136 3
6137 3
6138 7
6139 7
6140 5
6141 2
6142 3
6143 3
6144 3
6145 7
6146 7
6147 7
6148 7
6149 5
6150 5
6151 7
6152 7
6153 7
6154 3
6155 7
6156 0
6157 7
6158 2
6159 7
6160 7
6161 7
6162 7
6163 7
6164 7
6165 7
6166 7
6167 7
6168 7
6169 0
6170 3
6171 3
6172 3
6173 5
6174 3
6175 3
6176 3
6177 3
6178 2
6179 7
6180 7
6181 7
6182 7
6183 3
6184 3
6185 7
6186 3
6187 3
6188 3
6189 3
6190 3
6191 3
6192 3
6193 7
6194 2
6195 3
6196 7
6197 5
6198 5
6199 5
6200 7
6201 2
6202 3
6203 2
6204 3
6205 2
6206 2
6207 5
6208 2
6209 7
6210 2
6211 7
6212 7
6213 7
6214 7
6215 2
6216 0
6217 0
6218 7
6219 7
6220 7
6221 7
6222 7
6223 7
6224 7
6225 7
6226 0
6227 5
6228 2
6229 7
6230 3
6231 3
6232 2
6233 7
6234 2
6235 7
6236 5
6237 3
6238 3
6239 2
6240 3
6241 0
6242 2
6243 2
6244 7
6245 7
6246 3
6247 7
6248 2
6249 2
6250 7
6251 2
6252 7
6253 5
6254 7
6255 7
6256 3
6257 3
6258 0
6259 0
6260 7
6261 7
6262 3
6263 5
6264 2
6265 3
6266 3
6267 3
6268 3
6269 3
6270 3
6271 3
6272 0
6273 5
6274 12
6275 7
6276 3
6277 5
6278 0
6279 0
6280 3
6281 0
6282 3
6283 0
6284 0
6285 2
6286 0
6287 3
6288 0
6289 3
6290 5
6291 0
6292 3
6293 0
6294 3
6295 3
6296 3
6297 3
6298 3
6299 2
6300 3
6301 0
6302 2
6303 0
6304 2
6305 0
6306 0
6307 0
6308 0
6309 3
6310 7
6311 5
6312 3
6313 3
6314 2
6315 3
6316 2
6317 0
6318 2
6319 3
6320 3
6321 2
6322 3
6323 0
6324 0
6325 0
6326 7
6327 3
6328 3
6329 4
6330 0
6331 3
6332 7
6333 3
6334 3
6335 0
6336 5
6337 3
6338 0
6339 0
6340 3
6341 0
6342 3
6343 3
6344 3
6345 3
6346 0
6347 3
6348 2
6349 2
6350 3
6351 7
6352 3
6353 0
6354 3
6355 3
6356 0
6357 3
6358 2
6359 3
6360 0
6361 3
6362 3
6363 3
6364 0
6365 3
6366 3
6367 3
6368 3
6369 3
6370 3
6371 3
6372 7
6373 7
6374 0
6375 3
6376 3
6377 3
6378 3
6379 0
6380 7
6381 3
6382 0
6383 2
6384 3
6385 3
6386 2
6387 7
6388 7
6389 3
6390 0
6391 0
6392 3
6393 2
6394 3
6395 0
6396 7
6397 3
6398 0
6399 3
6400 0
6401 2
6402 3
6403 0
6404 3
6405 3
6406 3
6407 3
6408 3
6409 3
6410 0
6411 7
6412 7
6413 3
6414 3
6415 0
6416 3
6417 5
6418 3
6419 0
6420 3
6421 3
6422 2
6423 3
6424 0
6425 0
6426 0
6427 3
6428 3
6429 3
6430 7
6431 2
6432 3
6433 3
6434 7
6435 0
6436 3
6437 7
6438 0
6439 7
6440 2
6441 0
6442 5
6443 2
6444 3
6445 3
6446 0
6447 3
6448 3
6449 7
6450 3
6451 2
6452 0
6453 0
6454 2
6455 0
6456 7
6457 2
6458 2
6459 0
6460 5
6461 5
6462 0
6463 7
6464 7
6465 3
6466 7
6467 3
6468 0
6469 7
6470 7
6471 2
6472 2
6473 2
6474 3
6475 7
6476 7
6477 0
6478 3
6479 2
6480 5
6481 3
6482 2
6483 3
6484 0
6485 3
6486 3
6487 2
6488 3
6489 7
6490 0
6491 3
6492 3
6493 2
6494 2
6495 3
6496 2
6497 2
6498 5
6499 0
6500 3
6501 0
6502 3
6503 3
6504 2
6505 2
6506 7
6507 0
6508 0
6509 2
6510 0
6511 7
6512 7
6513 2
6514 2
6515 2
6516 2
6517 2
6518 2
6519 2
6520 7
6521 7
6522 7
6523 3
6524 7
6525 7
6526 7
6527 0
6528 2
6529 2
6530 3
6531 0
6532 0
6533 2
6534 2
6535 2
6536 2
6537 5
6538 7
6539 5
6540 7
6541 7
6542 7
6543 7
6544 7
6545 7
6546 7
6547 7
6548 7
6549 0
6550 7
6551 7
6552 7
6553 7
6554 7
6555 7
6556 7
6557 7
6558 7
6559 7
6560 7
6561 7
6562 7
6563 7
6564 2
6565 2
6566 5
6567 0
6568 0
6569 0
6570 2
6571 3
6572 5
6573 2
6574 2
6575 3
6576 0
6577 3
6578 0
6579 7
6580 3
6581 3
6582 3
6583 3
6584 3
6585 5
6586 7
6587 3
6588 7
6589 7
6590 5
6591 2
6592 7
6593 7
6594 3
6595 0
6596 7
6597 7
6598 7
6599 7
6600 7
6601 7
6602 7
6603 3
6604 7
6605 3
6606 7
6607 11
6608 11
6609 3
6610 0
6611 5
6612 7
6613 2
6614 7
6615 7
6616 7
6617 2
6618 7
6619 0
6620 2
6621 2
6622 5
6623 2
6624 2
6625 3
6626 3
6627 3
6628 3
6629 3
6630 3
6631 7
6632 2
6633 7
6634 0
6635 7
6636 3
6637 5
6638 2
6639 7
6640 2
6641 5
6642 3
6643 5
6644 2
6645 2
6646 0
6647 7
6648 7
6649 3
6650 7
6651 7
6652 7
6653 7
6654 7
6655 7
6656 2
6657 2
6658 2
6659 2
6660 2
6661 7
6662 2
6663 2
6664 0
6665 0
6666 2
6667 0
6668 2
6669 7
6670 7
6671 2
6672 2
6673 2
6674 2
6675 2
6676 3
6677 3
6678 3
6679 5
6680 7
6681 3
6682 3
6683 2
6684 2
6685 2
6686 3
6687 3
6688 7
6689 3
6690 3
6691 3
6692 3
6693 7
6694 3
6695 3
6696 7
6697 3
6698 0
6699 7
6700 7
6701 7
6702 2
6703 7
6704 3
6705 7
6706 7
6707 7
6708 7
6709 7
6710 2
6711 0
6712 2
6713 7
6714 7
6715 3
6716 3
6717 5
6718 3
6719 5
6720 2
6721 0
6722 0
6723 0
6724 0
6725 3
6726 5
6727 0
6728 7
6729 0
6730 7
6731 2
6732 2
6733 7
6734 0
6735 7
6736 7
6737 2
6738 0
6739 0
6740 2
6741 5
6742 7
6743 5
6744 0
6745 7
6746 3
6747 7
6748 2
6749 3
6750 5
6751 3
6752 2
6753 2
6754 0
6755 2
6756 7
6757 0
6758 7
6759 2
6760 2
6761 2
6762 2
6763 0
6764 2
6765 7
6766 3
6767 0
6768 0
6769 0
6770 0
6771 2
6772 2
6773 0
6774 5
6775 0
6776 0
6777 0
6778 3
6779 3
6780 7
6781 7
6782 7
6783 7
6784 7
6785 7
6786 7
6787 7
6788 7
6789 3
6790 2
6791 7
6792 3
6793 3
6794 5
6795 5
6796 5
6797 5
6798 5
6799 5
6800 5
6801 0
6802 5
6803 5
6804 0
6805 5
6806 2
6807 3
6808 3
6809 3
6810 3
6811 3
6812 3
6813 3
6814 2
6815 2
6816 7
6817 7
6818 7
6819 7
6820 0
6821 7
6822 3
6823 2
6824 3
6825 0
6826 2
6827 2
6828 5
6829 0
6830 2
6831 2
6832 2
6833 2
6834 2
6835 3
6836 3
6837 2
6838 7
6839 2
6840 0
6841 2
6842 3
6843 3
6844 3
6845 3
6846 3
6847 3
6848 3
6849 3
6850 3
6851 5
6852 7
6853 7
6854 0
6855 7
6856 5
6857 4
6858 4
6859 4
6860 4
6861 2
6862 7
6863 7
6864 7
6865 7
6866 7
6867 7
6868 2
6869 2
6870 2
6871 2
6872 3
6873 3
6874 5
6875 2
6876 7
6877 7
6878 2
6879 2
6880 2
6881 3
6882 2
6883 2
6884 7
6885 2
6886 3
6887 2
6888 2
6889 2
6890 2
6891 2
6892 7
6893 2
6894 2
6895 3
6896 3
6897 7
6898 7
6899 2
6900 3
6901 2
6902 2
6903 7
6904 7
6905 7
6906 7
6907 7
6908 7
6909 7
6910 7
6911 7
6912 7
6913 7
6914 7
6915 7
6916 7
6917 7
6918 7
6919 7
6920 7
6921 7
6922 7
6923 7
6924 7
6925 7
6926 7
6927 7
6928 7
6929 7
6930 7
6931 7
6932 7
6933 7
6934 7
6935 7
6936 7
6937 7
6938 2
6939 7
6940 7
6941 7
6942 7
6943 7
6944 7
6945 7
6946 7
6947 7
6948 7
6949 7
6950 7
6951 7
6952 7
6953 7
6954 7
6955 5
6956 7
6957 7
6958 7
6959 7
6960 7
6961 7
6962 7
6963 7
6964 7
6965 7
6966 7
6967 7
6968 7
6969 7
6970 7
6971 7
6972 7
6973 7
6974 7
6975 7
6976 7
6977 7
6978 7
6979 7
6980 7
6981 7
6982 7
6983 7
6984 7
6985 7
6986 3
6987 3
6988 0
6989 3
6990 3
6991 3
6992 5
6993 5
6994 5
6995 0
6996 2
6997 2
6998 2
6999 2
7000 2
7001 2
7002 2
7003 2
7004 5
7005 2
7006 2
7007 5
7008 2
7009 5
7010 5
7011 5
7012 5
7013 5
7014 7
7015 5
7016 5
7017 5
7018 5
7019 5
7020 7
7021 7
7022 5
7023 2
7024 7
7025 7
7026 7
7027 2
7028 2
7029 7
7030 7
7031 7
7032 7
7033 7
7034 7
7035 7
7036 7
7037 7
7038 2
7039 7
7040 0
7041 0
7042 7
7043 0
7044 7
7045 7
7046 0
7047 0
7048 0
7049 0
7050 7
7051 7
7052 7
7053 7
7054 7
7055 0
7056 0
7057 0
7058 0
7059 2
7060 7
7061 0
7062 5
7063 5
7064 5
7065 3
7066 3
7067 0
7068 3
7069 3
7070 7
7071 7
7072 7
7073 5
7074 2
7075 5
7076 3
7077 3
7078 5
7079 5
7080 2
7081 2
7082 2
7083 2
7084 2
7085 0
7086 7
7087 2
7088 2
7089 7
7090 7
7091 7
7092 7
7093 7
7094 7
7095 2
7096 5
7097 5
7098 5
7099 7
7100 7
7101 7
7102 7
7103 7
7104 3
7105 0
7106 7
7107 0
7108 7
7109 7
7110 7
7111 0
7112 0
7113 7
7114 0
7115 3
7116 3
7117 2
7118 2
7119 2
7120 2
7121 2
7122 2
7123 3
7124 7
7125 7
7126 2
7127 3
7128 3
7129 3
7130 3
7131 3
7132 2
7133 2
7134 2
7135 7
7136 7
7137 7
7138 7
7139 7
7140 7
7141 5
7142 3
7143 5
7144 3
7145 3
7146 7
7147 2
7148 2
7149 0
7150 3
7151 3
7152 3
7153 0
7154 5
7155 2
7156 0
7157 7
7158 7
7159 7
7160 12
7161 12
7162 12
7163 12
7164 12
7165 12
7166 12
7167 0
7168 0
7169 5
7170 3
7171 2
7172 2
7173 3
7174 7
7175 2
7176 0
7177 0
7178 0
7179 0
7180 0
7181 0
7182 0
7183 0
7184 0
7185 0
7186 5
7187 0
7188 0
7189 0
7190 0
7191 5
7192 7
7193 2
7194 3
7195 2
7196 2
7197 2
7198 7
7199 7
7200 7
7201 7
7202 0
7203 3
7204 5
7205 5
7206 5
7207 2
7208 2
7209 3
7210 3
7211 3
7212 7
7213 2
7214 0
7215 2
7216 7
7217 7
7218 7
7219 7
7220 7
7221 7
7222 7
7223 2
7224 2
7225 2
7226 2
7227 3
7228 3
7229 2
7230 2
7231 2
7232 2
7233 2
7234 2
7235 2
7236 2
7237 7
7238 7
7239 1
7240 1
7241 1
7242 3
7243 5
7244 2
7245 7
7246 7
7247 7
7248 7
7249 7
7250 2
7251 2
7252 7
7253 7
7254 0
7255 7
7256 7
7257 7
7258 7
7259 7
7260 7
7261 0
7262 0
7263 5
7264 5
7265 5
7266 5
7267 5
7268 5
0 3
1 0
2 0
3 5
4 2
5 4
6 1
7 2
8 2
9 2
10 0
11 3
12 5
0 0
1 1
2 2
3 3
4 4
5 5
1e-06 0.12226 141
