0 2
1 3
2 1
3 2
4 1
5 2
6 0
7 0
8 3
9 0
10 3
11 2
12 1
13 0
14 2
15 2
16 1
17 2
18 1
19 1
20 2
21 2
22 0
23 0
24 2
25 3
26 3
27 0
28 1
29 1
30 0
31 3
32 1
33 2
34 0
35 0
36 1
37 3
38 0
39 3
40 3
41 2
42 1
43 3
44 1
45 3
46 2
47 2
48 0
49 0
50 2
51 0
52 3
53 1
54 3
55 1
56 0
57 3
58 0
59 0
60 0
61 1
62 2
63 0
64 2
65 0
66 0
67 0
68 0
69 1
70 3
71 2
72 0
73 1
74 3
75 2
76 1
77 2
78 2
79 2
80 2
81 2
82 3
83 1
84 2
85 3
86 1
87 2
88 1
89 0
90 2
91 0
92 0
93 2
94 3
95 0
96 3
97 1
98 3
99 3
100 2
101 3
102 0
103 2
104 0
105 3
106 0
107 3
108 2
109 2
110 0
111 2
112 2
113 3
114 0
115 3
116 2
117 3
118 3
119 0
120 2
121 1
122 2
123 1
124 2
125 2
126 2
127 2
128 3
129 0
130 2
131 0
132 2
133 3
134 3
135 1
136 2
137 2
138 2
139 0
140 0
141 2
142 3
143 2
144 2
145 3
146 3
147 1
148 1
149 3
150 2
151 2
152 3
153 2
154 0
155 2
156 0
157 2
158 1
159 1
160 0
161 0
162 1
163 1
164 2
165 2
166 0
167 0
168 0
169 2
170 1
171 0
172 2
173 0
174 2
175 1
176 1
177 1
178 2
179 2
180 3
181 0
182 3
183 1
184 0
185 0
186 0
187 3
188 0
189 3
190 3
191 2
192 0
193 1
194 2
195 3
196 3
197 2
198 2
199 3
200 0
201 3
202 2
203 0
204 0
205 0
206 3
207 1
208 3
209 0
210 2
211 2
212 2
213 2
214 0
215 1
216 1
217 1
218 0
219 2
220 2
221 0
222 0
223 3
224 3
225 3
226 2
227 1
228 0
229 0
230 2
231 3
232 0
233 1
234 0
235 2
236 2
237 3
238 0
239 3
240 3
241 2
242 2
243 2
244 3
245 3
246 2
247 3
248 0
249 0
250 0
251 1
252 0
253 0
254 0
255 2
256 0
257 0
258 1
259 0
260 0
261 3
262 1
263 2
264 3
265 0
266 0
267 1
268 3
269 3
270 0
271 2
272 1
273 1
274 2
275 1
276 2
277 2
278 2
279 3
280 0
281 3
282 1
283 2
284 1
285 3
286 3
287 2
288 3
289 1
290 2
291 2
292 3
293 2
294 2
295 3
296 3
297 1
298 3
299 2
300 1
301 0
302 2
303 2
304 2
305 1
306 2
307 3
308 3
309 1
310 0
311 1
312 3
313 3
314 1
315 2
316 0
317 3
318 3
319 2
320 3
321 2
322 3
323 2
324 3
325 1
326 0
327 2
328 2
329 2
330 1
331 2
332 2
333 0
334 3
335 2
336 1
337 0
338 0
339 2
340 2
341 2
342 0
343 1
344 2
345 0
346 1
347 2
348 2
349 3
350 2
351 3
352 2
353 1
354 1
355 1
356 2
357 2
358 1
359 3
360 2
361 3
362 2
363 3
364 0
365 0
366 2
367 2
368 3
369 3
370 3
371 3
372 3
373 1
374 3
375 2
376 2
377 0
378 0
379 1
380 1
381 0
382 3
383 3
384 1
385 3
386 0
387 3
388 3
389 3
390 2
391 0
392 2
393 3
394 2
395 2
396 2
397 2
398 3
399 3
400 2
401 2
402 1
403 0
404 0
405 3
406 1
407 1
408 0
409 2
410 2
411 0
412 1
413 0
414 3
415 2
416 1
417 0
418 2
419 2
420 3
421 3
422 1
423 2
424 3
425 0
426 3
427 0
428 2
429 2
430 2
431 2
432 3
433 0
434 3
435 2
436 0
437 2
438 3
439 2
440 3
441 0
442 2
443 0
444 3
445 3
446 2
447 1
448 1
449 0
450 2
451 0
452 0
453 1
454 1
455 0
456 1
457 1
458 3
459 2
460 1
461 3
462 2
463 3
464 2
465 2
466 3
467 2
468 0
469 2
470 0
471 1
472 1
473 2
474 3
475 2
476 2
477 0
478 3
479 0
480 1
481 0
482 2
483 2
484 3
485 3
486 3
487 3
488 0
489 2
490 3
491 2
492 2
493 2
494 3
495 0
496 2
497 2
498 0
499 0
500 1
501 2
502 2
503 3
504 1
505 0
506 2
507 2
508 2
509 2
510 0
511 2
512 2
513 3
514 1
515 1
516 0
517 3
518 2
519 0
520 0
521 3
522 3
523 3
524 3
525 3
526 2
527 0
528 2
529 2
530 0
531 2
532 1
533 0
534 3
535 3
536 0
537 2
538 1
539 1
540 3
541 2
542 2
543 2
544 3
545 0
546 3
547 1
548 1
549 0
550 3
551 3
552 2
553 1
554 2
555 0
556 2
557 1
558 2
559 2
560 3
561 2
562 3
563 0
564 2
565 0
566 0
567 2
568 3
569 2
570 0
571 1
572 3
573 3
574 0
575 0
576 0
577 0
578 0
579 3
580 2
581 2
582 2
583 0
584 0
585 0
586 0
587 2
588 2
589 0
590 0
591 3
592 0
593 0
594 0
595 0
596 0
597 2
598 1
599 0
600 0
601 1
602 0
603 0
604 0
605 3
606 1
607 0
608 1
609 0
610 1
611 0
612 0
613 0
614 0
615 0
616 0
617 0
618 0
619 0
620 0
621 0
622 0
623 0
624 0
625 0
626 0
627 0
628 0
629 0
630 0
631 0
632 0
633 0
634 0
635 0
636 0
637 1
638 0
639 0
640 2
641 0
642 0
643 0
644 0
645 0
646 0
647 0
648 0
649 0
650 0
651 0
652 0
653 3
654 1
655 1
656 1
657 1
658 1
659 1
660 1
661 1
662 3
663 2
664 3
665 0
666 2
667 3
668 2
669 1
670 0
671 0
672 1
673 2
674 2
675 2
676 1
677 1
678 3
679 0
680 0
681 2
682 0
683 2
684 3
685 2
686 2
687 1
688 2
689 3
690 3
691 0
692 3
693 1
694 0
695 2
696 2
697 3
698 2
699 3
700 0
701 0
702 2
703 1
704 2
705 2
706 3
707 1
708 2
709 2
710 1
711 3
712 3
713 3
714 0
715 3
716 2
717 3
718 0
719 1
720 1
721 2
722 2
723 2
724 2
725 3
726 3
727 2
728 2
729 3
730 2
731 3
732 0
733 0
734 1
735 2
736 2
737 1
738 3
739 3
740 2
741 3
742 0
743 1
744 3
745 1
746 3
747 3
748 3
749 0
750 0
751 3
752 2
753 3
754 2
755 3
756 1
757 0
758 2
759 1
760 2
761 3
762 2
763 2
764 3
765 3
766 2
767 3
768 2
769 0
770 2
771 1
772 1
773 2
774 2
775 0
776 2
777 1
778 2
779 0
780 1
781 2
782 1
783 1
784 0
785 3
786 2
787 2
788 2
789 1
790 1
791 0
792 2
793 3
794 2
795 1
796 2
797 1
798 2
799 3
800 2
801 2
802 1
803 0
804 3
805 1
806 2
807 0
808 1
809 2
810 0
811 2
812 2
813 2
814 2
815 2
816 1
817 0
818 2
819 0
820 2
821 3
822 1
823 1
824 2
825 1
826 1
827 1
828 1
829 1
830 2
831 1
832 2
833 3
834 0
835 1
836 1
837 2
838 0
839 2
840 1
841 0
842 2
843 3
844 2
845 2
846 2
847 1
848 3
849 0
850 1
851 1
852 2
853 2
854 1
855 1
856 0
857 0
858 3
859 2
860 2
861 0
862 0
863 1
864 0
865 1
866 0
867 1
868 0
869 2
870 2
871 0
872 2
873 2
874 2
875 2
876 0
877 2
878 2
879 1
880 0
881 1
882 2
883 2
884 1
885 0
886 1
887 2
888 0
889 2
890 3
891 1
892 0
893 2
894 3
895 3
896 0
897 2
898 0
899 3
900 0
901 0
902 3
903 3
904 2
905 2
906 2
907 2
908 2
909 2
910 1
911 2
912 0
913 2
914 1
915 0
916 1
917 2
918 2
919 0
920 1
921 1
922 0
923 1
924 0
925 2
926 3
927 3
928 3
929 2
930 2
931 3
932 3
933 0
934 0
935 0
936 0
937 2
938 0
939 0
940 2
941 1
942 3
943 2
944 2
945 1
946 1
947 0
948 1
949 3
950 2
951 0
952 3
953 1
954 2
955 1
956 1
957 2
958 2
959 1
960 2
961 1
962 1
963 1
964 3
965 1
966 3
967 3
968 3
969 3
970 1
971 3
972 3
973 3
974 2
975 2
976 2
977 2
978 0
979 2
980 2
981 0
982 3
983 2
984 2
985 1
986 2
987 3
988 1
989 2
990 3
991 3
992 2
993 2
994 3
995 2
996 3
997 2
998 2
999 0
1000 2
1001 0
1002 0
1003 0
1004 3
1005 2
1006 2
1007 2
1008 2
1009 2
1010 2
1011 0
1012 3
1013 3
1014 0
1015 1
1016 3
1017 2
1018 3
1019 0
1020 2
1021 2
1022 0
1023 2
1024 3
1025 3
1026 1
1027 3
1028 3
1029 1
1030 2
1031 2
1032 3
1033 2
1034 2
1035 1
1036 3
1037 3
1038 3
1039 3
1040 0
1041 2
1042 1
1043 3
1044 3
1045 3
1046 3
1047 2
1048 2
1049 2
1050 0
1051 2
1052 0
1053 2
1054 2
1055 2
1056 2
1057 2
1058 2
1059 0
1060 3
1061 3
1062 3
1063 2
1064 1
1065 0
1066 2
1067 2
1068 2
1069 1
1070 1
1071 0
1072 3
1073 0
1074 1
1075 0
1076 0
1077 2
1078 2
1079 3
1080 0
1081 0
1082 0
1083 0
1084 0
1085 2
1086 0
1087 1
1088 1
1089 1
1090 3
1091 2
1092 1
1093 0
1094 1
1095 1
1096 1
1097 3
1098 2
1099 2
1100 0
1101 1
1102 1
1103 0
1104 2
1105 2
1106 1
1107 2
1108 2
1109 3
1110 0
1111 2
1112 1
1113 0
1114 2
1115 2
1116 2
1117 3
1118 2
1119 3
1120 1
1121 1
1122 1
1123 2
1124 2
1125 0
1126 2
1127 1
1128 0
1129 2
1130 0
1131 3
1132 1
1133 2
1134 0
1135 2
1136 0
1137 3
1138 0
1139 0
1140 0
1141 2
1142 3
1143 1
1144 0
1145 0
1146 2
1147 3
1148 1
1149 0
1150 0
1151 3
1152 0
1153 3
1154 2
1155 1
1156 0
1157 2
1158 1
1159 2
1160 2
1161 2
1162 0
1163 3
1164 2
1165 1
1166 2
1167 2
1168 2
1169 3
1170 2
1171 2
1172 1
1173 0
1174 3
1175 1
1176 2
1177 3
1178 0
1179 0
1180 1
1181 2
1182 2
1183 0
1184 0
1185 2
1186 2
1187 3
1188 1
1189 3
1190 0
1191 0
1192 0
1193 2
1194 3
1195 3
1196 1
1197 2
1198 1
1199 1
1200 3
1201 3
1202 0
1203 3
1204 3
1205 0
1206 2
1207 1
1208 2
1209 1
1210 0
1211 1
1212 2
1213 0
1214 0
1215 2
1216 0
1217 0
1218 3
1219 2
1220 0
1221 3
1222 0
1223 2
1224 3
1225 1
1226 1
1227 3
1228 1
1229 0
1230 0
1231 0
1232 3
1233 2
1234 1
1235 0
1236 1
1237 2
1238 2
1239 1
1240 3
1241 2
1242 2
1243 0
1244 3
1245 3
1246 3
1247 0
1248 0
1249 0
1250 0
1251 3
1252 0
1253 1
1254 2
1255 3
1256 0
1257 1
1258 3
1259 1
1260 3
1261 0
1262 0
1263 3
1264 0
1265 2
1266 0
1267 1
1268 1
1269 1
1270 0
1271 0
1272 2
1273 3
1274 2
1275 3
1276 0
1277 1
1278 3
1279 0
1280 3
1281 0
1282 0
1283 0
1284 0
1285 1
1286 2
1287 0
1288 2
1289 2
1290 0
1291 0
1292 0
1293 0
1294 2
1295 1
1296 1
1297 3
1298 2
1299 0
1300 3
1301 0
1302 2
1303 2
1304 1
1305 2
1306 0
1307 3
1308 0
1309 3
1310 0
1311 2
1312 1
1313 2
1314 1
1315 0
1316 3
1317 1
1318 0
1319 1
1320 3
1321 2
1322 2
1323 0
1324 0
1325 2
1326 0
1327 3
1328 3
1329 0
1330 3
1331 2
1332 1
1333 2
1334 2
1335 2
1336 0
1337 1
1338 3
1339 2
1340 3
1341 0
1342 2
1343 0
1344 1
1345 3
1346 1
1347 0
1348 3
1349 3
1350 3
1351 0
1352 1
1353 1
1354 1
1355 2
1356 3
1357 3
1358 0
1359 0
1360 3
1361 0
1362 2
1363 2
1364 2
1365 3
1366 3
1367 2
1368 0
1369 1
1370 2
1371 1
1372 0
1373 3
1374 0
1375 0
1376 1
1377 2
1378 0
1379 3
1380 3
1381 0
1382 1
1383 0
1384 2
1385 2
1386 2
1387 2
1388 2
1389 0
1390 0
1391 3
1392 0
1393 2
1394 1
1395 0
1396 0
1397 1
1398 1
1399 0
1400 3
1401 1
1402 0
1403 2
1404 0
1405 0
1406 0
1407 3
1408 2
1409 2
1410 1
1411 1
1412 1
1413 0
1414 1
1415 0
1416 1
1417 1
1418 0
1419 1
1420 0
1421 3
1422 0
1423 2
1424 0
1425 0
1426 2
1427 2
1428 0
1429 3
1430 3
1431 0
1432 0
1433 2
1434 3
1435 2
1436 0
1437 0
1438 1
1439 3
1440 0
1441 0
1442 0
1443 0
1444 3
1445 0
1446 0
1447 0
1448 0
1449 0
1450 0
1451 0
1452 0
1453 0
1454 0
1455 0
1456 0
1457 0
1458 0
1459 0
1460 0
1461 0
1462 2
1463 1
1464 2
1465 2
1466 1
1467 0
1468 2
1469 2
1470 3
1471 1
1472 0
1473 1
1474 2
1475 0
1476 2
1477 3
1478 3
1479 0
1480 1
1481 2
1482 1
1483 0
1484 2
1485 2
1486 0
1487 0
1488 2
1489 0
1490 1
1491 2
1492 0
1493 2
1494 2
1495 0
1496 0
1497 1
1498 3
1499 0
1500 3
1501 3
1502 1
1503 1
1504 3
1505 2
1506 3
1507 0
1508 3
1509 2
1510 2
1511 2
1512 1
1513 1
1514 3
1515 0
1516 3
1517 2
1518 0
1519 1
1520 2
1521 1
1522 1
1523 2
1524 1
1525 1
1526 1
1527 1
1528 0
1529 2
1530 0
1531 0
1532 1
1533 1
1534 3
1535 2
1536 2
1537 2
1538 0
1539 1
1540 1
1541 0
1542 1
1543 3
1544 2
1545 1
1546 3
1547 2
1548 1
1549 1
1550 2
1551 1
1552 3
1553 1
1554 2
1555 1
1556 0
1557 3
1558 2
1559 1
1560 1
1561 0
1562 3
1563 3
1564 0
1565 0
1566 2
1567 0
1568 3
1569 2
1570 1
1571 3
1572 2
1573 2
1574 3
1575 3
1576 3
1577 2
1578 3
1579 2
1580 0
1581 3
1582 1
1583 1
1584 3
1585 2
1586 2
1587 2
1588 2
1589 3
1590 3
1591 3
1592 0
1593 0
1594 0
1595 1
1596 3
1597 0
1598 2
1599 3
1600 2
1601 1
1602 2
1603 1
1604 2
1605 3
1606 2
1607 2
1608 1
1609 3
1610 2
1611 2
1612 1
1613 2
1614 2
1615 0
1616 0
1617 1
1618 1
1619 0
1620 1
1621 2
1622 0
1623 3
1624 3
1625 0
1626 3
1627 2
1628 2
1629 3
1630 2
1631 0
1632 3
1633 0
1634 3
1635 3
1636 0
1637 2
1638 2
1639 0
1640 2
1641 0
1642 2
1643 2
1644 2
1645 3
1646 2
1647 2
1648 0
1649 2
1650 0
1651 0
1652 3
1653 2
1654 1
1655 2
1656 2
1657 3
1658 1
1659 1
1660 3
1661 1
1662 1
1663 2
1664 2
1665 3
1666 2
1667 3
1668 2
1669 1
1670 0
1671 3
1672 0
1673 0
1674 2
1675 0
1676 2
1677 0
1678 2
1679 2
1680 1
1681 0
1682 2
1683 3
1684 3
1685 2
1686 2
1687 0
1688 0
1689 3
1690 0
1691 2
1692 1
1693 2
1694 0
1695 2
1696 0
1697 2
1698 0
1699 2
1700 0
1701 2
1702 2
1703 3
1704 3
1705 1
1706 0
1707 0
1708 2
1709 2
1710 0
1711 2
1712 1
1713 0
1714 2
1715 0
1716 1
1717 2
1718 2
1719 2
1720 0
1721 0
1722 0
1723 1
1724 0
1725 0
1726 2
1727 2
1728 2
1729 2
1730 2
1731 2
1732 3
1733 0
1734 3
1735 0
1736 1
1737 0
1738 2
1739 0
1740 0
1741 2
1742 0
1743 0
1744 1
1745 3
1746 2
1747 3
1748 2
1749 1
1750 0
1751 3
1752 0
1753 0
1754 3
1755 1
1756 1
1757 3
1758 1
1759 0
1760 0
1761 2
1762 0
1763 3
1764 0
1765 3
1766 2
1767 0
1768 2
1769 3
1770 2
1771 0
1772 3
1773 0
1774 0
1775 3
1776 3
1777 2
1778 0
1779 3
1780 1
1781 0
1782 3
1783 1
1784 1
1785 0
1786 2
1787 2
1788 2
1789 1
1790 0
1791 2
1792 3
1793 2
1794 1
1795 1
1796 3
1797 0
1798 1
1799 1
1800 0
1801 2
1802 2
1803 0
1804 0
1805 0
1806 2
1807 2
1808 2
1809 1
1810 2
1811 0
1812 0
1813 0
1814 2
1815 3
1816 2
1817 1
1818 1
1819 3
1820 3
1821 0
1822 0
1823 2
1824 2
1825 3
1826 1
1827 0
1828 1
1829 0
1830 0
1831 3
1832 3
1833 1
1834 3
1835 0
1836 3
1837 0
1838 2
1839 3
1840 2
1841 0
1842 1
1843 0
1844 3
1845 1
1846 2
1847 2
1848 1
1849 3
1850 1
1851 2
1852 2
1853 1
1854 3
1855 3
1856 3
1857 2
1858 0
1859 3
1860 0
1861 2
1862 3
1863 3
1864 3
1865 1
1866 3
1867 2
1868 3
1869 2
1870 2
1871 0
1872 2
1873 2
1874 2
1875 2
1876 0
1877 2
1878 2
1879 3
1880 3
1881 2
1882 2
1883 2
1884 3
1885 0
1886 0
1887 2
1888 1
1889 3
1890 2
1891 0
1892 0
1893 2
1894 3
1895 1
1896 1
1897 1
1898 0
1899 1
1900 0
1901 1
1902 3
1903 0
1904 3
1905 0
1906 0
1907 0
1908 3
1909 1
1910 3
1911 3
1912 0
1913 0
1914 1
1915 2
1916 2
1917 0
1918 3
1919 3
1920 2
1921 1
1922 3
1923 3
1924 0
1925 0
1926 1
1927 2
1928 0
1929 0
1930 2
1931 2
1932 2
1933 2
1934 3
1935 0
1936 3
1937 0
1938 1
1939 0
1940 2
1941 2
1942 2
1943 1
1944 0
1945 2
1946 0
1947 2
1948 3
1949 1
1950 3
1951 3
1952 1
1953 0
1954 1
1955 1
1956 3
1957 3
1958 3
1959 3
1960 0
1961 3
1962 1
1963 1
1964 1
1965 2
1966 0
1967 3
1968 3
1969 1
1970 3
1971 3
1972 0
1973 2
1974 1
1975 2
1976 0
1977 0
1978 0
1979 3
1980 2
1981 3
1982 0
1983 0
1984 2
1985 2
1986 3
1987 1
1988 2
1989 0
1990 3
1991 2
1992 0
1993 0
1994 0
1995 3
1996 1
1997 1
1998 1
1999 1
2000 0
2001 3
2002 3
2003 2
2004 2
2005 1
2006 2
2007 0
2008 3
2009 2
2010 0
2011 2
2012 2
2013 2
2014 1
2015 3
2016 2
2017 1
2018 1
2019 1
2020 0
2021 2
2022 1
2023 1
2024 1
2025 2
2026 3
2027 3
2028 0
2029 2
2030 1
2031 0
2032 2
2033 0
2034 1
2035 2
2036 2
2037 3
2038 3
2039 0
2040 3
2041 3
2042 2
2043 3
2044 3
2045 3
2046 3
2047 2
2048 2
2049 3
2050 0
2051 2
2052 1
2053 3
2054 1
2055 3
2056 3
2057 0
2058 1
2059 2
2060 2
2061 3
2062 3
2063 0
2064 0
2065 0
2066 1
2067 3
2068 1
2069 3
2070 2
2071 3
2072 2
2073 2
2074 1
2075 2
2076 2
2077 3
2078 0
2079 3
2080 1
2081 3
2082 3
2083 2
2084 0
2085 3
2086 2
2087 2
2088 0
2089 1
2090 1
2091 1
2092 2
2093 2
2094 1
2095 3
2096 0
2097 0
2098 0
2099 2
2100 1
2101 0
2102 0
2103 3
2104 2
2105 2
2106 3
2107 3
2108 0
2109 3
2110 0
2111 2
2112 0
2113 2
2114 1
2115 1
2116 3
2117 3
2118 3
2119 1
2120 1
2121 1
2122 3
2123 3
2124 0
2125 0
2126 2
2127 2
2128 0
2129 1
2130 2
2131 3
2132 0
2133 2
2134 2
2135 2
2136 1
2137 0
2138 1
2139 1
2140 3
2141 3
2142 2
2143 0
2144 3
2145 0
2146 0
2147 1
2148 2
2149 0
2150 0
2151 0
2152 0
2153 2
2154 2
2155 0
2156 2
2157 0
2158 0
2159 0
2160 3
2161 3
2162 2
2163 0
2164 0
2165 1
2166 2
2167 3
2168 2
2169 0
2170 3
2171 1
2172 3
2173 3
2174 0
2175 2
2176 2
2177 1
2178 1
2179 2
2180 1
2181 2
2182 0
2183 0
2184 1
2185 2
2186 3
2187 0
2188 0
2189 2
2190 3
2191 0
2192 2
2193 2
2194 3
2195 0
2196 0
2197 2
2198 0
2199 1
2200 2
2201 3
2202 2
2203 3
2204 0
2205 1
2206 2
2207 0
2208 2
2209 0
2210 2
2211 2
2212 2
2213 1
2214 3
2215 0
2216 3
2217 0
2218 0
2219 2
2220 1
2221 2
2222 1
2223 2
2224 0
2225 0
2226 3
2227 0
2228 0
2229 3
2230 2
2231 2
2232 3
2233 2
2234 0
2235 0
2236 2
2237 3
2238 0
2239 0
2240 0
2241 1
2242 2
2243 1
2244 2
2245 0
2246 3
2247 0
2248 0
2249 2
2250 1
2251 2
2252 0
2253 0
2254 2
2255 3
2256 0
2257 2
2258 3
2259 0
2260 2
2261 2
2262 2
2263 1
2264 1
2265 2
2266 2
2267 2
2268 1
2269 0
2270 2
2271 3
2272 3
2273 0
2274 1
2275 0
2276 0
2277 2
2278 0
2279 1
2280 2
2281 3
2282 2
2283 3
2284 2
2285 2
2286 0
2287 2
2288 2
2289 1
2290 3
2291 3
2292 3
2293 3
2294 3
2295 2
2296 3
2297 2
2298 0
2299 1
2300 2
2301 2
2302 0
2303 2
2304 2
2305 0
2306 3
2307 3
2308 2
2309 0
2310 0
2311 1
2312 3
2313 2
2314 0
2315 2
2316 0
2317 2
2318 0
2319 0
2320 0
2321 0
2322 0
2323 1
2324 0
2325 3
2326 3
2327 1
2328 3
2329 0
2330 3
2331 2
2332 1
2333 2
2334 0
2335 1
2336 1
2337 3
2338 1
2339 1
2340 3
2341 1
2342 3
2343 3
2344 3
2345 3
2346 3
2347 3
2348 3
2349 1
2350 3
2351 3
2352 3
2353 3
2354 1
2355 3
2356 3
2357 3
2358 0
2359 3
2360 3
2361 3
2362 3
2363 3
2364 1
2365 1
2366 2
2367 1
2368 3
2369 0
2370 0
2371 0
2372 3
2373 3
2374 3
2375 3
2376 3
2377 2
2378 2
2379 2
2380 2
2381 3
2382 2
2383 3
2384 3
2385 1
2386 3
2387 3
2388 3
2389 2
2390 2
2391 2
2392 3
2393 3
2394 3
2395 1
2396 2
2397 3
2398 2
2399 2
2400 3
2401 3
2402 3
2403 3
2404 1
2405 1
2406 3
2407 1
2408 3
2409 3
2410 2
2411 1
2412 3
2413 2
2414 0
2415 0
2416 0
2417 0
2418 2
2419 2
2420 1
2421 1
2422 3
2423 0
2424 3
2425 2
2426 3
2427 2
2428 0
2429 2
2430 2
2431 0
2432 0
2433 3
2434 0
2435 1
2436 1
2437 2
2438 3
2439 2
2440 3
2441 2
2442 0
2443 1
2444 0
2445 3
2446 0
2447 0
2448 3
2449 3
2450 0
2451 3
2452 3
2453 3
2454 0
2455 1
2456 2
2457 2
2458 1
2459 0
2460 2
2461 2
2462 3
2463 2
2464 0
2465 1
2466 1
2467 1
2468 1
2469 3
2470 2
2471 2
2472 3
2473 0
2474 2
2475 2
2476 1
2477 0
2478 3
2479 2
2480 1
2481 0
2482 3
2483 1
2484 1
2485 2
2486 3
2487 2
2488 0
2489 0
2490 0
2491 2
2492 0
2493 2
2494 3
2495 2
2496 2
2497 2
2498 3
2499 2
2500 1
2501 2
2502 1
2503 3
2504 3
2505 2
2506 3
2507 0
2508 2
2509 2
2510 2
2511 3
2512 3
2513 3
2514 2
2515 1
2516 3
2517 2
2518 2
2519 3
2520 3
2521 2
2522 3
2523 0
2524 2
2525 3
2526 1
2527 3
2528 3
2529 1
2530 3
2531 3
2532 1
2533 1
2534 3
2535 0
2536 0
2537 2
2538 0
2539 0
2540 2
2541 3
2542 3
2543 0
2544 2
2545 2
2546 3
2547 3
2548 2
2549 2
2550 2
2551 2
2552 3
2553 2
2554 0
2555 1
2556 3
2557 2
2558 2
2559 0
2560 1
2561 3
2562 3
2563 2
2564 2
2565 3
2566 2
2567 2
2568 2
2569 1
2570 2
2571 2
2572 2
2573 2
2574 2
2575 0
2576 3
2577 2
2578 0
2579 0
2580 0
2581 0
2582 2
2583 0
2584 3
2585 3
2586 2
2587 3
2588 0
2589 2
2590 1
2591 2
2592 0
2593 0
2594 3
2595 2
2596 0
2597 0
2598 1
2599 1
2600 3
2601 2
2602 1
2603 1
2604 2
2605 0
2606 2
2607 3
2608 2
2609 2
2610 3
2611 2
2612 3
2613 3
2614 2
2615 1
2616 0
2617 3
2618 0
2619 2
2620 2
2621 0
2622 0
2623 1
2624 3
2625 3
2626 2
2627 2
2628 0
2629 3
2630 3
2631 1
2632 2
2633 1
2634 1
2635 0
2636 1
2637 2
2638 1
2639 0
2640 3
2641 2
2642 2
2643 3
2644 0
2645 1
2646 3
2647 1
2648 0
2649 1
2650 2
2651 0
2652 0
2653 3
2654 0
2655 0
2656 3
2657 2
2658 2
2659 2
2660 1
2661 0
2662 3
2663 3
2664 3
2665 3
2666 0
2667 2
2668 2
2669 2
2670 2
2671 1
2672 0
2673 1
2674 0
2675 1
2676 0
2677 2
2678 1
2679 0
2680 0
2681 2
2682 3
2683 1
2684 0
2685 1
2686 0
2687 2
2688 2
2689 1
2690 0
2691 3
2692 2
2693 2
2694 2
2695 0
2696 0
2697 2
2698 3
2699 2
2700 3
2701 1
2702 0
2703 1
2704 2
2705 0
2706 0
2707 0
2708 0
2709 0
2710 2
2711 3
2712 0
2713 2
2714 2
2715 0
2716 0
2717 3
2718 0
2719 3
2720 2
2721 0
2722 1
2723 1
2724 0
2725 2
2726 0
2727 3
2728 1
2729 3
2730 3
2731 0
2732 2
2733 0
2734 0
2735 0
2736 3
2737 0
2738 3
2739 0
2740 2
2741 0
2742 3
2743 1
2744 2
2745 3
2746 2
2747 3
2748 1
2749 2
2750 1
2751 2
2752 2
2753 0
2754 2
2755 3
2756 3
2757 0
2758 1
2759 2
2760 2
2761 1
2762 2
2763 3
2764 2
2765 1
2766 3
2767 2
2768 2
2769 0
2770 0
2771 1
2772 0
2773 0
2774 1
2775 0
2776 1
2777 1
2778 2
2779 2
2780 2
2781 2
2782 1
2783 0
2784 2
2785 0
2786 1
2787 2
2788 0
2789 0
2790 0
2791 0
2792 0
2793 2
2794 1
2795 3
2796 3
2797 1
2798 1
2799 2
2800 2
2801 3
2802 3
2803 1
2804 0
2805 0
2806 2
2807 1
2808 2
2809 1
2810 2
2811 1
2812 2
2813 2
2814 1
2815 1
2816 3
2817 2
2818 0
2819 2
2820 3
2821 3
2822 2
2823 3
2824 0
2825 1
2826 3
2827 0
2828 3
2829 0
2830 3
2831 0
2832 2
2833 2
2834 2
2835 0
2836 0
2837 3
2838 0
2839 2
2840 2
2841 3
2842 0
2843 1
2844 1
2845 3
2846 1
2847 1
2848 0
2849 3
2850 0
2851 0
2852 1
2853 2
2854 0
2855 1
2856 1
2857 3
2858 0
2859 0
2860 1
2861 2
2862 2
2863 2
2864 2
2865 2
2866 0
2867 0
2868 3
2869 3
2870 3
2871 3
2872 0
2873 0
2874 0
2875 0
2876 0
2877 3
2878 1
2879 2
2880 2
2881 2
2882 0
2883 2
2884 2
2885 0
2886 0
2887 0
2888 2
2889 2
2890 1
2891 0
2892 2
2893 0
2894 2
2895 3
2896 1
2897 3
2898 0
2899 2
2900 3
2901 0
2902 2
2903 2
2904 0
2905 0
2906 3
2907 3
2908 2
2909 0
2910 0
2911 2
2912 2
2913 2
2914 0
2915 2
2916 2
2917 0
2918 3
2919 0
2920 1
2921 0
2922 0
2923 1
2924 3
2925 1
2926 0
2927 0
2928 0
2929 3
2930 2
2931 1
2932 2
2933 0
2934 1
2935 2
2936 0
2937 3
2938 2
2939 2
2940 2
2941 2
2942 0
2943 1
2944 0
2945 2
2946 3
2947 0
2948 1
2949 3
2950 0
2951 0
2952 2
2953 1
2954 1
2955 3
2956 2
2957 3
2958 0
2959 0
2960 3
2961 3
2962 3
2963 0
2964 0
2965 0
2966 0
2967 0
2968 0
2969 0
2970 0
2971 0
2972 0
2973 0
2974 0
2975 0
2976 0
2977 0
2978 2
2979 0
2980 2
2981 2
2982 2
2983 3
2984 1
2985 3
2986 3
2987 1
2988 3
2989 0
2990 1
2991 0
2992 1
2993 2
2994 2
2995 3
2996 2
2997 2
2998 3
2999 3
3000 3
3001 1
3002 2
3003 3
3004 1
3005 2
3006 2
3007 2
3008 1
3009 0
3010 0
3011 1
3012 2
3013 1
3014 2
3015 1
3016 2
3017 3
3018 2
3019 0
3020 3
3021 0
3022 0
3023 3
3024 3
3025 2
3026 0
3027 3
3028 1
3029 0
3030 1
3031 3
3032 0
3033 1
3034 2
3035 0
3036 0
3037 2
3038 1
3039 1
3040 2
3041 0
3042 2
3043 3
3044 0
3045 1
3046 2
3047 3
3048 0
3049 0
3050 2
3051 3
3052 0
3053 0
3054 2
3055 3
3056 3
3057 2
3058 0
3059 1
3060 0
3061 2
3062 1
3063 0
3064 3
3065 0
3066 3
3067 3
3068 1
3069 2
3070 3
3071 0
3072 2
3073 0
3074 0
3075 2
3076 2
3077 0
3078 1
3079 0
3080 3
3081 2
3082 3
3083 0
3084 0
3085 2
3086 2
3087 0
3088 3
3089 2
3090 0
3091 0
3092 0
3093 0
3094 0
3095 1
3096 1
3097 1
3098 0
3099 0
3100 0
3101 3
3102 0
3103 3
3104 3
3105 0
3106 1
3107 2
3108 3
3109 2
3110 1
3111 3
3112 2
3113 3
3114 1
3115 2
3116 1
3117 1
3118 2
3119 0
3120 2
3121 1
3122 3
3123 0
3124 0
3125 1
3126 1
3127 1
3128 1
3129 2
3130 3
3131 2
3132 3
3133 2
3134 3
3135 3
3136 0
3137 0
3138 3
3139 1
3140 2
3141 1
3142 2
3143 3
3144 1
3145 1
3146 0
3147 2
3148 3
3149 1
3150 0
3151 3
3152 0
3153 1
3154 2
3155 3
3156 0
3157 2
3158 0
3159 0
3160 3
3161 2
3162 1
3163 0
3164 3
3165 3
3166 2
3167 2
3168 1
3169 0
3170 3
3171 0
3172 0
3173 3
3174 1
3175 2
3176 0
3177 3
3178 3
3179 2
3180 2
3181 1
3182 3
3183 3
3184 2
3185 2
3186 2
3187 1
3188 3
3189 1
3190 0
3191 2
3192 0
3193 0
3194 3
3195 0
3196 0
3197 0
3198 0
3199 0
3200 0
3201 0
3202 0
3203 0
3204 0
3205 0
3206 0
3207 0
3208 0
3209 0
3210 0
3211 0
3212 0
3213 0
3214 0
3215 0
3216 0
3217 0
3218 0
3219 0
3220 0
3221 0
3222 0
3223 0
3224 2
3225 0
3226 0
3227 2
3228 0
3229 0
3230 3
3231 3
3232 3
3233 0
3234 0
3235 0
3236 0
3237 0
3238 0
3239 1
3240 0
3241 0
3242 0
3243 0
3244 0
3245 0
3246 2
3247 0
3248 0
3249 0
3250 0
3251 0
3252 0
3253 0
3254 0
3255 3
3256 3
3257 0
3258 0
3259 0
3260 0
3261 0
3262 0
3263 0
3264 1
3265 0
3266 0
3267 0
3268 0
3269 0
3270 0
3271 1
3272 0
3273 0
3274 0
3275 0
3276 1
3277 2
3278 0
3279 2
3280 3
3281 0
3282 1
3283 3
3284 0
3285 0
3286 0
3287 0
3288 0
3289 0
3290 0
3291 0
3292 0
3293 0
3294 0
3295 0
3296 0
3297 0
3298 0
3299 0
3300 0
3301 0
3302 0
3303 0
3304 0
3305 1
3306 1
3307 3
3308 1
3309 3
3310 3
3311 0
3312 1
3313 0
3314 0
3315 1
3316 2
3317 3
3318 2
3319 2
3320 1
3321 2
3322 2
3323 0
3324 0
3325 0
3326 1
3327 1
3328 2
3329 2
3330 1
3331 3
3332 2
3333 3
3334 1
3335 2
3336 1
3337 2
3338 0
3339 0
3340 2
3341 0
3342 1
3343 2
3344 3
3345 2
3346 3
3347 2
3348 0
3349 3
3350 3
3351 3
3352 2
3353 0
3354 1
3355 1
3356 0
3357 3
3358 0
3359 0
3360 0
3361 3
3362 0
3363 2
3364 3
3365 2
3366 3
3367 0
3368 0
3369 1
3370 2
3371 2
3372 2
3373 0
3374 2
3375 3
3376 1
3377 0
3378 2
3379 3
3380 2
3381 0
3382 3
3383 1
3384 1
3385 1
3386 0
3387 3
3388 0
3389 2
3390 2
3391 0
3392 0
3393 1
3394 2
3395 1
3396 3
3397 3
3398 3
3399 0
3400 0
3401 2
3402 3
3403 3
3404 1
3405 1
3406 2
3407 0
3408 3
3409 1
3410 2
3411 3
3412 3
3413 3
3414 1
3415 2
3416 2
3417 0
3418 0
3419 2
3420 2
3421 0
3422 3
3423 1
3424 2
3425 2
3426 3
3427 0
3428 0
3429 2
3430 0
3431 2
3432 0
3433 0
3434 2
3435 2
3436 3
3437 2
3438 0
3439 1
3440 0
3441 0
3442 0
3443 3
3444 1
3445 3
3446 2
3447 1
3448 1
3449 2
3450 0
3451 0
3452 2
3453 0
3454 1
3455 2
3456 0
3457 3
3458 0
3459 1
3460 0
3461 1
3462 3
3463 1
3464 2
3465 2
3466 0
3467 0
3468 0
3469 1
3470 1
3471 0
3472 1
3473 2
3474 2
3475 3
3476 0
3477 1
3478 1
3479 2
3480 0
3481 2
3482 2
3483 3
3484 2
3485 0
3486 0
3487 0
3488 0
3489 0
3490 3
3491 1
3492 0
3493 0
3494 2
3495 1
3496 2
3497 3
3498 0
3499 3
3500 0
3501 0
3502 2
3503 2
3504 2
3505 2
3506 3
3507 3
3508 2
3509 1
3510 1
3511 3
3512 2
3513 0
3514 0
3515 2
3516 3
3517 2
3518 1
3519 0
3520 0
3521 2
3522 0
3523 0
3524 0
3525 0
3526 2
3527 2
3528 2
3529 1
3530 2
3531 2
3532 0
3533 2
3534 2
3535 3
3536 1
3537 0
3538 2
3539 2
3540 1
3541 3
3542 1
3543 2
3544 2
3545 3
3546 0
3547 1
3548 1
3549 1
3550 1
3551 1
3552 1
3553 1
3554 1
3555 3
3556 0
3557 0
3558 3
3559 0
3560 3
3561 3
3562 0
3563 0
3564 1
3565 2
3566 1
3567 3
3568 2
3569 0
3570 3
3571 2
3572 2
3573 2
3574 2
3575 2
3576 2
3577 1
3578 1
3579 0
3580 1
3581 3
3582 0
3583 3
3584 0
3585 0
3586 0
3587 1
3588 1
3589 0
3590 0
3591 0
3592 2
3593 2
3594 2
3595 1
3596 1
3597 0
3598 1
3599 3
3600 2
3601 1
3602 0
3603 1
3604 1
3605 0
3606 2
3607 0
3608 0
3609 2
3610 1
3611 2
3612 1
3613 2
3614 1
3615 1
3616 1
3617 3
3618 0
3619 3
3620 2
3621 2
3622 0
3623 0
3624 0
3625 0
3626 0
3627 2
3628 2
3629 3
3630 1
3631 2
3632 1
3633 2
3634 2
3635 1
3636 2
3637 0
3638 2
3639 0
3640 3
3641 2
3642 3
3643 0
3644 0
3645 0
3646 2
3647 2
3648 0
3649 0
3650 0
3651 0
3652 3
3653 2
3654 3
3655 1
3656 0
3657 0
3658 1
3659 1
3660 0
3661 2
3662 0
3663 0
3664 0
3665 3
3666 3
3667 2
3668 2
3669 2
3670 2
3671 3
3672 0
3673 0
3674 3
3675 2
3676 1
3677 2
3678 3
3679 0
3680 2
3681 2
3682 1
3683 0
3684 2
3685 3
3686 0
3687 3
3688 3
3689 1
3690 1
3691 2
3692 2
3693 3
3694 2
3695 3
3696 2
3697 0
3698 1
3699 0
3700 0
3701 3
3702 0
3703 0
3704 0
3705 3
3706 0
3707 0
3708 0
3709 0
3710 3
3711 0
3712 1
3713 1
3714 0
3715 2
3716 0
3717 0
3718 0
3719 2
3720 3
3721 3
3722 3
3723 0
3724 1
3725 1
3726 2
3727 2
3728 2
3729 2
3730 1
3731 1
3732 1
3733 2
3734 1
3735 1
3736 0
3737 1
3738 2
3739 1
3740 2
3741 0
3742 0
3743 0
3744 3
3745 0
3746 2
3747 0
3748 2
3749 0
3750 0
3751 0
3752 3
3753 1
3754 1
3755 2
3756 1
3757 0
3758 0
3759 2
3760 2
3761 2
3762 3
3763 3
3764 0
3765 2
3766 2
3767 2
3768 0
3769 2
3770 1
3771 0
3772 0
3773 1
3774 1
3775 2
3776 2
3777 2
3778 2
3779 2
3780 3
3781 2
3782 2
3783 2
3784 0
3785 1
3786 1
3787 2
3788 2
3789 2
3790 0
3791 2
3792 2
3793 2
3794 0
3795 3
3796 2
3797 0
3798 3
3799 3
3800 2
3801 2
3802 0
3803 1
3804 0
3805 1
3806 0
3807 2
3808 2
3809 0
3810 2
3811 2
3812 1
3813 1
3814 2
3815 1
3816 0
3817 3
3818 0
3819 2
3820 0
3821 1
3822 1
3823 2
3824 2
3825 0
3826 3
3827 2
3828 0
3829 1
3830 2
3831 1
3832 0
3833 3
3834 3
3835 3
3836 2
3837 1
3838 1
3839 2
3840 0
3841 1
3842 3
3843 3
3844 0
3845 0
3846 2
3847 0
3848 0
3849 0
3850 1
3851 2
3852 2
3853 0
3854 3
3855 0
3856 2
3857 3
3858 2
3859 0
3860 0
3861 2
3862 3
3863 2
3864 3
3865 2
3866 0
3867 0
3868 1
3869 3
3870 3
3871 1
3872 2
3873 1
3874 1
3875 3
3876 0
3877 3
3878 3
3879 1
3880 1
3881 1
3882 2
3883 2
3884 0
3885 0
3886 2
3887 2
3888 1
3889 2
3890 3
3891 2
3892 3
3893 2
3894 2
3895 2
3896 0
3897 2
3898 2
3899 0
3900 3
3901 0
3902 3
3903 2
3904 2
3905 3
3906 2
3907 0
3908 2
3909 0
3910 3
3911 3
3912 3
3913 3
3914 2
3915 3
3916 3
3917 2
3918 2
3919 2
3920 3
3921 3
3922 2
3923 3
3924 3
3925 0
3926 2
3927 0
3928 0
3929 0
3930 2
3931 0
3932 1
3933 2
3934 2
3935 1
3936 2
3937 3
3938 3
3939 2
3940 1
3941 1
3942 0
3943 2
3944 2
3945 0
3946 1
3947 3
3948 2
3949 0
3950 2
3951 0
3952 1
3953 1
3954 3
3955 0
3956 2
3957 0
3958 2
3959 2
3960 3
3961 2
3962 1
3963 1
3964 2
3965 1
3966 2
3967 1
3968 2
3969 3
3970 3
3971 2
3972 0
3973 3
3974 3
3975 2
3976 1
3977 2
3978 1
3979 3
3980 0
3981 1
3982 0
3983 1
3984 2
3985 2
3986 1
3987 2
3988 2
3989 1
3990 1
3991 2
3992 0
3993 3
3994 3
3995 3
3996 3
3997 3
3998 0
3999 2
4000 1
4001 2
4002 3
4003 1
4004 3
4005 3
4006 3
4007 1
4008 3
4009 3
4010 2
4011 3
4012 2
4013 2
4014 0
4015 3
4016 0
4017 2
4018 0
4019 2
4020 0
4021 2
4022 2
4023 1
4024 3
4025 0
4026 0
4027 0
4028 2
4029 2
4030 0
4031 2
4032 2
4033 3
4034 3
4035 3
4036 3
4037 0
4038 0
4039 1
4040 3
4041 2
4042 3
4043 1
4044 3
4045 3
4046 0
4047 2
4048 3
4049 3
4050 1
4051 3
4052 2
4053 3
4054 1
4055 0
4056 2
4057 1
4058 2
4059 2
4060 3
4061 2
4062 1
4063 2
4064 2
4065 1
4066 1
4067 3
4068 0
4069 2
4070 2
4071 1
4072 0
4073 2
4074 3
4075 0
4076 3
4077 3
4078 2
4079 3
4080 3
4081 2
4082 1
4083 2
4084 2
4085 2
4086 2
4087 0
4088 3
4089 0
4090 2
4091 0
4092 3
4093 1
4094 1
4095 0
4096 2
4097 0
4098 3
4099 2
4100 3
4101 2
4102 1
4103 3
4104 0
4105 3
4106 3
4107 2
4108 3
4109 3
4110 3
4111 0
4112 0
4113 1
4114 2
4115 1
4116 3
4117 0
4118 2
4119 1
4120 2
4121 1
4122 1
4123 2
4124 3
4125 2
4126 2
4127 2
4128 2
4129 0
4130 3
4131 0
4132 1
4133 0
4134 3
4135 2
4136 2
4137 2
4138 2
4139 0
4140 2
4141 1
4142 3
4143 2
4144 0
4145 3
4146 0
4147 3
4148 3
4149 2
4150 2
4151 0
4152 0
4153 2
4154 0
4155 0
4156 3
4157 0
4158 2
4159 2
4160 2
4161 0
4162 3
4163 1
4164 0
4165 0
4166 0
4167 3
4168 0
4169 2
4170 0
4171 2
4172 2
4173 3
4174 1
4175 2
4176 2
4177 1
4178 3
4179 3
4180 0
4181 1
4182 0
4183 3
4184 3
4185 0
4186 2
4187 0
4188 2
4189 0
4190 1
4191 0
4192 2
4193 1
4194 3
4195 3
4196 3
4197 1
4198 2
4199 2
4200 0
4201 1
4202 2
4203 3
4204 2
4205 2
4206 2
4207 2
4208 1
4209 2
4210 2
4211 2
4212 2
4213 3
4214 1
4215 3
4216 3
4217 1
4218 1
4219 0
4220 0
4221 3
4222 2
4223 1
4224 3
4225 2
4226 1
4227 0
4228 2
4229 0
4230 2
4231 3
4232 2
4233 0
4234 1
4235 2
4236 2
4237 2
4238 2
4239 1
4240 3
4241 0
4242 3
4243 0
4244 1
4245 2
4246 0
4247 1
4248 3
4249 1
4250 0
4251 2
4252 2
4253 3
4254 2
4255 1
4256 3
4257 0
4258 0
4259 2
4260 3
4261 1
4262 0
4263 2
4264 0
4265 2
4266 3
4267 0
4268 1
4269 0
4270 3
4271 3
4272 2
4273 2
4274 1
4275 2
4276 2
4277 2
4278 1
4279 0
4280 3
4281 3
4282 0
4283 2
4284 1
4285 3
4286 3
4287 0
4288 2
4289 3
4290 2
4291 3
4292 0
4293 0
4294 3
4295 3
4296 0
4297 2
4298 1
4299 0
4300 3
4301 3
4302 3
4303 0
4304 0
4305 0
4306 0
4307 1
4308 3
4309 1
4310 1
4311 2
4312 3
4313 3
4314 0
4315 1
4316 0
4317 1
4318 2
4319 2
4320 1
4321 0
4322 3
4323 1
4324 0
4325 0
4326 3
4327 3
4328 1
4329 3
4330 2
4331 1
4332 3
4333 0
4334 0
4335 0
4336 2
4337 0
4338 0
4339 1
4340 3
4341 0
4342 1
4343 0
4344 1
4345 2
4346 0
4347 3
4348 2
4349 2
4350 0
4351 2
4352 0
4353 0
4354 2
4355 0
4356 0
4357 0
4358 2
4359 1
4360 0
4361 0
4362 0
4363 0
4364 2
4365 2
4366 2
4367 2
4368 2
4369 3
4370 3
4371 3
4372 1
4373 2
4374 2
4375 2
4376 3
4377 2
4378 2
4379 2
4380 3
4381 3
4382 3
4383 2
4384 0
4385 1
4386 1
4387 0
4388 3
4389 3
4390 1
4391 1
4392 1
4393 1
4394 3
4395 1
4396 2
4397 3
4398 2
4399 1
4400 1
4401 3
4402 2
4403 1
4404 1
4405 3
4406 1
4407 1
4408 2
4409 3
4410 0
4411 1
4412 3
4413 3
4414 1
4415 0
4416 2
4417 2
4418 0
4419 0
4420 0
4421 2
4422 1
4423 1
4424 3
4425 2
4426 3
4427 1
4428 2
4429 3
4430 1
4431 3
4432 2
4433 1
4434 2
4435 3
4436 1
4437 3
4438 2
4439 3
4440 2
4441 3
4442 1
4443 1
4444 2
4445 0
4446 0
4447 1
4448 3
4449 1
4450 2
4451 2
4452 3
4453 3
4454 1
4455 2
4456 1
4457 3
4458 1
4459 1
4460 2
4461 1
4462 0
4463 3
4464 0
4465 2
4466 2
4467 0
4468 1
4469 2
4470 3
4471 0
4472 1
4473 1
4474 0
4475 0
4476 0
4477 1
4478 0
4479 1
4480 2
4481 0
4482 1
4483 0
4484 2
4485 2
4486 2
4487 1
4488 1
4489 3
4490 0
4491 0
4492 2
4493 3
4494 2
4495 3
4496 2
4497 0
4498 1
4499 0
4500 3
4501 2
4502 2
4503 3
4504 0
4505 3
4506 2
4507 2
4508 0
4509 3
4510 0
4511 3
4512 2
4513 1
4514 3
4515 3
4516 0
4517 0
4518 0
4519 0
4520 0
4521 3
4522 1
4523 1
4524 2
4525 2
4526 2
4527 2
4528 2
4529 0
4530 2
4531 2
4532 2
4533 2
4534 3
4535 2
4536 0
4537 1
4538 2
4539 0
4540 3
4541 1
4542 3
4543 1
4544 1
4545 0
4546 3
4547 0
4548 0
4549 3
4550 2
4551 3
4552 1
4553 2
4554 2
4555 0
4556 0
4557 3
4558 2
4559 2
4560 2
4561 0
4562 3
4563 2
4564 2
4565 3
4566 1
4567 1
4568 0
4569 2
4570 2
4571 2
4572 0
4573 2
4574 2
4575 0
4576 1
4577 1
4578 2
4579 2
4580 2
4581 3
4582 2
4583 2
4584 1
4585 2
4586 2
4587 1
4588 1
4589 1
4590 1
4591 2
4592 0
4593 1
4594 0
4595 1
4596 0
4597 2
4598 0
4599 2
4600 0
4601 2
4602 1
4603 2
4604 1
4605 0
4606 2
4607 2
4608 2
4609 3
4610 3
4611 0
4612 2
4613 3
4614 2
4615 0
4616 2
4617 2
4618 0
4619 0
4620 3
4621 1
4622 2
4623 2
4624 3
4625 0
4626 1
4627 0
4628 1
4629 2
4630 2
4631 0
4632 0
4633 2
4634 0
4635 1
4636 2
4637 1
4638 0
4639 3
4640 2
4641 3
4642 2
4643 3
4644 1
4645 0
4646 2
4647 0
4648 0
4649 0
4650 0
4651 0
4652 0
4653 0
4654 1
4655 3
4656 0
4657 1
4658 0
4659 0
4660 0
4661 0
4662 2
4663 2
4664 1
4665 2
4666 3
4667 0
4668 2
4669 2
4670 2
4671 0
4672 0
4673 3
4674 2
4675 2
4676 3
4677 1
4678 0
4679 2
4680 3
4681 0
4682 0
4683 0
4684 1
4685 0
4686 2
4687 2
4688 0
4689 1
4690 2
4691 2
4692 2
4693 0
4694 3
4695 0
4696 2
4697 0
4698 2
4699 1
4700 2
4701 3
4702 2
4703 2
4704 0
4705 1
4706 0
4707 1
4708 0
4709 1
4710 1
4711 2
4712 3
4713 1
4714 0
4715 0
4716 2
4717 3
4718 3
4719 0
4720 3
4721 0
4722 1
4723 2
4724 0
4725 1
4726 2
4727 0
4728 0
4729 2
4730 2
4731 1
4732 0
4733 2
4734 3
4735 2
4736 1
4737 2
4738 0
4739 0
4740 1
4741 1
4742 2
4743 3
4744 2
4745 0
4746 3
4747 2
4748 0
4749 1
4750 0
4751 0
4752 2
4753 2
4754 3
4755 2
4756 2
4757 2
4758 1
4759 3
4760 2
4761 3
4762 0
4763 2
4764 2
4765 2
4766 1
4767 2
4768 0
4769 0
4770 2
4771 3
4772 0
4773 2
4774 2
4775 1
4776 2
4777 0
4778 2
4779 2
4780 2
4781 0
4782 1
4783 1
4784 3
4785 3
4786 3
4787 3
4788 3
4789 2
4790 0
4791 1
4792 2
4793 2
4794 2
4795 2
4796 0
4797 2
4798 2
4799 2
4800 3
4801 0
4802 1
4803 1
4804 1
4805 3
4806 3
4807 1
4808 1
4809 3
4810 1
4811 1
4812 0
4813 0
4814 0
4815 1
4816 0
4817 0
4818 3
4819 0
4820 3
4821 1
4822 1
4823 0
4824 2
4825 2
4826 2
4827 2
4828 3
4829 0
4830 2
4831 0
4832 2
4833 0
4834 3
4835 3
4836 0
4837 1
4838 0
4839 1
4840 0
4841 1
4842 0
4843 3
4844 0
4845 2
4846 2
4847 2
4848 0
4849 1
4850 2
4851 3
4852 1
4853 2
4854 2
4855 2
4856 2
4857 3
4858 0
4859 0
4860 3
4861 2
4862 0
4863 3
4864 2
4865 2
4866 0
4867 2
4868 2
4869 1
4870 0
4871 2
4872 1
4873 2
4874 2
4875 3
4876 3
4877 3
4878 2
4879 1
4880 0
4881 3
4882 2
4883 2
4884 3
4885 1
4886 2
4887 3
4888 3
4889 3
4890 2
4891 0
4892 0
4893 1
4894 2
4895 3
4896 2
4897 1
4898 0
4899 0
4900 0
4901 3
4902 1
4903 2
4904 1
4905 0
4906 2
4907 3
4908 2
4909 3
4910 3
4911 0
4912 3
4913 3
4914 2
4915 1
4916 0
4917 3
4918 3
4919 1
4920 1
4921 1
4922 2
4923 2
4924 1
4925 3
4926 3
4927 3
4928 3
4929 3
4930 3
4931 1
4932 3
4933 3
4934 1
4935 3
4936 3
4937 2
4938 1
4939 3
4940 1
4941 3
4942 3
4943 1
4944 0
4945 0
4946 3
4947 1
4948 1
4949 2
4950 3
4951 1
4952 3
4953 2
4954 3
4955 1
4956 1
4957 1
4958 1
4959 3
4960 1
4961 2
4962 3
4963 3
4964 3
4965 0
4966 2
4967 3
4968 3
4969 0
4970 3
4971 1
4972 0
4973 0
4974 1
4975 3
4976 3
4977 1
4978 3
4979 3
4980 2
4981 3
4982 3
4983 0
4984 2
4985 1
4986 3
4987 0
4988 3
4989 0
4990 2
4991 2
4992 0
4993 0
4994 0
4995 3
4996 3
4997 0
4998 3
4999 0
5000 3
5001 2
5002 0
5003 0
5004 3
5005 3
5006 3
5007 3
5008 2
5009 0
5010 0
5011 3
5012 0
5013 3
5014 3
5015 1
5016 0
5017 1
5018 3
5019 0
5020 1
5021 1
5022 0
5023 1
5024 1
5025 2
5026 3
5027 1
5028 0
5029 3
5030 0
5031 3
5032 0
5033 0
5034 3
5035 2
5036 2
5037 0
5038 3
5039 1
5040 3
5041 1
5042 3
5043 3
5044 0
5045 1
5046 3
5047 1
5048 0
5049 3
5050 3
5051 2
5052 2
5053 0
5054 3
5055 0
5056 1
5057 1
5058 2
5059 1
5060 0
5061 0
5062 2
5063 1
5064 1
5065 1
5066 0
5067 1
5068 0
5069 1
5070 1
5071 3
5072 2
5073 1
5074 0
5075 2
5076 2
5077 1
5078 0
5079 3
5080 3
5081 2
5082 1
5083 3
5084 2
5085 1
5086 1
5087 0
5088 0
5089 1
5090 2
5091 3
5092 0
5093 2
5094 0
5095 1
5096 1
5097 1
5098 1
5099 2
5100 3
5101 3
5102 3
5103 1
5104 3
5105 2
5106 1
5107 2
5108 2
5109 1
5110 0
5111 0
5112 2
5113 1
5114 1
5115 0
5116 0
5117 0
5118 0
5119 2
5120 3
5121 2
5122 2
5123 2
5124 0
5125 0
5126 2
5127 1
5128 3
5129 3
5130 0
5131 2
5132 3
5133 3
5134 3
5135 2
5136 2
5137 0
5138 2
5139 3
5140 1
5141 3
5142 0
5143 0
5144 2
5145 3
5146 0
5147 1
5148 3
5149 0
5150 0
5151 2
5152 2
5153 2
5154 0
5155 2
5156 2
5157 3
5158 2
5159 0
5160 0
5161 0
5162 2
5163 2
5164 2
5165 1
5166 0
5167 1
5168 3
5169 3
5170 0
5171 0
5172 0
5173 3
5174 0
5175 2
5176 1
5177 3
5178 0
5179 1
5180 2
5181 0
5182 0
5183 2
5184 1
5185 0
5186 0
5187 1
5188 2
5189 0
5190 2
5191 2
5192 0
5193 0
5194 0
5195 3
5196 0
5197 1
5198 0
5199 1
5200 0
5201 1
5202 1
5203 2
5204 1
5205 0
5206 3
5207 0
5208 2
5209 0
5210 0
5211 2
5212 2
5213 1
5214 1
5215 3
5216 2
5217 1
5218 2
5219 0
5220 0
5221 2
5222 2
5223 3
5224 0
5225 0
5226 1
5227 3
5228 0
5229 3
5230 3
5231 0
5232 1
5233 2
5234 2
5235 0
5236 3
5237 1
5238 1
5239 0
5240 0
5241 0
5242 1
5243 3
5244 3
5245 3
5246 2
5247 3
5248 1
5249 2
5250 2
5251 1
5252 0
5253 0
5254 1
5255 0
5256 1
5257 2
5258 2
5259 0
5260 0
5261 1
5262 1
5263 3
5264 2
5265 3
5266 2
5267 1
5268 1
5269 2
5270 3
5271 0
5272 1
5273 2
5274 3
5275 0
5276 2
5277 3
5278 0
5279 2
5280 3
5281 0
5282 2
5283 2
5284 3
5285 2
5286 2
5287 0
5288 1
5289 0
5290 2
5291 0
5292 2
5293 0
5294 3
5295 3
5296 2
5297 0
5298 0
5299 3
5300 1
5301 3
5302 1
5303 0
5304 0
5305 1
5306 3
5307 3
5308 2
5309 3
5310 2
5311 1
5312 2
5313 2
5314 2
5315 3
5316 3
5317 3
5318 1
5319 2
5320 1
5321 1
5322 3
5323 3
5324 2
5325 3
5326 0
5327 2
5328 1
5329 3
5330 0
5331 1
5332 0
5333 0
5334 1
5335 3
5336 0
5337 2
5338 0
5339 2
5340 1
5341 0
5342 0
5343 0
5344 0
5345 1
5346 1
5347 3
5348 3
5349 1
5350 3
5351 0
5352 2
5353 3
5354 0
5355 0
5356 3
5357 0
5358 1
5359 0
5360 0
5361 1
5362 3
5363 0
5364 1
5365 2
5366 0
5367 3
5368 1
5369 2
5370 3
5371 1
5372 1
5373 3
5374 3
5375 1
5376 3
5377 1
5378 1
5379 3
5380 1
5381 3
5382 3
5383 3
5384 1
5385 0
5386 2
5387 3
5388 1
5389 2
5390 3
5391 2
5392 3
5393 0
5394 2
5395 1
5396 0
5397 0
5398 1
5399 0
5400 1
5401 0
5402 3
5403 1
5404 1
5405 1
5406 3
5407 1
5408 1
5409 1
5410 3
5411 2
5412 0
5413 3
5414 2
5415 0
5416 0
5417 3
5418 3
5419 1
5420 2
5421 1
5422 2
5423 1
5424 0
5425 0
5426 1
5427 3
5428 0
5429 0
5430 3
5431 0
5432 2
5433 0
5434 2
5435 3
5436 3
5437 3
5438 0
5439 0
5440 0
5441 2
5442 3
5443 2
5444 2
5445 0
5446 2
5447 3
5448 3
5449 3
5450 2
5451 3
5452 0
5453 0
5454 1
5455 3
5456 1
5457 0
5458 3
5459 0
5460 0
5461 1
5462 2
5463 3
5464 1
5465 2
5466 0
5467 2
5468 3
5469 0
5470 0
5471 3
5472 1
5473 1
5474 3
5475 1
5476 2
5477 2
5478 0
5479 3
5480 2
5481 2
5482 3
5483 3
5484 3
5485 3
5486 1
5487 3
5488 1
5489 3
5490 2
5491 2
5492 2
5493 3
5494 0
5495 0
5496 2
5497 0
5498 1
5499 2
5500 2
5501 2
5502 2
5503 3
5504 2
5505 0
5506 1
5507 2
5508 3
5509 3
5510 0
5511 3
5512 1
5513 1
5514 2
5515 3
5516 3
5517 2
5518 2
5519 0
5520 2
5521 3
5522 1
5523 0
5524 2
5525 2
5526 0
5527 2
5528 2
5529 1
5530 0
5531 0
5532 1
5533 2
5534 0
5535 3
5536 2
5537 0
5538 2
5539 2
5540 3
5541 0
5542 2
5543 1
5544 0
5545 3
5546 0
5547 1
5548 0
5549 1
5550 1
5551 1
5552 0
5553 2
5554 0
5555 0
5556 0
5557 2
5558 0
5559 2
5560 1
5561 0
5562 3
5563 1
5564 2
5565 1
5566 3
5567 2
5568 1
5569 3
5570 3
5571 2
5572 0
5573 2
5574 0
5575 0
5576 0
5577 0
5578 2
5579 0
5580 3
5581 0
5582 2
5583 2
5584 3
5585 0
5586 3
5587 0
5588 3
5589 1
5590 0
5591 3
5592 3
5593 1
5594 0
5595 0
5596 1
5597 0
5598 0
5599 1
5600 3
5601 2
5602 3
5603 0
5604 2
5605 1
5606 2
5607 2
5608 1
5609 1
5610 3
5611 3
5612 1
5613 2
5614 3
5615 3
5616 2
5617 0
5618 2
5619 3
5620 1
5621 0
5622 3
5623 3
5624 2
5625 1
5626 0
5627 2
5628 1
5629 1
5630 1
5631 1
5632 2
5633 3
5634 1
5635 2
5636 0
5637 3
5638 3
5639 3
5640 1
5641 2
5642 1
5643 1
5644 2
5645 1
5646 0
5647 2
5648 0
5649 2
5650 2
5651 1
5652 1
5653 2
5654 0
5655 3
5656 1
5657 2
5658 3
5659 1
5660 2
5661 3
5662 1
5663 0
5664 1
5665 2
5666 0
5667 1
5668 0
5669 3
5670 2
5671 2
5672 1
5673 0
5674 2
5675 3
5676 3
5677 2
5678 0
5679 1
5680 3
5681 2
5682 0
5683 3
5684 0
5685 0
5686 2
5687 0
5688 1
5689 1
5690 0
5691 0
5692 2
5693 1
5694 3
5695 0
5696 3
5697 0
5698 0
5699 3
5700 1
5701 0
5702 0
5703 1
5704 2
5705 3
5706 1
5707 1
5708 2
5709 2
5710 0
5711 3
5712 0
5713 3
5714 1
5715 3
5716 2
5717 0
5718 2
5719 1
5720 3
5721 2
5722 1
5723 2
5724 2
5725 0
5726 0
5727 0
5728 0
5729 3
5730 0
5731 3
5732 1
5733 3
5734 2
5735 0
5736 1
5737 3
5738 3
5739 1
5740 3
5741 0
5742 2
5743 3
5744 2
5745 1
5746 0
5747 1
5748 0
5749 0
5750 0
5751 2
5752 2
5753 3
5754 0
5755 1
5756 3
5757 0
5758 2
5759 1
5760 0
5761 0
5762 0
5763 0
5764 0
5765 1
5766 3
5767 3
5768 3
5769 2
5770 2
5771 3
5772 2
5773 2
5774 1
5775 1
5776 3
5777 1
5778 3
5779 0
5780 0
5781 3
5782 2
5783 1
5784 1
5785 2
5786 3
5787 3
5788 1
5789 1
5790 1
5791 0
5792 3
5793 3
5794 0
5795 0
5796 0
5797 0
5798 0
5799 3
5800 0
5801 0
5802 0
5803 1
5804 2
5805 1
5806 3
5807 1
5808 1
5809 0
5810 0
5811 3
5812 2
5813 3
5814 3
5815 1
5816 3
5817 1
5818 1
5819 3
5820 0
5821 2
5822 3
5823 0
5824 0
5825 2
5826 0
5827 1
5828 0
5829 3
5830 2
5831 1
5832 3
5833 1
5834 0
5835 1
5836 2
5837 2
5838 1
5839 3
5840 2
5841 0
5842 2
5843 2
5844 1
5845 3
5846 1
5847 0
5848 3
5849 3
5850 0
5851 1
5852 0
5853 0
5854 2
5855 3
5856 3
5857 0
5858 1
5859 0
5860 3
5861 1
5862 0
5863 2
5864 2
5865 0
5866 0
5867 3
5868 2
5869 0
5870 0
5871 2
5872 2
5873 1
5874 3
5875 2
5876 2
5877 3
5878 2
5879 2
5880 3
5881 2
5882 3
5883 2
5884 2
5885 2
5886 0
5887 1
5888 0
5889 1
5890 1
5891 1
5892 1
5893 1
5894 2
5895 2
5896 1
5897 1
5898 3
5899 0
5900 0
5901 2
5902 3
5903 3
5904 2
5905 1
5906 0
5907 1
5908 2
5909 2
5910 0
5911 3
5912 3
5913 0
5914 2
5915 0
5916 0
5917 3
5918 3
5919 1
5920 0
5921 1
5922 0
5923 2
5924 3
5925 3
5926 0
5927 1
5928 2
5929 2
5930 2
5931 3
5932 1
5933 1
5934 1
5935 1
5936 2
5937 2
5938 3
5939 1
5940 0
5941 3
5942 1
5943 0
5944 1
5945 0
5946 0
5947 2
5948 2
5949 0
5950 0
5951 1
5952 0
5953 0
5954 0
5955 0
5956 3
5957 1
5958 0
5959 3
5960 3
5961 0
5962 0
5963 3
5964 3
5965 2
5966 2
5967 2
5968 3
5969 3
5970 2
5971 3
5972 1
5973 2
5974 2
5975 3
5976 2
5977 1
5978 2
5979 0
5980 2
5981 2
5982 2
5983 2
5984 0
5985 1
5986 0
5987 0
5988 1
5989 3
5990 3
5991 0
5992 3
5993 0
5994 0
5995 0
5996 1
5997 3
5998 3
5999 2
6000 2
6001 0
6002 0
6003 2
6004 2
6005 2
6006 0
6007 3
6008 0
6009 0
6010 0
6011 3
6012 1
6013 1
6014 3
6015 1
6016 1
6017 0
6018 1
6019 1
6020 3
6021 3
6022 0
6023 2
6024 3
6025 2
6026 0
6027 0
6028 3
6029 3
6030 3
6031 0
6032 0
6033 3
6034 0
6035 0
6036 2
6037 2
6038 1
6039 0
6040 1
6041 2
6042 1
6043 0
6044 1
6045 0
6046 2
6047 3
6048 1
6049 2
6050 2
6051 1
6052 1
6053 3
6054 0
6055 1
6056 3
6057 1
6058 1
6059 1
6060 0
6061 0
6062 0
6063 0
6064 1
6065 0
6066 2
6067 2
6068 1
6069 0
6070 0
6071 0
6072 2
6073 0
6074 0
6075 2
6076 3
6077 2
6078 0
6079 0
6080 2
6081 3
6082 3
6083 3
6084 2
6085 3
6086 2
6087 3
6088 3
6089 1
6090 2
6091 1
6092 3
6093 3
6094 3
6095 0
6096 2
6097 1
6098 3
6099 1
6100 1
6101 1
6102 0
6103 3
6104 0
6105 1
6106 0
6107 2
6108 0
6109 1
6110 0
6111 1
6112 1
6113 3
6114 3
6115 2
6116 3
6117 2
6118 1
6119 1
6120 1
6121 3
6122 1
6123 1
6124 0
6125 0
6126 1
6127 0
6128 0
6129 3
6130 0
6131 2
6132 0
6133 3
6134 1
6135 0
6136 3
6137 0
6138 3
6139 1
6140 0
6141 3
6142 3
6143 0
6144 0
6145 1
6146 2
6147 0
6148 1
6149 1
6150 0
6151 3
6152 0
6153 3
6154 3
6155 3
6156 1
6157 1
6158 1
6159 1
6160 0
6161 1
6162 1
6163 0
6164 0
6165 2
6166 1
6167 3
6168 0
6169 0
6170 1
6171 0
6172 0
6173 0
6174 1
6175 2
6176 3
6177 1
6178 0
6179 3
6180 3
6181 0
6182 3
6183 2
6184 1
6185 1
6186 1
6187 2
6188 2
6189 2
6190 1
6191 3
6192 3
6193 1
6194 2
6195 3
6196 2
6197 3
6198 0
6199 0
6200 3
6201 2
6202 2
6203 3
6204 1
6205 2
6206 0
6207 1
6208 3
6209 2
6210 1
6211 1
6212 1
6213 3
6214 3
6215 3
6216 2
6217 3
6218 2
6219 1
6220 0
6221 3
6222 3
6223 2
6224 2
6225 1
6226 3
6227 0
6228 3
6229 0
6230 2
6231 0
6232 0
6233 3
6234 2
6235 1
6236 3
6237 1
6238 0
6239 0
6240 3
6241 1
6242 3
6243 1
6244 0
6245 0
6246 0
6247 0
6248 0
6249 1
6250 0
6251 1
6252 3
6253 1
6254 0
6255 2
6256 3
6257 1
6258 2
6259 0
6260 1
6261 2
6262 0
6263 0
6264 1
6265 0
6266 1
6267 3
6268 3
6269 2
6270 0
6271 2
6272 3
6273 0
6274 3
6275 0
6276 2
6277 1
6278 2
6279 0
6280 0
6281 0
6282 0
6283 1
6284 2
6285 1
6286 1
6287 2
6288 3
6289 3
6290 3
6291 1
6292 3
6293 1
6294 1
6295 3
6296 1
6297 0
6298 3
6299 2
6300 3
6301 3
6302 0
6303 2
6304 0
6305 3
6306 0
6307 0
6308 1
6309 0
6310 3
6311 3
6312 3
6313 1
6314 1
6315 2
6316 2
6317 0
6318 2
6319 1
6320 2
6321 0
6322 2
6323 3
6324 0
6325 3
6326 1
6327 0
6328 0
6329 3
6330 0
6331 2
6332 2
6333 3
6334 1
6335 0
6336 0
6337 0
6338 1
6339 0
6340 1
6341 3
6342 0
6343 3
6344 3
6345 3
6346 3
6347 3
6348 2
6349 3
6350 3
6351 3
6352 3
6353 3
6354 3
6355 1
6356 1
6357 2
6358 2
6359 2
6360 3
6361 3
6362 3
6363 0
6364 0
6365 3
6366 0
6367 1
6368 3
6369 3
6370 3
6371 3
6372 0
6373 0
6374 0
6375 0
6376 3
6377 1
6378 2
6379 3
6380 2
6381 1
6382 1
6383 1
6384 3
6385 2
6386 2
6387 3
6388 1
6389 1
6390 1
6391 0
6392 1
6393 1
6394 0
6395 1
6396 0
6397 1
6398 0
6399 2
6400 2
6401 2
6402 1
6403 0
6404 3
6405 1
6406 0
6407 2
6408 0
6409 2
6410 0
6411 0
6412 1
6413 2
6414 0
6415 1
6416 0
6417 0
6418 0
6419 0
6420 1
6421 0
6422 0
6423 3
6424 1
6425 1
6426 3
6427 0
6428 1
6429 2
6430 0
6431 1
6432 1
6433 1
6434 0
6435 0
6436 3
6437 1
6438 0
6439 1
6440 3
6441 0
6442 1
6443 0
6444 0
6445 1
6446 2
6447 1
6448 0
6449 1
6450 2
6451 1
6452 3
6453 0
6454 1
6455 2
6456 1
6457 3
6458 1
6459 0
6460 1
6461 0
6462 0
6463 0
6464 3
6465 0
6466 3
6467 0
6468 3
6469 0
6470 3
6471 1
6472 3
6473 3
6474 3
6475 3
6476 3
6477 1
6478 1
6479 2
6480 0
6481 1
6482 2
6483 1
6484 1
6485 1
6486 3
6487 1
6488 3
6489 3
6490 3
6491 3
6492 0
6493 0
6494 1
6495 3
6496 1
6497 0
6498 0
6499 0
6500 2
6501 0
6502 1
6503 3
6504 1
6505 1
6506 3
6507 2
6508 3
6509 3
6510 1
6511 1
6512 1
6513 3
6514 2
6515 0
6516 2
6517 0
6518 0
6519 0
6520 3
6521 1
6522 3
6523 3
6524 2
6525 2
6526 3
6527 1
6528 2
6529 1
6530 3
6531 3
6532 1
6533 2
6534 3
6535 0
6536 3
6537 3
6538 2
6539 3
6540 3
6541 3
6542 3
6543 3
6544 1
6545 3
6546 3
6547 3
6548 1
6549 3
6550 1
6551 1
6552 0
6553 0
6554 2
6555 0
6556 3
6557 0
6558 0
6559 0
6560 3
6561 2
6562 1
6563 1
6564 1
6565 2
6566 1
6567 2
6568 3
6569 1
6570 2
6571 1
6572 0
6573 3
6574 1
6575 3
6576 3
6577 0
6578 1
6579 1
6580 0
6581 0
6582 0
6583 1
6584 0
6585 2
6586 1
6587 3
6588 2
6589 1
6590 3
6591 3
6592 3
6593 1
6594 3
6595 3
6596 1
6597 3
6598 3
6599 3
6600 2
6601 2
6602 2
6603 2
6604 3
6605 0
6606 1
6607 2
6608 3
6609 1
6610 1
6611 0
6612 3
6613 0
6614 0
6615 1
6616 3
6617 1
6618 3
6619 3
6620 2
6621 3
6622 1
6623 3
6624 1
6625 1
6626 3
6627 3
6628 1
6629 1
6630 0
6631 0
6632 3
6633 1
6634 3
6635 1
6636 1
6637 0
6638 3
6639 3
6640 3
6641 2
6642 3
6643 1
6644 2
6645 1
6646 0
6647 3
6648 3
6649 3
6650 1
6651 2
6652 3
6653 1
6654 0
6655 0
6656 1
6657 3
6658 3
6659 0
6660 0
6661 3
6662 0
6663 0
6664 0
6665 1
6666 3
6667 3
6668 3
6669 1
6670 0
6671 2
6672 1
6673 1
6674 2
6675 1
6676 1
6677 1
6678 1
6679 1
6680 3
6681 2
6682 3
6683 0
6684 1
6685 0
6686 0
6687 1
6688 1
6689 0
6690 3
0 0
1 1
2 2
3 3
1e-06 0.0722746 105
